<TICKER>,<PER>,<DATE>,<TIME>,<OPEN>,<HIGH>,<LOW>,<CLOSE>,<VOL>,<OPENINT>
10AI.DE,D,20190116,000000,42.751536,42.7951,42.601479,42.7951,0,0
10AI.DE,D,20190117,000000,42.538552,42.780579,42.538552,42.780579,0,0
10AI.DE,D,20190118,000000,43.100053,43.559904,43.100053,43.559904,0,0
10AI.DE,D,20190121,000000,43.429209,43.496977,43.34208,43.424369,882,0
10AI.DE,D,20190122,000000,43.230748,43.322718,43.230748,43.322718,0,0
10AI.DE,D,20190123,000000,43.046808,43.550222,43.046808,43.25495,618,0
10AI.DE,D,20190124,000000,43.235588,43.43889,43.235588,43.400166,0,0
10AI.DE,D,20190125,000000,43.656714,43.656714,43.598628,43.598628,0,0
10AI.DE,D,20190128,000000,43.43889,43.458252,43.216226,43.216226,0,0
10AI.DE,D,20190129,000000,43.245269,43.559904,43.245269,43.52602,690,0
10AI.DE,D,20190130,000000,43.550222,43.782568,43.550222,43.743844,350,0
10AI.DE,D,20190131,000000,43.908422,43.908422,43.80193,43.80193,17249,0
10AI.DE,D,20190201,000000,43.908422,44.014913,43.729322,44.014913,88,0
10AI.DE,D,20190204,000000,43.971348,43.971348,43.903581,43.966508,7109,0
10AI.DE,D,20190205,000000,43.995551,44.581255,43.995551,44.581255,4762,0
10AI.DE,D,20190206,000000,44.503806,44.605457,44.503806,44.605457,796,0
10AI.DE,D,20190207,000000,44.503806,44.503806,43.981029,43.981029,1379,0
10AI.DE,D,20190208,000000,43.937465,43.937465,43.772887,43.772887,0,0
10AI.DE,D,20190211,000000,43.937465,44.08268,43.937465,44.08268,0,0
10AI.DE,D,20190212,000000,44.363431,44.450561,44.281142,44.281142,15380,0
10AI.DE,D,20190213,000000,44.465082,44.547371,44.460242,44.547371,0,0
10AI.DE,D,20190214,000000,44.866846,44.866846,44.44572,44.460242,910,0
10AI.DE,D,20190215,000000,44.455401,45.055626,44.455401,45.055626,54,0
10AI.DE,D,20190218,000000,45.118553,45.152437,45.074989,45.152437,11158,0
10AI.DE,D,20190219,000000,45.050786,45.104032,44.939454,45.104032,0,0
10AI.DE,D,20190220,000000,45.171799,45.418666,45.171799,45.370261,147,0
10AI.DE,D,20190221,000000,45.433188,45.433188,45.292812,45.292812,54,0
10AI.DE,D,20190222,000000,45.26861,45.462231,45.26861,45.428347,0,0
10AI.DE,D,20190225,000000,45.631649,45.63649,45.462231,45.500955,2154,0
10AI.DE,D,20190226,000000,45.321855,45.665533,45.321855,45.665533,1400,0
10AI.DE,D,20190227,000000,45.467071,45.54936,45.467071,45.54936,0,0
10AI.DE,D,20190228,000000,45.442869,45.559041,45.384782,45.559041,843,0
10AI.DE,D,20190301,000000,45.762343,45.844632,45.762343,45.815589,2870,0
10AI.DE,D,20190304,000000,45.960805,46.033413,45.873676,45.873676,686,0
10AI.DE,D,20190305,000000,45.801068,45.994689,45.747822,45.994689,76,0
10AI.DE,D,20190306,000000,45.936602,45.936602,45.922081,45.922081,0,0
10AI.DE,D,20190307,000000,45.868835,45.868835,45.796227,45.815589,0,0
10AI.DE,D,20190308,000000,45.481593,45.481593,45.399304,45.399304,1,0
10AI.DE,D,20190311,000000,45.621968,45.713938,45.476752,45.713938,22,0
10AI.DE,D,20190312,000000,45.883357,45.883357,45.554201,45.63649,0,0
10AI.DE,D,20190313,000000,45.646171,45.931762,45.646171,45.931762,0,0
10AI.DE,D,20190314,000000,46.086659,46.328685,46.086659,46.328685,1825,0
10AI.DE,D,20190315,000000,46.294801,46.677203,46.294801,46.677203,0,0
10AI.DE,D,20190318,000000,46.672362,46.783695,46.672362,46.783695,50,0
10AI.DE,D,20190319,000000,46.846621,47.156415,46.846621,47.045083,3068,0
10AI.DE,D,20190320,000000,46.865984,46.914389,46.64816,46.64816,803,0
10AI.DE,D,20190321,000000,46.55619,46.623957,46.425496,46.623957,0,0
10AI.DE,D,20190322,000000,46.759492,46.759492,46.081818,46.081818,42,0
10AI.DE,D,20190325,000000,45.82043,45.91724,45.82043,45.873676,0,0
10AI.DE,D,20190326,000000,45.922081,46.222193,45.922081,46.222193,199,0
10AI.DE,D,20190327,000000,46.304482,46.304482,46.09634,46.28028,2705,0
10AI.DE,D,20190328,000000,46.299642,46.328685,46.197991,46.197991,0,0
10AI.DE,D,20190329,000000,46.425496,46.527147,46.425496,46.527147,0,0
10AI.DE,D,20190401,000000,46.841781,47.195139,46.841781,47.195139,235,0
10AI.DE,D,20190402,000000,47.02088,47.340355,47.02088,47.214502,757,0
10AI.DE,D,20190403,000000,47.592063,47.679192,47.490412,47.679192,0,0
10AI.DE,D,20190404,000000,47.582382,47.587222,47.563019,47.563019,0,0
10AI.DE,D,20190405,000000,47.645308,47.703395,47.514614,47.65983,24656,0
10AI.DE,D,20190408,000000,47.630787,47.703395,47.592063,47.592063,1996,0
10AI.DE,D,20190409,000000,47.533976,47.703395,47.374239,47.374239,0,0
10AI.DE,D,20190410,000000,47.432325,47.56786,47.432325,47.509774,2787,0
10AI.DE,D,20190411,000000,47.500093,47.635627,47.500093,47.577541,0,0
10AI.DE,D,20190412,000000,47.471049,47.645308,47.471049,47.645308,0,0
10AI.DE,D,20190415,000000,47.669511,47.780843,47.669511,47.713076,50,0
10AI.DE,D,20190416,000000,47.756641,47.911537,47.756641,47.877654,351,0
10AI.DE,D,20190417,000000,47.809886,48.008348,47.809886,47.901856,200,0
10AI.DE,D,20190418,000000,47.916378,48.100318,47.916378,48.100318,0,0
10AI.DE,D,20190423,000000,48.02771,48.177766,47.979305,48.177766,102,0
10AI.DE,D,20190424,000000,48.129361,48.216491,48.129361,48.139042,0,0
10AI.DE,D,20190425,000000,48.100318,48.100318,48.061594,48.061594,61,0
10AI.DE,D,20190426,000000,48.071275,48.143883,48.071275,48.143883,0,0
10AI.DE,D,20190429,000000,48.182607,48.221331,48.090637,48.221331,0,0
10AI.DE,D,20190430,000000,48.187447,48.289099,48.187447,48.289099,0,0
10AI.DE,D,20190502,000000,48.163245,48.163245,48.037391,48.134202,831,0
10AI.DE,D,20190503,000000,48.042232,48.284258,48.042232,48.269736,1776,0
10AI.DE,D,20190506,000000,47.432325,47.7518,47.354877,47.7518,103,0
10AI.DE,D,20190507,000000,47.814727,47.814727,47.170937,47.170937,0,0
10AI.DE,D,20190508,000000,47.166096,47.253226,47.025721,47.253226,665,0
10AI.DE,D,20190509,000000,46.982156,47.054764,46.590074,46.590074,1726,0
10AI.DE,D,20190510,000000,46.92407,47.001518,46.64816,46.706246,4639,0
10AI.DE,D,20190513,000000,46.730449,46.730449,46.125383,46.231875,626,0
10AI.DE,D,20190514,000000,46.304482,46.682044,46.304482,46.682044,0,0
10AI.DE,D,20190515,000000,46.711087,46.914389,46.541668,46.914389,215,0
10AI.DE,D,20190516,000000,46.870824,47.514614,46.870824,47.514614,0,0
10AI.DE,D,20190517,000000,47.330674,47.335515,47.151575,47.335515,0,0
10AI.DE,D,20190520,000000,47.316153,47.316153,46.822419,46.822419,538,0
10AI.DE,D,20190521,000000,47.093488,47.243545,47.093488,47.156415,450,0
10AI.DE,D,20190522,000000,47.127372,47.127372,47.10801,47.10801,17,0
10AI.DE,D,20190523,000000,46.822419,46.822419,46.449698,46.449698,0,0
10AI.DE,D,20190524,000000,46.653,46.841781,46.653,46.749811,0,0
10AI.DE,D,20190527,000000,47.040243,47.040243,46.827259,46.890186,0,0
10AI.DE,D,20190528,000000,46.953113,46.953113,46.764333,46.764333,0,0
10AI.DE,D,20190529,000000,46.415815,46.415815,46.149586,46.149586,510,0
10AI.DE,D,20190530,000000,46.348047,46.391612,46.333526,46.391612,0,0
10AI.DE,D,20190531,000000,45.951124,46.023732,45.762343,46.023732,126,0
10AI.DE,D,20190603,000000,45.709098,46.241556,45.709098,46.241556,46,0
10AI.DE,D,20190604,000000,45.868835,46.454539,45.868835,46.454539,203,0
10AI.DE,D,20190605,000000,46.430336,46.749811,46.430336,46.55619,123,0
10AI.DE,D,20190606,000000,46.628798,46.880505,46.570711,46.570711,0,0
10AI.DE,D,20190607,000000,46.778854,47.025721,46.778854,46.982156,0,0
10AI.DE,D,20190611,000000,47.262907,47.533976,47.262907,47.519455,13882,0
10AI.DE,D,20190612,000000,47.229023,47.306472,47.229023,47.306472,0,0
10AI.DE,D,20190613,000000,47.233864,47.461368,47.233864,47.374239,20,0
10AI.DE,D,20190614,000000,47.219342,47.243545,47.093488,47.229023,5061,0
10AI.DE,D,20190617,000000,47.311312,47.311312,47.161256,47.161256,0,0
10AI.DE,D,20190618,000000,47.141894,47.998667,47.141894,47.998667,0,0
10AI.DE,D,20190619,000000,48.018029,48.018029,47.959943,47.959943,3500,0
10AI.DE,D,20190620,000000,48.313301,48.313301,48.201969,48.201969,111,0
10AI.DE,D,20190621,000000,48.21165,48.21165,47.988986,47.988986,1008,0
10AI.DE,D,20190624,000000,48.013189,48.013189,47.950262,47.950262,3970,0
10AI.DE,D,20190625,000000,47.800205,47.921218,47.800205,47.921218,0,0
10AI.DE,D,20190626,000000,47.771162,47.926059,47.742119,47.742119,0,0
10AI.DE,D,20190627,000000,47.795365,47.795365,47.732438,47.766322,935,0
10AI.DE,D,20190628,000000,47.776003,48.061594,47.776003,48.061594,0,0
10AI.DE,D,20190701,000000,48.608573,48.608573,48.371388,48.569849,1263,0
10AI.DE,D,20190702,000000,48.550487,48.724746,48.550487,48.618254,692,0
10AI.DE,D,20190703,000000,48.724746,49.082945,48.724746,49.082945,100,0
10AI.DE,D,20190704,000000,49.102307,49.111988,49.073264,49.111988,0,0
10AI.DE,D,20190705,000000,49.044221,49.044221,48.647298,48.744108,7112,0
10AI.DE,D,20190708,000000,48.618254,48.753789,48.618254,48.695703,0,0
10AI.DE,D,20190709,000000,48.463358,48.463358,48.434314,48.434314,0,0
10AI.DE,D,20190710,000000,48.347185,48.414952,48.347185,48.366547,0,0
10AI.DE,D,20190711,000000,48.511763,48.511763,48.322982,48.322982,1234,0
10AI.DE,D,20190712,000000,48.347185,48.400431,48.29878,48.29878,1000,0
10AI.DE,D,20190715,000000,48.39075,48.400431,48.352025,48.400431,0,0
10AI.DE,D,20190716,000000,48.405271,48.637617,48.405271,48.569849,1097,0
10AI.DE,D,20190717,000000,48.598892,48.598892,48.371388,48.371388,159,0
10AI.DE,D,20190718,000000,48.051913,48.424633,48.051913,48.231012,0,0
10AI.DE,D,20190719,000000,48.492401,48.608573,48.245534,48.313301,1234,0
10AI.DE,D,20190722,000000,48.289099,48.424633,48.289099,48.405271,301,0
10AI.DE,D,20190723,000000,48.637617,49.005497,48.637617,48.869962,600,0
10AI.DE,D,20190724,000000,48.889324,48.966772,48.8506,48.899005,1,0
10AI.DE,D,20190725,000000,49.111988,49.111988,48.57953,48.57953,0,0
10AI.DE,D,20190726,000000,48.608573,48.802194,48.608573,48.792513,80,0
10AI.DE,D,20190729,000000,48.656979,48.869962,48.656979,48.811875,0,0
10AI.DE,D,20190730,000000,48.66666,48.66666,48.013189,48.080956,5648,0
10AI.DE,D,20190731,000000,48.042232,48.172926,48.042232,48.172926,600,0
10AI.DE,D,20190801,000000,47.984145,48.531125,47.984145,48.531125,3132,0
10AI.DE,D,20190802,000000,47.543657,47.543657,47.166096,47.166096,0,0
10AI.DE,D,20190805,000000,46.735289,46.735289,46.072137,46.076978,4008,0
10AI.DE,D,20190806,000000,45.936602,46.319004,45.82043,45.82043,0,0
10AI.DE,D,20190807,000000,45.902719,46.251237,45.902719,45.946283,1683,0
10AI.DE,D,20190808,000000,46.449698,46.8321,46.319004,46.8321,5553,0
10AI.DE,D,20190809,000000,46.74013,46.74013,46.449698,46.449698,0,0
10AI.DE,D,20190812,000000,46.764333,46.764333,46.28512,46.28512,631,0
10AI.DE,D,20190813,000000,46.154426,46.594914,46.067297,46.594914,0,0
10AI.DE,D,20190814,000000,46.551349,46.551349,45.965646,45.965646,0,0
10AI.DE,D,20190815,000000,45.82043,45.82043,45.331536,45.665533,0,0
10AI.DE,D,20190816,000000,45.82527,46.289961,45.82527,46.212512,4285,0
10AI.DE,D,20190819,000000,46.769173,46.822419,46.614276,46.822419,21668,0
10AI.DE,D,20190820,000000,46.735289,46.74497,46.435177,46.435177,183,0
10AI.DE,D,20190821,000000,46.599755,47.001518,46.599755,47.001518,3998,0
10AI.DE,D,20190822,000000,46.807897,46.875665,46.798216,46.812738,614,0
10AI.DE,D,20190823,000000,46.972475,47.049924,46.37225,46.37225,0,0
10AI.DE,D,20190826,000000,46.348047,46.478741,46.348047,46.473901,4417,0
10AI.DE,D,20190827,000000,46.328685,46.720768,46.328685,46.720768,1153,0
10AI.DE,D,20190828,000000,46.546509,46.662681,46.46906,46.662681,0,0
10AI.DE,D,20190829,000000,46.536828,47.185458,46.536828,47.185458,1234,0
10AI.DE,D,20190830,000000,47.195139,47.587222,47.195139,47.519455,2768,0
10AI.DE,D,20190902,000000,47.621106,47.742119,47.621106,47.742119,136,0
10AI.DE,D,20190903,000000,47.529136,47.582382,47.47589,47.56786,3124,0
10AI.DE,D,20190904,000000,47.867973,48.032551,47.867973,48.02771,6285,0
10AI.DE,D,20190905,000000,48.264896,48.337504,48.231012,48.337504,127,0
10AI.DE,D,20190906,000000,48.279417,48.400431,48.279417,48.400431,0,0
10AI.DE,D,20190909,000000,48.443995,48.443995,48.231012,48.313301,772,0
10AI.DE,D,20190910,000000,48.216491,48.400431,48.216491,48.376228,200,0
10AI.DE,D,20190911,000000,48.560168,48.811875,48.560168,48.76347,1293,0
10AI.DE,D,20190912,000000,48.8506,48.869962,48.753789,48.869962,601,0
10AI.DE,D,20190913,000000,48.899005,49.005497,48.899005,49.005497,0,0
10AI.DE,D,20190916,000000,48.773151,48.889324,48.773151,48.773151,17,0
10AI.DE,D,20190917,000000,48.656979,48.705384,48.618254,48.695703,1145,0
10AI.DE,D,20190918,000000,48.695703,48.782832,48.66666,48.66666,2601,0
10AI.DE,D,20190919,000000,48.676341,49.121669,48.676341,49.121669,6487,0
10AI.DE,D,20190920,000000,49.199118,49.31529,49.199118,49.237842,741,0
10AI.DE,D,20190923,000000,49.150712,49.150712,48.840919,48.908686,4195,0
10AI.DE,D,20190924,000000,49.024859,49.024859,48.821557,48.821557,0,0
10AI.DE,D,20190925,000000,48.656979,48.656979,48.192288,48.531125,3160,0
10AI.DE,D,20190926,000000,48.531125,48.986134,48.531125,48.928048,2025,0
10AI.DE,D,20190927,000000,49.044221,49.189437,49.044221,49.102307,2562,0
10AI.DE,D,20191001,000000,49.40242,49.40242,48.724746,48.724746,164,0
10AI.DE,D,20191002,000000,48.48272,48.48272,47.233864,47.233864,200,0
10AI.DE,D,20191004,000000,47.422644,47.669511,47.340355,47.654989,2597,0
10AI.DE,D,20191007,000000,47.596903,48.008348,47.596903,48.008348,653,0
10AI.DE,D,20191008,000000,48.003507,48.003507,47.422644,47.422644,405,0
10AI.DE,D,20191009,000000,47.364558,47.674352,47.364558,47.669511,0,0
10AI.DE,D,20191010,000000,47.713076,48.051913,47.596903,48.051913,0,0
10AI.DE,D,20191011,000000,48.21165,49.03454,48.21165,49.03454,0,0
10AI.DE,D,20191014,000000,48.773151,48.802194,48.618254,48.802194,0,0
10AI.DE,D,20191015,000000,49.150712,49.276566,48.966772,49.276566,0,0
10AI.DE,D,20191016,000000,49.305609,49.31529,49.237842,49.237842,0,0
10AI.DE,D,20191017,000000,49.150712,49.412101,49.150712,49.189437,85,0
10AI.DE,D,20191018,000000,49.102307,49.228161,49.063583,49.063583,0,0
10AI.DE,D,20191021,000000,49.170074,49.334652,49.170074,49.334652,143,0
10AI.DE,D,20191022,000000,49.354015,49.470187,49.354015,49.441144,50,0
10AI.DE,D,20191023,000000,49.247523,49.508911,49.247523,49.508911,0,0
10AI.DE,D,20191024,000000,49.760619,49.838067,49.741257,49.779981,468,0
10AI.DE,D,20191025,000000,49.838067,49.847748,49.654127,49.847748,0,0
10AI.DE,D,20191028,000000,49.838067,50.13818,49.838067,49.983283,1183,0
10AI.DE,D,20191029,000000,49.915516,49.915516,49.779981,49.905835,0,0
10AI.DE,D,20191030,000000,49.905835,49.95424,49.750938,49.95424,146,0
10AI.DE,D,20191031,000000,49.915516,49.944559,49.721895,49.721895,200,0
10AI.DE,D,20191101,000000,49.876791,50.031688,49.876791,50.031688,0,0
10AI.DE,D,20191104,000000,50.302758,50.709362,50.302758,50.709362,646,0
10AI.DE,D,20191105,000000,50.535103,50.719043,50.535103,50.651276,137,0
10AI.DE,D,20191106,000000,50.612552,50.777129,50.612552,50.748086,527,0
10AI.DE,D,20191107,000000,50.980432,50.990113,50.854578,50.932026,785,0
10AI.DE,D,20191108,000000,50.786811,50.854578,50.786811,50.815854,2050,0
10AI.DE,D,20191111,000000,50.554465,50.864259,50.554465,50.786811,47,0
10AI.DE,D,20191112,000000,50.932026,51.019156,50.912664,51.019156,0,0
10AI.DE,D,20191113,000000,50.893302,50.893302,50.719043,50.883621,595,0
10AI.DE,D,20191114,000000,50.87394,50.87394,50.709362,50.709362,48,0
10AI.DE,D,20191115,000000,50.941707,50.941707,50.680319,50.87394,500,0
10AI.DE,D,20191118,000000,50.951388,50.96107,50.87394,50.87394,0,0
10AI.DE,D,20191119,000000,50.96107,51.164372,50.844897,50.844897,1329,0
10AI.DE,D,20191120,000000,50.544784,50.631914,50.438293,50.631914,992,0
10AI.DE,D,20191121,000000,50.302758,50.428612,50.302758,50.428612,241,0
10AI.DE,D,20191122,000000,50.554465,50.767448,50.554465,50.69,1535,0
10AI.DE,D,20191125,000000,50.98,51.17,50.98,51.15,934,0
10AI.DE,D,20191126,000000,51.13,51.19,51.13,51.19,0,0
10AI.DE,D,20191127,000000,51.27,51.37,51.27,51.37,295,0
10AI.DE,D,20191128,000000,51.31,51.31,51.23,51.29,1061,0
10AI.DE,D,20191129,000000,51.1,51.31,51.07,51.07,1355,0
10AI.DE,D,20191202,000000,51.23,51.34,50.11,50.11,3799,0
10AI.DE,D,20191203,000000,50.35,50.35,49.845,49.845,4133,0
10AI.DE,D,20191204,000000,49.91,50.4,49.91,50.4,1382,0
10AI.DE,D,20191205,000000,50.49,50.67,50.31,50.31,1203,0
10AI.DE,D,20191206,000000,50.53,50.97,50.53,50.97,2078,0
10AI.DE,D,20191209,000000,50.97,50.97,50.81,50.81,3324,0
10AI.DE,D,20191210,000000,50.7,50.73,50.29,50.73,1730,0
10AI.DE,D,20191211,000000,50.72,50.81,50.68,50.81,353,0
10AI.DE,D,20191212,000000,51.23,51.23,50.87,51.04,964,0
10AI.DE,D,20191213,000000,51.8,51.85,51.5,51.5,2094,0
10AI.DE,D,20191216,000000,51.78,52.39,51.78,52.39,2736,0
10AI.DE,D,20191217,000000,52.04,52.08,51.9,51.97,27720,0
10AI.DE,D,20191218,000000,51.97,52.06,51.97,52.06,3550,0
10AI.DE,D,20191219,000000,51.95,52.03,51.94,52.01,15487,0
10AI.DE,D,20191220,000000,52.09,52.47,52.09,52.47,10744,0
10AI.DE,D,20191223,000000,52.45,52.52,52.42,52.42,1839,0
10AI.DE,D,20191227,000000,52.29,52.78,52.29,52.61,6629,0
10AI.DE,D,20191230,000000,52.45,52.45,52.41,52.41,0,0
10AI.DE,D,20200102,000000,52.37,52.84,52.37,52.77,8991,0
10AI.DE,D,20200103,000000,52.31,52.5,52.18,52.5,276,0
10AI.DE,D,20200106,000000,52.16,52.37,52.01,52.29,276,0
10AI.DE,D,20200107,000000,52.57,52.69,52.42,52.42,841,0
10AI.DE,D,20200108,000000,52.21,52.53,52.21,52.53,190,0
10AI.DE,D,20200109,000000,52.84,52.84,52.66,52.66,60,0
10AI.DE,D,20200110,000000,52.78,52.78,52.56,52.56,0,0
10AI.DE,D,20200113,000000,52.57,52.65,52.47,52.47,2353,0
10AI.DE,D,20200114,000000,52.47,52.62,52.21,52.62,504,0
10AI.DE,D,20200115,000000,52.67,52.67,52.63,52.65,0,0
10AI.DE,D,20200116,000000,52.84,52.84,52.67,52.77,2179,0
10AI.DE,D,20200117,000000,53.03,53.26,53.03,53.23,101,0
10AI.DE,D,20200120,000000,53.24,53.25,53.11,53.17,1172,0
10AI.DE,D,20200121,000000,52.76,53.09,52.76,53.09,0,0
10AI.DE,D,20200122,000000,53.19,53.27,53.03,53.03,1239,0
10AI.DE,D,20200123,000000,52.91,52.96,52.73,52.73,383,0
10AI.DE,D,20200124,000000,53.19,53.44,53.18,53.18,2202,0
10AI.DE,D,20200127,000000,52.46,52.46,51.94,51.94,1016,0
10AI.DE,D,20200128,000000,52.11,52.5,51.94,52.44,2686,0
10AI.DE,D,20200129,000000,52.43,52.66,52.43,52.62,190,0
10AI.DE,D,20200130,000000,51.99,52.14,51.99,52.09,96,0
10AI.DE,D,20200131,000000,52.23,52.23,51.53,51.53,0,0
10AI.DE,D,20200203,000000,51.59,51.68,51.49,51.68,2434,0
10AI.DE,D,20200204,000000,51.84,52.47,51.84,52.47,2421,0
10AI.DE,D,20200205,000000,52.98,53.11,52.98,53.08,2636,0
10AI.DE,D,20200206,000000,53.52,53.52,53.31,53.36,3288,0
10AI.DE,D,20200207,000000,53.22,53.23,53.14,53.2,147,0
10AI.DE,D,20200210,000000,53.05,53.25,53.05,53.25,525,0
10AI.DE,D,20200211,000000,53.56,53.7,53.51,53.7,4295,0
10AI.DE,D,20200212,000000,53.79,54.05,53.79,54.05,19087,0
10AI.DE,D,20200213,000000,53.77,54.03,53.67,54.03,1817,0
10AI.DE,D,20200214,000000,53.96,54.15,53.96,53.97,0,0
10AI.DE,D,20200217,000000,54.14,54.14,54.04,54.09,4472,0
10AI.DE,D,20200218,000000,53.67,54.02,53.67,53.9,1202,0
10AI.DE,D,20200219,000000,54.06,54.3,54.01,54.3,15222,0
10AI.DE,D,20200220,000000,54.19,54.19,53.73,53.73,168,0
10AI.DE,D,20200221,000000,53.74,53.88,53.52,53.52,27,0
10AI.DE,D,20200224,000000,52.45,52.45,51.44,51.47,1491,0
10AI.DE,D,20200225,000000,51.92,51.92,50.6,50.6,240,0
10AI.DE,D,20200226,000000,50.2,50.71,50.2,50.59,2143,0
10AI.DE,D,20200227,000000,49.77,49.77,48.715,48.82,5038,0
10AI.DE,D,20200228,000000,47.21,47.545,46.53,47.195,3471,0
10AI.DE,D,20200302,000000,47.925,47.925,46.45,47.53,2788,0
10AI.DE,D,20200303,000000,48,48.625,47.815,47.815,34244,0
10AI.DE,D,20200304,000000,47.795,48.65,47.795,48.495,303,0
10AI.DE,D,20200305,000000,48.79,48.79,47.76,47.76,22412,0
10AI.DE,D,20200306,000000,46.925,46.925,46.08,46.08,31539,0
10AI.DE,D,20200309,000000,42.665,43.38,42.515,42.515,4013,0
10AI.DE,D,20200310,000000,43.55,43.94,42.175,42.175,829,0
10AI.DE,D,20200311,000000,42.655,42.86,41.785,41.785,838,0
10AI.DE,D,20200312,000000,39.295,39.575,36.865,36.865,6171,0
10AI.DE,D,20200313,000000,37.965,40.15,36.45,37.625,9133,0
10AI.DE,D,20200316,000000,36.185,36.185,33.92,35.95,3681,0
10AI.DE,D,20200317,000000,36.85,36.85,35.3,36.49,3649,0
10AI.DE,D,20200318,000000,35.245,35.245,34.785,34.925,204,0
10AI.DE,D,20200319,000000,35.33,36.21,35.005,36.21,1207,0
10AI.DE,D,20200320,000000,37.9,37.9,36.72,36.72,52833,0
10AI.DE,D,20200323,000000,35.345,36.105,35.29,35.29,656,0
10AI.DE,D,20200324,000000,37.05,38.27,37.05,38.27,692,0
10AI.DE,D,20200325,000000,39.315,39.86,38.81,39.57,345,0
10AI.DE,D,20200326,000000,38.66,40.47,38.66,40.47,866,0
10AI.DE,D,20200327,000000,39.625,39.685,38.94,39.28,1652,0
10AI.DE,D,20200330,000000,39.28,39.695,38.425,39.665,4019,0
10AI.DE,D,20200331,000000,40.13,40.465,39.98,40.355,592,0
10AI.DE,D,20200401,000000,39.815,39.815,39,39.39,2550,0
10AI.DE,D,20200402,000000,39.375,39.45,39,39.45,570,0
10AI.DE,D,20200403,000000,39.33,39.33,38.925,39.025,21940,0
10AI.DE,D,20200406,000000,40.195,40.5,40.04,40.37,17238,0
10AI.DE,D,20200407,000000,41.515,41.82,40.845,41.145,8119,0
10AI.DE,D,20200408,000000,40.735,41.135,40.58,41.135,1206,0
10AI.DE,D,20200409,000000,41.455,41.92,41.165,41.715,4900,0
10AI.DE,D,20200414,000000,42.305,42.305,41.915,41.96,609,0
10AI.DE,D,20200415,000000,41.99,41.99,40.645,40.645,295,0
10AI.DE,D,20200416,000000,41.11,41.17,40.87,40.87,24,0
10AI.DE,D,20200417,000000,41.98,42.225,41.7,41.92,684,0
10AI.DE,D,20200420,000000,42.055,42.28,41.505,42.28,1072,0
10AI.DE,D,20200421,000000,41.855,41.855,40.74,40.74,2822,0
10AI.DE,D,20200422,000000,41.09,41.47,41.09,41.47,2,0
10AI.DE,D,20200423,000000,41.705,41.89,41.64,41.82,972,0
10AI.DE,D,20200424,000000,41.245,41.845,41.245,41.47,10447,0
10AI.DE,D,20200427,000000,42.185,42.255,42.14,42.255,0,0
10AI.DE,D,20200428,000000,42.335,43.035,42.335,43.035,14585,0
10AI.DE,D,20200429,000000,43.04,43.66,43.03,43.66,229,0
10AI.DE,D,20200430,000000,43.92,43.92,42.785,42.785,970,0
10AI.DE,D,20200504,000000,41.495,41.58,41.3,41.44,2179,0
10AI.DE,D,20200505,000000,41.94,42.24,41.835,42.235,60839,0
10AI.DE,D,20200506,000000,42.25,42.42,42.05,42.05,10603,0
10AI.DE,D,20200507,000000,42.295,42.605,42.295,42.605,207,0
10AI.DE,D,20200508,000000,42.93,42.985,42.93,42.975,74,0
10AI.DE,D,20200511,000000,43.145,43.145,42.695,42.745,368,0
10AI.DE,D,20200512,000000,42.665,42.97,42.665,42.85,381,0
10AI.DE,D,20200513,000000,42.405,42.405,42,42,0,0
10AI.DE,D,20200514,000000,41.645,41.645,41.225,41.225,3025,0
10AI.DE,D,20200515,000000,41.835,41.835,41.335,41.35,1408,0
10AI.DE,D,20200518,000000,42.26,43.025,42.19,43.025,1552,0
10AI.DE,D,20200519,000000,43.22,43.22,42.575,42.735,33,0
10AI.DE,D,20200520,000000,42.625,43.19,42.625,43.19,2504,0
10AI.DE,D,20200521,000000,42.745,42.82,42.745,42.785,0,0
10AI.DE,D,20200522,000000,42.27,42.755,42.27,42.755,0,0
10AI.DE,D,20200525,000000,43.08,43.565,43.08,43.565,949,0
10AI.DE,D,20200526,000000,43.905,43.905,43.785,43.845,0,0
10AI.DE,D,20200527,000000,44.065,44.29,43.95,43.99,237,0
10AI.DE,D,20200528,000000,44.35,44.75,44.35,44.75,30,0
10AI.DE,D,20200529,000000,44.355,44.43,43.93,43.93,13,0
10AI.DE,D,20200602,000000,45.02,45.215,45.02,45.21,560,0
10AI.DE,D,20200603,000000,45.61,46.345,45.61,46.345,62339,0
10AI.DE,D,20200604,000000,46.14,46.14,45.94,45.96,23417,0
10AI.DE,D,20200605,000000,46.365,47.195,46.365,47.195,625,0
10AI.DE,D,20200608,000000,46.705,47.105,46.705,47.105,1067,0
10AI.DE,D,20200609,000000,47.155,47.155,46.43,46.565,28627,0
10AI.DE,D,20200610,000000,46.775,46.775,46.36,46.36,413,0
10AI.DE,D,20200611,000000,45.36,45.36,44.46,44.46,1523,0
10AI.DE,D,20200612,000000,43.915,45.04,43.915,44.665,2081,0
10AI.DE,D,20200615,000000,43.735,44.6,43.47,44.465,119,0
10AI.DE,D,20200616,000000,45.295,45.865,45.295,45.74,2890,0
10AI.DE,D,20200617,000000,45.79,46.165,45.79,46.06,1695,0
10AI.DE,D,20200618,000000,45.975,45.975,45.605,45.755,4516,0
10AI.DE,D,20200619,000000,46.07,46.26,46.065,46.065,2331,0
10AI.DE,D,20200622,000000,45.59,46.07,45.59,45.735,158,0
10AI.DE,D,20200623,000000,46.005,46.37,46.005,46.3,493,0
10AI.DE,D,20200624,000000,46.115,46.115,45.015,45.015,857,0
10AI.DE,D,20200625,000000,44.855,45.33,44.82,45.33,180,0
10AI.DE,D,20200626,000000,45.775,45.985,45.235,45.235,648,0
10AI.DE,D,20200629,000000,45.07,45.435,45.07,45.435,282,0
10AI.DE,D,20200630,000000,45.525,45.525,45.435,45.445,0,0
10AI.DE,D,20200701,000000,46.07,46.07,45.06,45.735,491,0
10AI.DE,D,20200702,000000,45.92,46.44,45.92,46.44,9296,0
10AI.DE,D,20200703,000000,46.495,46.495,46.03,46.09,2094,0
10AI.DE,D,20200706,000000,46.85,46.85,46.75,46.78,406,0
10AI.DE,D,20200707,000000,46.57,46.57,46.405,46.54,0,0
10AI.DE,D,20200708,000000,46.26,46.425,46.19,46.21,2660,0
10AI.DE,D,20200709,000000,46.5,46.5,45.95,45.95,2322,0
10AI.DE,D,20200710,000000,45.655,46.36,45.655,46.36,0,0
10AI.DE,D,20200713,000000,46.795,46.845,46.715,46.845,1919,0
10AI.DE,D,20200714,000000,46.275,46.475,46.205,46.475,3312,0
10AI.DE,D,20200715,000000,46.94,47.255,46.94,47.23,2221,0
10AI.DE,D,20200716,000000,46.88,47.01,46.88,47.01,0,0
10AI.DE,D,20200717,000000,47.115,47.12,46.925,47.085,1007,0
10AI.DE,D,20200720,000000,46.915,47.4,46.755,47.4,3762,0
10AI.DE,D,20200721,000000,47.725,47.925,47.51,47.54,304,0
10AI.DE,D,20200722,000000,47.31,47.31,47.055,47.125,100,0
10AI.DE,D,20200723,000000,47.235,47.475,47.14,47.14,61,0
10AI.DE,D,20200724,000000,46.53,46.58,46.31,46.31,50,0
10AI.DE,D,20200727,000000,46.23,46.235,46.15,46.15,4746,0
10AI.DE,D,20200728,000000,46.265,46.415,46.12,46.415,1,0
10AI.DE,D,20200729,000000,46.4,46.415,46.27,46.305,1733,0
10AI.DE,D,20200730,000000,46.31,46.31,45.23,45.335,260,0
10AI.DE,D,20200731,000000,45.365,45.51,44.73,44.73,0,0
10AI.DE,D,20200803,000000,45,45.92,44.98,45.92,1808,0
10AI.DE,D,20200804,000000,46.065,46.065,45.55,45.67,13291,0
10AI.DE,D,20200805,000000,46.03,46.1,45.865,45.865,254,0
10AI.DE,D,20200806,000000,45.785,45.845,45.515,45.545,101,0
10AI.DE,D,20200807,000000,45.615,45.79,45.59,45.685,480,0
10AI.DE,D,20200810,000000,45.85,45.94,45.815,45.86,8185,0
10AI.DE,D,20200811,000000,46.345,46.895,46.345,46.615,206,0
10AI.DE,D,20200812,000000,46.57,47.3,46.57,47.155,516,0
10AI.DE,D,20200813,000000,47.105,47.14,46.905,46.905,461,0
10AI.DE,D,20200814,000000,46.755,46.755,46.32,46.32,65,0
10AI.DE,D,20200817,000000,46.56,46.58,46.48,46.49,50,0
10AI.DE,D,20200818,000000,46.3,46.76,46.275,46.275,0,0
10AI.DE,D,20200819,000000,46.195,46.645,46.195,46.645,11,0
10AI.DE,D,20200820,000000,46.035,46.27,46.035,46.17,260,0
10AI.DE,D,20200821,000000,46.295,46.295,46.05,46.05,0,0
10AI.DE,D,20200824,000000,46.59,46.835,46.59,46.82,1883,0
10AI.DE,D,20200825,000000,47.085,47.14,46.63,46.63,697,0
10AI.DE,D,20200826,000000,46.485,47.02,46.485,47.02,220,0
10AI.DE,D,20200827,000000,47.005,47.005,46.72,46.72,0,0
10AI.DE,D,20200828,000000,46.84,46.84,46.495,46.495,2095,0
10AI.DE,D,20200831,000000,46.73,46.825,46.125,46.125,334,0
10AI.DE,D,20200901,000000,46.41,46.485,46.015,46.05,812,0
10AI.DE,D,20200902,000000,46.285,46.88,46.285,46.805,640,0
10AI.DE,D,20200903,000000,47.275,47.28,46.09,46.09,0,0
10AI.DE,D,20200904,000000,45.775,46.435,45.525,45.66,874,0
10AI.DE,D,20200907,000000,45.93,46.495,45.93,46.325,527,0
10AI.DE,D,20200908,000000,46.43,46.43,45.825,45.825,875,0
10AI.DE,D,20200909,000000,45.955,46.685,45.955,46.685,8405,0
10AI.DE,D,20200910,000000,46.67,46.67,46.335,46.335,0,0
10AI.DE,D,20200911,000000,46.31,46.425,46.31,46.365,0,0
10AI.DE,D,20200914,000000,46.695,46.77,46.455,46.515,83,0
10AI.DE,D,20200915,000000,46.635,46.9,46.54,46.845,19,0
10AI.DE,D,20200916,000000,46.92,47.07,46.92,47.07,60,0
10AI.DE,D,20200917,000000,46.585,46.935,46.585,46.815,370,0
10AI.DE,D,20200918,000000,46.78,46.895,46.565,46.565,12,0
10AI.DE,D,20200921,000000,46.035,46.035,44.995,45.055,492,0
10AI.DE,D,20200922,000000,45.315,45.315,45.065,45.065,2474,0
10AI.DE,D,20200923,000000,45.385,45.775,45.375,45.375,1705,0
10AI.DE,D,20200924,000000,44.865,45.235,44.865,44.94,0,0
10AI.DE,D,20200925,000000,44.885,44.885,44.485,44.87,924,0
10AI.DE,D,20200928,000000,45.49,45.84,45.49,45.84,100,0
10AI.DE,D,20200929,000000,45.735,45.765,45.62,45.62,0,0
10AI.DE,D,20200930,000000,45.405,45.71,45.405,45.44,41971,0
10AI.DE,D,20201001,000000,45.89,45.89,45.605,45.65,1009,0
10AI.DE,D,20201002,000000,45.185,45.73,45.185,45.73,192,0
10AI.DE,D,20201005,000000,46.2,46.2,46.03,46.095,220,0
10AI.DE,D,20201006,000000,46.16,46.205,46.07,46.115,104,0
10AI.DE,D,20201007,000000,46.14,46.14,46.045,46.085,0,0
10AI.DE,D,20201008,000000,46.36,46.4,46.33,46.4,2186,0
10AI.DE,D,20201009,000000,46.64,46.7,46.54,46.7,0,0
10AI.DE,D,20201012,000000,46.79,47.045,46.79,47.005,758,0
10AI.DE,D,20201013,000000,47.035,47.035,46.675,46.755,55,0
10AI.DE,D,20201014,000000,46.745,46.745,46.63,46.675,24822,0
10AI.DE,D,20201015,000000,46.09,46.09,45.56,45.73,813,0
10AI.DE,D,20201016,000000,46.105,46.36,46.105,46.36,0,0
10AI.DE,D,20201019,000000,46.685,46.685,46.22,46.25,1499,0
10AI.DE,D,20201020,000000,46.115,46.28,46.055,46.055,286,0
10AI.DE,D,20201021,000000,46.115,46.115,45.415,45.415,13711,0
10AI.DE,D,20201022,000000,45.14,45.465,44.96,45.365,1763,0
10AI.DE,D,20201023,000000,45.44,45.81,45.44,45.69,0,0
10AI.DE,D,20201026,000000,45.005,45.255,44.875,44.875,838,0
10AI.DE,D,20201027,000000,44.935,45.025,44.445,44.445,3498,0
10AI.DE,D,20201028,000000,43.87,43.87,43.13,43.155,570,0
10AI.DE,D,20201029,000000,43.41,43.41,42.98,43.165,478,0
10AI.DE,D,20201030,000000,42.865,43.18,42.865,43.18,182,0
10AI.DE,D,20201102,000000,43.265,43.985,43.085,43.92,1118,0
10AI.DE,D,20201103,000000,44.23,45.07,44.23,44.885,7681,0
10AI.DE,D,20201104,000000,44.445,45.85,44.445,45.85,0,0
10AI.DE,D,20201105,000000,46.175,46.27,46.095,46.23,1814,0
10AI.DE,D,20201106,000000,46.205,46.205,46.035,46.195,0,0
10AI.DE,D,20201109,000000,46.8,48.285,46.8,48.045,946,0
10AI.DE,D,20201110,000000,48.25,48.505,48.155,48.475,2478,0
10AI.DE,D,20201111,000000,48.75,49.105,48.75,49.05,1778,0
10AI.DE,D,20201112,000000,48.65,48.69,48.6,48.615,155,0
10AI.DE,D,20201113,000000,48.485,48.785,48.485,48.625,157,0
10AI.DE,D,20201116,000000,49.015,49.44,49.015,49.19,189,0
10AI.DE,D,20201117,000000,49.23,49.23,48.99,49.125,1473,0
10AI.DE,D,20201118,000000,48.895,49.33,48.895,49.33,0,0
10AI.DE,D,20201119,000000,48.95,48.97,48.94,48.94,0,0
10AI.DE,D,20201120,000000,48.965,49.27,48.965,49.19,5719,0
10AI.DE,D,20201123,000000,49.47,49.585,49.1,49.1,1056,0
10AI.DE,D,20201124,000000,49.51,49.62,49.44,49.62,143,0
10AI.DE,D,20201125,000000,48.7,48.7,48.46,48.58,1430,0
10AI.DE,D,20201126,000000,48.64,48.64,48.47,48.495,123,0
10AI.DE,D,20201127,000000,48.395,48.695,48.395,48.61,2382,0
10AI.DE,D,20201130,000000,48.505,48.715,48.205,48.205,129,0
10AI.DE,D,20201201,000000,48.45,48.74,48.45,48.575,1989,0
10AI.DE,D,20201202,000000,48.355,48.53,48.355,48.53,2775,0
10AI.DE,D,20201203,000000,48.545,48.55,48.475,48.495,12,0
10AI.DE,D,20201204,000000,48.605,48.845,48.595,48.82,2971,0
10AI.DE,D,20201207,000000,48.815,48.815,48.22,48.695,848,0
10AI.DE,D,20201208,000000,48.66,48.785,48.385,48.785,2,0
10AI.DE,D,20201209,000000,48.945,48.995,48.76,48.9,1764,0
10AI.DE,D,20201210,000000,48.995,48.995,48.745,48.745,52,0
10AI.DE,D,20201211,000000,48.685,48.685,48.15,48.34,10185,0
10AI.DE,D,20201214,000000,48.765,48.815,48.53,48.53,45,0
10AI.DE,D,20201215,000000,48.56,48.73,48.56,48.73,42,0
10AI.DE,D,20201216,000000,48.92,49.07,48.92,49.07,6278,0
10AI.DE,D,20201217,000000,49.375,49.375,49.245,49.245,158,0
10AI.DE,D,20201218,000000,49.12,49.365,49.09,49.09,10,0
10AI.DE,D,20201221,000000,48.11,48.11,47.48,48.02,2387,0
10AI.DE,D,20201222,000000,48.185,48.485,48.185,48.485,115,0
10AI.DE,D,20201223,000000,48.665,49.035,48.595,48.97,149,0
10AI.DE,D,20201228,000000,49.58,49.58,49,49.47,1492,0
10AI.DE,D,20201229,000000,49.645,49.835,49.645,49.745,136,0
10AI.DE,D,20201230,000000,49.82,49.82,49.72,49.72,600,0
10AI.DE,D,20210104,000000,50.17,50.3,49.73,49.77,6932,0
10AI.DE,D,20210105,000000,49.715,49.78,49.6,49.73,388,0
10AI.DE,D,20210106,000000,49.985,50.44,49.77,50.44,143,0
10AI.DE,D,20210107,000000,50.69,50.69,50.54,50.67,49,0
10AI.DE,D,20210108,000000,51.05,51.05,50.9,51.01,53,0
10AI.DE,D,20210111,000000,50.87,50.87,50.65,50.65,12,0
10AI.DE,D,20210112,000000,50.85,50.85,50.66,50.68,0,0
10AI.DE,D,20210113,000000,50.67,50.83,50.67,50.71,46,0
10AI.DE,D,20210114,000000,50.8,51.11,50.8,51.08,1839,0
10AI.DE,D,20210115,000000,50.94,50.94,50.44,50.62,62438,0
10AI.DE,D,20210118,000000,50.41,50.63,50.41,50.63,1714,0
10AI.DE,D,20210119,000000,50.87,50.87,50.56,50.56,2000,0
10AI.DE,D,20210120,000000,50.72,50.96,50.64,50.96,2522,0
10AI.DE,D,20210121,000000,51.21,51.21,50.85,50.89,411,0
10AI.DE,D,20210122,000000,50.65,50.65,50.43,50.64,2,0
10AI.DE,D,20210125,000000,50.89,50.89,50.23,50.23,192,0
10AI.DE,D,20210126,000000,50.2,50.73,50.2,50.49,10,0
10AI.DE,D,20210127,000000,50.28,50.28,49.725,49.97,20,0
10AI.DE,D,20210128,000000,49.395,49.985,49.395,49.985,0,0
10AI.DE,D,20210129,000000,49.175,49.515,48.96,48.96,0,0
10AI.DE,D,20210201,000000,49.555,49.69,49.4,49.645,244,0
10AI.DE,D,20210202,000000,49.885,50.29,49.885,50.29,4210,0
10AI.DE,D,20210203,000000,50.8,50.8,50.4,50.4,40,0
10AI.DE,D,20210204,000000,50.5,50.74,50.45,50.71,54,0
10AI.DE,D,20210205,000000,50.66,50.9,50.66,50.71,277,0
10AI.DE,D,20210208,000000,50.95,51.01,50.8,50.8,208,0
10AI.DE,D,20210209,000000,50.81,50.86,50.68,50.84,1570,0
10AI.DE,D,20210210,000000,50.98,50.98,50.65,50.66,1777,0
10AI.DE,D,20210211,000000,50.76,50.87,50.76,50.87,295,0
10AI.DE,D,20210212,000000,50.76,51.22,50.76,51.22,448,0
10AI.DE,D,20210215,000000,51.63,51.95,51.63,51.95,82,0
10AI.DE,D,20210216,000000,52.01,52.01,51.85,51.88,362,0
10AI.DE,D,20210217,000000,51.67,51.71,51.46,51.46,60,0
10AI.DE,D,20210218,000000,51.59,51.59,51.14,51.14,29,0
10AI.DE,D,20210219,000000,51.22,51.4,51.22,51.4,0,0
10AI.DE,D,20210222,000000,50.99,51.24,50.84,51.24,339,0
10AI.DE,D,20210223,000000,51.25,51.25,50.79,51,617,0
10AI.DE,D,20210224,000000,50.98,51.26,50.98,51.26,0,0
10AI.DE,D,20210225,000000,51.5,51.5,51.05,51.05,332,0
10AI.DE,D,20210226,000000,50.23,50.8,50.23,50.35,1997,0
10AI.DE,D,20210301,000000,51.1,51.27,50.92,51.27,179,0
10AI.DE,D,20210302,000000,51.1,51.53,51.1,51.32,245,0
10AI.DE,D,20210303,000000,51.6,51.6,51.28,51.36,60,0
10AI.DE,D,20210304,000000,51.17,51.29,51.08,51.28,3047,0
10AI.DE,D,20210305,000000,50.84,51.16,50.8,50.88,667,0
10AI.DE,D,20210308,000000,51.19,51.97,51.19,51.88,109,0
10AI.DE,D,20210309,000000,51.92,52.27,51.92,52.24,1724,0
10AI.DE,D,20210310,000000,52.1,52.53,52.1,52.49,322,0
10AI.DE,D,20210311,000000,52.73,52.8,52.58,52.8,129,0
10AI.DE,D,20210312,000000,52.51,52.66,52.51,52.66,35,0
10AI.DE,D,20210315,000000,52.9,52.92,52.61,52.67,651,0
10AI.DE,D,20210316,000000,52.88,53.14,52.88,53.1,2810,0
10AI.DE,D,20210317,000000,53.06,53.06,52.81,52.87,750,0
10AI.DE,D,20210318,000000,53.13,53.26,53.01,53.13,43,0
10AI.DE,D,20210319,000000,52.75,52.93,52.69,52.69,292,0
10AI.DE,D,20210322,000000,52.35,52.87,52.35,52.87,1399,0
10AI.DE,D,20210323,000000,52.58,52.73,52.58,52.71,1000,0
10AI.DE,D,20210324,000000,52.4,52.73,52.4,52.73,0,0
10AI.DE,D,20210325,000000,52.42,52.76,52.36,52.76,690,0
10AI.DE,D,20210326,000000,53.07,53.21,53.07,53.21,10,0
10AI.DE,D,20210329,000000,53.37,53.44,53.32,53.32,300,0
10AI.DE,D,20210330,000000,53.52,53.76,53.5,53.75,1246,0
10AI.DE,D,20210331,000000,53.72,53.85,53.59,53.59,1016,0
10AI.DE,D,20210401,000000,53.76,53.94,53.76,53.94,197,0
10AI.DE,D,20210406,000000,54.39,54.39,54.25,54.25,492,0
10AI.DE,D,20210407,000000,54.29,54.29,54.1,54.1,475,0
10AI.DE,D,20210408,000000,54.31,54.47,54.31,54.47,399,0
10AI.DE,D,20210409,000000,54.44,54.57,54.44,54.51,384,0
10AI.DE,D,20210412,000000,54.3,54.45,54.26,54.26,839,0
10AI.DE,D,20210413,000000,54.34,54.34,54.28,54.3,0,0
10AI.DE,D,20210414,000000,54.37,54.45,54.37,54.43,14,0
10AI.DE,D,20210415,000000,54.59,54.74,54.59,54.71,250,0
10AI.DE,D,20210416,000000,54.75,55.17,54.75,55.17,655,0
10AI.DE,D,20210419,000000,55.13,55.28,55.03,55.12,2020,0
10AI.DE,D,20210420,000000,55.05,55.05,54.14,54.14,288,0
10AI.DE,D,20210421,000000,54.39,54.51,54.3,54.51,1481,0
10AI.DE,D,20210422,000000,54.7,54.89,54.63,54.89,143,0
10AI.DE,D,20210423,000000,54.76,54.89,54.63,54.8,1346,0
10AI.DE,D,20210426,000000,54.78,54.98,54.78,54.91,378,0
10AI.DE,D,20210427,000000,54.95,55.08,54.77,54.92,156,0
10AI.DE,D,20210428,000000,55,55,54.87,54.91,2976,0
10AI.DE,D,20210429,000000,55.15,55.35,54.73,54.75,345,0
10AI.DE,D,20210430,000000,54.85,54.9,54.6,54.6,111,0
10AI.DE,D,20210503,000000,54.77,55.15,54.77,55.15,284,0
10AI.DE,D,20210504,000000,55.05,55.13,54.21,54.21,1279,0
10AI.DE,D,20210505,000000,54.67,55.28,54.67,55.28,279,0
10AI.DE,D,20210506,000000,55.42,55.42,54.97,55.24,1170,0
10AI.DE,D,20210507,000000,55.56,55.72,55.47,55.72,214,0
10AI.DE,D,20210510,000000,55.76,55.78,55.6,55.78,505,0
10AI.DE,D,20210511,000000,55.19,55.19,54.63,54.71,767,0
10AI.DE,D,20210512,000000,54.82,55.01,54.82,54.86,588,0
10AI.DE,D,20210513,000000,54.18,54.89,54.16,54.89,0,0
10AI.DE,D,20210514,000000,55.19,55.56,55.18,55.56,695,0
10AI.DE,D,20210517,000000,55.71,55.71,55.32,55.55,296,0
10AI.DE,D,20210518,000000,55.89,55.89,55.6,55.6,4729,0
10AI.DE,D,20210519,000000,54.92,54.93,54.42,54.77,281,0
10AI.DE,D,20210520,000000,55.09,55.54,54.94,55.54,1322,0
10AI.DE,D,20210521,000000,55.61,55.81,55.61,55.81,0,0
10AI.DE,D,20210525,000000,56.09,56.13,55.92,55.92,555,0
10AI.DE,D,20210526,000000,56.06,56.06,55.89,55.93,316,0
10AI.DE,D,20210527,000000,55.86,56.2,55.75,56.12,502,0
10AI.DE,D,20210528,000000,56.22,56.45,56.21,56.45,2361,0
10AI.DE,D,20210531,000000,56.46,56.46,56.11,56.11,6493,0
10AI.DE,D,20210601,000000,56.49,56.78,56.49,56.75,1127,0
10AI.DE,D,20210602,000000,56.71,56.78,56.67,56.78,3086,0
10AI.DE,D,20210603,000000,56.72,56.86,56.46,56.76,843,0
10AI.DE,D,20210604,000000,56.74,56.97,56.74,56.97,5668,0
10AI.DE,D,20210607,000000,56.86,57.21,56.86,57.1,266,0
10AI.DE,D,20210608,000000,57.21,57.25,57.13,57.13,64,0
10AI.DE,D,20210609,000000,57.12,57.24,57.07,57.2,3360,0
10AI.DE,D,20210610,000000,57.3,57.3,57.13,57.27,793,0
10AI.DE,D,20210611,000000,57.34,57.66,57.34,57.66,2891,0
10AI.DE,D,20210614,000000,57.91,58,57.75,57.75,301,0
10AI.DE,D,20210615,000000,57.97,57.99,57.87,57.89,2941,0
10AI.DE,D,20210616,000000,58.03,58.05,57.95,57.99,29,0
10AI.DE,D,20210617,000000,57.77,57.97,57.77,57.97,1253,0
10AI.DE,D,20210618,000000,57.91,57.91,57.03,57.03,900,0
10AI.DE,D,20210621,000000,56.94,57.47,56.74,57.47,1467,0
10AI.DE,D,20210622,000000,57.46,57.55,57.37,57.55,396,0
10AI.DE,D,20210623,000000,57.67,57.67,57.13,57.13,1075,0
10AI.DE,D,20210624,000000,57.37,57.7,57.37,57.7,650,0
10AI.DE,D,20210625,000000,57.71,57.81,57.7,57.8,3811,0
10AI.DE,D,20210628,000000,57.69,57.87,57.39,57.39,257,0
10AI.DE,D,20210629,000000,57.49,57.78,57.49,57.58,2019,0
10AI.DE,D,20210630,000000,57.63,57.63,57.01,57.17,547,0
10AI.DE,D,20210701,000000,57.58,57.76,57.1,57.59,3170,0
10AI.DE,D,20210702,000000,57.67,57.71,57.58,57.61,1363,0
10AI.DE,D,20210705,000000,57.67,57.86,57.55,57.86,1152,0
10AI.DE,D,20210706,000000,57.75,57.84,57.36,57.51,766,0
10AI.DE,D,20210707,000000,57.75,57.96,57.75,57.96,1746,0
10AI.DE,D,20210708,000000,57.58,57.58,56.69,57,1496,0
10AI.DE,D,20210709,000000,57.19,57.74,57.19,57.74,3646,0
10AI.DE,D,20210712,000000,57.85,58.13,57.67,58.09,5641,0
10AI.DE,D,20210713,000000,58.22,58.22,57.95,58.14,18448,0
10AI.DE,D,20210714,000000,58.09,58.17,57.97,58.07,4269,0
10AI.DE,D,20210715,000000,57.95,57.96,57.58,57.59,2492,0
10AI.DE,D,20210716,000000,57.67,57.8,57.24,57.37,3909,0
10AI.DE,D,20210719,000000,56.88,56.88,55.88,56.09,7282,0
10AI.DE,D,20210720,000000,56.41,56.67,56.05,56.39,1130,0
10AI.DE,D,20210721,000000,56.68,57.28,56.68,57.25,814,0
10AI.DE,D,20210722,000000,57.63,57.69,57.5,57.52,687,0
10AI.DE,D,20210723,000000,57.8,58.16,57.8,58.14,7232,0
10AI.DE,D,20210726,000000,57.89,58.1,57.88,58.1,2304,0
10AI.DE,D,20210727,000000,57.92,57.94,57.7,57.77,1759,0
10AI.DE,D,20210728,000000,57.88,58.16,57.88,58.16,637,0
10AI.DE,D,20210729,000000,58.38,58.51,58.35,58.43,2496,0
10AI.DE,D,20210730,000000,58.03,58.33,58.03,58.2,3078,0
10AI.DE,D,20210802,000000,58.66,58.66,58.26,58.5,4264,0
10AI.DE,D,20210803,000000,58.54,58.78,58.54,58.68,1923,0
10AI.DE,D,20210804,000000,58.9,59.01,58.89,58.99,1325,0
10AI.DE,D,20210805,000000,59,59.23,59,59.23,2175,0
10AI.DE,D,20210806,000000,59.19,59.32,59.12,59.24,3162,0
10AI.DE,D,20210809,000000,59.35,59.39,59.26,59.35,1608,0
10AI.DE,D,20210810,000000,59.5,59.62,59.49,59.55,809,0
10AI.DE,D,20210811,000000,59.65,59.84,59.63,59.8,237,0
10AI.DE,D,20210812,000000,59.8,59.96,59.8,59.93,9509,0
10AI.DE,D,20210813,000000,59.96,60.07,59.96,60.02,2345,0
10AI.DE,D,20210816,000000,59.76,59.76,59.59,59.74,1910,0
10AI.DE,D,20210817,000000,59.49,59.76,59.49,59.72,19316,0
10AI.DE,D,20210818,000000,59.87,59.87,59.67,59.79,939,0
10AI.DE,D,20210819,000000,58.91,58.94,58.59,58.84,562,0
10AI.DE,D,20210820,000000,58.91,59.06,58.63,59.06,1469,0
10AI.DE,D,20210823,000000,59.41,59.5,59.16,59.42,10669,0
10AI.DE,D,20210824,000000,59.62,59.62,59.4,59.42,229,0
