<TICKER>,<PER>,<DATE>,<TIME>,<OPEN>,<HIGH>,<LOW>,<CLOSE>,<VOL>,<OPENINT>
2B7K.DE,D,20190313,000000,5.62,5.654,5.62,5.654,244,0
2B7K.DE,D,20190314,000000,5.666,5.666,5.66,5.662,5,0
2B7K.DE,D,20190315,000000,5.668,5.703,5.661,5.703,24047,0
2B7K.DE,D,20190318,000000,5.717,5.717,5.691,5.695,4525,0
2B7K.DE,D,20190319,000000,5.714,5.724,5.714,5.724,0,0
2B7K.DE,D,20190320,000000,5.7,5.7,5.656,5.656,620,0
2B7K.DE,D,20190321,000000,5.642,5.684,5.623,5.684,0,0
2B7K.DE,D,20190322,000000,5.698,5.698,5.644,5.644,1238,0
2B7K.DE,D,20190325,000000,5.638,5.638,5.617,5.617,6357,0
2B7K.DE,D,20190326,000000,5.65,5.672,5.649,5.672,11320,0
2B7K.DE,D,20190327,000000,5.705,5.705,5.656,5.66,1939,0
2B7K.DE,D,20190328,000000,5.675,5.688,5.675,5.688,6400,0
2B7K.DE,D,20190329,000000,5.714,5.732,5.714,5.732,500,0
2B7K.DE,D,20190401,000000,5.769,5.794,5.769,5.794,1226,0
2B7K.DE,D,20190402,000000,5.803,5.807,5.797,5.807,6035,0
2B7K.DE,D,20190403,000000,5.826,5.838,5.815,5.838,3550,0
2B7K.DE,D,20190404,000000,5.822,5.822,5.82,5.82,10992,0
2B7K.DE,D,20190405,000000,5.833,5.849,5.819,5.849,71952,0
2B7K.DE,D,20190408,000000,5.847,5.847,5.832,5.836,1729,0
2B7K.DE,D,20190409,000000,5.835,5.835,5.806,5.806,294,0
2B7K.DE,D,20190410,000000,5.826,5.829,5.823,5.829,1000,0
2B7K.DE,D,20190411,000000,5.852,5.852,5.834,5.834,7908,0
2B7K.DE,D,20190412,000000,5.824,5.846,5.824,5.846,128240,0
2B7K.DE,D,20190415,000000,5.872,5.872,5.849,5.855,32435,0
2B7K.DE,D,20190416,000000,5.877,5.877,5.863,5.876,2495,0
2B7K.DE,D,20190417,000000,5.891,5.891,5.861,5.861,5731,0
2B7K.DE,D,20190418,000000,5.842,5.895,5.842,5.895,15961,0
2B7K.DE,D,20190423,000000,5.909,5.94,5.892,5.94,125651,0
2B7K.DE,D,20190424,000000,5.956,5.957,5.933,5.957,4422,0
2B7K.DE,D,20190425,000000,5.978,5.982,5.95,5.982,4260,0
2B7K.DE,D,20190426,000000,5.973,5.973,5.968,5.973,1250,0
2B7K.DE,D,20190429,000000,6.017,6.017,5.979,5.979,4761,0
2B7K.DE,D,20190430,000000,5.992,5.992,5.954,5.959,4116,0
2B7K.DE,D,20190502,000000,5.961,5.961,5.92,5.92,9763,0
2B7K.DE,D,20190503,000000,5.961,5.962,5.949,5.962,216939,0
2B7K.DE,D,20190506,000000,5.889,5.914,5.872,5.914,21432,0
2B7K.DE,D,20190507,000000,5.919,5.919,5.856,5.856,2500,0
2B7K.DE,D,20190508,000000,5.85,5.85,5.817,5.844,3893,0
2B7K.DE,D,20190509,000000,5.814,5.814,5.748,5.748,2991,0
2B7K.DE,D,20190510,000000,5.805,5.805,5.743,5.743,4459,0
2B7K.DE,D,20190513,000000,5.794,5.794,5.713,5.713,1610,0
2B7K.DE,D,20190514,000000,5.734,5.792,5.732,5.792,2516,0
2B7K.DE,D,20190515,000000,5.817,5.817,5.759,5.807,58229,0
2B7K.DE,D,20190516,000000,5.797,5.894,5.797,5.894,542904,0
2B7K.DE,D,20190517,000000,5.879,5.89,5.846,5.89,25840,0
2B7K.DE,D,20190520,000000,5.888,5.888,5.813,5.813,15815,0
2B7K.DE,D,20190521,000000,5.843,5.854,5.834,5.854,9761,0
2B7K.DE,D,20190522,000000,5.856,5.856,5.844,5.849,6,0
2B7K.DE,D,20190523,000000,5.826,5.826,5.776,5.776,256,0
2B7K.DE,D,20190524,000000,5.81,5.81,5.787,5.787,10242,0
2B7K.DE,D,20190527,000000,5.815,5.815,5.801,5.803,3652,0
2B7K.DE,D,20190528,000000,5.828,5.828,5.791,5.799,84420,0
2B7K.DE,D,20190529,000000,5.748,5.748,5.72,5.72,7465,0
2B7K.DE,D,20190530,000000,5.745,5.745,5.738,5.74,556,0
2B7K.DE,D,20190531,000000,5.699,5.705,5.65,5.705,123884,0
2B7K.DE,D,20190603,000000,5.68,5.686,5.64,5.686,39440,0
2B7K.DE,D,20190604,000000,5.642,5.717,5.642,5.717,21287,0
2B7K.DE,D,20190605,000000,5.736,5.756,5.736,5.756,9579,0
2B7K.DE,D,20190606,000000,5.79,5.79,5.778,5.778,0,0
2B7K.DE,D,20190607,000000,5.817,5.838,5.817,5.838,3264,0
2B7K.DE,D,20190611,000000,5.899,5.899,5.874,5.874,5575,0
2B7K.DE,D,20190612,000000,5.845,5.853,5.843,5.853,11081,0
2B7K.DE,D,20190613,000000,5.88,5.885,5.861,5.885,1361,0
2B7K.DE,D,20190614,000000,5.889,5.911,5.889,5.911,1857,0
2B7K.DE,D,20190617,000000,5.938,5.938,5.909,5.909,11323,0
2B7K.DE,D,20190618,000000,5.916,5.997,5.9,5.997,5907,0
2B7K.DE,D,20190619,000000,6.007,6.007,5.978,5.984,13999,0
2B7K.DE,D,20190620,000000,6.026,6.026,6.021,6.023,4765,0
2B7K.DE,D,20190621,000000,6.025,6.025,5.993,6.014,628,0
2B7K.DE,D,20190624,000000,5.999,5.999,5.973,5.973,3337,0
2B7K.DE,D,20190625,000000,5.965,5.965,5.951,5.951,720,0
2B7K.DE,D,20190626,000000,5.939,5.939,5.929,5.929,1861,0
2B7K.DE,D,20190627,000000,5.973,5.973,5.925,5.928,337416,0
2B7K.DE,D,20190628,000000,5.944,5.954,5.944,5.954,0,0
2B7K.DE,D,20190701,000000,6.073,6.073,6.036,6.044,4138,0
2B7K.DE,D,20190702,000000,6.063,6.063,6.054,6.054,199,0
2B7K.DE,D,20190703,000000,6.086,6.119,6.086,6.119,5481,0
2B7K.DE,D,20190704,000000,6.142,6.142,6.126,6.135,1714,0
2B7K.DE,D,20190705,000000,6.136,6.136,6.099,6.108,27405,0
2B7K.DE,D,20190708,000000,6.115,6.115,6.099,6.099,1115,0
2B7K.DE,D,20190709,000000,6.1,6.1,6.07,6.08,1713,0
2B7K.DE,D,20190710,000000,6.073,6.082,6.067,6.082,4938,0
2B7K.DE,D,20190711,000000,6.111,6.111,6.083,6.091,483,0
2B7K.DE,D,20190712,000000,6.106,6.109,6.102,6.109,1439,0
2B7K.DE,D,20190715,000000,6.136,6.136,6.109,6.118,8301,0
2B7K.DE,D,20190716,000000,6.119,6.131,6.119,6.131,960,0
2B7K.DE,D,20190717,000000,6.139,6.139,6.102,6.102,23722,0
2B7K.DE,D,20190718,000000,6.054,6.064,6.054,6.064,47538,0
2B7K.DE,D,20190719,000000,6.11,6.11,6.099,6.106,4236,0
2B7K.DE,D,20190722,000000,6.095,6.095,6.079,6.083,14946,0
2B7K.DE,D,20190723,000000,6.126,6.136,6.12,6.136,61059,0
2B7K.DE,D,20190724,000000,6.174,6.174,6.154,6.163,7195,0
2B7K.DE,D,20190725,000000,6.205,6.205,6.145,6.145,1290,0
2B7K.DE,D,20190726,000000,6.161,6.183,6.153,6.183,101033,0
2B7K.DE,D,20190729,000000,6.198,6.198,6.178,6.18,5468,0
2B7K.DE,D,20190730,000000,6.188,6.188,6.15,6.157,2601,0
2B7K.DE,D,20190731,000000,6.177,6.177,6.153,6.163,8386,0
2B7K.DE,D,20190801,000000,6.157,6.204,6.157,6.204,31371,0
2B7K.DE,D,20190802,000000,6.102,6.102,6.024,6.036,23049,0
2B7K.DE,D,20190805,000000,6.005,6.005,5.894,5.894,14320,0
2B7K.DE,D,20190806,000000,5.841,5.845,5.836,5.845,7110,0
2B7K.DE,D,20190807,000000,5.901,5.901,5.854,5.854,19328,0
2B7K.DE,D,20190808,000000,5.932,5.98,5.912,5.98,42126,0
2B7K.DE,D,20190809,000000,6.019,6.019,5.947,5.947,3520,0
2B7K.DE,D,20190812,000000,6.002,6.002,5.93,5.93,18706,0
2B7K.DE,D,20190813,000000,5.914,5.981,5.901,5.981,43294,0
2B7K.DE,D,20190814,000000,6.015,6.015,5.883,5.894,14376,0
2B7K.DE,D,20190815,000000,5.929,5.929,5.856,5.891,15038,0
2B7K.DE,D,20190816,000000,5.921,5.977,5.921,5.977,3720,0
2B7K.DE,D,20190819,000000,6.04,6.041,6.029,6.041,68,0
2B7K.DE,D,20190820,000000,6.059,6.059,6.043,6.045,7991,0
2B7K.DE,D,20190821,000000,6.026,6.065,6.026,6.065,6300,0
2B7K.DE,D,20190822,000000,6.07,6.07,6.034,6.035,13649,0
2B7K.DE,D,20190823,000000,6.08,6.08,5.957,5.957,4335,0
2B7K.DE,D,20190826,000000,5.95,5.974,5.95,5.974,4409,0
2B7K.DE,D,20190827,000000,5.997,6.009,5.997,6.009,460,0
2B7K.DE,D,20190828,000000,5.995,6.018,5.965,6.018,21456,0
2B7K.DE,D,20190829,000000,6.012,6.097,6.012,6.097,2727,0
2B7K.DE,D,20190830,000000,6.099,6.126,6.099,6.126,1000,0
2B7K.DE,D,20190902,000000,6.14,6.14,6.13,6.139,93005,0
2B7K.DE,D,20190903,000000,6.123,6.123,6.115,6.12,6374,0
2B7K.DE,D,20190904,000000,6.162,6.162,6.143,6.146,88388,0
2B7K.DE,D,20190905,000000,6.198,6.209,6.188,6.209,38241,0
2B7K.DE,D,20190906,000000,6.221,6.221,6.203,6.219,32538,0
2B7K.DE,D,20190909,000000,6.255,6.255,6.204,6.204,7720,0
2B7K.DE,D,20190910,000000,6.209,6.209,6.159,6.159,61701,0
2B7K.DE,D,20190911,000000,6.181,6.228,6.181,6.228,36889,0
2B7K.DE,D,20190912,000000,6.245,6.245,6.233,6.243,230093,0
2B7K.DE,D,20190913,000000,6.257,6.257,6.235,6.248,195605,0
2B7K.DE,D,20190916,000000,6.24,6.258,6.216,6.258,54767,0
2B7K.DE,D,20190917,000000,6.264,6.264,6.238,6.241,9331,0
2B7K.DE,D,20190918,000000,6.257,6.257,6.236,6.236,36050,0
2B7K.DE,D,20190919,000000,6.251,6.29,6.24,6.29,168990,0
2B7K.DE,D,20190920,000000,6.266,6.302,6.261,6.302,16460,0
2B7K.DE,D,20190923,000000,6.293,6.293,6.25,6.271,7976,0
2B7K.DE,D,20190924,000000,6.295,6.295,6.275,6.275,24600,0
2B7K.DE,D,20190925,000000,6.24,6.254,6.219,6.254,6685,0
2B7K.DE,D,20190926,000000,6.281,6.281,6.281,6.281,2173,0
2B7K.DE,D,20190927,000000,6.308,6.308,6.29,6.299,4081,0
2B7K.DE,D,20191001,000000,6.365,6.365,6.256,6.256,11978,0
2B7K.DE,D,20191002,000000,6.243,6.243,6.074,6.074,173708,0
2B7K.DE,D,20191004,000000,6.126,6.189,6.111,6.189,3590,0
2B7K.DE,D,20191007,000000,6.192,6.202,6.18,6.202,13229,0
2B7K.DE,D,20191008,000000,6.222,6.222,6.129,6.129,3005,0
2B7K.DE,D,20191009,000000,6.132,6.147,6.13,6.147,4984,0
2B7K.DE,D,20191010,000000,6.157,6.197,6.121,6.197,13822,0
2B7K.DE,D,20191011,000000,6.205,6.289,6.205,6.289,12395,0
2B7K.DE,D,20191014,000000,6.269,6.269,6.221,6.24,18992,0
2B7K.DE,D,20191015,000000,6.285,6.289,6.265,6.289,12868,0
2B7K.DE,D,20191016,000000,6.287,6.287,6.26,6.264,9389,0
2B7K.DE,D,20191017,000000,6.22,6.238,6.22,6.238,53393,0
2B7K.DE,D,20191018,000000,6.23,6.23,6.214,6.214,11204,0
2B7K.DE,D,20191021,000000,6.238,6.248,6.223,6.248,11419,0
2B7K.DE,D,20191022,000000,6.282,6.282,6.249,6.278,66141,0
2B7K.DE,D,20191023,000000,6.269,6.269,6.24,6.265,15111,0
2B7K.DE,D,20191024,000000,6.279,6.32,6.279,6.32,8122,0
2B7K.DE,D,20191025,000000,6.34,6.356,6.303,6.356,7276,0
2B7K.DE,D,20191028,000000,6.377,6.377,6.351,6.365,14150,0
2B7K.DE,D,20191029,000000,6.397,6.397,6.359,6.377,22990,0
2B7K.DE,D,20191030,000000,6.346,6.372,6.346,6.372,23866,0
2B7K.DE,D,20191031,000000,6.36,6.36,6.329,6.329,336,0
2B7K.DE,D,20191101,000000,6.383,6.387,6.306,6.387,41274,0
2B7K.DE,D,20191104,000000,6.411,6.435,6.411,6.435,5483,0
2B7K.DE,D,20191105,000000,6.451,6.458,6.437,6.458,64543,0
2B7K.DE,D,20191106,000000,6.454,6.459,6.44,6.459,65615,0
2B7K.DE,D,20191107,000000,6.492,6.506,6.483,6.506,30153,0
2B7K.DE,D,20191108,000000,6.49,6.5,6.484,6.5,12212,0
2B7K.DE,D,20191111,000000,6.499,6.505,6.48,6.505,17646,0
2B7K.DE,D,20191112,000000,6.512,6.535,6.512,6.535,152836,0
2B7K.DE,D,20191113,000000,6.519,6.526,6.499,6.526,15152,0
2B7K.DE,D,20191114,000000,6.544,6.544,6.53,6.534,8970,0
2B7K.DE,D,20191115,000000,6.578,6.578,6.534,6.556,21025,0
2B7K.DE,D,20191118,000000,6.58,6.58,6.535,6.544,24128,0
2B7K.DE,D,20191119,000000,6.584,6.584,6.54,6.545,6281,0
2B7K.DE,D,20191120,000000,6.541,6.544,6.523,6.544,26510,0
2B7K.DE,D,20191121,000000,6.508,6.508,6.499,6.504,5350,0
2B7K.DE,D,20191122,000000,6.509,6.527,6.509,6.527,3963,0
2B7K.DE,D,20191125,000000,6.575,6.595,6.571,6.595,6619,0
2B7K.DE,D,20191126,000000,6.612,6.619,6.596,6.619,37370,0
2B7K.DE,D,20191127,000000,6.661,6.661,6.637,6.65,15896,0
2B7K.DE,D,20191128,000000,6.634,6.634,6.622,6.634,16407,0
2B7K.DE,D,20191129,000000,6.595,6.625,6.595,6.625,3972,0
2B7K.DE,D,20191202,000000,6.643,6.643,6.509,6.509,34613,0
2B7K.DE,D,20191203,000000,6.543,6.543,6.45,6.473,17856,0
2B7K.DE,D,20191204,000000,6.492,6.538,6.492,6.538,286243,0
2B7K.DE,D,20191205,000000,6.563,6.563,6.525,6.525,22412,0
2B7K.DE,D,20191206,000000,6.554,6.62,6.543,6.62,1576,0
2B7K.DE,D,20191209,000000,6.613,6.613,6.589,6.593,41371,0
2B7K.DE,D,20191210,000000,6.593,6.593,6.545,6.571,56692,0
2B7K.DE,D,20191211,000000,6.587,6.587,6.567,6.579,27398,0
2B7K.DE,D,20191212,000000,6.569,6.602,6.569,6.602,4323,0
2B7K.DE,D,20191213,000000,6.623,6.623,6.613,6.613,67850,0
2B7K.DE,D,20191216,000000,6.673,6.68,6.658,6.68,41783,0
2B7K.DE,D,20191217,000000,6.679,6.679,6.645,6.655,40870,0
2B7K.DE,D,20191218,000000,6.665,6.673,6.651,6.673,31782,0
2B7K.DE,D,20191219,000000,6.661,6.682,6.653,6.682,8744,0
2B7K.DE,D,20191220,000000,6.698,6.749,6.68,6.749,40435,0
2B7K.DE,D,20191223,000000,6.764,6.764,6.738,6.745,20019,0
2B7K.DE,D,20191227,000000,6.768,6.768,6.725,6.734,46112,0
2B7K.DE,D,20191230,000000,6.724,6.724,6.706,6.707,14149,0
2B7K.DE,D,20200102,000000,6.713,6.713,6.706,6.706,49982,0
2B7K.DE,D,20200103,000000,6.689,6.692,6.668,6.692,54369,0
2B7K.DE,D,20200106,000000,6.653,6.671,6.63,6.671,7764,0
2B7K.DE,D,20200107,000000,6.702,6.712,6.699,6.712,12194,0
2B7K.DE,D,20200108,000000,6.659,6.736,6.659,6.736,13341,0
2B7K.DE,D,20200109,000000,6.799,6.799,6.77,6.783,16078,0
2B7K.DE,D,20200110,000000,6.819,6.819,6.778,6.778,43225,0
2B7K.DE,D,20200113,000000,6.789,6.789,6.767,6.772,30715,0
2B7K.DE,D,20200114,000000,6.784,6.803,6.769,6.803,57675,0
2B7K.DE,D,20200115,000000,6.815,6.815,6.79,6.812,89233,0
2B7K.DE,D,20200116,000000,6.84,6.84,6.814,6.838,61288,0
2B7K.DE,D,20200117,000000,6.872,6.89,6.872,6.89,39689,0
2B7K.DE,D,20200120,000000,6.9,6.9,6.892,6.9,131116,0
2B7K.DE,D,20200121,000000,6.876,6.891,6.82,6.891,608050,0
2B7K.DE,D,20200122,000000,6.928,6.928,6.905,6.91,75753,0
2B7K.DE,D,20200123,000000,6.898,6.898,6.87,6.886,36258,0
2B7K.DE,D,20200124,000000,6.935,6.935,6.918,6.918,547537,0
2B7K.DE,D,20200127,000000,6.823,6.823,6.769,6.803,119035,0
2B7K.DE,D,20200128,000000,6.837,6.856,6.795,6.856,28668,0
2B7K.DE,D,20200129,000000,6.854,6.876,6.854,6.876,497064,0
2B7K.DE,D,20200130,000000,6.809,6.818,6.793,6.818,71541,0
2B7K.DE,D,20200131,000000,6.861,6.861,6.738,6.738,68190,0
2B7K.DE,D,20200203,000000,6.774,6.782,6.741,6.782,187825,0
2B7K.DE,D,20200204,000000,6.857,6.932,6.857,6.932,129729,0
2B7K.DE,D,20200205,000000,6.989,6.998,6.989,6.998,133056,0
2B7K.DE,D,20200206,000000,7.054,7.054,7.02,7.05,200393,0
2B7K.DE,D,20200207,000000,7.04,7.04,7.01,7.038,74494,0
2B7K.DE,D,20200210,000000,7.019,7.052,7,7.052,34355,0
2B7K.DE,D,20200211,000000,7.115,7.115,7.092,7.11,50160,0
2B7K.DE,D,20200212,000000,7.128,7.14,7.111,7.14,166897,0
2B7K.DE,D,20200213,000000,7.121,7.162,7.09,7.162,801222,0
2B7K.DE,D,20200214,000000,7.189,7.189,7.152,7.169,45984,0
2B7K.DE,D,20200217,000000,7.219,7.219,7.17,7.195,508855,0
2B7K.DE,D,20200218,000000,7.156,7.166,7.15,7.166,155085,0
2B7K.DE,D,20200219,000000,7.223,7.244,7.206,7.244,45192,0
2B7K.DE,D,20200220,000000,7.251,7.251,7.157,7.157,1218563,0
2B7K.DE,D,20200221,000000,7.165,7.165,7.1,7.124,268780,0
2B7K.DE,D,20200224,000000,7.001,7.001,6.87,6.901,183340,0
2B7K.DE,D,20200225,000000,6.957,6.957,6.783,6.79,887028,0
2B7K.DE,D,20200226,000000,6.754,6.776,6.625,6.776,116844,0
2B7K.DE,D,20200227,000000,6.601,6.601,6.446,6.504,115927,0
2B7K.DE,D,20200228,000000,6.24,6.24,6.15,6.22,763414,0
2B7K.DE,D,20200302,000000,6.354,6.354,6.114,6.3,1150021,0
2B7K.DE,D,20200303,000000,6.422,6.422,6.367,6.367,1458752,0
2B7K.DE,D,20200304,000000,6.389,6.45,6.37,6.45,180053,0
2B7K.DE,D,20200305,000000,6.514,6.514,6.36,6.416,130822,0
2B7K.DE,D,20200306,000000,6.275,6.275,6.06,6.146,154536,0
2B7K.DE,D,20200309,000000,5.654,5.8,5.649,5.8,274255,0
2B7K.DE,D,20200310,000000,5.847,5.847,5.695,5.744,425286,0
2B7K.DE,D,20200311,000000,5.813,5.813,5.725,5.737,215981,0
2B7K.DE,D,20200312,000000,5.434,5.434,5.162,5.254,1803144,0
2B7K.DE,D,20200313,000000,5.351,5.351,5.226,5.328,218711,0
2B7K.DE,D,20200316,000000,5.4,5.4,4.85,5.228,366755,0
2B7K.DE,D,20200317,000000,5.35,5.35,5.029,5.31,125358,0
2B7K.DE,D,20200318,000000,5.124,5.124,4.9845,5.058,163821,0
2B7K.DE,D,20200319,000000,5.124,5.189,5.06,5.189,80829,0
2B7K.DE,D,20200320,000000,5.356,5.356,5.219,5.254,284743,0
2B7K.DE,D,20200323,000000,4.925,4.9515,4.867,4.9515,140390,0
2B7K.DE,D,20200324,000000,5.17,5.361,5.1,5.361,489790,0
2B7K.DE,D,20200325,000000,5.462,5.479,5.3,5.479,243070,0
2B7K.DE,D,20200326,000000,5.347,5.593,5.312,5.593,1210700,0
2B7K.DE,D,20200327,000000,5.548,5.548,5.427,5.468,57020,0
2B7K.DE,D,20200330,000000,5.515,5.597,5.391,5.597,119988,0
2B7K.DE,D,20200331,000000,5.698,5.698,5.575,5.668,257062,0
2B7K.DE,D,20200401,000000,5.45,5.45,5.4,5.449,185651,0
2B7K.DE,D,20200402,000000,5.478,5.495,5.36,5.495,65092,0
2B7K.DE,D,20200403,000000,5.516,5.516,5.478,5.481,93228,0
2B7K.DE,D,20200406,000000,5.661,5.737,5.66,5.737,138395,0
2B7K.DE,D,20200407,000000,5.905,5.905,5.821,5.896,219116,0
2B7K.DE,D,20200408,000000,5.779,5.875,5.746,5.875,145435,0
2B7K.DE,D,20200409,000000,5.975,5.984,5.88,5.984,1012678,0
2B7K.DE,D,20200414,000000,6.071,6.071,6,6.023,166553,0
2B7K.DE,D,20200415,000000,6.06,6.06,5.913,5.933,232244,0
2B7K.DE,D,20200416,000000,6.018,6.018,5.929,6.006,115643,0
2B7K.DE,D,20200417,000000,6.19,6.19,6.095,6.106,195268,0
2B7K.DE,D,20200420,000000,6.168,6.168,6.057,6.162,149088,0
2B7K.DE,D,20200421,000000,6.085,6.085,5.913,5.917,184840,0
2B7K.DE,D,20200422,000000,5.999,6.032,5.975,6.032,144349,0
2B7K.DE,D,20200423,000000,6.07,6.094,6.03,6.094,73760,0
2B7K.DE,D,20200424,000000,6.01,6.029,6.01,6.029,167811,0
2B7K.DE,D,20200427,000000,6.141,6.171,6.12,6.171,237084,0
2B7K.DE,D,20200428,000000,6.204,6.222,6.191,6.222,313763,0
2B7K.DE,D,20200429,000000,6.269,6.304,6.217,6.304,815533,0
2B7K.DE,D,20200430,000000,6.328,6.328,6.181,6.181,268450,0
2B7K.DE,D,20200504,000000,6.007,6.011,5.965,6.011,386379,0
2B7K.DE,D,20200505,000000,6.123,6.175,6.088,6.175,406110,0
2B7K.DE,D,20200506,000000,6.168,6.168,6.15,6.157,440833,0
2B7K.DE,D,20200507,000000,6.182,6.232,6.182,6.232,167648,0
2B7K.DE,D,20200508,000000,6.278,6.278,6.25,6.269,100269,0
2B7K.DE,D,20200511,000000,6.33,6.33,6.242,6.293,91127,0
2B7K.DE,D,20200512,000000,6.258,6.288,6.258,6.288,166995,0
2B7K.DE,D,20200513,000000,6.211,6.211,6.149,6.149,129743,0
2B7K.DE,D,20200514,000000,6.116,6.116,6.004,6.077,195670,0
2B7K.DE,D,20200515,000000,6.196,6.196,6.092,6.129,174565,0
2B7K.DE,D,20200518,000000,6.266,6.354,6.248,6.354,102886,0
2B7K.DE,D,20200519,000000,6.351,6.351,6.257,6.294,260078,0
2B7K.DE,D,20200520,000000,6.268,6.313,6.268,6.313,73214,0
2B7K.DE,D,20200521,000000,6.256,6.256,6.244,6.247,14220,0
2B7K.DE,D,20200522,000000,6.205,6.279,6.2,6.279,246723,0
2B7K.DE,D,20200525,000000,6.367,6.398,6.334,6.398,53716,0
2B7K.DE,D,20200526,000000,6.454,6.454,6.38,6.394,80834,0
2B7K.DE,D,20200527,000000,6.426,6.426,6.33,6.383,172924,0
2B7K.DE,D,20200528,000000,6.467,6.471,6.444,6.471,294752,0
2B7K.DE,D,20200529,000000,6.408,6.408,6.337,6.348,121330,0
2B7K.DE,D,20200602,000000,6.474,6.474,6.44,6.447,308707,0
2B7K.DE,D,20200603,000000,6.483,6.532,6.47,6.532,171312,0
2B7K.DE,D,20200604,000000,6.519,6.519,6.475,6.485,128173,0
2B7K.DE,D,20200605,000000,6.489,6.616,6.489,6.616,244106,0
2B7K.DE,D,20200608,000000,6.583,6.608,6.571,6.608,552657,0
2B7K.DE,D,20200609,000000,6.647,6.647,6.544,6.563,56184,0
2B7K.DE,D,20200610,000000,6.605,6.605,6.538,6.554,60456,0
2B7K.DE,D,20200611,000000,6.454,6.454,6.324,6.324,219098,0
2B7K.DE,D,20200612,000000,6.285,6.343,6.28,6.343,570090,0
2B7K.DE,D,20200615,000000,6.176,6.284,6.15,6.284,156061,0
2B7K.DE,D,20200616,000000,6.431,6.481,6.413,6.481,179150,0
2B7K.DE,D,20200617,000000,6.507,6.535,6.5,6.535,1157084,0
2B7K.DE,D,20200618,000000,6.501,6.507,6.466,6.507,275683,0
2B7K.DE,D,20200619,000000,6.556,6.57,6.538,6.57,156834,0
2B7K.DE,D,20200622,000000,6.508,6.508,6.474,6.492,429206,0
2B7K.DE,D,20200623,000000,6.544,6.55,6.53,6.55,52131,0
2B7K.DE,D,20200624,000000,6.519,6.519,6.388,6.388,105257,0
2B7K.DE,D,20200625,000000,6.381,6.409,6.337,6.409,614872,0
2B7K.DE,D,20200626,000000,6.488,6.488,6.398,6.403,153291,0
2B7K.DE,D,20200629,000000,6.386,6.422,6.344,6.422,158369,0
2B7K.DE,D,20200630,000000,6.453,6.481,6.42,6.481,145800,0
2B7K.DE,D,20200701,000000,6.52,6.52,6.479,6.504,631622,0
2B7K.DE,D,20200702,000000,6.579,6.618,6.536,6.618,86319,0
2B7K.DE,D,20200703,000000,6.64,6.64,6.562,6.562,180104,0
2B7K.DE,D,20200706,000000,6.671,6.671,6.629,6.659,168779,0
2B7K.DE,D,20200707,000000,6.636,6.646,6.6,6.646,184953,0
2B7K.DE,D,20200708,000000,6.607,6.607,6.57,6.578,97260,0
2B7K.DE,D,20200709,000000,6.619,6.619,6.554,6.56,385510,0
2B7K.DE,D,20200710,000000,6.57,6.619,6.57,6.619,92723,0
2B7K.DE,D,20200713,000000,6.703,6.723,6.671,6.723,186692,0
2B7K.DE,D,20200714,000000,6.627,6.627,6.544,6.599,419858,0
2B7K.DE,D,20200715,000000,6.695,6.697,6.659,6.697,178518,0
2B7K.DE,D,20200716,000000,6.672,6.672,6.648,6.659,113254,0
2B7K.DE,D,20200717,000000,6.685,6.685,6.658,6.678,182690,0
2B7K.DE,D,20200720,000000,6.664,6.719,6.644,6.719,222100,0
2B7K.DE,D,20200721,000000,6.792,6.792,6.761,6.761,242997,0
2B7K.DE,D,20200722,000000,6.725,6.725,6.66,6.703,162200,0
2B7K.DE,D,20200723,000000,6.748,6.748,6.703,6.716,154081,0
2B7K.DE,D,20200724,000000,6.612,6.612,6.583,6.596,758672,0
2B7K.DE,D,20200727,000000,6.589,6.589,6.557,6.562,119645,0
2B7K.DE,D,20200728,000000,6.618,6.618,6.584,6.617,85410,0
2B7K.DE,D,20200729,000000,6.593,6.611,6.573,6.611,63010,0
2B7K.DE,D,20200730,000000,6.598,6.598,6.472,6.53,54962,0
2B7K.DE,D,20200731,000000,6.506,6.506,6.456,6.465,177303,0
2B7K.DE,D,20200803,000000,6.545,6.625,6.52,6.625,670824,0
2B7K.DE,D,20200804,000000,6.625,6.625,6.591,6.614,31991,0
2B7K.DE,D,20200805,000000,6.641,6.641,6.612,6.612,206999,0
2B7K.DE,D,20200806,000000,6.614,6.614,6.59,6.601,141574,0
2B7K.DE,D,20200807,000000,6.598,6.651,6.598,6.651,48379,0
2B7K.DE,D,20200810,000000,6.67,6.674,6.66,6.674,122162,0
2B7K.DE,D,20200811,000000,6.71,6.718,6.702,6.718,45895,0
2B7K.DE,D,20200812,000000,6.725,6.762,6.715,6.762,58297,0
2B7K.DE,D,20200813,000000,6.755,6.767,6.73,6.767,78021,0
2B7K.DE,D,20200814,000000,6.767,6.767,6.7,6.738,92163,0
2B7K.DE,D,20200817,000000,6.736,6.779,6.715,6.779,210726,0
2B7K.DE,D,20200818,000000,6.767,6.767,6.73,6.749,101743,0
2B7K.DE,D,20200819,000000,6.752,6.775,6.745,6.775,133767,0
2B7K.DE,D,20200820,000000,6.731,6.755,6.717,6.755,162743,0
2B7K.DE,D,20200821,000000,6.777,6.785,6.755,6.785,172684,0
2B7K.DE,D,20200824,000000,6.848,6.848,6.817,6.84,74321,0
2B7K.DE,D,20200825,000000,6.898,6.898,6.839,6.842,215781,0
2B7K.DE,D,20200826,000000,6.861,6.916,6.861,6.916,55866,0
2B7K.DE,D,20200827,000000,6.937,6.966,6.91,6.966,322657,0
2B7K.DE,D,20200828,000000,6.95,6.95,6.893,6.906,116097,0
2B7K.DE,D,20200831,000000,6.955,6.955,6.87,6.87,103109,0
2B7K.DE,D,20200901,000000,6.927,6.927,6.85,6.896,275774,0
2B7K.DE,D,20200902,000000,6.985,7.015,6.985,7.015,174686,0
2B7K.DE,D,20200903,000000,7.1,7.1,6.865,6.888,239072,0
2B7K.DE,D,20200904,000000,6.833,6.833,6.72,6.743,213813,0
2B7K.DE,D,20200907,000000,6.78,6.839,6.766,6.839,218445,0
2B7K.DE,D,20200908,000000,6.86,6.86,6.679,6.722,207483,0
2B7K.DE,D,20200909,000000,6.71,6.805,6.703,6.805,92573,0
2B7K.DE,D,20200910,000000,6.824,6.824,6.77,6.8,179201,0
2B7K.DE,D,20200911,000000,6.758,6.769,6.74,6.769,36931,0
2B7K.DE,D,20200914,000000,6.835,6.835,6.785,6.83,80303,0
2B7K.DE,D,20200915,000000,6.85,6.899,6.828,6.899,109189,0
2B7K.DE,D,20200916,000000,6.894,6.933,6.894,6.933,45915,0
2B7K.DE,D,20200917,000000,6.829,6.864,6.8,6.864,415187,0
2B7K.DE,D,20200918,000000,6.843,6.843,6.811,6.811,61613,0
2B7K.DE,D,20200921,000000,6.788,6.788,6.664,6.678,334244,0
2B7K.DE,D,20200922,000000,6.737,6.737,6.724,6.732,1720571,0
2B7K.DE,D,20200923,000000,6.812,6.812,6.769,6.769,316955,0
2B7K.DE,D,20200924,000000,6.695,6.704,6.65,6.704,346861,0
2B7K.DE,D,20200925,000000,6.712,6.739,6.652,6.739,267882,0
2B7K.DE,D,20200928,000000,6.837,6.877,6.826,6.877,167075,0
2B7K.DE,D,20200929,000000,6.89,6.89,6.825,6.829,58633,0
2B7K.DE,D,20200930,000000,6.793,6.868,6.78,6.868,171718,0
2B7K.DE,D,20201001,000000,6.915,6.915,6.864,6.884,342707,0
2B7K.DE,D,20201002,000000,6.81,6.857,6.795,6.857,149520,0
2B7K.DE,D,20201005,000000,6.909,6.909,6.866,6.894,205645,0
2B7K.DE,D,20201006,000000,6.92,6.92,6.882,6.914,101907,0
2B7K.DE,D,20201007,000000,6.912,6.932,6.889,6.932,217185,0
2B7K.DE,D,20201008,000000,6.989,6.989,6.96,6.976,148448,0
2B7K.DE,D,20201009,000000,7.004,7.004,6.983,6.997,174467,0
2B7K.DE,D,20201012,000000,7.041,7.085,7.017,7.085,123298,0
2B7K.DE,D,20201013,000000,7.096,7.105,7.063,7.105,226364,0
2B7K.DE,D,20201014,000000,7.124,7.124,7.094,7.104,222076,0
2B7K.DE,D,20201015,000000,7.048,7.048,6.987,7.02,314624,0
2B7K.DE,D,20201016,000000,7.064,7.086,7.032,7.086,250221,0
2B7K.DE,D,20201019,000000,7.103,7.103,7.011,7.02,214852,0
2B7K.DE,D,20201020,000000,6.982,6.982,6.94,6.947,249445,0
2B7K.DE,D,20201021,000000,6.958,6.958,6.886,6.906,320162,0
2B7K.DE,D,20201022,000000,6.895,6.896,6.871,6.896,115954,0
2B7K.DE,D,20201023,000000,6.926,6.926,6.9,6.907,236412,0
2B7K.DE,D,20201026,000000,6.847,6.847,6.78,6.78,106988,0
2B7K.DE,D,20201027,000000,6.805,6.805,6.788,6.791,307125,0
2B7K.DE,D,20201028,000000,6.76,6.76,6.63,6.646,178404,0
2B7K.DE,D,20201029,000000,6.678,6.693,6.62,6.693,264800,0
2B7K.DE,D,20201030,000000,6.609,6.646,6.581,6.646,582385,0
2B7K.DE,D,20201102,000000,6.691,6.771,6.673,6.771,492846,0
2B7K.DE,D,20201103,000000,6.804,6.904,6.797,6.904,204029,0
2B7K.DE,D,20201104,000000,6.85,7.034,6.838,7.034,166421,0
2B7K.DE,D,20201105,000000,7.057,7.08,7.04,7.08,2372439,0
2B7K.DE,D,20201106,000000,7.066,7.066,6.99,7.042,397399,0
2B7K.DE,D,20201109,000000,7.123,7.236,7.123,7.236,933165,0
2B7K.DE,D,20201110,000000,7.165,7.165,7.09,7.128,822800,0
2B7K.DE,D,20201111,000000,7.173,7.228,7.169,7.228,205867,0
2B7K.DE,D,20201112,000000,7.177,7.177,7.162,7.174,690729,0
2B7K.DE,D,20201113,000000,7.165,7.172,7.157,7.172,372360,0
2B7K.DE,D,20201116,000000,7.251,7.262,7.223,7.262,487117,0
2B7K.DE,D,20201117,000000,7.271,7.271,7.204,7.238,322652,0
2B7K.DE,D,20201118,000000,7.215,7.259,7.209,7.259,609546,0
2B7K.DE,D,20201119,000000,7.219,7.219,7.181,7.206,285859,0
2B7K.DE,D,20201120,000000,7.198,7.23,7.198,7.23,298461,0
2B7K.DE,D,20201123,000000,7.246,7.246,7.212,7.24,494881,0
2B7K.DE,D,20201124,000000,7.308,7.308,7.282,7.304,213501,0
2B7K.DE,D,20201125,000000,7.317,7.317,7.278,7.291,189145,0
2B7K.DE,D,20201126,000000,7.296,7.296,7.291,7.291,257146,0
2B7K.DE,D,20201127,000000,7.296,7.317,7.29,7.317,220862,0
2B7K.DE,D,20201130,000000,7.271,7.271,7.231,7.236,315631,0
2B7K.DE,D,20201201,000000,7.326,7.326,7.282,7.285,402926,0
2B7K.DE,D,20201202,000000,7.243,7.243,7.208,7.223,374597,0
2B7K.DE,D,20201203,000000,7.213,7.215,7.199,7.215,674779,0
2B7K.DE,D,20201204,000000,7.219,7.254,7.207,7.254,206998,0
2B7K.DE,D,20201207,000000,7.255,7.255,7.225,7.253,366788,0
2B7K.DE,D,20201208,000000,7.268,7.276,7.222,7.276,335697,0
2B7K.DE,D,20201209,000000,7.311,7.311,7.292,7.292,281010,0
2B7K.DE,D,20201210,000000,7.26,7.26,7.192,7.241,359141,0
2B7K.DE,D,20201211,000000,7.247,7.247,7.17,7.212,445584,0
2B7K.DE,D,20201214,000000,7.267,7.267,7.251,7.258,269952,0
2B7K.DE,D,20201215,000000,7.243,7.246,7.24,7.246,302311,0
2B7K.DE,D,20201216,000000,7.293,7.293,7.264,7.29,378395,0
2B7K.DE,D,20201217,000000,7.314,7.314,7.296,7.314,444878,0
2B7K.DE,D,20201218,000000,7.315,7.345,7.3,7.309,340214,0
2B7K.DE,D,20201221,000000,7.29,7.301,7.17,7.232,743539,0
2B7K.DE,D,20201222,000000,7.258,7.29,7.255,7.275,205431,0
2B7K.DE,D,20201223,000000,7.291,7.319,7.287,7.31,319366,0
2B7K.DE,D,20201228,000000,7.46,7.46,7.35,7.376,579315,0
2B7K.DE,D,20201229,000000,7.386,7.413,7.354,7.368,387759,0
2B7K.DE,D,20201230,000000,7.369,7.377,7.354,7.354,293367,0
2B7K.DE,D,20210104,000000,7.445,7.451,7.35,7.363,1484847,0
2B7K.DE,D,20210105,000000,7.364,7.392,7.335,7.368,733683,0
2B7K.DE,D,20210106,000000,7.38,7.491,7.334,7.477,575577,0
2B7K.DE,D,20210107,000000,7.492,7.549,7.466,7.533,643760,0
2B7K.DE,D,20210108,000000,7.624,7.634,7.585,7.614,1562783,0
2B7K.DE,D,20210111,000000,7.636,7.656,7.61,7.645,596967,0
2B7K.DE,D,20210112,000000,7.643,7.653,7.612,7.645,353829,0
2B7K.DE,D,20210113,000000,7.643,7.651,7.61,7.639,447484,0
2B7K.DE,D,20210114,000000,7.658,7.685,7.642,7.655,556945,0
2B7K.DE,D,20210115,000000,7.617,7.63,7.566,7.609,588569,0
2B7K.DE,D,20210118,000000,7.58,7.621,7.58,7.621,922311,0
2B7K.DE,D,20210119,000000,7.649,7.65,7.616,7.622,521589,0
2B7K.DE,D,20210120,000000,7.629,7.703,7.625,7.694,414854,0
2B7K.DE,D,20210121,000000,7.737,7.737,7.679,7.682,443923,0
2B7K.DE,D,20210122,000000,7.661,7.67,7.612,7.654,314187,0
2B7K.DE,D,20210125,000000,7.687,7.711,7.62,7.653,737549,0
2B7K.DE,D,20210126,000000,7.673,7.716,7.673,7.678,300090,0
2B7K.DE,D,20210127,000000,7.655,7.678,7.566,7.597,571689,0
2B7K.DE,D,20210128,000000,7.489,7.623,7.428,7.61,509465,0
2B7K.DE,D,20210129,000000,7.469,7.531,7.456,7.456,421786,0
2B7K.DE,D,20210201,000000,7.496,7.553,7.49,7.543,673846,0
2B7K.DE,D,20210202,000000,7.612,7.713,7.612,7.711,390630,0
2B7K.DE,D,20210203,000000,7.744,7.744,7.678,7.691,321131,0
2B7K.DE,D,20210204,000000,7.692,7.757,7.692,7.752,570596,0
2B7K.DE,D,20210205,000000,7.791,7.799,7.749,7.768,465492,0
2B7K.DE,D,20210208,000000,7.79,7.812,7.778,7.799,607067,0
2B7K.DE,D,20210209,000000,7.807,7.808,7.769,7.772,286569,0
2B7K.DE,D,20210210,000000,7.792,7.805,7.706,7.736,523429,0
2B7K.DE,D,20210211,000000,7.765,7.797,7.762,7.783,450827,0
2B7K.DE,D,20210212,000000,7.775,7.81,7.759,7.787,260751,0
2B7K.DE,D,20210215,000000,7.828,7.857,7.817,7.852,528043,0
2B7K.DE,D,20210216,000000,7.855,7.859,7.807,7.818,1316910,0
2B7K.DE,D,20210217,000000,7.813,7.827,7.782,7.782,475960,0
2B7K.DE,D,20210218,000000,7.804,7.807,7.724,7.747,376624,0
2B7K.DE,D,20210219,000000,7.747,7.788,7.737,7.777,412252,0
2B7K.DE,D,20210222,000000,7.7,7.701,7.677,7.689,679278,0
2B7K.DE,D,20210223,000000,7.688,7.688,7.528,7.621,671417,0
2B7K.DE,D,20210224,000000,7.631,7.673,7.606,7.662,445720,0
2B7K.DE,D,20210225,000000,7.692,7.692,7.591,7.591,314104,0
2B7K.DE,D,20210226,000000,7.497,7.557,7.45,7.516,376536,0
2B7K.DE,D,20210301,000000,7.591,7.667,7.582,7.66,628774,0
2B7K.DE,D,20210302,000000,7.647,7.674,7.609,7.609,793984,0
2B7K.DE,D,20210303,000000,7.639,7.654,7.545,7.578,240603,0
2B7K.DE,D,20210304,000000,7.51,7.526,7.45,7.493,366275,0
2B7K.DE,D,20210305,000000,7.438,7.53,7.389,7.394,619051,0
2B7K.DE,D,20210308,000000,7.536,7.671,7.51,7.649,533257,0
2B7K.DE,D,20210309,000000,7.622,7.716,7.616,7.71,987226,0
2B7K.DE,D,20210310,000000,7.695,7.762,7.686,7.749,432631,0
2B7K.DE,D,20210311,000000,7.754,7.785,7.733,7.78,305434,0
2B7K.DE,D,20210312,000000,7.766,7.778,7.747,7.757,427759,0
2B7K.DE,D,20210315,000000,7.812,7.839,7.8,7.821,458144,0
2B7K.DE,D,20210316,000000,7.88,7.905,7.856,7.887,217069,0
2B7K.DE,D,20210317,000000,7.877,7.883,7.821,7.842,406339,0
2B7K.DE,D,20210318,000000,7.861,7.885,7.839,7.872,331458,0
2B7K.DE,D,20210319,000000,7.828,7.854,7.782,7.815,575595,0
2B7K.DE,D,20210322,000000,7.782,7.852,7.782,7.849,428777,0
2B7K.DE,D,20210323,000000,7.831,7.884,7.818,7.87,290686,0
2B7K.DE,D,20210324,000000,7.831,7.876,7.827,7.868,504035,0
2B7K.DE,D,20210325,000000,7.824,7.849,7.765,7.849,277300,0
2B7K.DE,D,20210326,000000,7.912,7.92,7.887,7.915,248214,0
2B7K.DE,D,20210329,000000,7.96,7.977,7.938,7.951,392166,0
2B7K.DE,D,20210330,000000,8.003,8.005,7.968,7.996,438490,0
2B7K.DE,D,20210331,000000,7.996,8.022,7.971,8.019,265520,0
2B7K.DE,D,20210401,000000,8.041,8.072,8.033,8.058,611154,0
2B7K.DE,D,20210406,000000,8.134,8.169,8.104,8.116,2122439,0
2B7K.DE,D,20210407,000000,8.09,8.097,8.063,8.063,378222,0
2B7K.DE,D,20210408,000000,8.095,8.102,8.07,8.092,610962,0
2B7K.DE,D,20210409,000000,8.11,8.125,8.098,8.12,270250,0
2B7K.DE,D,20210412,000000,8.134,8.141,8.11,8.125,547752,0
2B7K.DE,D,20210413,000000,8.168,8.18,8.14,8.157,339971,0
2B7K.DE,D,20210414,000000,8.174,8.201,8.164,8.168,319037,0
2B7K.DE,D,20210415,000000,8.167,8.215,8.16,8.203,530407,0
2B7K.DE,D,20210416,000000,8.214,8.246,8.207,8.237,259036,0
2B7K.DE,D,20210419,000000,8.261,8.261,8.167,8.174,762984,0
2B7K.DE,D,20210420,000000,8.164,8.165,8.084,8.086,384128,0
2B7K.DE,D,20210421,000000,8.133,8.174,8.116,8.162,328265,0
2B7K.DE,D,20210422,000000,8.198,8.227,8.19,8.223,386608,0
2B7K.DE,D,20210423,000000,8.17,8.194,8.132,8.189,488040,0
2B7K.DE,D,20210426,000000,8.181,8.203,8.162,8.188,492533,0
2B7K.DE,D,20210427,000000,8.185,8.202,8.135,8.162,535297,0
2B7K.DE,D,20210428,000000,8.18,8.18,8.139,8.139,474421,0
2B7K.DE,D,20210429,000000,8.155,8.155,8.1,8.108,315054,0
2B7K.DE,D,20210430,000000,8.116,8.143,8.087,8.135,368876,0
2B7K.DE,D,20210503,000000,8.168,8.196,8.14,8.176,695508,0
2B7K.DE,D,20210504,000000,8.18,8.186,8.073,8.081,487624,0
2B7K.DE,D,20210505,000000,8.169,8.2,8.162,8.19,543474,0
2B7K.DE,D,20210506,000000,8.186,8.194,8.102,8.147,723464,0
2B7K.DE,D,20210507,000000,8.188,8.211,8.159,8.205,320397,0
2B7K.DE,D,20210510,000000,8.225,8.227,8.195,8.224,365652,0
2B7K.DE,D,20210511,000000,8.13,8.13,7.991,8.052,1029978,0
2B7K.DE,D,20210512,000000,8.061,8.067,8.006,8.006,506215,0
2B7K.DE,D,20210513,000000,7.924,8.04,7.869,8.016,233581,0
2B7K.DE,D,20210514,000000,8.053,8.08,8.029,8.08,281845,0
2B7K.DE,D,20210517,000000,8.086,8.091,8.029,8.033,563395,0
2B7K.DE,D,20210518,000000,8.075,8.082,8,8.03,355641,0
2B7K.DE,D,20210519,000000,7.925,7.931,7.827,7.882,2121076,0
2B7K.DE,D,20210520,000000,7.951,8.032,7.913,8.032,387047,0
2B7K.DE,D,20210521,000000,8.036,8.101,8.025,8.078,320469,0
2B7K.DE,D,20210525,000000,8.115,8.118,8.085,8.089,287847,0
2B7K.DE,D,20210526,000000,8.118,8.125,8.095,8.123,714950,0
2B7K.DE,D,20210527,000000,8.108,8.155,8.1,8.132,208855,0
2B7K.DE,D,20210528,000000,8.16,8.192,8.148,8.17,547369,0
2B7K.DE,D,20210531,000000,8.173,8.173,8.115,8.115,315631,0
2B7K.DE,D,20210601,000000,8.149,8.194,8.12,8.141,746402,0
2B7K.DE,D,20210602,000000,8.15,8.17,8.13,8.158,1040254,0
2B7K.DE,D,20210603,000000,8.158,8.191,8.097,8.186,255594,0
2B7K.DE,D,20210604,000000,8.182,8.218,8.175,8.209,360673,0
2B7K.DE,D,20210607,000000,8.221,8.244,8.206,8.21,548301,0
2B7K.DE,D,20210608,000000,8.252,8.275,8.218,8.221,347156,0
2B7K.DE,D,20210609,000000,8.242,8.245,8.22,8.234,219548,0
2B7K.DE,D,20210610,000000,8.237,8.268,8.213,8.255,260469,0
2B7K.DE,D,20210611,000000,8.259,8.305,8.249,8.299,325430,0
2B7K.DE,D,20210614,000000,8.335,8.342,8.285,8.29,249599,0
2B7K.DE,D,20210615,000000,8.337,8.347,8.301,8.301,309572,0
2B7K.DE,D,20210616,000000,8.317,8.333,8.298,8.322,207994,0
2B7K.DE,D,20210617,000000,8.324,8.395,8.324,8.389,212457,0
2B7K.DE,D,20210618,000000,8.397,8.399,8.31,8.322,359039,0
2B7K.DE,D,20210621,000000,8.27,8.358,8.261,8.358,438708,0
2B7K.DE,D,20210622,000000,8.379,8.407,8.358,8.405,261358,0
2B7K.DE,D,20210623,000000,8.413,8.415,8.361,8.375,384042,0
2B7K.DE,D,20210624,000000,8.405,8.453,8.4,8.441,335411,0
2B7K.DE,D,20210625,000000,8.445,8.459,8.435,8.458,303337,0
2B7K.DE,D,20210628,000000,8.471,8.488,8.448,8.475,247662,0
2B7K.DE,D,20210629,000000,8.494,8.527,8.493,8.508,227154,0
2B7K.DE,D,20210630,000000,8.515,8.561,8.465,8.514,260359,0
2B7K.DE,D,20210701,000000,8.54,8.563,8.5,8.544,563124,0
2B7K.DE,D,20210702,000000,8.584,8.6,8.569,8.587,712479,0
2B7K.DE,D,20210705,000000,8.588,8.61,8.57,8.607,347813,0
2B7K.DE,D,20210706,000000,8.586,8.634,8.55,8.561,449656,0
2B7K.DE,D,20210707,000000,8.602,8.632,8.597,8.63,243133,0
2B7K.DE,D,20210708,000000,8.588,8.588,8.452,8.503,474682,0
2B7K.DE,D,20210709,000000,8.55,8.593,8.536,8.593,314671,0
2B7K.DE,D,20210712,000000,8.61,8.659,8.565,8.652,374452,0
2B7K.DE,D,20210713,000000,8.669,8.703,8.658,8.696,256416,0
2B7K.DE,D,20210714,000000,8.673,8.69,8.654,8.657,294525,0
2B7K.DE,D,20210715,000000,8.627,8.636,8.597,8.623,560181,0
2B7K.DE,D,20210716,000000,8.621,8.64,8.588,8.599,287058,0
2B7K.DE,D,20210719,000000,8.55,8.55,8.41,8.469,729589,0
2B7K.DE,D,20210720,000000,8.519,8.565,8.48,8.55,541916,0
2B7K.DE,D,20210721,000000,8.59,8.636,8.586,8.624,423626,0
2B7K.DE,D,20210722,000000,8.666,8.679,8.626,8.649,517457,0
2B7K.DE,D,20210723,000000,8.692,8.733,8.68,8.733,240903,0
2B7K.DE,D,20210726,000000,8.708,8.715,8.67,8.706,320512,0
2B7K.DE,D,20210727,000000,8.696,8.702,8.631,8.631,241574,0
2B7K.DE,D,20210728,000000,8.675,8.701,8.666,8.688,292791,0
2B7K.DE,D,20210729,000000,8.701,8.745,8.675,8.712,401859,0
2B7K.DE,D,20210730,000000,8.655,8.709,8.639,8.693,374038,0
2B7K.DE,D,20210802,000000,8.747,8.754,8.706,8.746,945960,0
2B7K.DE,D,20210803,000000,8.734,8.743,8.701,8.734,377853,0
2B7K.DE,D,20210804,000000,8.767,8.794,8.739,8.78,721324,0
2B7K.DE,D,20210805,000000,8.791,8.822,8.79,8.816,432839,0
2B7K.DE,D,20210806,000000,8.836,8.885,8.821,8.846,238883,0
2B7K.DE,D,20210809,000000,8.847,8.861,8.837,8.857,321133,0
2B7K.DE,D,20210810,000000,8.87,8.907,8.869,8.89,288652,0
2B7K.DE,D,20210811,000000,8.9,8.922,8.878,8.914,279358,0
2B7K.DE,D,20210812,000000,8.914,8.971,8.899,8.916,228176,0
2B7K.DE,D,20210813,000000,8.956,8.957,8.91,8.92,413888,0
2B7K.DE,D,20210816,000000,8.892,8.908,8.87,8.897,639553,0
2B7K.DE,D,20210817,000000,8.883,8.898,8.865,8.889,374802,0
2B7K.DE,D,20210818,000000,8.907,8.931,8.883,8.912,513190,0
2B7K.DE,D,20210819,000000,8.789,8.863,8.758,8.85,882085,0
2B7K.DE,D,20210820,000000,8.853,8.928,8.805,8.924,554690,0
2B7K.DE,D,20210823,000000,8.965,8.995,8.93,8.991,333264,0
2B7K.DE,D,20210824,000000,9.016,9.021,8.975,8.986,307473,0
