<TICKER>,<PER>,<DATE>,<TIME>,<OPEN>,<HIGH>,<LOW>,<CLOSE>,<VOL>,<OPENINT>
2QU.DE,D,20190520,000000,17.6,17.6,17.6,17.6,0,0
2QU.DE,D,20190521,000000,17.6,17.6,17.6,17.6,0,0
2QU.DE,D,20190522,000000,17.7,17.7,17.7,17.7,0,0
2QU.DE,D,20190523,000000,17.7,17.7,17.7,17.7,0,0
2QU.DE,D,20190524,000000,17.7,17.7,17.7,17.7,0,0
2QU.DE,D,20190527,000000,17.7,17.7,17.7,17.7,0,0
2QU.DE,D,20190528,000000,17.7,17.7,17.7,17.7,0,0
2QU.DE,D,20190529,000000,17.7,17.7,17.7,17.7,0,0
2QU.DE,D,20190530,000000,17.7,17.7,17.7,17.7,0,0
2QU.DE,D,20190531,000000,18,18,17.7,17.7,22,0
2QU.DE,D,20190603,000000,17.7,17.7,17.7,17.7,0,0
2QU.DE,D,20190604,000000,17.8,17.8,17.8,17.8,0,0
2QU.DE,D,20190605,000000,17.8,18,17.7,17.7,90,0
2QU.DE,D,20190606,000000,17.7,17.7,17.7,17.7,0,0
2QU.DE,D,20190607,000000,17.7,17.7,17.7,17.7,0,0
2QU.DE,D,20190611,000000,17.7,17.7,17.7,17.7,0,0
2QU.DE,D,20190612,000000,17.7,17.7,17.7,17.7,0,0
2QU.DE,D,20190613,000000,17.7,17.7,17.7,17.7,0,0
2QU.DE,D,20190614,000000,17.7,17.7,17.7,17.7,0,0
2QU.DE,D,20190617,000000,17.7,17.7,17.7,17.7,0,0
2QU.DE,D,20190618,000000,17.7,17.7,17.7,17.7,0,0
2QU.DE,D,20190619,000000,17.7,17.7,17.7,17.7,0,0
2QU.DE,D,20190620,000000,17.7,17.7,17.7,17.7,0,0
2QU.DE,D,20190621,000000,17.8,17.8,17.8,17.8,0,0
2QU.DE,D,20190624,000000,17.7,17.7,17.7,17.7,0,0
2QU.DE,D,20190625,000000,17.8,17.8,17.7,17.7,121,0
2QU.DE,D,20190626,000000,17.8,17.8,17.8,17.8,0,0
2QU.DE,D,20190627,000000,17.9,17.9,17.9,17.9,0,0
2QU.DE,D,20190628,000000,17.9,17.9,17.9,17.9,0,0
2QU.DE,D,20190701,000000,17.7,17.7,17.7,17.7,0,0
2QU.DE,D,20190702,000000,18,18,17.7,17.7,28,0
2QU.DE,D,20190703,000000,17.7,17.7,17.7,17.7,0,0
2QU.DE,D,20190704,000000,17.7,17.7,17.7,17.7,0,0
2QU.DE,D,20190705,000000,17.7,17.7,17.7,17.7,0,0
2QU.DE,D,20190708,000000,17.8,17.8,17.8,17.8,0,0
2QU.DE,D,20190709,000000,17.8,17.8,17.8,17.8,0,0
2QU.DE,D,20190710,000000,17.8,17.8,17.8,17.8,0,0
2QU.DE,D,20190711,000000,18,18,17.8,17.8,28,0
2QU.DE,D,20190712,000000,17.8,17.8,17.8,17.8,0,0
2QU.DE,D,20190715,000000,17.8,17.8,17.8,17.8,0,0
2QU.DE,D,20190716,000000,17.7,17.7,17.7,17.7,0,0
2QU.DE,D,20190717,000000,18,18,17.7,17.7,11,0
2QU.DE,D,20190718,000000,17.7,17.7,17.7,17.7,0,0
2QU.DE,D,20190719,000000,17.7,17.7,17.7,17.7,0,0
2QU.DE,D,20190722,000000,17.6,17.6,17,17,747,0
2QU.DE,D,20190723,000000,17,17,16.6,16.6,620,0
2QU.DE,D,20190724,000000,16.7,16.7,16.7,16.7,0,0
2QU.DE,D,20190725,000000,16.9,17,16.7,16.7,20,0
2QU.DE,D,20190726,000000,16.7,16.7,16.7,16.7,0,0
2QU.DE,D,20190729,000000,17,17,16.7,16.7,3,0
2QU.DE,D,20190730,000000,17,17,16.7,16.7,50,0
2QU.DE,D,20190731,000000,17,17,16.4,16.7,9,0
2QU.DE,D,20190801,000000,16.7,16.7,16.7,16.7,0,0
2QU.DE,D,20190802,000000,16.7,16.7,16.7,16.7,0,0
2QU.DE,D,20190805,000000,16.4,16.7,16.4,16.7,10,0
2QU.DE,D,20190806,000000,16.8,16.8,16.7,16.7,10,0
2QU.DE,D,20190807,000000,16.7,16.7,16.7,16.7,0,0
2QU.DE,D,20190808,000000,16.7,16.7,16.7,16.7,0,0
2QU.DE,D,20190809,000000,16.7,16.7,16.7,16.7,0,0
2QU.DE,D,20190812,000000,16.7,16.7,16.7,16.7,0,0
2QU.DE,D,20190813,000000,16.7,16.7,16.7,16.7,0,0
2QU.DE,D,20190815,000000,16.7,16.7,16.7,16.7,0,0
2QU.DE,D,20190816,000000,16.7,16.7,16.7,16.7,0,0
2QU.DE,D,20190819,000000,16.7,16.7,16.7,16.7,0,0
2QU.DE,D,20190820,000000,17,17,16.7,16.7,30,0
2QU.DE,D,20190821,000000,16.7,16.7,16.7,16.7,0,0
2QU.DE,D,20190822,000000,16.8,16.8,16.8,16.8,0,0
2QU.DE,D,20190823,000000,17,17,16.8,16.8,5,0
2QU.DE,D,20190826,000000,16.8,16.8,16.8,16.8,0,0
2QU.DE,D,20190827,000000,17,17,16.8,16.8,2,0
2QU.DE,D,20190828,000000,16.8,16.8,16.8,16.8,0,0
2QU.DE,D,20190829,000000,16.8,16.8,16.8,16.8,0,0
2QU.DE,D,20190830,000000,16.8,16.8,16.8,16.8,0,0
2QU.DE,D,20190902,000000,16.8,16.8,16.8,16.8,0,0
2QU.DE,D,20190903,000000,16.8,16.8,16.8,16.8,0,0
2QU.DE,D,20190904,000000,16.8,16.8,16.8,16.8,0,0
2QU.DE,D,20190905,000000,17,17,16.8,16.8,100,0
2QU.DE,D,20190906,000000,16.8,16.8,16.8,16.8,0,0
2QU.DE,D,20190909,000000,16.8,16.8,16.8,16.8,0,0
2QU.DE,D,20190910,000000,16.8,16.8,16.8,16.8,0,0
2QU.DE,D,20190911,000000,16.8,16.8,16.8,16.8,0,0
2QU.DE,D,20190912,000000,16.8,16.8,16.8,16.8,0,0
2QU.DE,D,20190913,000000,16.8,16.8,16.8,16.8,0,0
2QU.DE,D,20190916,000000,16.8,16.8,16.8,16.8,0,0
2QU.DE,D,20190917,000000,16.8,16.8,16.8,16.8,0,0
2QU.DE,D,20190918,000000,16.8,16.8,16.8,16.8,0,0
2QU.DE,D,20190919,000000,16.8,16.8,16.8,16.8,0,0
2QU.DE,D,20190920,000000,16.8,16.8,16.8,16.8,0,0
2QU.DE,D,20190923,000000,16.8,16.8,16.8,16.8,0,0
2QU.DE,D,20190924,000000,16.8,16.8,16.8,16.8,0,0
2QU.DE,D,20190925,000000,16.8,16.8,16.8,16.8,0,0
2QU.DE,D,20190926,000000,16.8,16.8,16.8,16.8,0,0
2QU.DE,D,20190927,000000,16.8,16.8,16.8,16.8,0,0
2QU.DE,D,20190930,000000,16.8,16.8,16.8,16.8,0,0
2QU.DE,D,20191001,000000,16.8,16.8,16.8,16.8,0,0
2QU.DE,D,20191002,000000,16.8,16.8,16.8,16.8,0,0
2QU.DE,D,20191004,000000,16.8,16.8,16.8,16.8,0,0
2QU.DE,D,20191007,000000,16.8,16.8,16.8,16.8,0,0
2QU.DE,D,20191008,000000,16.6,16.6,16.2,16.2,606,0
2QU.DE,D,20191009,000000,16.2,16.2,16.2,16.2,0,0
2QU.DE,D,20191010,000000,16.2,16.2,16.2,16.2,0,0
2QU.DE,D,20191011,000000,16.2,16.2,16.2,16.2,0,0
2QU.DE,D,20191014,000000,16.2,16.2,16.2,16.2,0,0
2QU.DE,D,20191015,000000,16.2,16.2,16.2,16.2,0,0
2QU.DE,D,20191016,000000,16.5,16.5,16.3,16.3,5,0
2QU.DE,D,20191017,000000,16.3,16.3,16.3,16.3,0,0
2QU.DE,D,20191018,000000,16.3,16.3,16.3,16.3,0,0
2QU.DE,D,20191021,000000,16.3,16.3,16.3,16.3,0,0
2QU.DE,D,20191022,000000,16.3,16.3,16.3,16.3,0,0
2QU.DE,D,20191023,000000,16.3,16.3,16.3,16.3,0,0
2QU.DE,D,20191024,000000,16.3,16.3,16.3,16.3,0,0
2QU.DE,D,20191025,000000,16.3,16.3,16.3,16.3,0,0
2QU.DE,D,20191028,000000,16.3,16.3,16.3,16.3,0,0
2QU.DE,D,20191029,000000,16.3,16.3,16.3,16.3,0,0
2QU.DE,D,20191030,000000,16.3,16.3,16.3,16.3,0,0
2QU.DE,D,20191031,000000,16.3,16.3,16.3,16.3,0,0
2QU.DE,D,20191101,000000,16.3,16.3,16.3,16.3,0,0
2QU.DE,D,20191104,000000,16.3,16.3,16.3,16.3,0,0
2QU.DE,D,20191105,000000,16.3,16.3,16.3,16.3,0,0
2QU.DE,D,20191106,000000,16.3,16.3,16.3,16.3,0,0
2QU.DE,D,20191107,000000,16.3,16.3,16.3,16.3,0,0
2QU.DE,D,20191108,000000,16.3,16.3,16.3,16.3,0,0
2QU.DE,D,20191111,000000,16.3,16.3,16.3,16.3,0,0
2QU.DE,D,20191112,000000,16.3,16.3,16.3,16.3,0,0
2QU.DE,D,20191113,000000,16.3,16.3,16.3,16.3,0,0
2QU.DE,D,20191114,000000,16.3,16.3,16.3,16.3,0,0
2QU.DE,D,20191115,000000,16.3,16.3,16.3,16.3,0,0
2QU.DE,D,20191118,000000,16.3,16.3,16.3,16.3,0,0
2QU.DE,D,20191119,000000,16.3,16.3,16.3,16.3,0,0
2QU.DE,D,20191120,000000,16.3,16.3,16.3,16.3,0,0
2QU.DE,D,20191121,000000,16.3,16.3,16.3,16.3,0,0
2QU.DE,D,20191122,000000,16.3,16.3,16.3,16.3,0,0
2QU.DE,D,20191125,000000,16.3,16.3,16.3,16.3,0,0
2QU.DE,D,20191126,000000,16.3,16.3,16.3,16.3,0,0
2QU.DE,D,20191127,000000,16.3,16.3,16.3,16.3,0,0
2QU.DE,D,20191128,000000,16.6,16.6,16.4,16.4,100,0
2QU.DE,D,20191129,000000,16.4,16.4,16.4,16.4,0,0
2QU.DE,D,20191202,000000,16.4,16.4,16.4,16.4,0,0
2QU.DE,D,20191203,000000,16.4,16.4,16.4,16.4,0,0
2QU.DE,D,20191204,000000,16.4,16.4,16.4,16.4,0,0
2QU.DE,D,20191205,000000,16.4,16.4,16.4,16.4,0,0
2QU.DE,D,20191206,000000,16.4,16.4,16.4,16.4,0,0
2QU.DE,D,20191209,000000,16.4,16.4,16.4,16.4,0,0
2QU.DE,D,20191210,000000,16.4,16.4,16.4,16.4,0,0
2QU.DE,D,20191211,000000,16.4,16.4,16.4,16.4,0,0
2QU.DE,D,20191212,000000,16.4,16.4,16.4,16.4,0,0
2QU.DE,D,20191213,000000,16.3,16.3,16.3,16.3,0,0
2QU.DE,D,20191216,000000,16.4,16.4,16.4,16.4,0,0
2QU.DE,D,20191217,000000,16.3,16.3,16.3,16.3,0,0
2QU.DE,D,20191218,000000,16.3,16.3,16.3,16.3,0,0
2QU.DE,D,20191219,000000,16.3,16.3,16.3,16.3,0,0
2QU.DE,D,20191220,000000,16.3,16.3,16.3,16.3,0,0
2QU.DE,D,20191223,000000,16.3,16.3,16.3,16.3,0,0
2QU.DE,D,20191227,000000,16.2,16.2,16.2,16.2,360,0
2QU.DE,D,20191230,000000,16.3,16.3,16.2,16.2,10,0
2QU.DE,D,20200102,000000,16.3,16.3,16.3,16.3,0,0
2QU.DE,D,20200103,000000,16.3,16.3,16.3,16.3,0,0
2QU.DE,D,20200106,000000,16.3,16.3,16.3,16.3,0,0
2QU.DE,D,20200107,000000,16.3,16.3,16.3,16.3,0,0
2QU.DE,D,20200108,000000,16.5,16.5,16.4,16.4,50,0
2QU.DE,D,20200109,000000,16.4,16.4,16.4,16.4,0,0
2QU.DE,D,20200110,000000,16.4,16.4,16.4,16.4,0,0
2QU.DE,D,20200113,000000,16.4,16.4,16.4,16.4,0,0
2QU.DE,D,20200114,000000,16.4,16.4,16.4,16.4,0,0
2QU.DE,D,20200115,000000,16.4,16.4,16.4,16.4,0,0
2QU.DE,D,20200116,000000,16.4,16.4,16.4,16.4,0,0
2QU.DE,D,20200117,000000,16.4,16.4,16.4,16.4,0,0
2QU.DE,D,20200120,000000,16.4,16.4,16.4,16.4,0,0
2QU.DE,D,20200121,000000,16.4,16.4,16.4,16.4,0,0
2QU.DE,D,20200122,000000,16.4,16.4,16.4,16.4,0,0
2QU.DE,D,20200123,000000,16.4,16.4,16.4,16.4,0,0
2QU.DE,D,20200124,000000,16.6,16.6,16.5,16.5,30,0
2QU.DE,D,20200127,000000,16.5,16.5,16.5,16.5,0,0
2QU.DE,D,20200128,000000,16.5,16.5,16.5,16.5,0,0
2QU.DE,D,20200129,000000,16.5,16.5,16.5,16.5,0,0
2QU.DE,D,20200130,000000,16.5,16.5,16.5,16.5,0,0
2QU.DE,D,20200131,000000,16.5,16.5,16.5,16.5,0,0
2QU.DE,D,20200203,000000,16.5,16.5,16.5,16.5,0,0
2QU.DE,D,20200204,000000,16.4,16.4,16.4,16.4,0,0
2QU.DE,D,20200205,000000,16.4,16.4,16.4,16.4,0,0
2QU.DE,D,20200206,000000,16.4,16.4,16.4,16.4,0,0
2QU.DE,D,20200207,000000,16.4,16.4,16.4,16.4,0,0
2QU.DE,D,20200210,000000,16.4,16.4,16.4,16.4,0,0
2QU.DE,D,20200211,000000,16.4,16.4,16.4,16.4,0,0
2QU.DE,D,20200212,000000,16.5,16.5,16.5,16.5,0,0
2QU.DE,D,20200213,000000,16.7,16.7,16.6,16.6,20,0
2QU.DE,D,20200214,000000,16.8,16.8,16.8,16.8,75,0
2QU.DE,D,20200217,000000,17,17,17,17,70,0
2QU.DE,D,20200218,000000,17,17,17,17,0,0
2QU.DE,D,20200219,000000,17,17,17,17,0,0
2QU.DE,D,20200220,000000,17,17,17,17,0,0
2QU.DE,D,20200221,000000,17,17,17,17,0,0
2QU.DE,D,20200224,000000,17,17,17,17,0,0
2QU.DE,D,20200225,000000,17,17,17,17,0,0
2QU.DE,D,20200226,000000,17,17,17,17,0,0
2QU.DE,D,20200227,000000,17,17,17,17,0,0
2QU.DE,D,20200228,000000,16.8,16.8,16.8,16.8,0,0
2QU.DE,D,20200302,000000,16.8,16.8,16.8,16.8,0,0
2QU.DE,D,20200303,000000,16.8,16.8,16.8,16.8,0,0
2QU.DE,D,20200304,000000,16.8,16.8,16.8,16.8,0,0
2QU.DE,D,20200305,000000,16.8,16.8,16.8,16.8,0,0
2QU.DE,D,20200306,000000,16.8,16.8,16.8,16.8,0,0
2QU.DE,D,20200309,000000,16.6,16.6,16.6,16.6,0,0
2QU.DE,D,20200311,000000,16.6,16.6,16.6,16.6,0,0
2QU.DE,D,20200312,000000,16.4,16.4,16.4,16.4,0,0
2QU.DE,D,20200313,000000,16.2,16.2,16.2,16.2,0,0
2QU.DE,D,20200318,000000,16.2,16.2,16.2,16.2,0,0
2QU.DE,D,20200319,000000,16.2,16.2,16.2,16.2,0,0
2QU.DE,D,20200324,000000,16.4,16.4,16.2,16.2,5,0
2QU.DE,D,20200325,000000,15,15,15,15,80,0
2QU.DE,D,20200403,000000,15.8,15.8,15.8,15.8,0,0
2QU.DE,D,20200406,000000,15.8,15.8,15.8,15.8,0,0
2QU.DE,D,20200408,000000,15.8,15.8,15.8,15.8,0,0
2QU.DE,D,20200409,000000,15.8,15.8,15.8,15.8,0,0
2QU.DE,D,20200414,000000,15.8,15.8,15.8,15.8,0,0
2QU.DE,D,20200415,000000,16,16,16,16,2,0
2QU.DE,D,20200416,000000,16,16,16,16,0,0
2QU.DE,D,20200417,000000,16,16,16,16,0,0
2QU.DE,D,20200420,000000,16,16,16,16,0,0
2QU.DE,D,20200421,000000,16,16,16,16,0,0
2QU.DE,D,20200422,000000,16,16,16,16,0,0
2QU.DE,D,20200423,000000,16,16,16,16,0,0
2QU.DE,D,20200424,000000,16,16,16,16,0,0
2QU.DE,D,20200427,000000,16,16,16,16,0,0
2QU.DE,D,20200428,000000,16.2,16.2,16.1,16.1,4,0
2QU.DE,D,20200429,000000,16.1,16.1,16.1,16.1,0,0
2QU.DE,D,20200430,000000,16.3,16.3,16.2,16.2,626,0
2QU.DE,D,20200504,000000,16.2,16.2,16.2,16.2,0,0
2QU.DE,D,20200505,000000,16.2,16.2,16.2,16.2,0,0
2QU.DE,D,20200506,000000,16.2,16.2,16.2,16.2,0,0
2QU.DE,D,20200507,000000,16.2,16.2,16.2,16.2,0,0
2QU.DE,D,20200508,000000,16.4,16.4,16.2,16.2,31,0
2QU.DE,D,20200511,000000,16.2,16.2,16.2,16.2,0,0
2QU.DE,D,20200512,000000,16,16.2,16,16.2,20,0
2QU.DE,D,20200513,000000,16.2,16.2,16.2,16.2,0,0
2QU.DE,D,20200514,000000,16.2,16.2,16.2,16.2,0,0
2QU.DE,D,20200515,000000,16.2,16.2,16.2,16.2,0,0
2QU.DE,D,20200518,000000,16.2,16.2,16.2,16.2,0,0
2QU.DE,D,20200519,000000,16.2,16.2,16.2,16.2,0,0
2QU.DE,D,20200520,000000,16.2,16.2,16.2,16.2,0,0
2QU.DE,D,20200521,000000,16.2,16.2,16.2,16.2,0,0
2QU.DE,D,20200522,000000,16.2,16.2,16.2,16.2,0,0
2QU.DE,D,20200525,000000,16,16.2,16,16.2,10,0
2QU.DE,D,20200526,000000,16.2,16.2,16.2,16.2,0,0
2QU.DE,D,20200527,000000,16.2,16.2,16.2,16.2,0,0
2QU.DE,D,20200528,000000,16.2,16.2,16.2,16.2,0,0
2QU.DE,D,20200529,000000,16.2,16.2,16.2,16.2,0,0
2QU.DE,D,20200602,000000,16.2,16.2,16.2,16.2,0,0
2QU.DE,D,20200603,000000,16.2,16.2,16.2,16.2,0,0
2QU.DE,D,20200604,000000,16.2,16.2,16.2,16.2,0,0
2QU.DE,D,20200605,000000,16.2,16.2,16.2,16.2,0,0
2QU.DE,D,20200608,000000,16.2,16.2,16.2,16.2,0,0
2QU.DE,D,20200609,000000,16.2,16.2,16.2,16.2,0,0
2QU.DE,D,20200610,000000,16.2,16.2,16.2,16.2,0,0
2QU.DE,D,20200611,000000,16.2,16.2,16.2,16.2,0,0
2QU.DE,D,20200612,000000,16,16.2,16,16.2,10,0
2QU.DE,D,20200615,000000,16,16.2,16,16.2,10,0
2QU.DE,D,20200616,000000,16.2,16.2,16.2,16.2,0,0
2QU.DE,D,20200617,000000,16.2,16.2,16.2,16.2,0,0
2QU.DE,D,20200618,000000,16.2,16.2,16.2,16.2,0,0
2QU.DE,D,20200619,000000,16.2,16.2,16.2,16.2,0,0
2QU.DE,D,20200622,000000,16.2,16.2,16.2,16.2,0,0
2QU.DE,D,20200623,000000,16.4,16.4,16.3,16.3,60,0
2QU.DE,D,20200624,000000,16.3,16.3,16.3,16.3,0,0
2QU.DE,D,20200625,000000,16.3,16.3,16.3,16.3,0,0
2QU.DE,D,20200626,000000,16.3,16.3,16.3,16.3,0,0
2QU.DE,D,20200629,000000,16.3,16.3,16.3,16.3,0,0
2QU.DE,D,20200630,000000,16.3,16.3,16.3,16.3,0,0
2QU.DE,D,20200701,000000,16.3,16.3,16.3,16.3,0,0
2QU.DE,D,20200702,000000,16.1,16.3,16.1,16.3,10,0
2QU.DE,D,20200703,000000,16.5,16.6,16.4,16.4,34,0
2QU.DE,D,20200706,000000,16.4,16.4,16.4,16.4,0,0
2QU.DE,D,20200707,000000,16.4,16.4,16.4,16.4,0,0
2QU.DE,D,20200708,000000,16.4,16.4,16.4,16.4,0,0
2QU.DE,D,20200709,000000,16.4,16.4,16.4,16.4,0,0
2QU.DE,D,20200710,000000,16.4,16.4,16.4,16.4,0,0
2QU.DE,D,20200713,000000,16.4,16.4,16.4,16.4,0,0
2QU.DE,D,20200714,000000,16.4,16.4,16.4,16.4,0,0
2QU.DE,D,20200715,000000,16.4,16.4,16.4,16.4,0,0
2QU.DE,D,20200716,000000,16.4,16.4,16.4,16.4,0,0
2QU.DE,D,20200717,000000,16.4,16.4,16.4,16.4,0,0
2QU.DE,D,20200720,000000,16.4,16.4,16.4,16.4,0,0
2QU.DE,D,20200721,000000,16.6,16.6,16.6,16.6,61,0
2QU.DE,D,20200722,000000,16.6,16.6,16.6,16.6,0,0
2QU.DE,D,20200723,000000,16.6,16.6,16.6,16.6,0,0
2QU.DE,D,20200724,000000,16.6,16.6,16.6,16.6,0,0
2QU.DE,D,20200727,000000,16.6,16.6,16.6,16.6,0,0
2QU.DE,D,20200728,000000,16.6,16.6,16.6,16.6,0,0
2QU.DE,D,20200729,000000,16.6,16.6,16.6,16.6,0,0
2QU.DE,D,20200730,000000,16.5,16.5,16.5,16.5,0,0
2QU.DE,D,20200731,000000,16.5,16.5,16.5,16.5,0,0
2QU.DE,D,20200803,000000,16.7,16.8,16.7,16.7,21,0
2QU.DE,D,20200804,000000,16.7,16.7,16.7,16.7,0,0
2QU.DE,D,20200805,000000,16.7,16.7,16.7,16.7,0,0
2QU.DE,D,20200806,000000,16.9,16.9,16.8,16.8,17,0
2QU.DE,D,20200807,000000,16.8,16.8,16.8,16.8,0,0
2QU.DE,D,20200810,000000,17,17,16.8,16.8,15,0
2QU.DE,D,20200811,000000,16.8,16.8,16.8,16.8,0,0
2QU.DE,D,20200812,000000,16.8,16.8,16.8,16.8,0,0
2QU.DE,D,20200813,000000,16.8,16.8,16.8,16.8,0,0
2QU.DE,D,20200814,000000,17,17.2,17,17.2,298,0
2QU.DE,D,20200817,000000,17.4,17.4,17.3,17.3,35,0
2QU.DE,D,20200818,000000,17.3,17.3,17.3,17.3,0,0
2QU.DE,D,20200819,000000,17.3,17.3,17.3,17.3,0,0
2QU.DE,D,20200820,000000,17.3,17.3,17.3,17.3,0,0
2QU.DE,D,20200821,000000,17.3,17.3,17.3,17.3,0,0
2QU.DE,D,20200824,000000,17,17,13.7,14,3637,0
2QU.DE,D,20200825,000000,13.7,13.7,13.7,13.7,0,0
2QU.DE,D,20200826,000000,13.9,14,13.6,13.6,465,0
2QU.DE,D,20200827,000000,13.7,13.7,13.7,13.7,0,0
2QU.DE,D,20200828,000000,13.7,13.7,13.7,13.7,0,0
2QU.DE,D,20200831,000000,13.5,13.6,13.5,13.6,290,0
2QU.DE,D,20200901,000000,13.8,13.8,13,13,415,0
2QU.DE,D,20200902,000000,13.2,13.2,13.1,13.1,10,0
2QU.DE,D,20200904,000000,13.6,13.6,13,13,1460,0
2QU.DE,D,20200907,000000,13,13,13,13,0,0
2QU.DE,D,20200908,000000,13,13,13,13,0,0
2QU.DE,D,20200909,000000,13,13,13,13,0,0
2QU.DE,D,20200910,000000,13.2,13.2,13.2,13.2,0,0
2QU.DE,D,20200911,000000,13,13,13,13,385,0
2QU.DE,D,20200914,000000,13.1,13.1,13,13,20,0
2QU.DE,D,20200915,000000,13,13,13,13,385,0
2QU.DE,D,20200916,000000,12.8,13,12.8,13,30,0
2QU.DE,D,20200917,000000,13,13,13,13,0,0
2QU.DE,D,20200918,000000,13,13,13,13,0,0
2QU.DE,D,20200921,000000,13.1,13.1,13.1,13.1,20,0
2QU.DE,D,20200922,000000,13.1,13.1,13.1,13.1,0,0
2QU.DE,D,20200923,000000,13.1,13.1,13.1,13.1,0,0
2QU.DE,D,20200924,000000,13.1,13.1,13.1,13.1,0,0
2QU.DE,D,20200925,000000,13.1,13.1,13.1,13.1,0,0
2QU.DE,D,20200928,000000,13.1,13.1,13.1,13.1,10,0
2QU.DE,D,20200929,000000,13.1,13.1,13.1,13.1,0,0
2QU.DE,D,20200930,000000,13,13.1,13,13.1,1000,0
2QU.DE,D,20201001,000000,13.1,13.1,13.1,13.1,0,0
2QU.DE,D,20201002,000000,13.1,13.1,13.1,13.1,0,0
2QU.DE,D,20201005,000000,13.1,13.1,13.1,13.1,0,0
2QU.DE,D,20201006,000000,13.1,13.1,13.1,13.1,0,0
2QU.DE,D,20201007,000000,13.1,13.1,13.1,13.1,0,0
2QU.DE,D,20201008,000000,13.1,13.1,13.1,13.1,0,0
2QU.DE,D,20201009,000000,13.1,13.1,13.1,13.1,0,0
2QU.DE,D,20201012,000000,13.1,13.1,13.1,13.1,0,0
2QU.DE,D,20201013,000000,13.1,13.1,13.1,13.1,0,0
2QU.DE,D,20201014,000000,13.1,13.1,13.1,13.1,0,0
2QU.DE,D,20201015,000000,13.1,13.1,13.1,13.1,0,0
2QU.DE,D,20201016,000000,13.1,13.1,13.1,13.1,0,0
2QU.DE,D,20201019,000000,13.1,13.1,13.1,13.1,0,0
2QU.DE,D,20201020,000000,12.9,13.1,12.9,13.1,30,0
2QU.DE,D,20201021,000000,13.1,13.1,13.1,13.1,0,0
2QU.DE,D,20201022,000000,13.1,13.1,13.1,13.1,0,0
2QU.DE,D,20201023,000000,13.1,13.1,13.1,13.1,0,0
2QU.DE,D,20201026,000000,13.1,13.1,13.1,13.1,0,0
2QU.DE,D,20201027,000000,13.1,13.1,13.1,13.1,0,0
2QU.DE,D,20201028,000000,12.9,12.9,12.6,12.8,410,0
2QU.DE,D,20201029,000000,12.8,12.8,12.8,12.8,0,0
2QU.DE,D,20201030,000000,12.8,12.8,12.8,12.8,0,0
2QU.DE,D,20201102,000000,12.8,12.8,12.8,12.8,0,0
2QU.DE,D,20201103,000000,12.9,12.9,12.8,12.8,30,0
2QU.DE,D,20201104,000000,12.8,12.8,12.8,12.8,0,0
2QU.DE,D,20201105,000000,12.8,12.8,12.8,12.8,0,0
2QU.DE,D,20201106,000000,12.8,12.8,12.8,12.8,0,0
2QU.DE,D,20201109,000000,12.9,12.9,12.9,12.9,50,0
2QU.DE,D,20201110,000000,12.9,12.9,12.9,12.9,0,0
2QU.DE,D,20201111,000000,12.9,12.9,12.9,12.9,0,0
2QU.DE,D,20201112,000000,12.9,12.9,12.9,12.9,0,0
2QU.DE,D,20201113,000000,12.9,12.9,12.9,12.9,0,0
2QU.DE,D,20201116,000000,13,13,13,13,0,0
2QU.DE,D,20201117,000000,12.9,12.9,12.9,12.9,0,0
2QU.DE,D,20201118,000000,13,13,13,13,20,0
2QU.DE,D,20201119,000000,13,13,13,13,0,0
2QU.DE,D,20201120,000000,13,13,13,13,0,0
2QU.DE,D,20201123,000000,13,13,13,13,0,0
2QU.DE,D,20201124,000000,12.8,13,12.8,13,30,0
2QU.DE,D,20201125,000000,13,13,13,13,0,0
2QU.DE,D,20201126,000000,13,13,13,13,0,0
2QU.DE,D,20201127,000000,13,13,13,13,0,0
2QU.DE,D,20201130,000000,13,13,13,13,0,0
2QU.DE,D,20201201,000000,13.1,13.1,13.1,13.1,0,0
2QU.DE,D,20201202,000000,13.1,13.1,13.1,13.1,0,0
2QU.DE,D,20201203,000000,13.2,13.2,13.2,13.2,120,0
2QU.DE,D,20201204,000000,13.3,13.3,13.3,13.3,35,0
2QU.DE,D,20201207,000000,13.1,13.3,13.1,13.3,25,0
2QU.DE,D,20201208,000000,13.4,13.7,13.4,13.7,210,0
2QU.DE,D,20201209,000000,13.7,13.7,13.7,13.7,0,0
2QU.DE,D,20201210,000000,13.9,13.9,13.8,13.8,10,0
2QU.DE,D,20201211,000000,13.8,13.8,13.8,13.8,0,0
2QU.DE,D,20201214,000000,13.6,13.6,13,13,1138,0
2QU.DE,D,20201215,000000,13,13,13,13,0,0
2QU.DE,D,20201216,000000,13.1,13.1,13,13,17,0
2QU.DE,D,20201217,000000,13,13,13,13,0,0
2QU.DE,D,20201218,000000,13,13,13,13,0,0
2QU.DE,D,20201221,000000,13,13,13,13,0,0
2QU.DE,D,20201222,000000,13,13,13,13,0,0
2QU.DE,D,20201223,000000,13,13,13,13,0,0
2QU.DE,D,20201228,000000,13,13,13,13,0,0
2QU.DE,D,20201229,000000,13,13,13,13,0,0
2QU.DE,D,20201230,000000,13,13,13,13,0,0
2QU.DE,D,20210104,000000,13,13,13,13,0,0
2QU.DE,D,20210105,000000,12.9,12.9,12.9,12.9,0,0
2QU.DE,D,20210106,000000,13,13,13,13,22,0
2QU.DE,D,20210107,000000,12.9,13,12.9,13,25,0
2QU.DE,D,20210108,000000,13.1,13.2,13,13,665,0
2QU.DE,D,20210111,000000,12.9,13,12.9,13,30,0
2QU.DE,D,20210112,000000,13,13,13,13,0,0
2QU.DE,D,20210113,000000,13,13,13,13,0,0
2QU.DE,D,20210114,000000,13,13,13,13,0,0
2QU.DE,D,20210115,000000,13,13,13,13,0,0
2QU.DE,D,20210118,000000,13,13,13,13,0,0
2QU.DE,D,20210119,000000,13,13,13,13,0,0
2QU.DE,D,20210120,000000,13,13,13,13,0,0
2QU.DE,D,20210121,000000,13,13,13,13,0,0
2QU.DE,D,20210122,000000,13,13,13,13,0,0
2QU.DE,D,20210125,000000,12.9,13,12.9,13,10,0
2QU.DE,D,20210126,000000,13,13,13,13,0,0
2QU.DE,D,20210127,000000,13,13,13,13,0,0
2QU.DE,D,20210128,000000,13,13,13,13,0,0
2QU.DE,D,20210129,000000,13,13,13,13,0,0
2QU.DE,D,20210201,000000,13,13,13,13,0,0
2QU.DE,D,20210202,000000,13,13,13,13,0,0
2QU.DE,D,20210203,000000,12.9,13,12.9,13,100,0
2QU.DE,D,20210204,000000,13.1,13.1,13,13,780,0
2QU.DE,D,20210205,000000,13.1,13.1,13,13,985,0
2QU.DE,D,20210208,000000,13,13,13,13,0,0
2QU.DE,D,20210209,000000,13,13,13,13,0,0
2QU.DE,D,20210210,000000,12.9,13,12.9,13,465,0
2QU.DE,D,20210211,000000,13,13,13,13,0,0
2QU.DE,D,20210212,000000,13,13,13,13,0,0
2QU.DE,D,20210215,000000,13,13,13,13,0,0
2QU.DE,D,20210216,000000,13,13,13,13,80,0
2QU.DE,D,20210217,000000,13,13,13,13,0,0
2QU.DE,D,20210218,000000,13,13,13,13,0,0
2QU.DE,D,20210219,000000,13,13,13,13,0,0
2QU.DE,D,20210222,000000,13,13,13,13,0,0
2QU.DE,D,20210223,000000,13,13,13,13,0,0
2QU.DE,D,20210224,000000,13,13,13,13,0,0
2QU.DE,D,20210225,000000,13,13,13,13,0,0
2QU.DE,D,20210226,000000,13,13,13,13,0,0
2QU.DE,D,20210301,000000,13,13,13,13,0,0
2QU.DE,D,20210302,000000,13.1,13.1,13,13,100,0
2QU.DE,D,20210303,000000,13,13,13,13,0,0
2QU.DE,D,20210304,000000,12.9,12.9,12.8,12.8,770,0
2QU.DE,D,20210305,000000,12.8,12.8,12.8,12.8,0,0
2QU.DE,D,20210308,000000,12.9,12.9,12.9,12.9,0,0
2QU.DE,D,20210309,000000,12.9,12.9,12.9,12.9,0,0
2QU.DE,D,20210310,000000,12.9,12.9,12.9,12.9,0,0
2QU.DE,D,20210311,000000,12.9,12.9,12.9,12.9,0,0
2QU.DE,D,20210312,000000,12.9,12.9,12.9,12.9,0,0
2QU.DE,D,20210315,000000,12.9,12.9,12.9,12.9,0,0
2QU.DE,D,20210316,000000,12.9,12.9,12.9,12.9,0,0
2QU.DE,D,20210317,000000,12.9,12.9,12.9,12.9,0,0
2QU.DE,D,20210318,000000,13,13.2,13,13.1,976,0
2QU.DE,D,20210319,000000,13.1,13.1,13.1,13.1,0,0
2QU.DE,D,20210322,000000,13.1,13.1,13.1,13.1,0,0
2QU.DE,D,20210323,000000,13.1,13.1,13.1,13.1,0,0
2QU.DE,D,20210324,000000,12.9,12.9,12.8,12.9,482,0
2QU.DE,D,20210325,000000,12.9,12.9,12.9,12.9,10,0
2QU.DE,D,20210326,000000,13,13,13,13,0,0
2QU.DE,D,20210329,000000,12.8,12.8,12.7,12.7,208,0
2QU.DE,D,20210330,000000,12.7,12.7,12.7,12.7,0,0
2QU.DE,D,20210331,000000,12.7,12.7,12.7,12.7,0,0
2QU.DE,D,20210401,000000,12.7,12.7,12.7,12.7,0,0
2QU.DE,D,20210406,000000,12.7,12.7,12.3,12.3,200,0
2QU.DE,D,20210407,000000,12.3,12.3,12.3,12.3,0,0
2QU.DE,D,20210408,000000,12.3,12.3,12.3,12.3,0,0
2QU.DE,D,20210409,000000,12.3,12.3,12.3,12.3,0,0
2QU.DE,D,20210412,000000,12.3,12.3,12.3,12.3,0,0
2QU.DE,D,20210413,000000,12.3,12.3,12.3,12.3,0,0
2QU.DE,D,20210414,000000,12.3,12.3,12.3,12.3,0,0
2QU.DE,D,20210415,000000,12.3,12.3,12.3,12.3,0,0
2QU.DE,D,20210416,000000,12.3,12.3,12.3,12.3,0,0
2QU.DE,D,20210419,000000,12.1,12.3,12.1,12.3,46,0
2QU.DE,D,20210420,000000,12.3,12.3,12.3,12.3,0,0
2QU.DE,D,20210421,000000,12.3,12.3,12.3,12.3,0,0
2QU.DE,D,20210422,000000,12.3,12.3,12.3,12.3,0,0
2QU.DE,D,20210423,000000,12.3,12.3,12.3,12.3,0,0
2QU.DE,D,20210426,000000,12.3,12.3,12.3,12.3,0,0
2QU.DE,D,20210427,000000,12.3,12.3,12.3,12.3,0,0
2QU.DE,D,20210428,000000,12.3,12.3,12.3,12.3,0,0
2QU.DE,D,20210429,000000,12.3,12.3,12.3,12.3,0,0
2QU.DE,D,20210430,000000,12.3,12.3,12.3,12.3,0,0
2QU.DE,D,20210503,000000,12.3,12.3,12.3,12.3,0,0
2QU.DE,D,20210504,000000,12.3,12.3,12.3,12.3,0,0
2QU.DE,D,20210505,000000,12.4,12.4,12.3,12.3,10,0
2QU.DE,D,20210506,000000,12.3,12.3,12.3,12.3,0,0
2QU.DE,D,20210507,000000,12.3,12.3,12.3,12.3,0,0
2QU.DE,D,20210510,000000,12.3,12.3,12.3,12.3,0,0
2QU.DE,D,20210511,000000,12.3,12.3,12.3,12.3,0,0
2QU.DE,D,20210512,000000,12.3,12.3,12.3,12.3,0,0
2QU.DE,D,20210513,000000,12.1,12.2,12.1,12.2,431,0
2QU.DE,D,20210514,000000,12.2,12.2,12.2,12.2,0,0
2QU.DE,D,20210517,000000,12.3,12.4,12.3,12.4,400,0
2QU.DE,D,20210518,000000,12.4,12.4,12.4,12.4,0,0
2QU.DE,D,20210519,000000,12.5,12.5,12.5,12.5,100,0
2QU.DE,D,20210520,000000,12.5,12.5,12.5,12.5,0,0
2QU.DE,D,20210521,000000,12.5,12.5,12.5,12.5,0,0
2QU.DE,D,20210525,000000,12.5,12.5,12.5,12.5,0,0
2QU.DE,D,20210526,000000,12.5,12.7,12.5,12.7,1000,0
2QU.DE,D,20210527,000000,12.7,12.7,12.7,12.7,0,0
2QU.DE,D,20210528,000000,12.8,12.8,12.7,12.7,40,0
2QU.DE,D,20210531,000000,12.5,12.9,12.5,12.9,310,0
2QU.DE,D,20210601,000000,12.9,12.9,12.9,12.9,0,0
2QU.DE,D,20210602,000000,12.9,12.9,12.9,12.9,0,0
2QU.DE,D,20210603,000000,12.9,12.9,12.9,12.9,0,0
2QU.DE,D,20210604,000000,12.9,12.9,12.9,12.9,0,0
2QU.DE,D,20210607,000000,12.9,12.9,12.9,12.9,0,0
2QU.DE,D,20210608,000000,13,13,13,13,0,0
2QU.DE,D,20210609,000000,13,13,13,13,0,0
2QU.DE,D,20210610,000000,13,13,13,13,0,0
2QU.DE,D,20210611,000000,13,13,13,13,0,0
2QU.DE,D,20210614,000000,13,13,13,13,0,0
2QU.DE,D,20210615,000000,13,13,13,13,0,0
2QU.DE,D,20210616,000000,13,13,13,13,0,0
2QU.DE,D,20210617,000000,13,13,13,13,0,0
2QU.DE,D,20210618,000000,13.1,13.1,13.1,13.1,151,0
2QU.DE,D,20210621,000000,13.1,13.1,13.1,13.1,0,0
2QU.DE,D,20210622,000000,13.1,13.1,13.1,13.1,0,0
2QU.DE,D,20210623,000000,13.1,13.1,13.1,13.1,0,0
2QU.DE,D,20210624,000000,13.1,13.1,13.1,13.1,0,0
2QU.DE,D,20210625,000000,13.1,13.1,13.1,13.1,0,0
2QU.DE,D,20210628,000000,13.1,13.1,13.1,13.1,0,0
2QU.DE,D,20210629,000000,13.1,13.1,13.1,13.1,0,0
2QU.DE,D,20210630,000000,13.1,13.1,13.1,13.1,0,0
2QU.DE,D,20210701,000000,13.1,13.1,13.1,13.1,0,0
2QU.DE,D,20210702,000000,13.1,13.1,13.1,13.1,0,0
2QU.DE,D,20210705,000000,13.1,13.1,13.1,13.1,0,0
2QU.DE,D,20210706,000000,13.1,13.1,13.1,13.1,0,0
2QU.DE,D,20210707,000000,13.1,13.1,13.1,13.1,0,0
2QU.DE,D,20210708,000000,13.1,13.1,13.1,13.1,0,0
2QU.DE,D,20210709,000000,13.1,13.1,13.1,13.1,0,0
2QU.DE,D,20210712,000000,13.1,13.1,13.1,13.1,0,0
2QU.DE,D,20210713,000000,13.1,13.1,13.1,13.1,0,0
2QU.DE,D,20210714,000000,13.1,13.1,13.1,13.1,0,0
2QU.DE,D,20210715,000000,12.9,13.2,12.9,13.1,120,0
2QU.DE,D,20210716,000000,13.1,13.1,13.1,13.1,0,0
2QU.DE,D,20210719,000000,13.1,13.1,13.1,13.1,0,0
2QU.DE,D,20210720,000000,13.2,13.2,13.1,13.1,7,0
2QU.DE,D,20210721,000000,13.1,13.1,13.1,13.1,0,0
2QU.DE,D,20210722,000000,13.1,13.1,13.1,13.1,0,0
2QU.DE,D,20210723,000000,12.9,13,12.9,13,80,0
2QU.DE,D,20210726,000000,13,13,13,13,0,0
2QU.DE,D,20210727,000000,13,13,13,13,0,0
2QU.DE,D,20210728,000000,13,13,13,13,0,0
2QU.DE,D,20210729,000000,13,13,13,13,0,0
2QU.DE,D,20210730,000000,13.1,13.1,13.1,13.1,200,0
2QU.DE,D,20210802,000000,13.1,13.1,13.1,13.1,0,0
2QU.DE,D,20210803,000000,13.1,13.1,13.1,13.1,0,0
2QU.DE,D,20210804,000000,13,13.1,13,13.1,200,0
2QU.DE,D,20210805,000000,13.2,13.2,13.1,13.1,764,0
2QU.DE,D,20210806,000000,13.1,13.1,13.1,13.1,0,0
2QU.DE,D,20210809,000000,13.1,13.1,13.1,13.1,0,0
2QU.DE,D,20210810,000000,13.1,13.1,13.1,13.1,0,0
2QU.DE,D,20210811,000000,13.1,13.1,13.1,13.1,0,0
2QU.DE,D,20210812,000000,13.2,13.2,13.2,13.2,382,0
2QU.DE,D,20210813,000000,13.2,13.2,13.2,13.2,0,0
2QU.DE,D,20210816,000000,13.2,13.2,13.2,13.2,0,0
2QU.DE,D,20210817,000000,13,13,13,13,200,0
2QU.DE,D,20210818,000000,13,13,13,13,0,0
2QU.DE,D,20210819,000000,13,13,13,13,0,0
2QU.DE,D,20210820,000000,13,13,13,13,0,0
2QU.DE,D,20210823,000000,13,13,13,13,0,0
2QU.DE,D,20210824,000000,13,13,13,13,0,0
