<TICKER>,<PER>,<DATE>,<TIME>,<OPEN>,<HIGH>,<LOW>,<CLOSE>,<VOL>,<OPENINT>
5ESG.DE,D,20200629,000000,33.56,33.83,33.46,33.83,1254,0
5ESG.DE,D,20200630,000000,34.155,34.26,34.035,34.245,1049,0
5ESG.DE,D,20200701,000000,34.545,34.72,34.475,34.59,1603,0
5ESG.DE,D,20200702,000000,34.79,35.215,34.755,35.07,3217,0
5ESG.DE,D,20200703,000000,35.11,35.11,34.89,34.89,13092,0
5ESG.DE,D,20200706,000000,35.27,35.315,35.09,35.315,742,0
5ESG.DE,D,20200707,000000,35.24,35.425,35.115,35.36,250,0
5ESG.DE,D,20200708,000000,35.12,35.13,34.92,34.92,13322,0
5ESG.DE,D,20200709,000000,35.11,35.26,34.865,34.865,2964,0
5ESG.DE,D,20200710,000000,34.95,35.195,34.95,35.185,19715,0
5ESG.DE,D,20200713,000000,35.595,35.84,35.595,35.84,3511,0
5ESG.DE,D,20200714,000000,35.22,35.22,34.73,34.955,1273,0
5ESG.DE,D,20200715,000000,35.45,35.62,35.33,35.41,1976,0
5ESG.DE,D,20200716,000000,35.335,35.335,35.18,35.18,1319,0
5ESG.DE,D,20200717,000000,35.41,35.41,35.315,35.32,2529,0
5ESG.DE,D,20200720,000000,35.105,35.52,35.105,35.52,1517,0
5ESG.DE,D,20200721,000000,35.925,36.035,35.745,35.745,2039,0
5ESG.DE,D,20200722,000000,35.51,35.51,35.31,35.35,2175,0
5ESG.DE,D,20200723,000000,35.595,35.595,35.37,35.37,1249,0
5ESG.DE,D,20200724,000000,34.68,34.93,34.64,34.64,14980,0
5ESG.DE,D,20200727,000000,34.495,34.555,34.33,34.33,4686,0
5ESG.DE,D,20200728,000000,34.725,34.725,34.505,34.6,1735,0
5ESG.DE,D,20200729,000000,34.48,34.57,34.38,34.535,4224,0
5ESG.DE,D,20200730,000000,34.67,34.67,34.13,34.37,2099,0
5ESG.DE,D,20200731,000000,34.51,34.625,34.29,34.415,4390,0
5ESG.DE,D,20200803,000000,35.035,35.36,34.94,35.3,1643,0
5ESG.DE,D,20200804,000000,35.435,35.435,35,35.225,7649,0
5ESG.DE,D,20200805,000000,35.355,35.355,35.15,35.15,15450,0
5ESG.DE,D,20200806,000000,35.165,35.305,35.165,35.305,0,0
5ESG.DE,D,20200807,000000,35.605,35.8,35.51,35.76,4516,0
5ESG.DE,D,20200810,000000,35.86,35.92,35.8,35.8,743,0
5ESG.DE,D,20200811,000000,36.075,36.25,36,36.025,4069,0
5ESG.DE,D,20200812,000000,35.89,36.015,35.855,36.015,2625,0
5ESG.DE,D,20200813,000000,35.97,35.985,35.81,35.985,4537,0
5ESG.DE,D,20200814,000000,36.105,36.105,35.81,35.905,3509,0
5ESG.DE,D,20200817,000000,35.815,35.88,35.815,35.875,6691,0
5ESG.DE,D,20200818,000000,35.775,35.875,35.61,35.78,3007,0
5ESG.DE,D,20200819,000000,35.82,36.01,35.82,36.01,2018,0
5ESG.DE,D,20200820,000000,36,36,35.8,35.975,2881,0
5ESG.DE,D,20200821,000000,36.09,36.42,36.09,36.35,6243,0
5ESG.DE,D,20200824,000000,36.57,36.675,36.55,36.635,6379,0
5ESG.DE,D,20200825,000000,37,37,36.66,36.73,8692,0
5ESG.DE,D,20200826,000000,36.88,37.05,36.88,37.025,4926,0
5ESG.DE,D,20200827,000000,37.235,37.5,37.135,37.495,3220,0
5ESG.DE,D,20200828,000000,37.32,37.32,37.155,37.155,1942,0
5ESG.DE,D,20200831,000000,37.43,37.46,37.08,37.08,4178,0
5ESG.DE,D,20200901,000000,37.13,37.205,37.125,37.185,4041,0
5ESG.DE,D,20200902,000000,37.69,37.94,37.69,37.895,3720,0
5ESG.DE,D,20200903,000000,38.38,38.38,37.1,37.1,8241,0
5ESG.DE,D,20200904,000000,36.75,37.045,36.065,36.065,8267,0
5ESG.DE,D,20200907,000000,36.38,36.705,36.35,36.705,11197,0
5ESG.DE,D,20200908,000000,36.74,36.74,35.865,35.865,4535,0
5ESG.DE,D,20200909,000000,35.73,36.31,35.73,36.31,4840,0
5ESG.DE,D,20200910,000000,36.235,36.26,36.07,36.14,2649,0
5ESG.DE,D,20200911,000000,35.84,35.87,35.56,35.64,2736,0
5ESG.DE,D,20200914,000000,35.98,36.05,35.76,36.05,3217,0
5ESG.DE,D,20200915,000000,35.945,36.35,35.945,36.32,2376,0
5ESG.DE,D,20200916,000000,36.24,36.345,36.24,36.345,3495,0
5ESG.DE,D,20200917,000000,35.62,35.795,35.59,35.74,3013,0
5ESG.DE,D,20200918,000000,35.625,35.705,35.29,35.29,2993,0
5ESG.DE,D,20200921,000000,35.04,35.04,34.605,34.605,5329,0
5ESG.DE,D,20200922,000000,35.08,35.35,35.08,35.26,13605,0
5ESG.DE,D,20200923,000000,35.685,35.83,35.515,35.515,5428,0
5ESG.DE,D,20200924,000000,34.86,35.155,34.8,35.12,6594,0
5ESG.DE,D,20200925,000000,35.13,35.445,34.915,35.445,2657,0
5ESG.DE,D,20200928,000000,35.995,36.195,35.98,36.195,4054,0
5ESG.DE,D,20200929,000000,36.245,36.245,35.865,35.87,2595,0
5ESG.DE,D,20200930,000000,35.64,36.295,35.63,36.275,2348,0
5ESG.DE,D,20201001,000000,36.37,36.43,36.34,36.345,2681,0
5ESG.DE,D,20201002,000000,35.855,36.17,35.72,36.085,4194,0
5ESG.DE,D,20201005,000000,36.21,36.29,36.09,36.29,17017,0
5ESG.DE,D,20201006,000000,36.4,36.51,36.305,36.385,6055,0
5ESG.DE,D,20201007,000000,36.2,36.44,36.2,36.44,4370,0
5ESG.DE,D,20201008,000000,36.81,36.895,36.73,36.775,4764,0
5ESG.DE,D,20201009,000000,36.97,36.97,36.9,36.965,5428,0
5ESG.DE,D,20201012,000000,37.195,37.735,37.195,37.735,6464,0
5ESG.DE,D,20201013,000000,37.805,37.98,37.805,37.98,6838,0
5ESG.DE,D,20201014,000000,37.93,38,37.705,37.705,5112,0
5ESG.DE,D,20201015,000000,37.31,37.35,37.16,37.35,27429,0
5ESG.DE,D,20201016,000000,37.6,37.865,37.57,37.71,11057,0
5ESG.DE,D,20201019,000000,37.71,37.71,37.205,37.205,5619,0
5ESG.DE,D,20201020,000000,36.925,36.925,36.705,36.705,8692,0
5ESG.DE,D,20201021,000000,36.835,36.87,36.54,36.66,7487,0
5ESG.DE,D,20201022,000000,36.455,36.77,36.455,36.635,10952,0
5ESG.DE,D,20201023,000000,36.89,36.915,36.765,36.765,3802,0
5ESG.DE,D,20201026,000000,36.495,36.605,36.16,36.16,3851,0
5ESG.DE,D,20201027,000000,36.4,36.455,36.27,36.27,6535,0
5ESG.DE,D,20201028,000000,36.14,36.14,35.39,35.46,5684,0
5ESG.DE,D,20201029,000000,35.575,35.8,35.31,35.8,13175,0
5ESG.DE,D,20201030,000000,35.23,35.52,35.16,35.345,5484,0
5ESG.DE,D,20201102,000000,35.565,36.06,35.56,35.875,21752,0
5ESG.DE,D,20201103,000000,35.95,36.46,35.95,36.425,7696,0
5ESG.DE,D,20201104,000000,36.325,37.495,36.325,37.495,27045,0
5ESG.DE,D,20201105,000000,37.595,37.72,37.56,37.72,13647,0
5ESG.DE,D,20201106,000000,37.445,37.485,37.03,37.4,14006,0
5ESG.DE,D,20201109,000000,37.885,38.725,37.885,38.585,30878,0
5ESG.DE,D,20201110,000000,37.955,37.955,37.57,37.67,14069,0
5ESG.DE,D,20201111,000000,37.945,38.25,37.945,38.25,7496,0
5ESG.DE,D,20201112,000000,38.015,38.08,37.975,37.975,9851,0
5ESG.DE,D,20201113,000000,37.925,38.085,37.905,37.94,12483,0
5ESG.DE,D,20201116,000000,38.4,38.595,38.4,38.52,6903,0
5ESG.DE,D,20201117,000000,38.425,38.425,38.085,38.275,9116,0
5ESG.DE,D,20201118,000000,38.105,38.365,38.105,38.31,9152,0
5ESG.DE,D,20201119,000000,37.9,37.9,37.78,37.825,9353,0
5ESG.DE,D,20201120,000000,37.8,37.98,37.8,37.965,10513,0
5ESG.DE,D,20201123,000000,37.855,38,37.765,37.785,8288,0
5ESG.DE,D,20201124,000000,38.18,38.335,38.05,38.335,13561,0
5ESG.DE,D,20201125,000000,38.41,38.44,38.22,38.275,10002,0
5ESG.DE,D,20201126,000000,38.3,38.36,38.285,38.32,9960,0
5ESG.DE,D,20201127,000000,38.25,38.38,38.25,38.275,9981,0
5ESG.DE,D,20201130,000000,37.975,38.07,37.875,37.885,17105,0
5ESG.DE,D,20201201,000000,38.42,38.515,38.35,38.35,13896,0
5ESG.DE,D,20201202,000000,38.1,38.17,38.045,38.135,11252,0
5ESG.DE,D,20201203,000000,38.06,38.105,37.99,38.065,21122,0
5ESG.DE,D,20201204,000000,38.045,38.255,38.005,38.255,3607,0
5ESG.DE,D,20201207,000000,38.285,38.3,38.175,38.27,33167,0
5ESG.DE,D,20201208,000000,38.215,38.39,38.065,38.39,15274,0
5ESG.DE,D,20201209,000000,38.445,38.53,38.445,38.46,5258,0
5ESG.DE,D,20201210,000000,38.16,38.185,37.95,38.105,13230,0
5ESG.DE,D,20201211,000000,37.935,37.935,37.615,37.7,6647,0
5ESG.DE,D,20201214,000000,38.005,38.21,38,38,7977,0
5ESG.DE,D,20201215,000000,37.825,37.97,37.815,37.865,16285,0
5ESG.DE,D,20201216,000000,38.145,38.18,38.05,38.18,13159,0
5ESG.DE,D,20201217,000000,38.2,38.235,38.055,38.055,9863,0
5ESG.DE,D,20201218,000000,38.11,38.13,37.91,37.91,4875,0
5ESG.DE,D,20201221,000000,38.09,38.09,37.42,37.63,14748,0
5ESG.DE,D,20201222,000000,37.92,38.135,37.92,38.03,14272,0
5ESG.DE,D,20201223,000000,38.055,38.135,38.045,38.12,10324,0
5ESG.DE,D,20201228,000000,38.275,38.42,38.22,38.42,19095,0
5ESG.DE,D,20201229,000000,38.635,38.635,38.4,38.405,10869,0
5ESG.DE,D,20201230,000000,38.38,38.405,38.28,38.28,5048,0
5ESG.DE,D,20210104,000000,38.585,38.585,37.82,37.82,864,0
5ESG.DE,D,20210105,000000,37.875,37.88,37.775,37.865,831,0
5ESG.DE,D,20210106,000000,37.785,38.44,37.73,38.44,56226,0
5ESG.DE,D,20210107,000000,38.405,38.92,38.37,38.82,13013,0
5ESG.DE,D,20210108,000000,39.11,39.11,38.875,38.875,33349,0
5ESG.DE,D,20210111,000000,39.115,39.29,39.1,39.225,44495,0
5ESG.DE,D,20210112,000000,39.23,39.265,39.125,39.125,28369,0
5ESG.DE,D,20210113,000000,39.05,39.265,39.05,39.265,28072,0
5ESG.DE,D,20210114,000000,39.375,39.5,39.32,39.33,23880,0
5ESG.DE,D,20210115,000000,39.095,39.16,38.92,39.1,22818,0
5ESG.DE,D,20210118,000000,39.01,39.12,39,39.12,17888,0
5ESG.DE,D,20210119,000000,39.26,39.26,39.05,39.08,23962,0
5ESG.DE,D,20210120,000000,39.22,39.775,39.22,39.775,22061,0
5ESG.DE,D,20210121,000000,39.965,39.97,39.77,39.85,34229,0
5ESG.DE,D,20210122,000000,39.63,39.66,39.495,39.66,17520,0
5ESG.DE,D,20210125,000000,39.86,40.01,39.58,39.635,26938,0
5ESG.DE,D,20210126,000000,39.82,39.995,39.82,39.83,26441,0
5ESG.DE,D,20210127,000000,39.795,39.925,39.37,39.37,18527,0
5ESG.DE,D,20210128,000000,38.845,39.575,38.635,39.575,54201,0
5ESG.DE,D,20210129,000000,38.795,39.1,38.65,38.65,15000,0
5ESG.DE,D,20210201,000000,38.865,39.185,38.83,39.185,15363,0
5ESG.DE,D,20210202,000000,39.62,40.095,39.59,40.095,31617,0
5ESG.DE,D,20210203,000000,40.2,40.2,40.06,40.095,18165,0
5ESG.DE,D,20210204,000000,40.13,40.47,40.13,40.47,19824,0
5ESG.DE,D,20210205,000000,40.71,40.8,40.465,40.565,16746,0
5ESG.DE,D,20210208,000000,40.685,40.775,40.605,40.605,14616,0
5ESG.DE,D,20210209,000000,40.62,40.62,40.495,40.565,22301,0
5ESG.DE,D,20210210,000000,40.58,40.61,40.295,40.37,20914,0
5ESG.DE,D,20210211,000000,40.51,40.58,40.445,40.505,31974,0
5ESG.DE,D,20210212,000000,40.44,40.645,40.44,40.61,10353,0
5ESG.DE,D,20210215,000000,40.81,40.92,40.81,40.89,13585,0
5ESG.DE,D,20210216,000000,40.895,40.92,40.77,40.78,27003,0
5ESG.DE,D,20210217,000000,40.815,40.885,40.745,40.745,23378,0
5ESG.DE,D,20210218,000000,40.84,40.84,40.5,40.515,15151,0
5ESG.DE,D,20210219,000000,40.55,40.66,40.55,40.62,20627,0
5ESG.DE,D,20210222,000000,40.145,40.165,40.005,40.1,15646,0
5ESG.DE,D,20210223,000000,40.17,40.17,39.415,39.81,46667,0
5ESG.DE,D,20210224,000000,39.93,40.25,39.91,40.25,35479,0
5ESG.DE,D,20210225,000000,40.33,40.33,39.825,39.825,17056,0
5ESG.DE,D,20210226,000000,39.43,39.81,39.4,39.81,18161,0
5ESG.DE,D,20210301,000000,40.03,40.495,40.03,40.495,14813,0
5ESG.DE,D,20210302,000000,40.51,40.615,40.265,40.265,17621,0
5ESG.DE,D,20210303,000000,40.39,40.44,39.93,40.115,12594,0
5ESG.DE,D,20210304,000000,39.73,39.94,39.52,39.935,47847,0
5ESG.DE,D,20210305,000000,39.595,40.145,39.595,39.605,38094,0
5ESG.DE,D,20210308,000000,40.37,41.05,40.37,41.01,11230,0
5ESG.DE,D,20210309,000000,40.7,41.105,40.7,41.105,12913,0
5ESG.DE,D,20210310,000000,40.86,41.145,40.86,41.145,12841,0
5ESG.DE,D,20210311,000000,41.26,41.465,41.15,41.465,9910,0
5ESG.DE,D,20210312,000000,41.21,41.28,41.145,41.17,22073,0
5ESG.DE,D,20210315,000000,41.425,41.565,41.36,41.37,13300,0
5ESG.DE,D,20210316,000000,41.74,41.98,41.635,41.89,20956,0
5ESG.DE,D,20210317,000000,41.87,41.87,41.56,41.62,12994,0
5ESG.DE,D,20210318,000000,41.61,41.715,41.51,41.675,17533,0
5ESG.DE,D,20210319,000000,41.335,41.475,41.195,41.37,16776,0
5ESG.DE,D,20210322,000000,41.21,41.515,41.21,41.515,16605,0
5ESG.DE,D,20210323,000000,41.515,41.855,41.43,41.8,14201,0
5ESG.DE,D,20210324,000000,41.615,41.91,41.615,41.79,15207,0
5ESG.DE,D,20210325,000000,41.5,41.57,41.24,41.565,24564,0
5ESG.DE,D,20210326,000000,41.92,42.03,41.785,42.03,10948,0
5ESG.DE,D,20210329,000000,42.235,42.39,42.19,42.32,11715,0
5ESG.DE,D,20210330,000000,42.615,42.615,42.38,42.535,15629,0
5ESG.DE,D,20210331,000000,42.47,42.705,42.4,42.705,10967,0
5ESG.DE,D,20210401,000000,42.77,42.915,42.77,42.84,18977,0
5ESG.DE,D,20210406,000000,43.38,43.445,43.315,43.4,20169,0
5ESG.DE,D,20210407,000000,43.205,43.215,43.13,43.215,20138,0
5ESG.DE,D,20210408,000000,43.51,43.54,43.32,43.38,44451,0
5ESG.DE,D,20210409,000000,43.46,43.59,43.46,43.59,13997,0
5ESG.DE,D,20210412,000000,43.765,43.81,43.66,43.66,24381,0
5ESG.DE,D,20210413,000000,43.82,43.835,43.65,43.725,21165,0
5ESG.DE,D,20210414,000000,43.71,43.79,43.645,43.645,20359,0
5ESG.DE,D,20210415,000000,43.58,43.94,43.58,43.92,16243,0
5ESG.DE,D,20210416,000000,43.945,44.05,43.945,44.025,15103,0
5ESG.DE,D,20210419,000000,44.01,44.01,43.74,43.74,18695,0
5ESG.DE,D,20210420,000000,43.66,43.66,43.265,43.265,15123,0
5ESG.DE,D,20210421,000000,43.465,43.66,43.465,43.62,22209,0
5ESG.DE,D,20210422,000000,43.705,43.875,43.67,43.875,13797,0
5ESG.DE,D,20210423,000000,43.425,43.695,43.33,43.695,12956,0
5ESG.DE,D,20210426,000000,43.625,43.85,43.54,43.805,22022,0
5ESG.DE,D,20210427,000000,43.875,43.91,43.68,43.765,14110,0
5ESG.DE,D,20210428,000000,43.955,43.97,43.81,43.815,14566,0
5ESG.DE,D,20210429,000000,43.98,44.005,43.795,43.795,18164,0
5ESG.DE,D,20210430,000000,43.94,44.01,43.89,43.995,8577,0
5ESG.DE,D,20210503,000000,44.095,44.17,43.98,44.035,28834,0
5ESG.DE,D,20210504,000000,44.025,44.105,43.52,43.555,12534,0
5ESG.DE,D,20210505,000000,43.945,44.075,43.925,44.075,24863,0
5ESG.DE,D,20210506,000000,43.94,43.96,43.57,43.83,22037,0
5ESG.DE,D,20210507,000000,44.08,44.11,43.97,44.105,8673,0
5ESG.DE,D,20210510,000000,44.06,44.1,43.93,43.995,27701,0
5ESG.DE,D,20210511,000000,43.68,43.68,42.82,43.1,15292,0
5ESG.DE,D,20210512,000000,43.165,43.175,42.88,42.88,16066,0
5ESG.DE,D,20210513,000000,42.455,43.215,42.325,43.06,10884,0
5ESG.DE,D,20210514,000000,43.165,43.39,43.105,43.39,7340,0
5ESG.DE,D,20210517,000000,43.45,43.45,43.215,43.22,21014,0
5ESG.DE,D,20210518,000000,43.37,43.37,43.02,43.085,15182,0
5ESG.DE,D,20210519,000000,42.43,42.45,42,42.235,9528,0
5ESG.DE,D,20210520,000000,42.645,43.05,42.41,43.05,18926,0
5ESG.DE,D,20210521,000000,43.06,43.425,43.06,43.255,13498,0
5ESG.DE,D,20210525,000000,43.465,43.465,43.275,43.275,1923,0
5ESG.DE,D,20210526,000000,43.395,43.455,43.275,43.455,44524,0
5ESG.DE,D,20210527,000000,43.385,43.63,43.375,43.575,16042,0
5ESG.DE,D,20210528,000000,43.655,43.73,43.63,43.63,11855,0
5ESG.DE,D,20210531,000000,43.605,43.605,43.34,43.34,11048,0
5ESG.DE,D,20210601,000000,43.49,43.695,43.36,43.42,25376,0
5ESG.DE,D,20210602,000000,43.46,43.61,43.46,43.595,12525,0
5ESG.DE,D,20210603,000000,43.605,43.745,43.315,43.745,28757,0
5ESG.DE,D,20210604,000000,43.75,43.885,43.73,43.85,8513,0
5ESG.DE,D,20210607,000000,43.94,43.95,43.73,43.73,33544,0
5ESG.DE,D,20210608,000000,43.915,43.995,43.805,43.805,31738,0
5ESG.DE,D,20210609,000000,43.925,43.995,43.865,43.955,20276,0
5ESG.DE,D,20210610,000000,43.92,44.12,43.9,44.12,21036,0
5ESG.DE,D,20210611,000000,44.065,44.39,44.065,44.385,20408,0
5ESG.DE,D,20210614,000000,44.525,44.525,44.27,44.29,13984,0
5ESG.DE,D,20210615,000000,44.55,44.57,44.305,44.305,13720,0
5ESG.DE,D,20210616,000000,44.395,44.42,44.32,44.41,14279,0
5ESG.DE,D,20210617,000000,44.52,44.965,44.52,44.965,24354,0
5ESG.DE,D,20210618,000000,45.05,45.05,44.69,44.7,8714,0
5ESG.DE,D,20210621,000000,44.435,44.91,44.435,44.895,13041,0
5ESG.DE,D,20210622,000000,45.045,45.19,44.94,45.19,15726,0
5ESG.DE,D,20210623,000000,45.28,45.28,45.11,45.11,12010,0
5ESG.DE,D,20210624,000000,45.21,45.415,45.21,45.37,11938,0
5ESG.DE,D,20210625,000000,45.335,45.425,45.31,45.425,9131,0
5ESG.DE,D,20210628,000000,45.465,45.59,45.44,45.5,11764,0
5ESG.DE,D,20210629,000000,45.61,45.845,45.61,45.765,12071,0
5ESG.DE,D,20210630,000000,45.83,46.025,45.72,46.02,13966,0
5ESG.DE,D,20210701,000000,46.125,46.25,45.99,46.14,12571,0
5ESG.DE,D,20210702,000000,46.33,46.5,46.33,46.49,17695,0
5ESG.DE,D,20210705,000000,46.565,46.665,46.535,46.655,19045,0
5ESG.DE,D,20210706,000000,46.505,46.74,46.505,46.57,23319,0
5ESG.DE,D,20210707,000000,46.76,46.925,46.76,46.905,11835,0
5ESG.DE,D,20210708,000000,46.81,46.81,46.115,46.33,30410,0
5ESG.DE,D,20210709,000000,46.605,46.82,46.49,46.82,19490,0
5ESG.DE,D,20210712,000000,46.805,46.95,46.7,46.95,15163,0
5ESG.DE,D,20210713,000000,46.985,47.335,46.985,47.335,19225,0
5ESG.DE,D,20210714,000000,47.125,47.315,47.11,47.11,15077,0
5ESG.DE,D,20210715,000000,47.04,47.085,46.96,47.085,16654,0
5ESG.DE,D,20210716,000000,47.015,47.155,46.9,46.9,17642,0
5ESG.DE,D,20210719,000000,46.575,46.605,45.785,46.035,16340,0
5ESG.DE,D,20210720,000000,46.31,46.71,46.165,46.675,8016,0
5ESG.DE,D,20210721,000000,46.855,47.025,46.855,46.935,24293,0
5ESG.DE,D,20210722,000000,47.115,47.16,46.96,47.16,12693,0
5ESG.DE,D,20210723,000000,47.395,47.665,47.395,47.665,10432,0
5ESG.DE,D,20210726,000000,47.55,47.64,47.425,47.64,13048,0
5ESG.DE,D,20210727,000000,47.645,47.715,47.125,47.125,10021,0
5ESG.DE,D,20210728,000000,47.355,47.52,47.34,47.415,11143,0
5ESG.DE,D,20210729,000000,47.305,47.42,47.23,47.375,12582,0
5ESG.DE,D,20210730,000000,46.88,47.16,46.86,47.135,12468,0
5ESG.DE,D,20210802,000000,47.335,47.355,47.15,47.26,35166,0
5ESG.DE,D,20210803,000000,47.135,47.17,47.03,47.16,22504,0
5ESG.DE,D,20210804,000000,47.365,47.43,47.17,47.37,15271,0
5ESG.DE,D,20210805,000000,47.345,47.49,47.345,47.49,29697,0
5ESG.DE,D,20210806,000000,47.605,47.93,47.575,47.9,13220,0
5ESG.DE,D,20210809,000000,47.875,47.95,47.84,47.935,32689,0
5ESG.DE,D,20210810,000000,47.96,48.195,47.96,48.1,9390,0
5ESG.DE,D,20210811,000000,48.15,48.19,48.09,48.095,24205,0
5ESG.DE,D,20210812,000000,48.13,48.21,48.115,48.21,9182,0
5ESG.DE,D,20210813,000000,48.38,48.385,48.145,48.145,25315,0
5ESG.DE,D,20210816,000000,48.095,48.205,47.93,48.06,13217,0
5ESG.DE,D,20210817,000000,48.25,48.375,48.19,48.37,14005,0
5ESG.DE,D,20210818,000000,48.355,48.355,48.22,48.315,14584,0
5ESG.DE,D,20210819,000000,47.565,47.945,47.4,47.88,18917,0
5ESG.DE,D,20210820,000000,47.905,48.37,47.82,48.355,15428,0
5ESG.DE,D,20210823,000000,48.48,48.685,48.345,48.685,22378,0
5ESG.DE,D,20210824,000000,48.73,48.74,48.63,48.665,12866,0
