<TICKER>,<PER>,<DATE>,<TIME>,<OPEN>,<HIGH>,<LOW>,<CLOSE>,<VOL>,<OPENINT>
A4S.DE,D,20070102,000000,36.298838,36.298838,36.298838,36.298838,0,0
A4S.DE,D,20070103,000000,36.298838,36.298838,36.298838,36.298838,0,0
A4S.DE,D,20070104,000000,36.298838,36.298838,36.298838,36.298838,0,0
A4S.DE,D,20070105,000000,36.298838,36.298838,36.298838,36.298838,0,0
A4S.DE,D,20070108,000000,36.298838,36.298838,36.298838,36.298838,0,0
A4S.DE,D,20070109,000000,36.298838,36.298838,36.298838,36.298838,0,0
A4S.DE,D,20070110,000000,36.298838,36.298838,36.298838,36.298838,0,0
A4S.DE,D,20070115,000000,36.298838,36.298838,36.298838,36.298838,0,0
A4S.DE,D,20070116,000000,36.298838,36.298838,36.298838,36.298838,0,0
A4S.DE,D,20070117,000000,36.298838,36.298838,36.298838,36.298838,0,0
A4S.DE,D,20070118,000000,36.298838,36.298838,36.298838,36.298838,0,0
A4S.DE,D,20070119,000000,36.298838,36.298838,36.298838,36.298838,0,0
A4S.DE,D,20070122,000000,36.298838,36.298838,36.298838,36.298838,0,0
A4S.DE,D,20070123,000000,36.298838,36.298838,36.298838,36.298838,0,0
A4S.DE,D,20070124,000000,36.298838,36.298838,36.298838,36.298838,0,0
A4S.DE,D,20070125,000000,36.298838,36.298838,36.298838,36.298838,0,0
A4S.DE,D,20070126,000000,36.298838,36.298838,36.298838,36.298838,0,0
A4S.DE,D,20070129,000000,36.298838,36.298838,36.298838,36.298838,0,0
A4S.DE,D,20070130,000000,36.298838,36.298838,36.298838,36.298838,0,0
A4S.DE,D,20070131,000000,36.298838,36.298838,36.298838,36.298838,0,0
A4S.DE,D,20070201,000000,36.376618,36.376618,36.376618,36.376618,0,0
A4S.DE,D,20070202,000000,36.376618,36.376618,36.376618,36.376618,0,0
A4S.DE,D,20070205,000000,42.132412,42.132412,42.132412,42.132412,11,0
A4S.DE,D,20070206,000000,42.132412,42.132412,42.132412,42.132412,0,0
A4S.DE,D,20070207,000000,42.132412,42.132412,42.132412,42.132412,0,0
A4S.DE,D,20070208,000000,42.132412,42.132412,42.132412,42.132412,0,0
A4S.DE,D,20070209,000000,42.132412,42.132412,42.132412,42.132412,0,0
A4S.DE,D,20070212,000000,42.132412,42.132412,42.132412,42.132412,0,0
A4S.DE,D,20070213,000000,42.132412,42.132412,42.132412,42.132412,0,0
A4S.DE,D,20070214,000000,42.132412,42.132412,42.132412,42.132412,0,0
A4S.DE,D,20070215,000000,42.132412,42.132412,42.132412,42.132412,0,0
A4S.DE,D,20070216,000000,42.132412,42.132412,42.132412,42.132412,0,0
A4S.DE,D,20070219,000000,42.132412,42.132412,42.132412,42.132412,0,0
A4S.DE,D,20070220,000000,42.132412,42.132412,42.132412,42.132412,0,0
A4S.DE,D,20070221,000000,42.132412,42.132412,42.132412,42.132412,0,0
A4S.DE,D,20070222,000000,42.132412,42.132412,42.132412,42.132412,0,0
A4S.DE,D,20070226,000000,42.132412,42.132412,42.132412,42.132412,0,0
A4S.DE,D,20070227,000000,42.132412,42.132412,42.132412,42.132412,0,0
A4S.DE,D,20070228,000000,42.132412,42.132412,42.132412,42.132412,0,0
A4S.DE,D,20070301,000000,42.132412,42.132412,42.132412,42.132412,0,0
A4S.DE,D,20070302,000000,38.863121,38.863121,38.863121,38.863121,20,0
A4S.DE,D,20070305,000000,38.863121,38.863121,38.863121,38.863121,0,0
A4S.DE,D,20070306,000000,38.863121,38.863121,38.863121,38.863121,0,0
A4S.DE,D,20070307,000000,38.863121,38.863121,38.863121,38.863121,0,0
A4S.DE,D,20070308,000000,38.863121,38.863121,38.863121,38.863121,0,0
A4S.DE,D,20070309,000000,38.863121,38.863121,38.863121,38.863121,0,0
A4S.DE,D,20070312,000000,38.863121,38.863121,38.863121,38.863121,0,0
A4S.DE,D,20070313,000000,38.863121,38.863121,38.863121,38.863121,0,0
A4S.DE,D,20070314,000000,38.863121,38.863121,38.863121,38.863121,0,0
A4S.DE,D,20070315,000000,38.863121,38.863121,38.863121,38.863121,0,0
A4S.DE,D,20070316,000000,38.863121,38.863121,38.863121,38.863121,0,0
A4S.DE,D,20070319,000000,38.863121,38.863121,38.863121,38.863121,0,0
A4S.DE,D,20070320,000000,38.863121,38.863121,38.863121,38.863121,0,0
A4S.DE,D,20070321,000000,38.863121,38.863121,38.863121,38.863121,0,0
A4S.DE,D,20070322,000000,38.863121,38.863121,38.863121,38.863121,0,0
A4S.DE,D,20070323,000000,38.863121,38.863121,38.863121,38.863121,0,0
A4S.DE,D,20070326,000000,38.863121,38.863121,38.863121,38.863121,0,0
A4S.DE,D,20070327,000000,38.863121,38.863121,38.863121,38.863121,0,0
A4S.DE,D,20070328,000000,38.863121,38.863121,38.863121,38.863121,0,0
A4S.DE,D,20070329,000000,38.863121,38.863121,38.863121,38.863121,0,0
A4S.DE,D,20070330,000000,38.863121,38.863121,38.863121,38.863121,0,0
A4S.DE,D,20070402,000000,38.863121,38.863121,38.863121,38.863121,0,0
A4S.DE,D,20070403,000000,38.863121,38.863121,38.863121,38.863121,0,0
A4S.DE,D,20070404,000000,38.863121,38.863121,38.863121,38.863121,0,0
A4S.DE,D,20070405,000000,38.863121,38.863121,38.863121,38.863121,0,0
A4S.DE,D,20070410,000000,38.863121,38.863121,38.863121,38.863121,0,0
A4S.DE,D,20070411,000000,38.863121,38.863121,38.863121,38.863121,0,0
A4S.DE,D,20070412,000000,38.863121,38.863121,38.863121,38.863121,0,0
A4S.DE,D,20070413,000000,38.863121,38.863121,38.863121,38.863121,0,0
A4S.DE,D,20070416,000000,38.863121,38.863121,38.863121,38.863121,0,0
A4S.DE,D,20070417,000000,38.863121,38.863121,38.863121,38.863121,0,0
A4S.DE,D,20070418,000000,38.863121,38.863121,38.863121,38.863121,0,0
A4S.DE,D,20070419,000000,38.863121,38.863121,38.863121,38.863121,0,0
A4S.DE,D,20070420,000000,38.863121,38.863121,38.863121,38.863121,0,0
A4S.DE,D,20070423,000000,38.863121,38.863121,38.863121,38.863121,0,0
A4S.DE,D,20070424,000000,38.863121,38.863121,38.863121,38.863121,0,0
A4S.DE,D,20070425,000000,38.863121,38.863121,38.863121,38.863121,0,0
A4S.DE,D,20070426,000000,38.863121,38.863121,38.863121,38.863121,0,0
A4S.DE,D,20070427,000000,38.863121,38.863121,38.863121,38.863121,0,0
A4S.DE,D,20070430,000000,38.863121,38.863121,38.863121,38.863121,0,0
A4S.DE,D,20070502,000000,38.965016,38.965016,38.965016,38.965016,0,0
A4S.DE,D,20070503,000000,38.965016,38.965016,38.965016,38.965016,0,0
A4S.DE,D,20070504,000000,38.965016,38.965016,38.965016,38.965016,0,0
A4S.DE,D,20070507,000000,38.965016,38.965016,38.965016,38.965016,0,0
A4S.DE,D,20070508,000000,38.965016,38.965016,38.965016,38.965016,0,0
A4S.DE,D,20070509,000000,38.965016,38.965016,38.965016,38.965016,0,0
A4S.DE,D,20070510,000000,38.965016,38.965016,38.965016,38.965016,0,0
A4S.DE,D,20070511,000000,38.965016,38.965016,38.965016,38.965016,0,0
A4S.DE,D,20070514,000000,38.965016,38.965016,38.965016,38.965016,0,0
A4S.DE,D,20070515,000000,38.965016,38.965016,38.965016,38.965016,0,0
A4S.DE,D,20070516,000000,38.965016,38.965016,38.965016,38.965016,0,0
A4S.DE,D,20070517,000000,38.965016,38.965016,38.965016,38.965016,0,0
A4S.DE,D,20070518,000000,38.965016,38.965016,38.965016,38.965016,0,0
A4S.DE,D,20070521,000000,38.965016,38.965016,38.965016,38.965016,0,0
A4S.DE,D,20070522,000000,38.965016,38.965016,38.965016,38.965016,0,0
A4S.DE,D,20070523,000000,38.965016,38.965016,38.965016,38.965016,0,0
A4S.DE,D,20070524,000000,38.965016,38.965016,38.965016,38.965016,0,0
A4S.DE,D,20070525,000000,38.965016,38.965016,38.965016,38.965016,0,0
A4S.DE,D,20070529,000000,40.322329,40.322329,40.322329,40.322329,14,0
A4S.DE,D,20070530,000000,40.322329,40.322329,40.322329,40.322329,0,0
A4S.DE,D,20070531,000000,40.322329,40.322329,40.322329,40.322329,0,0
A4S.DE,D,20070601,000000,40.322329,40.322329,40.322329,40.322329,0,0
A4S.DE,D,20070604,000000,40.322329,40.322329,40.322329,40.322329,0,0
A4S.DE,D,20070605,000000,40.322329,40.322329,40.322329,40.322329,0,0
A4S.DE,D,20070606,000000,40.322329,40.322329,40.322329,40.322329,0,0
A4S.DE,D,20070607,000000,40.636265,40.636265,40.636265,40.636265,11,0
A4S.DE,D,20070608,000000,40.636265,40.636265,40.636265,40.636265,0,0
A4S.DE,D,20070611,000000,40.627031,40.627031,40.627031,40.627031,8,0
A4S.DE,D,20070612,000000,43.701759,43.701759,43.701759,43.701759,120,0
A4S.DE,D,20070613,000000,43.701759,43.701759,43.701759,43.701759,0,0
A4S.DE,D,20070614,000000,43.701759,43.701759,43.701759,43.701759,0,0
A4S.DE,D,20070615,000000,43.701759,43.701759,43.701759,43.701759,0,0
A4S.DE,D,20070618,000000,43.701759,43.701759,43.701759,43.701759,0,0
A4S.DE,D,20070619,000000,43.701759,43.701759,43.701759,43.701759,0,0
A4S.DE,D,20070620,000000,43.701759,43.701759,43.701759,43.701759,0,0
A4S.DE,D,20070621,000000,43.701759,43.701759,43.701759,43.701759,0,0
A4S.DE,D,20070622,000000,43.701759,43.701759,43.701759,43.701759,0,0
A4S.DE,D,20070625,000000,43.701759,43.701759,43.701759,43.701759,0,0
A4S.DE,D,20070628,000000,43.701759,43.701759,43.701759,43.701759,0,0
A4S.DE,D,20070629,000000,43.701759,43.701759,43.701759,43.701759,0,0
A4S.DE,D,20070702,000000,43.701759,43.701759,43.701759,43.701759,0,0
A4S.DE,D,20070703,000000,43.701759,43.701759,43.701759,43.701759,0,0
A4S.DE,D,20070704,000000,43.701759,43.701759,43.701759,43.701759,0,0
A4S.DE,D,20070705,000000,43.701759,43.701759,43.701759,43.701759,0,0
A4S.DE,D,20070706,000000,43.701759,43.701759,43.701759,43.701759,0,0
A4S.DE,D,20070709,000000,43.701759,43.701759,43.701759,43.701759,0,0
A4S.DE,D,20070710,000000,42.750717,42.750717,42.750717,42.750717,28,0
A4S.DE,D,20070711,000000,42.750717,42.750717,42.750717,42.750717,0,0
A4S.DE,D,20070712,000000,39.70369,39.70369,39.70369,39.70369,5,0
A4S.DE,D,20070713,000000,39.70369,39.70369,39.70369,39.70369,0,0
A4S.DE,D,20070716,000000,39.70369,39.70369,39.70369,39.70369,0,0
A4S.DE,D,20070717,000000,39.70369,39.70369,39.70369,39.70369,0,0
A4S.DE,D,20070718,000000,39.70369,39.70369,39.70369,39.70369,0,0
A4S.DE,D,20070719,000000,39.70369,39.70369,39.70369,39.70369,0,0
A4S.DE,D,20070720,000000,39.70369,39.70369,39.70369,39.70369,0,0
A4S.DE,D,20070723,000000,39.70369,39.70369,39.70369,39.70369,0,0
A4S.DE,D,20070724,000000,39.70369,39.70369,39.70369,39.70369,0,0
A4S.DE,D,20070725,000000,39.70369,39.70369,39.70369,39.70369,0,0
A4S.DE,D,20070726,000000,39.472854,39.472854,39.472854,39.472854,60,0
A4S.DE,D,20070727,000000,39.472854,39.472854,39.472854,39.472854,0,0
A4S.DE,D,20070730,000000,36.010323,36.010323,36.010323,36.010323,12,0
A4S.DE,D,20070731,000000,36.010323,36.010323,36.010323,36.010323,0,0
A4S.DE,D,20070801,000000,36.010323,36.010323,36.010323,36.010323,0,0
A4S.DE,D,20070802,000000,36.111672,36.111672,36.111672,36.111672,0,0
A4S.DE,D,20070803,000000,36.111672,36.111672,36.111672,36.111672,0,0
A4S.DE,D,20070806,000000,36.111672,36.111672,36.111672,36.111672,0,0
A4S.DE,D,20070807,000000,36.111672,36.111672,36.111672,36.111672,0,0
A4S.DE,D,20070808,000000,36.111672,36.111672,36.111672,36.111672,0,0
A4S.DE,D,20070809,000000,39.167275,39.167275,39.167275,39.167275,19,0
A4S.DE,D,20070810,000000,39.167275,39.167275,39.167275,39.167275,0,0
A4S.DE,D,20070813,000000,39.167275,39.167275,39.167275,39.167275,0,0
A4S.DE,D,20070814,000000,39.167275,39.167275,39.167275,39.167275,0,0
A4S.DE,D,20070815,000000,39.167275,39.167275,39.167275,39.167275,0,0
A4S.DE,D,20070816,000000,39.167275,39.167275,39.167275,39.167275,0,0
A4S.DE,D,20070817,000000,35.9913,35.9913,35.9913,35.9913,60,0
A4S.DE,D,20070820,000000,35.9913,35.9913,35.9913,35.9913,0,0
A4S.DE,D,20070821,000000,35.9913,35.9913,35.9913,35.9913,0,0
A4S.DE,D,20070822,000000,35.9913,35.9913,35.9913,35.9913,0,0
A4S.DE,D,20070823,000000,35.9913,35.9913,35.9913,35.9913,0,0
A4S.DE,D,20070824,000000,35.9913,35.9913,35.9913,35.9913,0,0
A4S.DE,D,20070827,000000,35.9913,35.9913,35.9913,35.9913,0,0
A4S.DE,D,20070828,000000,35.9913,35.9913,35.9913,35.9913,0,0
A4S.DE,D,20070829,000000,35.9913,35.9913,35.9913,35.9913,0,0
A4S.DE,D,20070830,000000,35.9913,35.9913,35.9913,35.9913,0,0
A4S.DE,D,20070831,000000,35.9913,35.9913,35.9913,35.9913,0,0
A4S.DE,D,20070903,000000,35.9913,35.9913,35.9913,35.9913,0,0
A4S.DE,D,20070904,000000,35.9913,35.9913,35.9913,35.9913,0,0
A4S.DE,D,20070905,000000,35.9913,35.9913,35.9913,35.9913,0,0
A4S.DE,D,20070906,000000,35.9913,35.9913,35.9913,35.9913,0,0
A4S.DE,D,20070907,000000,35.9913,35.9913,35.9913,35.9913,0,0
A4S.DE,D,20070910,000000,35.9913,35.9913,35.9913,35.9913,0,0
A4S.DE,D,20070911,000000,35.9913,35.9913,35.9913,35.9913,0,0
A4S.DE,D,20070912,000000,35.9913,35.9913,35.9913,35.9913,0,0
A4S.DE,D,20070913,000000,35.9913,35.9913,35.9913,35.9913,0,0
A4S.DE,D,20070914,000000,35.9913,35.9913,35.9913,35.9913,0,0
A4S.DE,D,20070917,000000,35.9913,35.9913,35.9913,35.9913,0,0
A4S.DE,D,20070918,000000,35.9913,35.9913,35.9913,35.9913,0,0
A4S.DE,D,20070919,000000,35.9913,35.9913,35.9913,35.9913,0,0
A4S.DE,D,20070920,000000,35.9913,35.9913,35.9913,35.9913,0,0
A4S.DE,D,20070921,000000,35.9913,35.9913,35.9913,35.9913,0,0
A4S.DE,D,20070924,000000,35.9913,35.9913,35.9913,35.9913,0,0
A4S.DE,D,20070925,000000,35.9913,35.9913,35.9913,35.9913,0,0
A4S.DE,D,20070926,000000,35.9913,35.9913,35.9913,35.9913,0,0
A4S.DE,D,20070927,000000,35.9913,35.9913,35.9913,35.9913,0,0
A4S.DE,D,20070928,000000,35.9913,35.9913,35.9913,35.9913,0,0
A4S.DE,D,20071001,000000,35.9913,35.9913,35.9913,35.9913,0,0
A4S.DE,D,20071002,000000,35.9913,35.9913,35.9913,35.9913,0,0
A4S.DE,D,20071003,000000,35.9913,35.9913,35.9913,35.9913,0,0
A4S.DE,D,20071004,000000,35.9913,35.9913,35.9913,35.9913,0,0
A4S.DE,D,20071005,000000,35.9913,35.9913,35.9913,35.9913,0,0
A4S.DE,D,20071008,000000,35.9913,35.9913,35.9913,35.9913,0,0
A4S.DE,D,20071009,000000,35.9913,35.9913,35.9913,35.9913,0,0
A4S.DE,D,20071010,000000,35.9913,35.9913,35.9913,35.9913,0,0
A4S.DE,D,20071011,000000,35.9913,35.9913,35.9913,35.9913,0,0
A4S.DE,D,20071012,000000,35.9913,35.9913,35.9913,35.9913,0,0
A4S.DE,D,20071015,000000,35.9913,35.9913,35.9913,35.9913,0,0
A4S.DE,D,20071016,000000,35.9913,35.9913,35.9913,35.9913,0,0
A4S.DE,D,20071017,000000,35.9913,35.9913,35.9913,35.9913,0,0
A4S.DE,D,20071018,000000,35.9913,35.9913,35.9913,35.9913,0,0
A4S.DE,D,20071019,000000,35.9913,35.9913,35.9913,35.9913,0,0
A4S.DE,D,20071022,000000,35.9913,35.9913,35.9913,35.9913,0,0
A4S.DE,D,20071023,000000,35.9913,35.9913,35.9913,35.9913,0,0
A4S.DE,D,20071024,000000,35.9913,35.9913,35.9913,35.9913,0,0
A4S.DE,D,20071025,000000,35.9913,35.9913,35.9913,35.9913,0,0
A4S.DE,D,20071026,000000,35.9913,35.9913,35.9913,35.9913,0,0
A4S.DE,D,20071029,000000,35.9913,35.9913,35.9913,35.9913,0,0
A4S.DE,D,20071030,000000,35.9913,35.9913,35.9913,35.9913,0,0
A4S.DE,D,20071031,000000,35.9913,35.9913,35.9913,35.9913,0,0
A4S.DE,D,20071101,000000,36.192673,36.192673,36.192673,36.192673,0,0
A4S.DE,D,20071102,000000,36.192673,36.192673,36.192673,36.192673,0,0
A4S.DE,D,20071105,000000,36.192673,36.192673,36.192673,36.192673,0,0
A4S.DE,D,20071106,000000,36.192673,36.192673,36.192673,36.192673,0,0
A4S.DE,D,20071107,000000,36.192673,36.192673,36.192673,36.192673,0,0
A4S.DE,D,20071108,000000,36.192673,36.192673,36.192673,36.192673,0,0
A4S.DE,D,20071109,000000,36.192673,36.192673,36.192673,36.192673,0,0
A4S.DE,D,20071112,000000,34.833237,34.833237,34.833237,34.833237,13,0
A4S.DE,D,20071113,000000,34.833237,34.833237,34.833237,34.833237,0,0
A4S.DE,D,20071114,000000,34.833237,34.833237,34.833237,34.833237,0,0
A4S.DE,D,20071115,000000,34.833237,34.833237,34.833237,34.833237,0,0
A4S.DE,D,20071116,000000,34.833237,34.833237,34.833237,34.833237,0,0
A4S.DE,D,20071119,000000,34.833237,34.833237,34.833237,34.833237,0,0
A4S.DE,D,20071120,000000,34.833237,34.833237,34.833237,34.833237,0,0
A4S.DE,D,20071121,000000,34.833237,34.833237,34.833237,34.833237,0,0
A4S.DE,D,20071122,000000,34.833237,34.833237,34.833237,34.833237,0,0
A4S.DE,D,20071123,000000,34.833237,34.833237,34.833237,34.833237,0,0
A4S.DE,D,20071126,000000,34.833237,34.833237,34.833237,34.833237,0,0
A4S.DE,D,20071127,000000,34.833237,34.833237,34.833237,34.833237,0,0
A4S.DE,D,20071128,000000,34.833237,34.833237,34.833237,34.833237,0,0
A4S.DE,D,20071129,000000,34.833237,34.833237,34.833237,34.833237,0,0
A4S.DE,D,20071130,000000,34.833237,34.833237,34.833237,34.833237,0,0
A4S.DE,D,20071203,000000,34.833237,34.833237,34.833237,34.833237,0,0
A4S.DE,D,20071204,000000,34.833237,34.833237,34.833237,34.833237,0,0
A4S.DE,D,20071205,000000,34.833237,34.833237,34.833237,34.833237,0,0
A4S.DE,D,20071206,000000,34.833237,34.833237,34.833237,34.833237,0,0
A4S.DE,D,20071207,000000,34.833237,34.833237,34.833237,34.833237,0,0
A4S.DE,D,20071210,000000,34.833237,34.833237,34.833237,34.833237,0,0
A4S.DE,D,20071211,000000,34.833237,34.833237,34.833237,34.833237,0,0
A4S.DE,D,20071212,000000,34.833237,34.833237,34.833237,34.833237,0,0
A4S.DE,D,20071213,000000,34.833237,34.833237,34.833237,34.833237,0,0
A4S.DE,D,20071214,000000,34.833237,34.833237,34.833237,34.833237,0,0
A4S.DE,D,20071217,000000,34.833237,34.833237,34.833237,34.833237,0,0
A4S.DE,D,20071218,000000,34.833237,34.833237,34.833237,34.833237,0,0
A4S.DE,D,20071219,000000,34.833237,34.833237,34.833237,34.833237,0,0
A4S.DE,D,20071220,000000,34.833237,34.833237,34.833237,34.833237,0,0
A4S.DE,D,20071221,000000,34.833237,34.833237,34.833237,34.833237,0,0
A4S.DE,D,20071227,000000,34.833237,34.833237,34.833237,34.833237,0,0
A4S.DE,D,20071228,000000,34.833237,34.833237,34.833237,34.833237,0,0
A4S.DE,D,20080102,000000,34.833237,34.833237,34.833237,34.833237,0,0
A4S.DE,D,20080103,000000,34.833237,34.833237,34.833237,34.833237,0,0
A4S.DE,D,20080104,000000,34.833237,34.833237,34.833237,34.833237,0,0
A4S.DE,D,20080107,000000,34.833237,34.833237,34.833237,34.833237,0,0
A4S.DE,D,20080108,000000,34.833237,34.833237,34.833237,34.833237,0,0
A4S.DE,D,20080109,000000,34.833237,34.833237,34.833237,34.833237,0,0
A4S.DE,D,20080110,000000,34.833237,34.833237,34.833237,34.833237,0,0
A4S.DE,D,20080111,000000,34.833237,34.833237,34.833237,34.833237,0,0
A4S.DE,D,20080114,000000,34.833237,34.833237,34.833237,34.833237,0,0
A4S.DE,D,20080115,000000,34.833237,34.833237,34.833237,34.833237,0,0
A4S.DE,D,20080116,000000,34.833237,34.833237,34.833237,34.833237,0,0
A4S.DE,D,20080117,000000,34.833237,34.833237,34.833237,34.833237,0,0
A4S.DE,D,20080118,000000,34.833237,34.833237,34.833237,34.833237,0,0
A4S.DE,D,20080121,000000,34.833237,34.833237,34.833237,34.833237,0,0
A4S.DE,D,20080122,000000,34.833237,34.833237,34.833237,34.833237,0,0
A4S.DE,D,20080123,000000,34.833237,34.833237,34.833237,34.833237,0,0
A4S.DE,D,20080124,000000,34.833237,34.833237,34.833237,34.833237,0,0
A4S.DE,D,20080125,000000,34.833237,34.833237,34.833237,34.833237,0,0
A4S.DE,D,20080128,000000,34.833237,34.833237,34.833237,34.833237,0,0
A4S.DE,D,20080129,000000,34.833237,34.833237,34.833237,34.833237,0,0
A4S.DE,D,20080130,000000,34.833237,34.833237,34.833237,34.833237,0,0
A4S.DE,D,20080131,000000,34.927488,34.927488,34.927488,34.927488,0,0
A4S.DE,D,20080201,000000,34.927488,34.927488,34.927488,34.927488,0,0
A4S.DE,D,20080204,000000,34.927488,34.927488,34.927488,34.927488,0,0
A4S.DE,D,20080205,000000,34.927488,34.927488,34.927488,34.927488,0,0
A4S.DE,D,20080206,000000,34.927488,34.927488,34.927488,34.927488,0,0
A4S.DE,D,20080207,000000,34.927488,34.927488,34.927488,34.927488,0,0
A4S.DE,D,20080208,000000,34.927488,34.927488,34.927488,34.927488,0,0
A4S.DE,D,20080211,000000,34.927488,34.927488,34.927488,34.927488,0,0
A4S.DE,D,20080212,000000,34.927488,34.927488,34.927488,34.927488,0,0
A4S.DE,D,20080213,000000,34.927488,34.927488,34.927488,34.927488,0,0
A4S.DE,D,20080214,000000,34.927488,34.927488,34.927488,34.927488,0,0
A4S.DE,D,20080215,000000,34.927488,34.927488,34.927488,34.927488,0,0
A4S.DE,D,20080218,000000,34.927488,34.927488,34.927488,34.927488,0,0
A4S.DE,D,20080219,000000,34.927488,34.927488,34.927488,34.927488,0,0
A4S.DE,D,20080220,000000,34.927488,34.927488,34.927488,34.927488,0,0
A4S.DE,D,20080221,000000,34.927488,34.927488,34.927488,34.927488,0,0
A4S.DE,D,20080222,000000,34.927488,34.927488,34.927488,34.927488,0,0
A4S.DE,D,20080225,000000,34.927488,34.927488,34.927488,34.927488,0,0
A4S.DE,D,20080226,000000,34.927488,34.927488,34.927488,34.927488,0,0
A4S.DE,D,20080227,000000,34.927488,34.927488,34.927488,34.927488,0,0
A4S.DE,D,20080228,000000,34.927488,34.927488,34.927488,34.927488,0,0
A4S.DE,D,20080229,000000,34.927488,34.927488,34.927488,34.927488,0,0
A4S.DE,D,20080303,000000,34.927488,34.927488,34.927488,34.927488,0,0
A4S.DE,D,20080304,000000,34.927488,34.927488,34.927488,34.927488,0,0
A4S.DE,D,20080305,000000,34.927488,34.927488,34.927488,34.927488,0,0
A4S.DE,D,20080306,000000,30.259286,30.259286,30.259286,30.259286,20,0
A4S.DE,D,20080307,000000,30.259286,30.259286,30.259286,30.259286,20,0
A4S.DE,D,20080310,000000,30.259286,30.259286,30.259286,30.259286,0,0
A4S.DE,D,20080311,000000,30.259286,30.259286,30.259286,30.259286,0,0
A4S.DE,D,20080312,000000,30.259286,30.259286,30.259286,30.259286,0,0
A4S.DE,D,20080313,000000,30.259286,30.259286,30.259286,30.259286,0,0
A4S.DE,D,20080314,000000,30.259286,30.259286,30.259286,30.259286,0,0
A4S.DE,D,20080317,000000,30.259286,30.259286,30.259286,30.259286,0,0
A4S.DE,D,20080318,000000,30.259286,30.259286,30.259286,30.259286,0,0
A4S.DE,D,20080319,000000,30.259286,30.259286,30.259286,30.259286,0,0
A4S.DE,D,20080320,000000,30.259286,30.259286,30.259286,30.259286,0,0
A4S.DE,D,20080325,000000,30.259286,30.259286,30.259286,30.259286,0,0
A4S.DE,D,20080326,000000,30.259286,30.259286,30.259286,30.259286,0,0
A4S.DE,D,20080327,000000,30.259286,30.259286,30.259286,30.259286,0,0
A4S.DE,D,20080328,000000,30.259286,30.259286,30.259286,30.259286,0,0
A4S.DE,D,20080331,000000,30.259286,30.259286,30.259286,30.259286,0,0
A4S.DE,D,20080401,000000,28.485369,28.485369,28.485369,28.485369,10,0
A4S.DE,D,20080402,000000,28.485369,28.485369,28.485369,28.485369,10,0
A4S.DE,D,20080403,000000,28.485369,28.485369,28.485369,28.485369,0,0
A4S.DE,D,20080404,000000,28.485369,28.485369,28.485369,28.485369,0,0
A4S.DE,D,20080407,000000,28.485369,28.485369,28.485369,28.485369,0,0
A4S.DE,D,20080408,000000,28.485369,28.485369,28.485369,28.485369,0,0
A4S.DE,D,20080409,000000,28.485369,28.485369,28.485369,28.485369,0,0
A4S.DE,D,20080410,000000,28.485369,28.485369,28.485369,28.485369,0,0
A4S.DE,D,20080411,000000,28.485369,28.485369,28.485369,28.485369,0,0
A4S.DE,D,20080414,000000,28.485369,28.485369,28.485369,28.485369,0,0
A4S.DE,D,20080415,000000,28.485369,28.485369,28.485369,28.485369,0,0
A4S.DE,D,20080416,000000,28.485369,28.485369,28.485369,28.485369,0,0
A4S.DE,D,20080417,000000,28.485369,28.485369,28.485369,28.485369,0,0
A4S.DE,D,20080418,000000,28.485369,28.485369,28.485369,28.485369,0,0
A4S.DE,D,20080421,000000,28.485369,28.485369,28.485369,28.485369,0,0
A4S.DE,D,20080422,000000,28.485369,28.485369,28.485369,28.485369,0,0
A4S.DE,D,20080423,000000,28.485369,28.485369,28.485369,28.485369,0,0
A4S.DE,D,20080424,000000,28.485369,28.485369,28.485369,28.485369,0,0
A4S.DE,D,20080425,000000,28.485369,28.485369,28.485369,28.485369,0,0
A4S.DE,D,20080428,000000,26.608752,26.608752,26.608752,26.608752,23,0
A4S.DE,D,20080429,000000,26.608752,26.608752,26.608752,26.608752,23,0
A4S.DE,D,20080502,000000,26.69874,26.69874,26.69874,26.69874,0,0
A4S.DE,D,20080505,000000,26.69874,26.69874,26.69874,26.69874,0,0
A4S.DE,D,20080506,000000,26.69874,26.69874,26.69874,26.69874,0,0
A4S.DE,D,20080507,000000,26.69874,26.69874,26.69874,26.69874,0,0
A4S.DE,D,20080508,000000,26.69874,26.69874,26.69874,26.69874,0,0
A4S.DE,D,20080509,000000,26.69874,26.69874,26.69874,26.69874,0,0
A4S.DE,D,20080512,000000,26.69874,26.69874,26.69874,26.69874,0,0
A4S.DE,D,20080513,000000,26.69874,26.69874,26.69874,26.69874,0,0
A4S.DE,D,20080514,000000,26.69874,26.69874,26.69874,26.69874,0,0
A4S.DE,D,20080515,000000,26.69874,26.69874,26.69874,26.69874,0,0
A4S.DE,D,20080516,000000,26.69874,26.69874,26.69874,26.69874,0,0
A4S.DE,D,20080519,000000,26.69874,26.69874,26.69874,26.69874,0,0
A4S.DE,D,20080520,000000,26.69874,26.69874,26.69874,26.69874,0,0
A4S.DE,D,20080521,000000,26.69874,26.69874,26.69874,26.69874,0,0
A4S.DE,D,20080522,000000,26.69874,26.69874,26.69874,26.69874,0,0
A4S.DE,D,20080523,000000,26.69874,26.69874,26.69874,26.69874,0,0
A4S.DE,D,20080526,000000,26.69874,26.69874,26.69874,26.69874,0,0
A4S.DE,D,20080527,000000,26.69874,26.69874,26.69874,26.69874,0,0
A4S.DE,D,20080528,000000,26.69874,26.69874,26.69874,26.69874,0,0
A4S.DE,D,20080529,000000,26.69874,26.69874,26.69874,26.69874,0,0
A4S.DE,D,20080530,000000,26.69874,26.69874,26.69874,26.69874,0,0
A4S.DE,D,20080602,000000,26.69874,26.69874,26.69874,26.69874,0,0
A4S.DE,D,20080603,000000,26.69874,26.69874,26.69874,26.69874,0,0
A4S.DE,D,20080604,000000,26.69874,26.69874,26.69874,26.69874,0,0
A4S.DE,D,20080605,000000,26.69874,26.69874,26.69874,26.69874,0,0
A4S.DE,D,20080606,000000,26.69874,26.69874,26.69874,26.69874,0,0
A4S.DE,D,20080609,000000,26.69874,26.69874,26.69874,26.69874,0,0
A4S.DE,D,20080610,000000,26.69874,26.69874,26.69874,26.69874,0,0
A4S.DE,D,20080611,000000,26.69874,26.69874,26.69874,26.69874,0,0
A4S.DE,D,20080612,000000,26.69874,26.69874,26.69874,26.69874,0,0
A4S.DE,D,20080613,000000,26.69874,26.69874,26.69874,26.69874,0,0
A4S.DE,D,20080616,000000,26.69874,26.69874,26.69874,26.69874,0,0
A4S.DE,D,20080617,000000,26.69874,26.69874,26.69874,26.69874,0,0
A4S.DE,D,20080618,000000,26.69874,26.69874,26.69874,26.69874,0,0
A4S.DE,D,20080619,000000,26.69874,26.69874,26.69874,26.69874,0,0
A4S.DE,D,20080620,000000,26.69874,26.69874,26.69874,26.69874,0,0
A4S.DE,D,20080623,000000,26.69874,26.69874,26.69874,26.69874,0,0
A4S.DE,D,20080624,000000,26.69874,26.69874,26.69874,26.69874,0,0
A4S.DE,D,20080626,000000,26.69874,26.69874,26.69874,26.69874,0,0
A4S.DE,D,20080627,000000,26.69874,26.69874,26.69874,26.69874,0,0
A4S.DE,D,20080630,000000,26.69874,26.69874,26.69874,26.69874,0,0
A4S.DE,D,20080701,000000,26.69874,26.69874,26.69874,26.69874,0,0
A4S.DE,D,20080702,000000,26.69874,26.69874,26.69874,26.69874,0,0
A4S.DE,D,20080703,000000,26.69874,26.69874,26.69874,26.69874,0,0
A4S.DE,D,20080704,000000,26.69874,26.69874,26.69874,26.69874,0,0
A4S.DE,D,20080707,000000,26.69874,26.69874,26.69874,26.69874,0,0
A4S.DE,D,20080708,000000,26.69874,26.69874,26.69874,26.69874,0,0
A4S.DE,D,20080709,000000,26.69874,26.69874,26.69874,26.69874,0,0
A4S.DE,D,20080710,000000,26.69874,26.69874,26.69874,26.69874,0,0
A4S.DE,D,20080711,000000,26.69874,26.69874,26.69874,26.69874,0,0
A4S.DE,D,20080714,000000,26.69874,26.69874,26.69874,26.69874,0,0
A4S.DE,D,20080715,000000,26.69874,26.69874,26.69874,26.69874,0,0
A4S.DE,D,20080716,000000,26.69874,26.69874,26.69874,26.69874,0,0
A4S.DE,D,20080717,000000,26.69874,26.69874,26.69874,26.69874,0,0
A4S.DE,D,20080718,000000,26.69874,26.69874,26.69874,26.69874,0,0
A4S.DE,D,20080721,000000,26.69874,26.69874,26.69874,26.69874,0,0
A4S.DE,D,20080722,000000,26.69874,26.69874,26.69874,26.69874,0,0
A4S.DE,D,20080723,000000,26.69874,26.69874,26.69874,26.69874,0,0
A4S.DE,D,20080724,000000,26.69874,26.69874,26.69874,26.69874,0,0
A4S.DE,D,20080725,000000,22.914077,22.914077,22.914077,22.914077,30,0
A4S.DE,D,20080728,000000,22.914077,22.914077,22.914077,22.914077,30,0
A4S.DE,D,20080729,000000,22.914077,22.914077,22.914077,22.914077,0,0
A4S.DE,D,20080730,000000,22.914077,22.914077,22.914077,22.914077,0,0
A4S.DE,D,20080731,000000,22.914077,22.914077,22.914077,22.914077,0,0
A4S.DE,D,20080801,000000,22.914077,22.914077,22.914077,22.914077,0,0
A4S.DE,D,20080804,000000,22.914077,22.914077,22.914077,22.914077,0,0
A4S.DE,D,20080805,000000,22.914077,22.914077,22.914077,22.914077,0,0
A4S.DE,D,20080807,000000,23.01787,23.01787,23.01787,23.01787,0,0
A4S.DE,D,20080808,000000,23.01787,23.01787,23.01787,23.01787,0,0
A4S.DE,D,20080811,000000,23.01787,23.01787,23.01787,23.01787,0,0
A4S.DE,D,20080812,000000,23.01787,23.01787,23.01787,23.01787,0,0
A4S.DE,D,20080813,000000,23.01787,23.01787,23.01787,23.01787,0,0
A4S.DE,D,20080814,000000,23.01787,23.01787,23.01787,23.01787,0,0
A4S.DE,D,20080815,000000,23.01787,23.01787,23.01787,23.01787,0,0
A4S.DE,D,20080818,000000,23.01787,23.01787,23.01787,23.01787,0,0
A4S.DE,D,20080819,000000,23.01787,23.01787,23.01787,23.01787,0,0
A4S.DE,D,20080820,000000,23.01787,23.01787,23.01787,23.01787,0,0
A4S.DE,D,20080821,000000,23.01787,23.01787,23.01787,23.01787,0,0
A4S.DE,D,20080822,000000,23.01787,23.01787,23.01787,23.01787,0,0
A4S.DE,D,20080825,000000,23.01787,23.01787,23.01787,23.01787,0,0
A4S.DE,D,20080826,000000,23.01787,23.01787,23.01787,23.01787,0,0
A4S.DE,D,20080827,000000,23.01787,23.01787,23.01787,23.01787,0,0
A4S.DE,D,20080828,000000,23.01787,23.01787,23.01787,23.01787,0,0
A4S.DE,D,20080829,000000,23.01787,23.01787,23.01787,23.01787,0,0
A4S.DE,D,20080901,000000,23.01787,23.01787,23.01787,23.01787,0,0
A4S.DE,D,20080902,000000,23.01787,23.01787,23.01787,23.01787,0,0
A4S.DE,D,20080903,000000,23.01787,23.01787,23.01787,23.01787,0,0
A4S.DE,D,20080904,000000,23.01787,23.01787,23.01787,23.01787,0,0
A4S.DE,D,20080905,000000,23.01787,23.01787,23.01787,23.01787,0,0
A4S.DE,D,20080908,000000,23.01787,23.01787,23.01787,23.01787,0,0
A4S.DE,D,20080909,000000,23.01787,23.01787,23.01787,23.01787,0,0
A4S.DE,D,20080910,000000,23.01787,23.01787,23.01787,23.01787,0,0
A4S.DE,D,20080911,000000,23.01787,23.01787,23.01787,23.01787,0,0
A4S.DE,D,20080912,000000,23.01787,23.01787,23.01787,23.01787,0,0
A4S.DE,D,20080915,000000,23.01787,23.01787,23.01787,23.01787,0,0
A4S.DE,D,20080916,000000,23.01787,23.01787,23.01787,23.01787,0,0
A4S.DE,D,20080917,000000,23.01787,23.01787,23.01787,23.01787,0,0
A4S.DE,D,20080918,000000,23.01787,23.01787,23.01787,23.01787,0,0
A4S.DE,D,20080919,000000,23.01787,23.01787,23.01787,23.01787,0,0
A4S.DE,D,20080923,000000,23.01787,23.01787,23.01787,23.01787,0,0
A4S.DE,D,20080924,000000,23.01787,23.01787,23.01787,23.01787,0,0
A4S.DE,D,20080925,000000,23.01787,23.01787,23.01787,23.01787,0,0
A4S.DE,D,20080926,000000,24.005963,24.005963,24.005963,24.005963,15,0
A4S.DE,D,20080929,000000,24.005963,24.005963,24.005963,24.005963,15,0
A4S.DE,D,20080930,000000,24.005963,24.005963,24.005963,24.005963,0,0
A4S.DE,D,20081001,000000,24.005963,24.005963,24.005963,24.005963,0,0
A4S.DE,D,20081002,000000,24.005963,24.005963,24.005963,24.005963,0,0
A4S.DE,D,20081003,000000,24.005963,24.005963,24.005963,24.005963,0,0
A4S.DE,D,20081006,000000,24.005963,24.005963,24.005963,24.005963,0,0
A4S.DE,D,20081007,000000,24.005963,24.005963,24.005963,24.005963,0,0
A4S.DE,D,20081008,000000,24.005963,24.005963,24.005963,24.005963,0,0
A4S.DE,D,20081009,000000,24.005963,24.005963,24.005963,24.005963,0,0
A4S.DE,D,20081010,000000,24.005963,24.005963,24.005963,24.005963,0,0
A4S.DE,D,20081013,000000,12.242947,12.242947,12.242947,12.242947,18,0
A4S.DE,D,20081014,000000,12.242947,12.242947,12.242947,12.242947,18,0
A4S.DE,D,20081015,000000,12.242947,12.242947,12.242947,12.242947,0,0
A4S.DE,D,20081016,000000,12.242947,12.242947,12.242947,12.242947,0,0
A4S.DE,D,20081017,000000,12.242947,12.242947,12.242947,12.242947,0,0
A4S.DE,D,20081021,000000,12.242947,12.242947,12.242947,12.242947,0,0
A4S.DE,D,20081022,000000,12.242947,12.242947,12.242947,12.242947,0,0
A4S.DE,D,20081023,000000,12.242947,12.242947,12.242947,12.242947,0,0
A4S.DE,D,20081024,000000,12.242947,12.242947,12.242947,12.242947,0,0
A4S.DE,D,20081027,000000,12.242947,12.242947,12.242947,12.242947,0,0
A4S.DE,D,20081028,000000,12.242947,12.242947,12.242947,12.242947,0,0
A4S.DE,D,20081029,000000,12.242947,12.242947,12.242947,12.242947,0,0
A4S.DE,D,20081030,000000,12.242947,12.242947,12.242947,12.242947,0,0
A4S.DE,D,20081031,000000,12.242947,12.242947,12.242947,12.242947,0,0
A4S.DE,D,20081103,000000,12.242947,12.242947,12.242947,12.242947,0,0
A4S.DE,D,20081104,000000,12.242947,12.242947,12.242947,12.242947,0,0
A4S.DE,D,20081106,000000,12.367577,12.367577,12.367577,12.367577,0,0
A4S.DE,D,20081107,000000,12.367577,12.367577,12.367577,12.367577,0,0
A4S.DE,D,20081110,000000,12.367577,12.367577,12.367577,12.367577,0,0
A4S.DE,D,20081111,000000,12.367577,12.367577,12.367577,12.367577,0,0
A4S.DE,D,20081112,000000,12.367577,12.367577,12.367577,12.367577,0,0
A4S.DE,D,20081113,000000,12.367577,12.367577,12.367577,12.367577,0,0
A4S.DE,D,20081114,000000,12.367577,12.367577,12.367577,12.367577,0,0
A4S.DE,D,20081117,000000,12.367577,12.367577,12.367577,12.367577,0,0
A4S.DE,D,20081118,000000,12.367577,12.367577,12.367577,12.367577,0,0
A4S.DE,D,20081119,000000,12.367577,12.367577,12.367577,12.367577,0,0
A4S.DE,D,20081120,000000,12.367577,12.367577,12.367577,12.367577,0,0
A4S.DE,D,20081121,000000,12.367577,12.367577,12.367577,12.367577,0,0
A4S.DE,D,20081124,000000,12.367577,12.367577,12.367577,12.367577,0,0
A4S.DE,D,20081126,000000,12.367577,12.367577,12.367577,12.367577,0,0
A4S.DE,D,20081127,000000,12.367577,12.367577,12.367577,12.367577,0,0
A4S.DE,D,20081128,000000,12.367577,12.367577,12.367577,12.367577,0,0
A4S.DE,D,20081201,000000,12.367577,12.367577,12.367577,12.367577,0,0
A4S.DE,D,20081202,000000,12.367577,12.367577,12.367577,12.367577,0,0
A4S.DE,D,20081203,000000,12.367577,12.367577,12.367577,12.367577,0,0
A4S.DE,D,20081204,000000,12.367577,12.367577,12.367577,12.367577,0,0
A4S.DE,D,20081205,000000,12.367577,12.367577,12.367577,12.367577,0,0
A4S.DE,D,20081209,000000,14.86771,14.86771,14.86771,14.86771,20,0
A4S.DE,D,20081210,000000,14.86771,14.86771,14.86771,14.86771,20,0
A4S.DE,D,20081211,000000,14.86771,14.86771,14.86771,14.86771,0,0
A4S.DE,D,20081212,000000,14.86771,14.86771,14.86771,14.86771,0,0
A4S.DE,D,20081215,000000,14.86771,14.86771,14.86771,14.86771,0,0
A4S.DE,D,20081216,000000,14.86771,14.86771,14.86771,14.86771,0,0
A4S.DE,D,20081217,000000,14.86771,14.86771,14.86771,14.86771,0,0
A4S.DE,D,20081218,000000,14.86771,14.86771,14.86771,14.86771,0,0
A4S.DE,D,20081219,000000,14.86771,14.86771,14.86771,14.86771,0,0
A4S.DE,D,20081222,000000,13.784002,13.784002,13.784002,13.784002,72,0
A4S.DE,D,20081223,000000,13.784002,13.784002,13.784002,13.784002,72,0
A4S.DE,D,20081229,000000,13.784002,13.784002,13.784002,13.784002,0,0
A4S.DE,D,20081230,000000,13.784002,13.784002,13.784002,13.784002,0,0
A4S.DE,D,20090102,000000,13.784002,13.784002,13.784002,13.784002,0,0
A4S.DE,D,20090105,000000,13.784002,13.784002,13.784002,13.784002,0,0
A4S.DE,D,20090106,000000,13.784002,13.784002,13.784002,13.784002,0,0
A4S.DE,D,20090107,000000,13.784002,13.784002,13.784002,13.784002,0,0
A4S.DE,D,20090108,000000,13.784002,13.784002,13.784002,13.784002,0,0
A4S.DE,D,20090109,000000,13.784002,13.784002,13.784002,13.784002,0,0
A4S.DE,D,20090112,000000,13.784002,13.784002,13.784002,13.784002,0,0
A4S.DE,D,20090113,000000,13.784002,13.784002,13.784002,13.784002,0,0
A4S.DE,D,20090114,000000,13.784002,13.784002,13.784002,13.784002,0,0
A4S.DE,D,20090115,000000,13.784002,13.784002,13.784002,13.784002,0,0
A4S.DE,D,20090116,000000,13.784002,13.784002,13.784002,13.784002,0,0
A4S.DE,D,20090120,000000,13.784002,13.784002,13.784002,13.784002,0,0
A4S.DE,D,20090121,000000,13.784002,13.784002,13.784002,13.784002,0,0
A4S.DE,D,20090122,000000,13.784002,13.784002,13.784002,13.784002,0,0
A4S.DE,D,20090123,000000,13.784002,13.784002,13.784002,13.784002,0,0
A4S.DE,D,20090126,000000,13.784002,13.784002,13.784002,13.784002,0,0
A4S.DE,D,20090127,000000,13.784002,13.784002,13.784002,13.784002,0,0
A4S.DE,D,20090128,000000,13.784002,13.784002,13.784002,13.784002,0,0
A4S.DE,D,20090129,000000,13.784002,13.784002,13.784002,13.784002,0,0
A4S.DE,D,20090130,000000,13.784002,13.784002,13.784002,13.784002,0,0
A4S.DE,D,20090202,000000,13.784002,13.784002,13.784002,13.784002,0,0
A4S.DE,D,20090203,000000,13.784002,13.784002,13.784002,13.784002,0,0
A4S.DE,D,20090205,000000,13.911136,13.911136,13.911136,13.911136,0,0
A4S.DE,D,20090206,000000,13.911136,13.911136,13.911136,13.911136,0,0
A4S.DE,D,20090209,000000,13.911136,13.911136,13.911136,13.911136,0,0
A4S.DE,D,20090210,000000,13.911136,13.911136,13.911136,13.911136,0,0
A4S.DE,D,20090211,000000,13.911136,13.911136,13.911136,13.911136,0,0
A4S.DE,D,20090212,000000,13.911136,13.911136,13.911136,13.911136,0,0
A4S.DE,D,20090213,000000,13.911136,13.911136,13.911136,13.911136,0,0
A4S.DE,D,20090216,000000,13.911136,13.911136,13.911136,13.911136,0,0
A4S.DE,D,20090217,000000,13.911136,13.911136,13.911136,13.911136,0,0
A4S.DE,D,20090218,000000,13.911136,13.911136,13.911136,13.911136,0,0
A4S.DE,D,20090219,000000,13.911136,13.911136,13.911136,13.911136,0,0
A4S.DE,D,20090220,000000,13.911136,13.911136,13.911136,13.911136,0,0
A4S.DE,D,20090223,000000,13.911136,13.911136,13.911136,13.911136,0,0
A4S.DE,D,20090224,000000,13.911136,13.911136,13.911136,13.911136,0,0
A4S.DE,D,20090225,000000,13.911136,13.911136,13.911136,13.911136,0,0
A4S.DE,D,20090226,000000,13.911136,13.911136,13.911136,13.911136,0,0
A4S.DE,D,20090302,000000,13.911136,13.911136,13.911136,13.911136,0,0
A4S.DE,D,20090303,000000,13.911136,13.911136,13.911136,13.911136,0,0
A4S.DE,D,20090304,000000,13.911136,13.911136,13.911136,13.911136,0,0
A4S.DE,D,20090305,000000,13.911136,13.911136,13.911136,13.911136,0,0
A4S.DE,D,20090306,000000,13.911136,13.911136,13.911136,13.911136,0,0
A4S.DE,D,20090309,000000,13.911136,13.911136,13.911136,13.911136,0,0
A4S.DE,D,20090310,000000,13.911136,13.911136,13.911136,13.911136,0,0
A4S.DE,D,20090311,000000,13.911136,13.911136,13.911136,13.911136,0,0
A4S.DE,D,20090312,000000,13.911136,13.911136,13.911136,13.911136,0,0
A4S.DE,D,20090313,000000,13.911136,13.911136,13.911136,13.911136,0,0
A4S.DE,D,20090316,000000,13.911136,13.911136,13.911136,13.911136,0,0
A4S.DE,D,20090317,000000,13.911136,13.911136,13.911136,13.911136,0,0
A4S.DE,D,20090318,000000,13.911136,13.911136,13.911136,13.911136,0,0
A4S.DE,D,20090319,000000,13.911136,13.911136,13.911136,13.911136,0,0
A4S.DE,D,20090320,000000,13.911136,13.911136,13.911136,13.911136,0,0
A4S.DE,D,20090323,000000,13.911136,13.911136,13.911136,13.911136,0,0
A4S.DE,D,20090324,000000,13.911136,13.911136,13.911136,13.911136,0,0
A4S.DE,D,20090325,000000,13.911136,13.911136,13.911136,13.911136,0,0
A4S.DE,D,20090326,000000,13.911136,13.911136,13.911136,13.911136,0,0
A4S.DE,D,20090327,000000,13.911136,13.911136,13.911136,13.911136,0,0
A4S.DE,D,20090330,000000,13.911136,13.911136,13.911136,13.911136,0,0
A4S.DE,D,20090331,000000,13.911136,13.911136,13.911136,13.911136,0,0
A4S.DE,D,20090401,000000,13.911136,13.911136,13.911136,13.911136,0,0
A4S.DE,D,20090402,000000,13.911136,13.911136,13.911136,13.911136,0,0
A4S.DE,D,20090403,000000,13.911136,13.911136,13.911136,13.911136,0,0
A4S.DE,D,20090406,000000,13.911136,13.911136,13.911136,13.911136,0,0
A4S.DE,D,20090407,000000,13.911136,13.911136,13.911136,13.911136,0,0
A4S.DE,D,20090408,000000,13.911136,13.911136,13.911136,13.911136,0,0
A4S.DE,D,20090409,000000,13.911136,13.911136,13.911136,13.911136,0,0
A4S.DE,D,20090414,000000,14.39083,14.39083,14.39083,14.39083,29,0
A4S.DE,D,20090416,000000,14.39083,14.39083,14.39083,14.39083,0,0
A4S.DE,D,20090417,000000,14.39083,14.39083,14.39083,14.39083,0,0
A4S.DE,D,20090420,000000,14.39083,14.39083,14.39083,14.39083,0,0
A4S.DE,D,20090421,000000,14.39083,14.39083,14.39083,14.39083,0,0
A4S.DE,D,20090422,000000,14.39083,14.39083,14.39083,14.39083,0,0
A4S.DE,D,20090423,000000,14.39083,14.39083,14.39083,14.39083,0,0
A4S.DE,D,20090424,000000,14.39083,14.39083,14.39083,14.39083,0,0
A4S.DE,D,20090427,000000,14.39083,14.39083,14.39083,14.39083,0,0
A4S.DE,D,20090428,000000,14.39083,14.39083,14.39083,14.39083,0,0
A4S.DE,D,20090429,000000,14.39083,14.39083,14.39083,14.39083,0,0
A4S.DE,D,20090504,000000,14.515213,14.515213,14.515213,14.515213,0,0
A4S.DE,D,20090505,000000,14.515213,14.515213,14.515213,14.515213,0,0
A4S.DE,D,20090506,000000,14.515213,14.515213,14.515213,14.515213,0,0
A4S.DE,D,20090507,000000,14.515213,14.515213,14.515213,14.515213,0,0
A4S.DE,D,20090508,000000,14.515213,14.515213,14.515213,14.515213,0,0
A4S.DE,D,20090511,000000,14.515213,14.515213,14.515213,14.515213,0,0
A4S.DE,D,20090512,000000,14.515213,14.515213,14.515213,14.515213,0,0
A4S.DE,D,20090513,000000,14.515213,14.515213,14.515213,14.515213,0,0
A4S.DE,D,20090514,000000,14.515213,14.515213,14.515213,14.515213,0,0
A4S.DE,D,20090515,000000,14.515213,14.515213,14.515213,14.515213,0,0
A4S.DE,D,20090518,000000,14.515213,14.515213,14.515213,14.515213,0,0
A4S.DE,D,20090519,000000,14.515213,14.515213,14.515213,14.515213,0,0
A4S.DE,D,20090520,000000,14.515213,14.515213,14.515213,14.515213,0,0
A4S.DE,D,20090521,000000,14.515213,14.515213,14.515213,14.515213,0,0
A4S.DE,D,20090522,000000,14.515213,14.515213,14.515213,14.515213,0,0
A4S.DE,D,20090525,000000,14.515213,14.515213,14.515213,14.515213,0,0
A4S.DE,D,20090526,000000,14.515213,14.515213,14.515213,14.515213,0,0
A4S.DE,D,20090527,000000,14.515213,14.515213,14.515213,14.515213,0,0
A4S.DE,D,20090528,000000,14.515213,14.515213,14.515213,14.515213,0,0
A4S.DE,D,20090529,000000,14.515213,14.515213,14.515213,14.515213,0,0
A4S.DE,D,20090601,000000,14.515213,14.515213,14.515213,14.515213,0,0
A4S.DE,D,20090602,000000,14.515213,14.515213,14.515213,14.515213,0,0
A4S.DE,D,20090603,000000,14.515213,14.515213,14.515213,14.515213,0,0
A4S.DE,D,20090604,000000,14.515213,14.515213,14.515213,14.515213,0,0
A4S.DE,D,20090605,000000,14.515213,14.515213,14.515213,14.515213,0,0
A4S.DE,D,20100301,000000,28.804764,28.804764,28.804764,28.804764,0,0
A4S.DE,D,20100302,000000,28.824513,28.824513,28.824513,28.824513,0,0
A4S.DE,D,20100303,000000,28.676391,28.676391,28.676391,28.676391,0,0
A4S.DE,D,20100304,000000,29.012134,29.012134,29.012134,29.012134,0,0
A4S.DE,D,20100305,000000,29.00226,29.00226,29.00226,29.00226,0,0
A4S.DE,D,20100308,000000,29.545373,29.545373,29.545373,29.545373,0,0
A4S.DE,D,20100309,000000,30.424229,30.424229,30.424229,30.424229,0,0
A4S.DE,D,20100310,000000,30.61185,30.61185,30.61185,30.61185,0,0
A4S.DE,D,20100311,000000,30.829096,30.829096,30.829096,30.829096,0,0
A4S.DE,D,20100312,000000,30.118111,30.118111,30.118111,30.118111,0,0
A4S.DE,D,20100315,000000,30.636537,30.636537,30.636537,30.636537,0,0
A4S.DE,D,20100316,000000,30.789597,30.789597,30.789597,30.789597,0,0
A4S.DE,D,20100317,000000,30.759972,30.759972,30.759972,30.759972,0,0
A4S.DE,D,20100318,000000,31.026592,31.026592,31.026592,31.026592,0,0
A4S.DE,D,20100319,000000,31.658578,31.658578,31.658578,31.658578,0,0
A4S.DE,D,20100322,000000,32.004196,32.004196,32.004196,32.004196,0,0
A4S.DE,D,20100323,000000,32.112819,32.112819,32.112819,32.112819,0,0
A4S.DE,D,20100324,000000,31.82645,31.82645,31.82645,31.82645,0,0
A4S.DE,D,20100325,000000,31.964697,31.964697,31.964697,31.964697,0,0
A4S.DE,D,20100326,000000,32.488061,32.488061,32.488061,32.488061,0,0
A4S.DE,D,20100329,000000,32.695431,32.695431,32.695431,32.695431,0,0
A4S.DE,D,20100330,000000,32.675682,32.675682,32.675682,32.675682,0,0
A4S.DE,D,20100331,000000,32.211566,32.211566,32.211566,32.211566,0,0
A4S.DE,D,20100401,000000,32.873177,32.873177,32.873177,32.873177,0,0
A4S.DE,D,20100406,000000,32.9818,32.9818,32.9818,32.9818,0,0
A4S.DE,D,20100407,000000,33.258294,33.258294,33.258294,33.258294,0,0
A4S.DE,D,20100408,000000,33.287919,33.287919,33.287919,33.287919,0,0
A4S.DE,D,20100409,000000,33.584162,33.584162,33.584162,33.584162,0,0
A4S.DE,D,20100412,000000,33.258294,33.258294,33.258294,33.258294,0,0
A4S.DE,D,20100413,000000,33.603912,33.603912,33.603912,33.603912,0,0
A4S.DE,D,20100414,000000,33.021299,33.021299,33.021299,33.021299,0,0
A4S.DE,D,20100415,000000,33.564413,33.564413,33.564413,33.564413,0,0
A4S.DE,D,20100416,000000,33.989029,33.989029,33.989029,33.989029,0,0
A4S.DE,D,20100419,000000,34.571641,34.571641,34.571641,34.571641,0,0
A4S.DE,D,20100420,000000,34.749388,34.749388,34.749388,34.749388,0,0
A4S.DE,D,20100421,000000,34.690139,34.690139,34.690139,34.690139,0,0
A4S.DE,D,20100422,000000,34.492643,34.492643,34.492643,34.492643,0,0
A4S.DE,D,20100423,000000,35.169066,35.169066,35.169066,35.169066,0,0
A4S.DE,D,20100426,000000,35.233252,35.233252,35.233252,35.233252,0,0
A4S.DE,D,20100427,000000,35.80599,35.80599,35.80599,35.80599,0,0
A4S.DE,D,20100428,000000,35.796115,35.796115,35.796115,35.796115,0,0
A4S.DE,D,20100429,000000,35.371499,35.371499,35.371499,35.371499,0,0
A4S.DE,D,20100430,000000,33.189171,33.189171,33.189171,33.189171,0,0
A4S.DE,D,20100503,000000,34.729638,34.729638,34.729638,34.729638,0,0
A4S.DE,D,20100504,000000,35.203628,35.203628,35.203628,35.203628,0,0
A4S.DE,D,20100505,000000,34.331694,34.331694,34.331694,34.331694,0,0
A4S.DE,D,20100506,000000,35.179329,35.179329,35.179329,35.179329,0,0
A4S.DE,D,20100507,000000,29.166574,29.166574,29.166574,29.166574,0,0
A4S.DE,D,20100705,000000,27.887686,27.887686,27.887686,27.887686,42,0
A4S.DE,D,20100721,000000,26.053622,26.053622,26.053622,26.053622,6,0
A4S.DE,D,20100816,000000,32.478064,32.478064,32.478064,32.478064,30,0
A4S.DE,D,20100817,000000,28.900394,28.900394,28.900394,28.900394,7,0
A4S.DE,D,20100902,000000,33.833393,33.833393,33.833393,33.833393,11,0
A4S.DE,D,20100920,000000,36.489239,36.489239,36.489239,36.489239,0,0
A4S.DE,D,20101101,000000,36.225149,36.225149,36.225149,36.225149,0,0
A4S.DE,D,20101102,000000,37.869482,37.869482,37.869482,37.869482,0,0
A4S.DE,D,20101103,000000,36.783226,36.783226,36.783226,36.783226,0,0
A4S.DE,D,20101104,000000,36.42,36.42,36.42,36.42,0,0
A4S.DE,D,20101105,000000,36.76,36.76,36.76,36.76,0,0
A4S.DE,D,20101108,000000,36.51,36.51,36.51,36.51,0,0
A4S.DE,D,20101109,000000,37.31,37.31,37.31,37.31,0,0
A4S.DE,D,20101110,000000,38.945,38.945,38.945,38.945,0,0
A4S.DE,D,20101111,000000,38.8,38.8,38.8,38.8,0,0
A4S.DE,D,20101112,000000,38.36,38.36,38.36,38.36,0,0
A4S.DE,D,20101115,000000,38.77,38.77,38.77,38.77,0,0
A4S.DE,D,20101116,000000,38.44,38.44,38.44,38.44,0,0
A4S.DE,D,20101117,000000,38.23,38.23,38.23,38.23,0,0
A4S.DE,D,20101118,000000,38.18,38.18,38.18,38.18,0,0
A4S.DE,D,20101119,000000,38,38,38,38,0,0
A4S.DE,D,20101122,000000,37.4,37.4,37.4,37.4,0,0
A4S.DE,D,20101123,000000,38,38,38,38,0,0
A4S.DE,D,20101124,000000,37.75,37.75,37.75,37.75,0,0
A4S.DE,D,20101125,000000,37.78,37.78,37.78,37.78,0,0
A4S.DE,D,20101126,000000,37.84,37.84,37.84,37.84,0,0
A4S.DE,D,20101129,000000,38.68,38.68,38.68,38.68,0,0
A4S.DE,D,20101130,000000,38.76,38.76,38.76,38.76,0,0
A4S.DE,D,20101201,000000,38.6,38.6,38.6,38.6,0,0
A4S.DE,D,20101202,000000,39.61,39.61,39.61,39.61,0,0
A4S.DE,D,20101203,000000,39.3,39.3,39.3,39.3,0,0
A4S.DE,D,20101206,000000,40.335,40.335,40.335,40.335,0,0
A4S.DE,D,20101207,000000,39.69,39.69,39.69,39.69,0,0
A4S.DE,D,20101208,000000,40.33,40.33,40.33,40.33,0,0
A4S.DE,D,20101209,000000,40.055,40.055,40.055,40.055,0,0
A4S.DE,D,20101210,000000,41.125,41.125,41.125,41.125,0,0
A4S.DE,D,20101213,000000,42.61,42.61,42.61,42.61,0,0
A4S.DE,D,20101214,000000,41.66,41.66,41.66,41.66,0,0
A4S.DE,D,20101215,000000,41.705,41.705,41.705,41.705,0,0
A4S.DE,D,20101216,000000,41.37,41.37,41.37,41.37,0,0
A4S.DE,D,20101217,000000,41.04,41.04,41.04,41.04,0,0
A4S.DE,D,20101220,000000,41.17,41.17,41.17,41.17,0,0
A4S.DE,D,20101221,000000,41.71,41.71,41.71,41.71,0,0
A4S.DE,D,20101222,000000,41.44,41.44,41.44,41.44,0,0
A4S.DE,D,20101223,000000,41.18,41.18,41.18,41.18,0,0
A4S.DE,D,20101227,000000,43.35,43.35,43.35,43.35,0,0
A4S.DE,D,20101228,000000,43.6,43.6,43.6,43.6,0,0
A4S.DE,D,20101229,000000,43.38,43.38,43.38,43.38,0,0
A4S.DE,D,20101230,000000,43.005,43.005,43.005,43.005,0,0
A4S.DE,D,20110103,000000,43.48,43.48,43.48,43.48,0,0
A4S.DE,D,20110104,000000,43.3,43.3,43.3,43.3,0,0
A4S.DE,D,20110105,000000,43.96,43.96,43.96,43.96,100,0
A4S.DE,D,20200116,000000,154,154,154,154,0,0
A4S.DE,D,20200117,000000,156,159,156,159,62,0
A4S.DE,D,20200120,000000,156,156,156,156,0,0
A4S.DE,D,20200121,000000,155,155,155,155,0,0
A4S.DE,D,20200122,000000,156,156,156,156,0,0
A4S.DE,D,20200123,000000,153,153,153,153,0,0
A4S.DE,D,20200124,000000,155,155,155,155,0,0
A4S.DE,D,20200128,000000,151,151,151,151,0,0
A4S.DE,D,20200129,000000,152,152,152,152,0,0
A4S.DE,D,20200130,000000,152,152,152,152,0,0
A4S.DE,D,20200131,000000,150,150,150,150,0,0
A4S.DE,D,20200203,000000,153,153,153,153,0,0
A4S.DE,D,20200205,000000,160,160,160,160,0,0
A4S.DE,D,20200206,000000,161,161,161,161,0,0
A4S.DE,D,20200207,000000,161,161,161,161,0,0
A4S.DE,D,20200210,000000,160,160,160,160,0,0
A4S.DE,D,20200211,000000,163,163,163,163,0,0
A4S.DE,D,20200212,000000,164,164,164,164,0,0
A4S.DE,D,20200213,000000,163,163,163,163,0,0
A4S.DE,D,20200214,000000,165,165,165,165,0,0
A4S.DE,D,20200217,000000,166,166,166,166,0,0
A4S.DE,D,20200218,000000,163,163,163,163,0,0
A4S.DE,D,20200219,000000,166,166,166,166,0,0
A4S.DE,D,20200220,000000,166,166,166,166,0,0
A4S.DE,D,20200221,000000,163,163,163,163,0,0
A4S.DE,D,20200225,000000,149,149,149,149,0,0
A4S.DE,D,20200226,000000,148,148,148,148,0,0
A4S.DE,D,20200302,000000,129,129,129,129,0,0
A4S.DE,D,20200303,000000,128,128,128,128,0,0
A4S.DE,D,20200304,000000,128,128,128,128,0,0
A4S.DE,D,20200310,000000,97.5,98,97.5,98,9,0
A4S.DE,D,20200311,000000,100,100,100,100,0,0
A4S.DE,D,20200312,000000,92,92,92,92,145,0
A4S.DE,D,20200313,000000,92,92,92,92,0,0
A4S.DE,D,20200318,000000,78.5,78.5,78.5,78.5,0,0
A4S.DE,D,20200326,000000,99.5,99.5,99.5,99.5,0,0
A4S.DE,D,20200330,000000,96,96,96,96,0,0
A4S.DE,D,20200331,000000,97,97,97,97,0,0
A4S.DE,D,20200402,000000,90,90,90,90,0,0
A4S.DE,D,20200408,000000,100,100,100,100,0,0
A4S.DE,D,20200414,000000,104,104,104,104,0,0
A4S.DE,D,20200415,000000,102,102,97.5,97.5,50,0
A4S.DE,D,20200416,000000,93.5,93.5,93.5,93.5,0,0
A4S.DE,D,20200420,000000,101,101,101,101,0,0
A4S.DE,D,20200421,000000,97.5,97.5,97.5,97.5,0,0
A4S.DE,D,20200422,000000,99.5,99.5,99.5,99.5,0,0
A4S.DE,D,20200423,000000,98.5,98.5,98.5,98.5,0,0
A4S.DE,D,20200424,000000,96.5,96.5,96.5,96.5,0,0
A4S.DE,D,20200428,000000,105,105,105,105,0,0
A4S.DE,D,20200429,000000,108,108,108,108,0,0
A4S.DE,D,20200430,000000,106,106,106,106,0,0
A4S.DE,D,20200506,000000,100,100,100,100,0,0
A4S.DE,D,20200508,000000,115,115,115,115,0,0
A4S.DE,D,20200511,000000,119,119,114,114,105,0
A4S.DE,D,20200512,000000,117,117,115,115,193,0
A4S.DE,D,20200514,000000,110,110,110,110,0,0
A4S.DE,D,20200515,000000,114,114,114,114,0,0
A4S.DE,D,20200518,000000,117,119,117,119,1,0
A4S.DE,D,20200519,000000,121,121,121,121,0,0
A4S.DE,D,20200520,000000,121,121,121,121,0,0
A4S.DE,D,20200521,000000,121,121,121,121,0,0
A4S.DE,D,20200522,000000,120,120,120,120,0,0
A4S.DE,D,20200525,000000,120,122,120,122,1,0
A4S.DE,D,20200527,000000,134,134,134,134,0,0
A4S.DE,D,20200528,000000,133,133,133,133,0,0
A4S.DE,D,20200604,000000,133,136,133,136,22,0
A4S.DE,D,20200605,000000,140,140,140,140,0,0
A4S.DE,D,20200608,000000,143,143,143,143,0,0
A4S.DE,D,20200609,000000,142,142,142,142,0,0
A4S.DE,D,20200610,000000,138,138,138,138,0,0
A4S.DE,D,20200612,000000,128,128,128,128,0,0
A4S.DE,D,20200615,000000,131,131,131,131,0,0
A4S.DE,D,20200617,000000,137,137,137,137,0,0
A4S.DE,D,20200618,000000,136,136,136,136,0,0
A4S.DE,D,20200619,000000,135,135,135,135,0,0
A4S.DE,D,20200622,000000,133,133,133,133,0,0
A4S.DE,D,20200623,000000,133,133,133,133,0,0
A4S.DE,D,20200624,000000,127,127,127,127,0,0
A4S.DE,D,20200625,000000,133,133,133,133,0,0
A4S.DE,D,20200626,000000,130,130,130,130,0,0
A4S.DE,D,20200629,000000,132,132,132,132,0,0
A4S.DE,D,20200630,000000,135,135,135,135,0,0
A4S.DE,D,20200701,000000,131,131,131,131,0,0
A4S.DE,D,20200702,000000,133,133,133,133,0,0
A4S.DE,D,20200703,000000,130,130,130,130,0,0
A4S.DE,D,20200706,000000,133,133,133,133,0,0
A4S.DE,D,20200707,000000,132,132,132,132,0,0
A4S.DE,D,20200708,000000,130,130,130,130,0,0
A4S.DE,D,20200709,000000,127,127,127,127,0,0
A4S.DE,D,20200710,000000,130,130,130,130,0,0
A4S.DE,D,20200713,000000,132,132,132,132,0,0
A4S.DE,D,20200714,000000,132,132,132,132,0,0
A4S.DE,D,20200715,000000,135,135,135,135,0,0
A4S.DE,D,20200716,000000,136,136,136,136,0,0
A4S.DE,D,20200717,000000,135,135,135,135,0,0
A4S.DE,D,20200720,000000,135,135,135,135,0,0
A4S.DE,D,20200721,000000,138,138,138,138,0,0
A4S.DE,D,20200722,000000,138,138,138,138,0,0
A4S.DE,D,20200723,000000,137,137,137,137,0,0
A4S.DE,D,20200724,000000,135,135,135,135,0,0
A4S.DE,D,20200727,000000,133,133,133,133,0,0
A4S.DE,D,20200728,000000,133,133,133,133,0,0
A4S.DE,D,20200729,000000,131,131,131,131,0,0
A4S.DE,D,20200730,000000,130,130,130,130,0,0
A4S.DE,D,20200731,000000,130,130,130,130,0,0
A4S.DE,D,20200803,000000,132,132,132,132,0,0
A4S.DE,D,20200804,000000,131,131,131,131,0,0
A4S.DE,D,20200805,000000,132,132,132,132,0,0
A4S.DE,D,20200806,000000,131,131,131,131,0,0
A4S.DE,D,20200807,000000,132,132,132,132,0,0
A4S.DE,D,20200812,000000,138,138,138,138,0,0
A4S.DE,D,20200813,000000,136,136,136,136,0,0
A4S.DE,D,20200814,000000,136,136,136,136,0,0
A4S.DE,D,20200817,000000,135,135,135,135,0,0
A4S.DE,D,20200818,000000,133,133,133,133,0,0
A4S.DE,D,20200819,000000,135,135,135,135,0,0
A4S.DE,D,20200820,000000,133,133,133,133,0,0
A4S.DE,D,20200821,000000,132,132,132,132,0,0
A4S.DE,D,20200824,000000,135,135,135,135,0,0
A4S.DE,D,20200825,000000,134,135,133,134,2310,0
A4S.DE,D,20200826,000000,133,133,133,133,0,0
A4S.DE,D,20200827,000000,135,135,135,135,0,0
A4S.DE,D,20200828,000000,133,133,133,133,0,0
A4S.DE,D,20200831,000000,132,132,132,132,0,0
A4S.DE,D,20200901,000000,132,132,132,132,0,0
A4S.DE,D,20200902,000000,135,135,135,135,0,0
A4S.DE,D,20200903,000000,133,133,133,133,0,0
A4S.DE,D,20200904,000000,132,132,132,132,0,0
A4S.DE,D,20200907,000000,133,133,133,133,0,0
A4S.DE,D,20200909,000000,127,127,127,127,0,0
A4S.DE,D,20200910,000000,127,127,127,127,0,0
A4S.DE,D,20200911,000000,129,129,129,129,0,0
A4S.DE,D,20200914,000000,131,131,131,131,0,0
A4S.DE,D,20200915,000000,130,130,130,130,0,0
A4S.DE,D,20200917,000000,133,133,133,133,0,0
A4S.DE,D,20200918,000000,134,134,134,134,708,0
A4S.DE,D,20200921,000000,132,132,128,128,2124,0
A4S.DE,D,20200922,000000,129,129,126,126,560,0
A4S.DE,D,20200923,000000,129,129,129,129,342,0
A4S.DE,D,20200925,000000,124,126,124,126,56,0
A4S.DE,D,20200929,000000,128,128,128,128,25,0
A4S.DE,D,20201001,000000,132,133,131,133,1524,0
A4S.DE,D,20201002,000000,132,134,132,134,2520,0
A4S.DE,D,20201006,000000,140,140,140,140,0,0
A4S.DE,D,20201007,000000,139,139,139,139,112,0
A4S.DE,D,20201009,000000,144,144,144,144,0,0
A4S.DE,D,20201012,000000,146,146,146,146,0,0
A4S.DE,D,20201013,000000,144,144,144,144,0,0
A4S.DE,D,20201014,000000,143,143,143,143,0,0
A4S.DE,D,20201015,000000,146,146,146,146,0,0
A4S.DE,D,20201016,000000,147,147,147,147,0,0
A4S.DE,D,20201019,000000,146,146,146,146,0,0
A4S.DE,D,20201020,000000,143,143,143,143,0,0
A4S.DE,D,20201021,000000,143,143,143,143,0,0
A4S.DE,D,20201022,000000,142,142,142,142,0,0
A4S.DE,D,20201023,000000,144,144,144,144,0,0
A4S.DE,D,20201027,000000,138,138,138,138,0,0
A4S.DE,D,20201028,000000,136,136,136,136,0,0
A4S.DE,D,20201029,000000,138,138,138,138,0,0
A4S.DE,D,20201030,000000,138,138,138,138,0,0
A4S.DE,D,20201104,000000,142,142,140,140,400,0
A4S.DE,D,20201106,000000,144,144,144,144,0,0
A4S.DE,D,20201110,000000,154,154,154,154,0,0
A4S.DE,D,20201111,000000,156,156,156,156,0,0
A4S.DE,D,20201112,000000,153,153,153,153,0,0
A4S.DE,D,20201113,000000,155,155,155,155,0,0
A4S.DE,D,20201116,000000,159,159,159,159,0,0
A4S.DE,D,20201117,000000,156,156,156,156,0,0
A4S.DE,D,20201118,000000,159,159,159,159,0,0
A4S.DE,D,20201119,000000,155,155,155,155,0,0
A4S.DE,D,20201120,000000,153,153,153,153,0,0
A4S.DE,D,20201123,000000,155,155,155,155,0,0
A4S.DE,D,20201124,000000,159,160,159,160,100,0
A4S.DE,D,20201125,000000,160,160,160,160,0,0
A4S.DE,D,20201126,000000,160,160,160,160,0,0
A4S.DE,D,20201127,000000,159,159,159,159,100,0
A4S.DE,D,20201130,000000,157,157,157,157,0,0
A4S.DE,D,20201201,000000,158,158,158,158,96,0
A4S.DE,D,20201202,000000,158,158,158,158,0,0
A4S.DE,D,20201203,000000,161,161,161,161,96,0
A4S.DE,D,20201204,000000,163,163,163,163,0,0
A4S.DE,D,20201207,000000,159,160,159,160,96,0
A4S.DE,D,20201208,000000,159,159,159,159,0,0
A4S.DE,D,20201209,000000,161,161,161,161,0,0
A4S.DE,D,20201210,000000,159,159,159,159,0,0
A4S.DE,D,20201211,000000,158,158,158,158,0,0
A4S.DE,D,20201214,000000,158,158,158,158,94,0
A4S.DE,D,20201215,000000,157,157,157,157,0,0
A4S.DE,D,20201216,000000,157,157,157,157,0,0
A4S.DE,D,20201217,000000,155,155,155,155,0,0
A4S.DE,D,20201218,000000,154,154,154,154,0,0
A4S.DE,D,20201221,000000,153,153,153,153,0,0
A4S.DE,D,20201222,000000,154,154,154,154,0,0
A4S.DE,D,20201223,000000,154,154,154,154,98,0
A4S.DE,D,20201228,000000,158,158,158,158,0,0
A4S.DE,D,20201229,000000,155,155,155,155,0,0
A4S.DE,D,20201230,000000,155,155,155,155,0,0
A4S.DE,D,20210104,000000,154,154,154,154,0,0
A4S.DE,D,20210105,000000,152,153,152,153,294,0
A4S.DE,D,20210107,000000,164,164,164,164,0,0
A4S.DE,D,20210108,000000,164,164,164,164,0,0
A4S.DE,D,20210111,000000,166,166,166,166,0,0
A4S.DE,D,20210112,000000,170,170,170,170,0,0
A4S.DE,D,20210113,000000,167,167,167,167,0,0
A4S.DE,D,20210114,000000,169,169,169,169,0,0
A4S.DE,D,20210115,000000,170,170,170,170,0,0
A4S.DE,D,20210118,000000,173,173,173,173,0,0
A4S.DE,D,20210119,000000,175,175,175,175,0,0
A4S.DE,D,20210120,000000,177,177,177,177,0,0
A4S.DE,D,20210121,000000,176,176,176,176,0,0
A4S.DE,D,20210122,000000,174,174,174,174,0,0
A4S.DE,D,20210125,000000,174,174,174,174,0,0
A4S.DE,D,20210126,000000,175,175,175,175,0,0
A4S.DE,D,20210127,000000,171,171,171,171,0,0
A4S.DE,D,20210128,000000,168,168,168,168,0,0
A4S.DE,D,20210129,000000,164,164,164,164,0,0
A4S.DE,D,20210201,000000,164,164,164,164,0,0
A4S.DE,D,20210203,000000,169,169,169,169,0,0
A4S.DE,D,20210205,000000,176,176,176,176,0,0
A4S.DE,D,20210208,000000,176,176,176,176,0,0
A4S.DE,D,20210209,000000,177,177,177,177,0,0
A4S.DE,D,20210210,000000,178,178,178,178,0,0
A4S.DE,D,20210211,000000,178,178,178,178,0,0
A4S.DE,D,20210212,000000,180,180,180,180,0,0
A4S.DE,D,20210215,000000,181,181,181,181,0,0
A4S.DE,D,20210216,000000,182,182,182,182,0,0
A4S.DE,D,20210217,000000,181,181,181,181,0,0
A4S.DE,D,20210218,000000,178,178,178,178,0,0
A4S.DE,D,20210219,000000,182,182,182,182,0,0
A4S.DE,D,20210222,000000,186,186,186,186,0,0
A4S.DE,D,20210223,000000,184,184,184,184,0,0
A4S.DE,D,20210225,000000,187,187,187,187,0,0
A4S.DE,D,20210226,000000,185,185,185,185,0,0
A4S.DE,D,20210302,000000,188,188,188,188,0,0
A4S.DE,D,20210303,000000,188,188,188,188,0,0
A4S.DE,D,20210305,000000,181,181,181,181,0,0
A4S.DE,D,20210309,000000,190,190,190,190,0,0
A4S.DE,D,20210310,000000,191,191,191,191,0,0
A4S.DE,D,20210311,000000,191,191,191,191,0,0
A4S.DE,D,20210312,000000,189,189,189,189,0,0
A4S.DE,D,20210315,000000,188,188,188,188,0,0
A4S.DE,D,20210316,000000,186,186,186,186,0,0
A4S.DE,D,20210317,000000,186,186,186,186,0,0
A4S.DE,D,20210319,000000,193,193,193,193,0,0
A4S.DE,D,20210322,000000,191,191,191,191,0,0
A4S.DE,D,20210323,000000,191,191,191,191,0,0
A4S.DE,D,20210324,000000,191,191,191,191,0,0
A4S.DE,D,20210325,000000,191,191,191,191,0,0
A4S.DE,D,20210326,000000,195,195,195,195,0,0
A4S.DE,D,20210329,000000,194,194,194,194,0,0
A4S.DE,D,20210330,000000,198,198,198,198,0,0
A4S.DE,D,20210331,000000,198,198,198,198,0,0
A4S.DE,D,20210401,000000,200,200,200,200,0,0
A4S.DE,D,20210406,000000,200,200,200,200,0,0
A4S.DE,D,20210407,000000,198,198,198,198,0,0
A4S.DE,D,20210408,000000,198,198,198,198,0,0
A4S.DE,D,20210409,000000,202,202,202,202,0,0
A4S.DE,D,20210412,000000,204,204,204,204,0,0
A4S.DE,D,20210413,000000,204,204,204,204,0,0
A4S.DE,D,20210414,000000,208,208,208,208,0,0
A4S.DE,D,20210415,000000,206,206,206,206,0,0
A4S.DE,D,20210416,000000,206,206,206,206,0,0
A4S.DE,D,20210419,000000,206,206,206,206,0,0
A4S.DE,D,20210420,000000,202,202,202,202,0,0
A4S.DE,D,20210421,000000,202,202,202,202,29,0
A4S.DE,D,20210422,000000,206,206,206,206,0,0
A4S.DE,D,20210423,000000,199,199,199,199,10,0
A4S.DE,D,20210428,000000,212,214,212,214,10,0
A4S.DE,D,20210429,000000,214,214,214,214,76,0
A4S.DE,D,20210430,000000,214,216,214,216,532,0
A4S.DE,D,20210503,000000,214,216,214,216,2356,0
A4S.DE,D,20210504,000000,216,218,212,214,453,0
A4S.DE,D,20210505,000000,216,218,216,218,19,0
A4S.DE,D,20210506,000000,216,218,216,218,75,0
A4S.DE,D,20210507,000000,218,218,218,218,0,0
A4S.DE,D,20210510,000000,222,222,222,222,0,0
A4S.DE,D,20210512,000000,214,214,212,212,560,0
A4S.DE,D,20210513,000000,210,212,210,212,210,0
A4S.DE,D,20210514,000000,212,212,212,212,1680,0
A4S.DE,D,20210517,000000,212,212,210,212,595,0
A4S.DE,D,20210518,000000,212,212,210,210,2397228,0
A4S.DE,D,20210519,000000,206,208,204,206,3595778,0
A4S.DE,D,20210520,000000,208,208,208,208,4193853,0
A4S.DE,D,20210521,000000,210,210,210,210,1728,0
A4S.DE,D,20210525,000000,212,212,210,210,1732,0
A4S.DE,D,20210526,000000,208,210,208,210,1584,0
A4S.DE,D,20210527,000000,214,214,212,212,82,0
A4S.DE,D,20210528,000000,212,212,212,212,686,0
A4S.DE,D,20210531,000000,210,214,210,214,12,0
A4S.DE,D,20210601,000000,214,216,214,216,88,0
A4S.DE,D,20210602,000000,214,216,214,216,130,0
A4S.DE,D,20210603,000000,218,220,218,220,1163,0
A4S.DE,D,20210604,000000,216,216,216,216,3168,0
A4S.DE,D,20210607,000000,218,218,218,218,360,0
A4S.DE,D,20210608,000000,216,216,216,216,1610,0
A4S.DE,D,20210609,000000,214,216,214,216,350,0
A4S.DE,D,20210610,000000,216,216,214,214,140,0
A4S.DE,D,20210611,000000,208,214,208,214,15,0
A4S.DE,D,20210614,000000,212,212,212,212,640,0
A4S.DE,D,20210615,000000,212,212,208,208,89,0
A4S.DE,D,20210616,000000,208,210,208,210,2177,0
A4S.DE,D,20210617,000000,212,212,208,208,792,0
A4S.DE,D,20210618,000000,200,202,200,202,50,0
A4S.DE,D,20210621,000000,204,204,204,204,0,0
A4S.DE,D,20210622,000000,202,206,202,206,82,0
A4S.DE,D,20210623,000000,202,204,202,204,2,0
A4S.DE,D,20210624,000000,204,204,204,204,1,0
A4S.DE,D,20210625,000000,204,208,204,208,15,0
A4S.DE,D,20210628,000000,206,206,206,206,0,0
A4S.DE,D,20210629,000000,204,210,204,210,5,0
A4S.DE,D,20210630,000000,210,210,210,210,8,0
A4S.DE,D,20210701,000000,212,212,212,212,0,0
A4S.DE,D,20210702,000000,214,214,214,214,1,0
A4S.DE,D,20210705,000000,212,212,212,212,0,0
A4S.DE,D,20210706,000000,210,210,210,210,0,0
A4S.DE,D,20210707,000000,210,210,210,210,0,0
A4S.DE,D,20210708,000000,206,206,206,206,0,0
A4S.DE,D,20210709,000000,210,210,210,210,0,0
A4S.DE,D,20210712,000000,212,212,212,212,0,0
A4S.DE,D,20210713,000000,212,212,212,212,0,0
A4S.DE,D,20210714,000000,208,208,208,208,0,0
A4S.DE,D,20210715,000000,212,212,212,212,0,0
A4S.DE,D,20210716,000000,212,212,212,212,0,0
A4S.DE,D,20210722,000000,212,212,212,212,0,0
A4S.DE,D,20210723,000000,214,214,214,214,0,0
A4S.DE,D,20210726,000000,214,214,214,214,0,0
A4S.DE,D,20210727,000000,208,212,208,212,5,0
A4S.DE,D,20210728,000000,214,214,214,214,0,0
A4S.DE,D,20210729,000000,218,218,218,218,0,0
A4S.DE,D,20210730,000000,218,218,218,218,5,0
A4S.DE,D,20210802,000000,220,220,220,220,0,0
A4S.DE,D,20210803,000000,218,218,218,218,0,0
A4S.DE,D,20210804,000000,220,220,220,220,0,0
A4S.DE,D,20210805,000000,220,220,220,220,0,0
A4S.DE,D,20210809,000000,226,226,226,226,0,0
A4S.DE,D,20210810,000000,230,230,230,230,0,0
A4S.DE,D,20210811,000000,232,232,232,232,0,0
A4S.DE,D,20210812,000000,232,232,232,232,0,0
A4S.DE,D,20210813,000000,230,230,230,230,0,0
A4S.DE,D,20210816,000000,232,232,232,232,0,0
A4S.DE,D,20210817,000000,230,230,230,230,0,0
A4S.DE,D,20210818,000000,230,230,230,230,0,0
A4S.DE,D,20210820,000000,224,224,224,224,2,0
A4S.DE,D,20210823,000000,228,228,228,228,0,0
A4S.DE,D,20210824,000000,228,228,228,228,0,0
