<TICKER>,<PER>,<DATE>,<TIME>,<OPEN>,<HIGH>,<LOW>,<CLOSE>,<VOL>,<OPENINT>
AB9.DE,D,20200402,000000,17.2,17.2,17.1,17.1,29,0
AB9.DE,D,20200403,000000,17.3,17.5,17.1,17.1,610,0
AB9.DE,D,20200406,000000,17.2,17.4,16.9,16.9,1090,0
AB9.DE,D,20200407,000000,17,17.5,16.8,17.2,2059,0
AB9.DE,D,20200408,000000,17.4,17.5,17.4,17.4,313,0
AB9.DE,D,20200409,000000,17.6,17.6,17.4,17.4,367,0
AB9.DE,D,20200414,000000,17.5,17.5,17.4,17.4,335,0
AB9.DE,D,20200415,000000,17.2,17.4,17.2,17.3,270,0
AB9.DE,D,20200416,000000,17.3,17.3,17.3,17.3,0,0
AB9.DE,D,20200417,000000,17.5,17.6,17.5,17.5,178,0
AB9.DE,D,20200420,000000,17.4,17.4,17.2,17.2,2350,0
AB9.DE,D,20200421,000000,17.3,17.3,17.2,17.2,169,0
AB9.DE,D,20200422,000000,17.3,17.3,17.2,17.2,120,0
AB9.DE,D,20200423,000000,17.3,17.4,17.2,17.2,761,0
AB9.DE,D,20200424,000000,17.5,17.6,17.4,17.4,125,0
AB9.DE,D,20200427,000000,17.5,17.5,17.5,17.5,200,0
AB9.DE,D,20200428,000000,17.6,18.2,17.6,18.1,2847,0
AB9.DE,D,20200429,000000,18.2,19.7,17.9,19.7,8268,0
AB9.DE,D,20200430,000000,19.7,19.7,19,19.5,2052,0
AB9.DE,D,20200504,000000,19.2,19.2,19,19.2,422,0
AB9.DE,D,20200505,000000,19.4,19.6,19.4,19.4,60,0
AB9.DE,D,20200506,000000,19.3,19.3,19.1,19.1,2749,0
AB9.DE,D,20200507,000000,19.6,19.6,19.1,19.4,2903,0
AB9.DE,D,20200508,000000,19.6,19.6,19,19,1659,0
AB9.DE,D,20200511,000000,19.2,19.7,19.2,19.5,1598,0
AB9.DE,D,20200512,000000,19.7,21.6,19.7,21.6,3422,0
AB9.DE,D,20200513,000000,20.6,21.4,20,21.2,1553,0
AB9.DE,D,20200514,000000,21.4,21.4,20,21,3238,0
AB9.DE,D,20200515,000000,21,21,20.8,20.8,578,0
AB9.DE,D,20200518,000000,20.2,21,20.2,20.8,828,0
AB9.DE,D,20200519,000000,21,21,20.8,20.8,666,0
AB9.DE,D,20200520,000000,20.8,20.8,20.4,20.6,1300,0
AB9.DE,D,20200521,000000,20.4,20.6,20.4,20.6,64,0
AB9.DE,D,20200522,000000,20.8,21,20.8,20.8,36,0
AB9.DE,D,20200525,000000,20.8,21,20.8,21,1443,0
AB9.DE,D,20200526,000000,21,21,20.8,21,800,0
AB9.DE,D,20200527,000000,21,21,21,21,0,0
AB9.DE,D,20200528,000000,21,21,21,21,466,0
AB9.DE,D,20200529,000000,21,21,21,21,287,0
AB9.DE,D,20200602,000000,20.4,21.4,20.4,21.4,1046,0
AB9.DE,D,20200603,000000,21.6,21.8,21.6,21.6,226,0
AB9.DE,D,20200604,000000,21.2,21.2,20.8,21,2643,0
AB9.DE,D,20200605,000000,21,21.2,20.6,21,3184,0
AB9.DE,D,20200608,000000,21,21.6,21,21.4,1095,0
AB9.DE,D,20200609,000000,21.6,21.6,21.4,21.6,1864,0
AB9.DE,D,20200610,000000,21.6,21.8,21.6,21.8,3714,0
AB9.DE,D,20200611,000000,21.6,21.8,21.4,21.4,864,0
AB9.DE,D,20200612,000000,21.8,21.8,21.8,21.8,0,0
AB9.DE,D,20200615,000000,21.2,21.4,21,21,1301,0
AB9.DE,D,20200616,000000,20.6,21.2,20.6,21,352,0
AB9.DE,D,20200617,000000,20.6,21,20.6,21,853,0
AB9.DE,D,20200618,000000,21.2,21.4,21.2,21.4,265,0
AB9.DE,D,20200619,000000,21,21.2,20.8,20.8,3430,0
AB9.DE,D,20200622,000000,21.4,21.6,21,21.4,652,0
AB9.DE,D,20200623,000000,21.2,21.8,21.2,21.8,2002,0
AB9.DE,D,20200624,000000,21.8,22,21.6,21.8,2358,0
AB9.DE,D,20200625,000000,21.8,21.8,21.4,21.6,330,0
AB9.DE,D,20200626,000000,21.4,22,21.4,21.6,4238,0
AB9.DE,D,20200629,000000,21.4,21.6,21.4,21.6,561,0
AB9.DE,D,20200630,000000,21.6,21.6,21.6,21.6,0,0
AB9.DE,D,20200701,000000,21.4,21.6,21.4,21.6,1498,0
AB9.DE,D,20200702,000000,21.4,21.6,21.4,21.6,1000,0
AB9.DE,D,20200703,000000,21.4,21.6,21.4,21.6,205,0
AB9.DE,D,20200706,000000,21.4,21.6,21.2,21.6,2374,0
AB9.DE,D,20200707,000000,21.6,21.6,21.6,21.6,640,0
AB9.DE,D,20200708,000000,21.4,21.4,21.2,21.4,670,0
AB9.DE,D,20200709,000000,21.6,21.6,21.2,21.6,984,0
AB9.DE,D,20200710,000000,21.2,21.4,21.2,21.4,290,0
AB9.DE,D,20200713,000000,21.2,21.4,21,21.2,118,0
AB9.DE,D,20200714,000000,21.4,21.4,21,21.4,751,0
AB9.DE,D,20200715,000000,21.4,21.4,21.4,21.4,310,0
AB9.DE,D,20200716,000000,21.2,21.4,21.2,21.4,31,0
AB9.DE,D,20200717,000000,21.4,21.4,21.2,21.4,530,0
AB9.DE,D,20200720,000000,21.6,21.6,21.2,21.4,502,0
AB9.DE,D,20200721,000000,21.6,21.6,21.6,21.6,332,0
AB9.DE,D,20200722,000000,21.4,21.6,21.2,21.4,870,0
AB9.DE,D,20200723,000000,21.4,22.2,21.4,21.8,1848,0
AB9.DE,D,20200724,000000,21.6,21.8,21.4,21.6,902,0
AB9.DE,D,20200727,000000,21.6,21.6,21.4,21.4,467,0
AB9.DE,D,20200728,000000,21.6,21.6,21.2,21.4,399,0
AB9.DE,D,20200729,000000,21.6,21.6,21.6,21.6,42,0
AB9.DE,D,20200730,000000,21.2,21.2,21,21,910,0
AB9.DE,D,20200731,000000,20.8,21.2,20.8,21.2,220,0
AB9.DE,D,20200803,000000,21.2,21.6,21.2,21.6,713,0
AB9.DE,D,20200804,000000,21.6,21.6,21.4,21.6,658,0
AB9.DE,D,20200805,000000,21.4,21.8,21.4,21.6,6135,0
AB9.DE,D,20200806,000000,21.8,22,21.8,22,90,0
AB9.DE,D,20200807,000000,21.8,21.8,21.6,21.6,455,0
AB9.DE,D,20200810,000000,21.8,21.8,21.4,21.4,1228,0
AB9.DE,D,20200811,000000,21.4,21.6,21,21.6,2247,0
AB9.DE,D,20200812,000000,21.4,21.6,21.4,21.6,109,0
AB9.DE,D,20200813,000000,21.2,21.4,21.2,21.2,340,0
AB9.DE,D,20200814,000000,21,21.4,21,21.4,1274,0
AB9.DE,D,20200817,000000,21.2,21.6,21.2,21.6,2001,0
AB9.DE,D,20200818,000000,22,24.8,22,24.4,4100,0
AB9.DE,D,20200819,000000,24.8,25.8,24.4,25.4,10378,0
AB9.DE,D,20200820,000000,24.8,24.8,23.6,24.2,2334,0
AB9.DE,D,20200821,000000,24.4,24.6,24,24.4,1329,0
AB9.DE,D,20200824,000000,25.8,27.6,25.2,26.8,3042,0
AB9.DE,D,20200825,000000,27.6,27.6,26.8,27.6,3211,0
AB9.DE,D,20200826,000000,27,27.2,27,27,326,0
AB9.DE,D,20200827,000000,27.2,27.4,27,27,1181,0
AB9.DE,D,20200828,000000,27,27.2,26.8,27,199,0
AB9.DE,D,20200831,000000,27.2,27.6,26.6,27.4,1725,0
AB9.DE,D,20200901,000000,27.2,28,27.2,27.8,423,0
AB9.DE,D,20200902,000000,28,28,27.8,27.8,68,0
AB9.DE,D,20200903,000000,27.8,27.8,27.6,27.6,50,0
AB9.DE,D,20200904,000000,27.8,27.8,26.6,26.8,2111,0
AB9.DE,D,20200907,000000,26.4,27,26.2,27,352,0
AB9.DE,D,20200908,000000,28,28,27,27,1297,0
AB9.DE,D,20200909,000000,27.4,27.4,26.6,26.6,451,0
AB9.DE,D,20200910,000000,26.6,26.8,26,26.6,1034,0
AB9.DE,D,20200911,000000,26.2,26.4,26,26.2,1935,0
AB9.DE,D,20200914,000000,26.8,27,26.4,26.4,2223,0
AB9.DE,D,20200915,000000,26.6,26.6,26.2,26.4,617,0
AB9.DE,D,20200916,000000,26.6,26.6,25.8,26,1852,0
AB9.DE,D,20200917,000000,25.8,26.4,25.8,26,200,0
AB9.DE,D,20200918,000000,25.8,25.8,23.4,24.6,4095,0
AB9.DE,D,20200921,000000,25,25,24,24.4,135,0
AB9.DE,D,20200922,000000,24.6,25,24.6,24.8,364,0
AB9.DE,D,20200923,000000,24.8,25.6,24.8,25.4,684,0
AB9.DE,D,20200924,000000,25.2,25.6,25.2,25.4,376,0
AB9.DE,D,20200925,000000,25,25.8,24.8,25.8,554,0
AB9.DE,D,20200928,000000,26,26,25.6,25.6,203,0
AB9.DE,D,20200929,000000,26,26,25.6,26,771,0
AB9.DE,D,20200930,000000,25.4,26.4,25.4,26,366,0
AB9.DE,D,20201001,000000,26,27,26,26.8,539,0
AB9.DE,D,20201002,000000,26.4,28.8,26,28.4,16815,0
AB9.DE,D,20201005,000000,29,29.8,28.4,29.6,2078,0
AB9.DE,D,20201006,000000,29,29.4,28.8,29.4,150,0
AB9.DE,D,20201007,000000,29.2,29.4,29,29.4,413,0
AB9.DE,D,20201008,000000,29.4,31.2,29.4,30,3448,0
AB9.DE,D,20201009,000000,30,31.2,29.8,31,1035,0
AB9.DE,D,20201012,000000,31.2,31.8,31,31.6,1283,0
AB9.DE,D,20201013,000000,31.2,31.2,29.8,30.8,2570,0
AB9.DE,D,20201014,000000,30.6,31,29.8,30.8,2037,0
AB9.DE,D,20201015,000000,30,30,28.2,28.6,2185,0
AB9.DE,D,20201016,000000,29.2,29.8,29,29.4,590,0
AB9.DE,D,20201019,000000,29.8,30.8,29.8,30.4,1313,0
AB9.DE,D,20201020,000000,30.8,30.8,29.6,30.2,269,0
AB9.DE,D,20201021,000000,30,30,29,29.6,1131,0
AB9.DE,D,20201022,000000,29.4,30.6,29.4,30.4,1222,0
AB9.DE,D,20201023,000000,30.6,30.6,30.2,30.4,380,0
AB9.DE,D,20201026,000000,30.4,30.4,29,29.4,1291,0
AB9.DE,D,20201027,000000,28.8,30,28,30,1478,0
AB9.DE,D,20201028,000000,29.8,29.8,28,28.6,2085,0
AB9.DE,D,20201029,000000,28.4,29.2,28.4,28.8,546,0
AB9.DE,D,20201030,000000,29.2,29.2,28.4,28.8,123,0
AB9.DE,D,20201102,000000,29.2,30.2,29.2,30,1448,0
AB9.DE,D,20201103,000000,30.4,31,30,30.2,747,0
AB9.DE,D,20201104,000000,30.6,30.6,30.2,30.2,2,0
AB9.DE,D,20201105,000000,30,31.8,30,31.6,1759,0
AB9.DE,D,20201106,000000,32,32,31.8,31.8,376,0
AB9.DE,D,20201109,000000,32,32.2,31.4,32,1744,0
AB9.DE,D,20201110,000000,32.2,32.2,32,32,542,0
AB9.DE,D,20201111,000000,32.2,32.2,30.6,31.2,2698,0
AB9.DE,D,20201112,000000,30.6,31.6,30.6,31.2,1328,0
AB9.DE,D,20201113,000000,31.6,32,31.6,31.8,366,0
AB9.DE,D,20201116,000000,32.2,32.8,31.4,32,907,0
AB9.DE,D,20201117,000000,32,33,32,32.6,926,0
AB9.DE,D,20201118,000000,31.6,33.2,31.6,33.2,3102,0
AB9.DE,D,20201119,000000,33.2,34,32.8,34,2273,0
AB9.DE,D,20201120,000000,34,34,32.8,33.4,3799,0
AB9.DE,D,20201123,000000,33.8,34.2,33.2,34.2,5337,0
AB9.DE,D,20201124,000000,34.2,34.6,32,34.4,11273,0
AB9.DE,D,20201125,000000,34.6,34.6,33.8,34.2,1543,0
AB9.DE,D,20201126,000000,34.2,36.8,33.6,36,2486,0
AB9.DE,D,20201127,000000,37,37,35.2,36,4590,0
AB9.DE,D,20201130,000000,37.4,38,36,38,6619,0
AB9.DE,D,20201201,000000,37.8,38.4,36.2,38,5795,0
AB9.DE,D,20201202,000000,37.4,38.8,36.2,38,10013,0
AB9.DE,D,20201203,000000,38,39.6,38,39.6,4712,0
AB9.DE,D,20201204,000000,39.6,41.8,39.6,41.4,14478,0
AB9.DE,D,20201207,000000,40.2,41.4,39.8,40.4,2480,0
AB9.DE,D,20201208,000000,40.6,41.4,39.2,40.6,2874,0
AB9.DE,D,20201209,000000,41,41.2,39.8,39.8,9034,0
AB9.DE,D,20201210,000000,40.8,41,39.8,40.4,4099,0
AB9.DE,D,20201211,000000,40.4,40.4,37,39.6,4683,0
AB9.DE,D,20201214,000000,39,39.8,39,39.4,4295,0
AB9.DE,D,20201215,000000,39,39.6,39,39.4,2056,0
AB9.DE,D,20201216,000000,39,39.8,38.8,39.6,12765,0
AB9.DE,D,20201217,000000,39.8,44.4,39.6,43.8,20805,0
AB9.DE,D,20201218,000000,43.4,47.2,43,45,16953,0
AB9.DE,D,20201221,000000,46,46,43.4,45.6,2872,0
AB9.DE,D,20201222,000000,45.6,47.2,44.6,46.4,12379,0
AB9.DE,D,20201223,000000,46.6,47.6,46.2,47.2,3328,0
AB9.DE,D,20201228,000000,47.6,47.6,45.4,46.8,3390,0
AB9.DE,D,20201229,000000,46.8,47.2,46.2,46.6,2260,0
AB9.DE,D,20201230,000000,46.8,47.2,46,46.4,921,0
AB9.DE,D,20210104,000000,47,47.6,46.8,47.6,1490,0
AB9.DE,D,20210105,000000,47.6,47.6,46.6,47,1269,0
AB9.DE,D,20210106,000000,47,48.2,46.2,48.2,1439,0
AB9.DE,D,20210107,000000,47.6,47.6,45.8,46.6,3219,0
AB9.DE,D,20210108,000000,46.6,46.6,45.2,45.6,2553,0
AB9.DE,D,20210111,000000,46.2,46.2,42,45.6,3147,0
AB9.DE,D,20210112,000000,46,46,44.6,44.6,236,0
AB9.DE,D,20210113,000000,45,45.6,44.6,44.8,545,0
AB9.DE,D,20210114,000000,45.6,47,45.6,47,5851,0
AB9.DE,D,20210115,000000,47,47.8,46.4,46.4,1367,0
AB9.DE,D,20210118,000000,46.4,50,46.4,48.4,6319,0
AB9.DE,D,20210119,000000,50.5,53.5,50.5,53,12727,0
AB9.DE,D,20210120,000000,52,52.5,51,51.5,2629,0
AB9.DE,D,20210121,000000,51,52.5,51,52,4376,0
AB9.DE,D,20210122,000000,52,52,50.5,50.5,1652,0
AB9.DE,D,20210125,000000,51,51,45.4,48.2,7657,0
AB9.DE,D,20210126,000000,48.4,51.5,48.2,51.5,1771,0
AB9.DE,D,20210127,000000,51.5,51.5,46.4,48,2950,0
AB9.DE,D,20210128,000000,46,50.5,44,47.2,5842,0
AB9.DE,D,20210129,000000,47.2,49.2,46.6,48.8,1625,0
AB9.DE,D,20210201,000000,51,51,47.6,50,10104,0
AB9.DE,D,20210202,000000,49.4,52,49,49.4,3573,0
AB9.DE,D,20210203,000000,50,51,47,49.4,2214,0
AB9.DE,D,20210204,000000,49.4,49.8,48.4,48.6,718,0
AB9.DE,D,20210205,000000,49,49,47.6,48,1417,0
AB9.DE,D,20210208,000000,48.2,49.2,46.2,46.2,2696,0
AB9.DE,D,20210209,000000,46.2,49,46.2,46.4,2855,0
AB9.DE,D,20210210,000000,46,46.6,46,46.6,2459,0
AB9.DE,D,20210211,000000,46,46.8,46,46.6,1138,0
AB9.DE,D,20210212,000000,46,47,46,47,559,0
AB9.DE,D,20210215,000000,46.4,47,46,46.6,518,0
AB9.DE,D,20210216,000000,47,48.6,46.2,46.2,2471,0
AB9.DE,D,20210217,000000,47.4,48.6,46.8,47.4,1155,0
AB9.DE,D,20210218,000000,47.8,47.8,46,46.4,2122,0
AB9.DE,D,20210219,000000,46,46.4,45.4,45.4,4418,0
AB9.DE,D,20210222,000000,45,45.8,44.6,45,1602,0
AB9.DE,D,20210223,000000,44.6,45.2,40.2,43,13525,0
AB9.DE,D,20210224,000000,43.8,46.4,43.6,44.8,2387,0
AB9.DE,D,20210225,000000,46,49.4,46,47,2160,0
AB9.DE,D,20210226,000000,45.4,46.2,44.4,44.4,795,0
AB9.DE,D,20210301,000000,47,47.6,45.4,45.4,11953,0
AB9.DE,D,20210302,000000,46,46.8,45.4,45.8,559,0
AB9.DE,D,20210303,000000,46.4,46.4,43,43,3893,0
AB9.DE,D,20210304,000000,42.2,43.8,41,42,5142,0
AB9.DE,D,20210305,000000,42,43,42,42.6,1516,0
AB9.DE,D,20210308,000000,43,43,41.2,42.2,1666,0
AB9.DE,D,20210309,000000,42.4,45,42.4,45,858,0
AB9.DE,D,20210310,000000,44.6,46.2,44.6,46.2,1678,0
AB9.DE,D,20210311,000000,46.4,46.4,45.4,45.6,852,0
AB9.DE,D,20210312,000000,46,46,44.2,44.6,484,0
AB9.DE,D,20210315,000000,45,46.2,44.8,45.6,717,0
AB9.DE,D,20210316,000000,45.6,46,45,45.4,361,0
AB9.DE,D,20210317,000000,45,46.4,44.8,44.8,1071,0
AB9.DE,D,20210318,000000,44.8,46.8,44.8,46,2949,0
AB9.DE,D,20210319,000000,45.8,46.4,45.4,46.2,678,0
AB9.DE,D,20210322,000000,45.6,46.6,45.6,46,1149,0
AB9.DE,D,20210323,000000,46,46,45,45.6,349,0
AB9.DE,D,20210324,000000,45.6,46,45.6,45.6,330,0
AB9.DE,D,20210325,000000,45.6,45.6,43,43.8,2155,0
AB9.DE,D,20210326,000000,44.6,44.6,43.6,43.6,392,0
AB9.DE,D,20210329,000000,44.6,45,44.4,44.8,628,0
AB9.DE,D,20210330,000000,44.4,48.2,44.4,47,2541,0
AB9.DE,D,20210331,000000,47.4,48.4,47.2,47.8,880,0
AB9.DE,D,20210401,000000,47.3,48.4,46.9,47.4,1647,0
AB9.DE,D,20210406,000000,47.4,47.9,46.6,46.6,1358,0
AB9.DE,D,20210407,000000,46.7,46.8,44.8,46,2518,0
AB9.DE,D,20210408,000000,46.9,47.4,46.2,47,1900,0
AB9.DE,D,20210409,000000,47.7,47.7,47.1,47.6,182,0
AB9.DE,D,20210412,000000,47.9,47.9,44.9,45.8,1893,0
AB9.DE,D,20210413,000000,45.8,49.4,45.8,47.3,10699,0
AB9.DE,D,20210414,000000,48.6,49.7,47.7,48.4,3228,0
AB9.DE,D,20210415,000000,48.5,49.2,48.5,49.1,2849,0
AB9.DE,D,20210416,000000,49.8,49.9,49.2,49.9,2247,0
AB9.DE,D,20210419,000000,49.9,51.2,49.9,49.9,2348,0
AB9.DE,D,20210420,000000,50.2,50.6,48,48,1546,0
AB9.DE,D,20210421,000000,48.7,48.9,48.1,48.5,1579,0
AB9.DE,D,20210422,000000,49,49.3,48.1,49.2,452,0
AB9.DE,D,20210423,000000,48.7,51,48.7,50.8,7525,0
AB9.DE,D,20210426,000000,51.4,53.4,51.4,52.2,1935,0
AB9.DE,D,20210427,000000,52.4,52.4,50.8,50.8,1388,0
AB9.DE,D,20210428,000000,52.2,52.4,50.6,51.4,2666,0
AB9.DE,D,20210429,000000,51.8,52.2,50.6,50.8,1304,0
AB9.DE,D,20210430,000000,50.8,52,50.8,51.4,4093,0
AB9.DE,D,20210503,000000,51.2,51.8,49.6,49.6,4415,0
AB9.DE,D,20210504,000000,50.2,51.6,49,49.1,1962,0
AB9.DE,D,20210505,000000,48.6,50,48.6,48.6,1355,0
AB9.DE,D,20210506,000000,52,52.2,49.1,49.7,2399,0
AB9.DE,D,20210507,000000,50.4,50.4,49.5,50,176,0
AB9.DE,D,20210510,000000,49.5,51.2,49.5,50.2,662,0
AB9.DE,D,20210511,000000,49.8,49.8,48.5,48.8,432,0
AB9.DE,D,20210512,000000,49,49.4,47.2,48.2,2737,0
AB9.DE,D,20210513,000000,48.1,48.1,47.1,47.7,497,0
AB9.DE,D,20210514,000000,47.9,49,46.3,48.4,2743,0
AB9.DE,D,20210517,000000,48.4,48.6,46.4,46.8,3421,0
AB9.DE,D,20210518,000000,47.5,48.3,46.6,48.1,540,0
AB9.DE,D,20210519,000000,47.5,47.5,44,44.9,6336,0
AB9.DE,D,20210520,000000,45.9,46.8,45.6,46.8,949,0
AB9.DE,D,20210521,000000,46.9,47.1,46.2,46.7,838,0
AB9.DE,D,20210525,000000,47.4,47.9,47,47.9,405,0
AB9.DE,D,20210526,000000,48.4,49.5,48.4,49.2,889,0
AB9.DE,D,20210527,000000,49.2,50.2,49.1,49.7,1337,0
AB9.DE,D,20210528,000000,50.4,51,48.2,48.2,2300,0
AB9.DE,D,20210531,000000,48.1,48.1,46.7,47.4,2181,0
AB9.DE,D,20210601,000000,46.9,47.5,46,46.4,2033,0
AB9.DE,D,20210602,000000,46.6,46.7,45.6,46.1,1059,0
AB9.DE,D,20210603,000000,46.5,46.7,45.9,46.4,298,0
AB9.DE,D,20210604,000000,46.8,47.4,46,46.6,815,0
AB9.DE,D,20210607,000000,46.4,47.6,45.9,46.3,748,0
AB9.DE,D,20210608,000000,45.9,45.9,45.5,45.9,347,0
AB9.DE,D,20210609,000000,46,46.4,45.6,45.8,1059,0
AB9.DE,D,20210610,000000,46.4,47.4,46.4,47.3,1406,0
AB9.DE,D,20210611,000000,47.6,47.6,46,46.3,968,0
AB9.DE,D,20210614,000000,46.8,46.8,46.3,46.7,948,0
AB9.DE,D,20210615,000000,47.1,47.6,47,47.4,336,0
AB9.DE,D,20210616,000000,47.7,47.8,46.4,47.5,1825,0
AB9.DE,D,20210617,000000,47.3,48.9,47.3,48.5,876,0
AB9.DE,D,20210618,000000,48.9,48.9,47.8,47.8,450,0
AB9.DE,D,20210621,000000,47.9,47.9,46.5,46.5,1282,0
AB9.DE,D,20210622,000000,47.4,48.2,46.5,46.5,1007,0
AB9.DE,D,20210623,000000,46.5,47,46.4,46.8,565,0
AB9.DE,D,20210624,000000,46.9,46.9,46.5,46.5,220,0
AB9.DE,D,20210625,000000,46.9,47,46.6,46.6,1420,0
AB9.DE,D,20210628,000000,47,47,46.2,46.9,539,0
AB9.DE,D,20210629,000000,46.1,47,46,46.3,457,0
AB9.DE,D,20210630,000000,46.3,46.3,45.5,45.7,550,0
AB9.DE,D,20210701,000000,45.7,46.1,45.7,46.1,100,0
AB9.DE,D,20210702,000000,46.5,47.1,46.4,46.8,415,0
AB9.DE,D,20210705,000000,46.9,47,46.3,46.7,226,0
AB9.DE,D,20210706,000000,46.5,47.2,46.5,47.2,250,0
AB9.DE,D,20210707,000000,47,47,46.2,46.5,354,0
AB9.DE,D,20210708,000000,46.8,47,46.2,46.9,667,0
AB9.DE,D,20210709,000000,47.2,47.2,46.1,46.6,454,0
AB9.DE,D,20210712,000000,46.2,46.9,46.1,46.5,518,0
AB9.DE,D,20210713,000000,46.8,46.8,46,46.6,114,0
AB9.DE,D,20210714,000000,45.9,46.3,45.4,45.4,497,0
AB9.DE,D,20210715,000000,45.4,45.8,45.4,45.6,195,0
AB9.DE,D,20210716,000000,45.3,45.6,45.3,45.6,97,0
AB9.DE,D,20210719,000000,45.3,45.6,44.4,45.6,233,0
AB9.DE,D,20210720,000000,44.8,45,43.2,44.4,1937,0
AB9.DE,D,20210721,000000,44.8,44.8,44.1,44.1,634,0
AB9.DE,D,20210722,000000,44.1,44.8,44.1,44.8,936,0
AB9.DE,D,20210723,000000,44,44.7,44,44.4,511,0
AB9.DE,D,20210726,000000,44.7,44.7,43.5,43.8,3099,0
AB9.DE,D,20210727,000000,43.9,43.9,43.8,43.8,56,0
AB9.DE,D,20210728,000000,43.5,43.6,43,43.5,514,0
AB9.DE,D,20210729,000000,43.8,44.8,43.4,44.7,579,0
AB9.DE,D,20210730,000000,45,45,45,45,469,0
AB9.DE,D,20210802,000000,45.6,46.7,45.6,46,706,0
AB9.DE,D,20210803,000000,46.7,47.2,46.7,47.1,1718,0
AB9.DE,D,20210804,000000,47.4,48.5,47.4,47.8,827,0
AB9.DE,D,20210805,000000,47.5,48.2,47,47.9,876,0
AB9.DE,D,20210806,000000,48.6,48.6,47.8,47.8,649,0
AB9.DE,D,20210809,000000,48,48.4,47.5,48,59,0
AB9.DE,D,20210810,000000,48.7,48.9,47.9,48.2,1160,0
AB9.DE,D,20210811,000000,47.8,48.7,47.8,48.3,283,0
AB9.DE,D,20210812,000000,48.7,48.9,47.7,48.3,643,0
AB9.DE,D,20210813,000000,48.9,49.1,47.5,48,1249,0
AB9.DE,D,20210816,000000,47.5,49.1,47.5,48.4,1336,0
AB9.DE,D,20210817,000000,48.5,48.5,47.4,47.6,534,0
AB9.DE,D,20210818,000000,48.1,48.6,48,48.3,114,0
AB9.DE,D,20210819,000000,47.6,47.6,47,47.4,406,0
AB9.DE,D,20210820,000000,46.8,48.2,46.6,48.2,1254,0
AB9.DE,D,20210823,000000,48.9,48.9,48,48.3,232,0
AB9.DE,D,20210824,000000,48.7,48.9,47.9,48.4,427,0
