<TICKER>,<PER>,<DATE>,<TIME>,<OPEN>,<HIGH>,<LOW>,<CLOSE>,<VOL>,<OPENINT>
ADB.DE,D,20070102,000000,30.91,30.91,30.91,30.91,40,0
ADB.DE,D,20070103,000000,30.91,30.91,30.91,30.91,60,0
ADB.DE,D,20070104,000000,30.19,30.19,30.01,30.01,1266,0
ADB.DE,D,20070105,000000,31.29,31.31,31,31.12,880,0
ADB.DE,D,20070108,000000,31.3,31.41,31.3,31.3,1020,0
ADB.DE,D,20070109,000000,31.28,31.28,30.49,30.49,1072,0
ADB.DE,D,20070110,000000,30.59,30.59,30.04,30.04,510,0
ADB.DE,D,20070115,000000,31.15,31.15,31.15,31.15,23,0
ADB.DE,D,20070116,000000,31.15,31.15,31.15,31.15,0,0
ADB.DE,D,20070117,000000,31.15,31.15,31.15,31.15,0,0
ADB.DE,D,20070118,000000,31.15,31.15,31.15,31.15,0,0
ADB.DE,D,20070119,000000,31.15,31.15,31.15,31.15,0,0
ADB.DE,D,20070122,000000,31.15,31.15,31.15,31.15,0,0
ADB.DE,D,20070123,000000,31.15,31.15,31.15,31.15,0,0
ADB.DE,D,20070124,000000,28.82,28.82,28.82,28.82,81,0
ADB.DE,D,20070125,000000,28.82,28.82,28.82,28.82,0,0
ADB.DE,D,20070126,000000,30.5,30.5,30.5,30.5,156,0
ADB.DE,D,20070129,000000,30.22,30.22,30.22,30.22,133,0
ADB.DE,D,20070130,000000,29,29,29,29,1,0
ADB.DE,D,20070131,000000,29.5,29.5,29.5,29.5,140,0
ADB.DE,D,20070201,000000,29.5,29.5,29.5,29.5,0,0
ADB.DE,D,20070202,000000,29.5,29.5,29.5,29.5,0,0
ADB.DE,D,20070205,000000,29.5,29.5,29.5,29.5,100,0
ADB.DE,D,20070206,000000,29.5,29.5,29.5,29.5,0,0
ADB.DE,D,20070207,000000,29.75,29.75,29.75,29.75,80,0
ADB.DE,D,20070208,000000,31.6,31.6,31.6,31.6,4,0
ADB.DE,D,20070209,000000,28.98,28.98,28.98,28.98,230,0
ADB.DE,D,20070212,000000,29.08,29.08,29.08,29.08,50,0
ADB.DE,D,20070213,000000,30,30,30,30,150,0
ADB.DE,D,20070214,000000,29.34,29.34,29.34,29.34,34,0
ADB.DE,D,20070215,000000,29.34,29.34,29.34,29.34,0,0
ADB.DE,D,20070216,000000,29.34,29.34,29.34,29.34,0,0
ADB.DE,D,20070219,000000,29.34,29.34,29.34,29.34,0,0
ADB.DE,D,20070220,000000,29.34,29.34,29.34,29.34,0,0
ADB.DE,D,20070221,000000,30.39,30.39,30.39,30.39,93,0
ADB.DE,D,20070222,000000,30.39,30.39,30.39,30.39,0,0
ADB.DE,D,20070226,000000,31.42,31.42,31.42,31.42,100,0
ADB.DE,D,20070227,000000,31.42,31.42,31.42,31.42,0,0
ADB.DE,D,20070228,000000,29.35,29.35,29.35,29.35,135,0
ADB.DE,D,20070301,000000,29.35,29.35,29.35,29.35,0,0
ADB.DE,D,20070302,000000,29.35,29.35,29.35,29.35,0,0
ADB.DE,D,20070305,000000,28.7,28.7,28.7,28.7,100,0
ADB.DE,D,20070306,000000,28.7,28.7,28.7,28.7,0,0
ADB.DE,D,20070307,000000,28.7,28.7,28.7,28.7,0,0
ADB.DE,D,20070308,000000,28.7,28.7,28.7,28.7,0,0
ADB.DE,D,20070309,000000,28.7,28.7,28.7,28.7,0,0
ADB.DE,D,20070312,000000,29.02,29.02,29.02,29.02,225,0
ADB.DE,D,20070313,000000,29.02,29.02,29.02,29.02,0,0
ADB.DE,D,20070314,000000,29.02,29.02,29.02,29.02,0,0
ADB.DE,D,20070315,000000,29.02,29.02,29.02,29.02,0,0
ADB.DE,D,20070316,000000,29.02,29.02,29.02,29.02,0,0
ADB.DE,D,20070319,000000,29.93,29.93,29.93,29.93,80,0
ADB.DE,D,20070320,000000,29.93,29.93,29.93,29.93,0,0
ADB.DE,D,20070321,000000,31.57,31.57,31.57,31.57,200,0
ADB.DE,D,20070322,000000,32.1,32.1,32.1,32.1,96,0
ADB.DE,D,20070323,000000,32.1,32.1,32.1,32.1,0,0
ADB.DE,D,20070326,000000,32.25,32.25,32.25,32.25,200,0
ADB.DE,D,20070327,000000,31.18,31.18,31.18,31.18,65,0
ADB.DE,D,20070328,000000,31.18,31.18,31.18,31.18,0,0
ADB.DE,D,20070329,000000,31.18,31.18,31.18,31.18,0,0
ADB.DE,D,20070330,000000,31.18,31.18,31.18,31.18,0,0
ADB.DE,D,20070402,000000,31.18,31.18,31.18,31.18,0,0
ADB.DE,D,20070403,000000,31.18,31.18,31.18,31.18,0,0
ADB.DE,D,20070404,000000,31.18,31.18,31.18,31.18,0,0
ADB.DE,D,20070405,000000,31.41,31.41,31.41,31.41,40,0
ADB.DE,D,20070410,000000,31.41,31.41,31.41,31.41,0,0
ADB.DE,D,20070411,000000,31.41,31.41,31.41,31.41,0,0
ADB.DE,D,20070412,000000,32.71,32.71,32.71,32.71,10,0
ADB.DE,D,20070413,000000,31.2,31.2,31.2,31.2,600,0
ADB.DE,D,20070416,000000,31.2,31.2,31.2,31.2,0,0
ADB.DE,D,20070417,000000,33.7,33.7,33.7,33.7,10,0
ADB.DE,D,20070418,000000,33.7,33.7,33.7,33.7,0,0
ADB.DE,D,20070419,000000,33.7,33.7,33.7,33.7,0,0
ADB.DE,D,20070420,000000,33.7,33.7,33.7,33.7,0,0
ADB.DE,D,20070423,000000,33.7,33.7,33.7,33.7,0,0
ADB.DE,D,20070424,000000,33.7,33.7,33.7,33.7,0,0
ADB.DE,D,20070425,000000,33.7,33.7,33.7,33.7,0,0
ADB.DE,D,20070426,000000,31.65,31.65,31.65,31.65,220,0
ADB.DE,D,20070427,000000,31.65,31.65,31.65,31.65,0,0
ADB.DE,D,20070430,000000,31.7,31.7,31.7,31.7,100,0
ADB.DE,D,20070502,000000,31.7,31.7,31.7,31.7,0,0
ADB.DE,D,20070503,000000,31.7,31.7,31.7,31.7,0,0
ADB.DE,D,20070504,000000,31.7,31.7,31.7,31.7,0,0
ADB.DE,D,20070507,000000,31.4,31.4,31.4,31.4,4,0
ADB.DE,D,20070508,000000,31.4,31.4,31.4,31.4,0,0
ADB.DE,D,20070509,000000,31.4,31.4,31.4,31.4,0,0
ADB.DE,D,20070510,000000,31.4,31.4,31.4,31.4,0,0
ADB.DE,D,20070511,000000,31.4,31.4,31.4,31.4,440,0
ADB.DE,D,20070514,000000,30.5,30.5,30.5,30.5,100,0
ADB.DE,D,20070515,000000,30,30,30,30,50,0
ADB.DE,D,20070516,000000,28.58,28.58,28.58,28.58,2,0
ADB.DE,D,20070517,000000,30.7,30.7,30.7,30.7,334,0
ADB.DE,D,20070518,000000,30.7,30.7,30.7,30.7,0,0
ADB.DE,D,20070521,000000,32,32,32,32,324,0
ADB.DE,D,20070522,000000,32,32,32,32,0,0
ADB.DE,D,20070523,000000,31.77,31.77,31.77,31.77,60,0
ADB.DE,D,20070524,000000,31.77,31.77,31.77,31.77,0,0
ADB.DE,D,20070525,000000,30.86,30.86,30.86,30.86,130,0
ADB.DE,D,20070529,000000,30.86,30.86,30.86,30.86,0,0
ADB.DE,D,20070530,000000,30.86,30.86,30.86,30.86,0,0
ADB.DE,D,20070531,000000,30.86,30.86,30.86,30.86,0,0
ADB.DE,D,20070601,000000,30.86,30.86,30.86,30.86,0,0
ADB.DE,D,20070604,000000,33.4,33.4,33.4,33.4,72,0
ADB.DE,D,20070605,000000,33.4,33.4,33.4,33.4,0,0
ADB.DE,D,20070606,000000,32.4,32.4,32.4,32.4,200,0
ADB.DE,D,20070607,000000,32.4,32.4,32.4,32.4,0,0
ADB.DE,D,20070608,000000,32.4,32.4,32.4,32.4,0,0
ADB.DE,D,20070611,000000,32.4,32.4,32.4,32.4,0,0
ADB.DE,D,20070612,000000,32.4,32.4,32.4,32.4,0,0
ADB.DE,D,20070613,000000,32.8,32.8,32.8,32.8,100,0
ADB.DE,D,20070614,000000,33.89,33.89,33.89,33.89,50,0
ADB.DE,D,20070615,000000,32.37,32.37,32.37,32.37,201,0
ADB.DE,D,20070618,000000,31.5,31.5,31.5,31.5,129,0
ADB.DE,D,20070619,000000,32.65,32.65,32.65,32.65,250,0
ADB.DE,D,20070620,000000,31.6,31.6,31.6,31.6,63,0
ADB.DE,D,20070621,000000,31.8,31.8,31.8,31.8,157,0
ADB.DE,D,20070622,000000,31.8,31.8,31.8,31.8,0,0
ADB.DE,D,20070625,000000,31.8,31.8,31.8,31.8,0,0
ADB.DE,D,20070628,000000,30.52,30.52,30.52,30.52,40,0
ADB.DE,D,20070629,000000,29.57,29.57,29.57,29.57,30,0
ADB.DE,D,20070702,000000,29.57,29.57,29.57,29.57,0,0
ADB.DE,D,20070703,000000,29.57,29.57,29.57,29.57,0,0
ADB.DE,D,20070704,000000,29.57,29.57,29.57,29.57,0,0
ADB.DE,D,20070705,000000,29.57,29.57,29.57,29.57,0,0
ADB.DE,D,20070706,000000,29.57,29.57,29.57,29.57,0,0
ADB.DE,D,20070709,000000,29.57,29.57,29.57,29.57,0,0
ADB.DE,D,20070710,000000,29.57,29.57,29.57,29.57,0,0
ADB.DE,D,20070711,000000,29.57,29.57,29.57,29.57,0,0
ADB.DE,D,20070712,000000,29.25,29.25,29.25,29.25,50,0
ADB.DE,D,20070713,000000,30,30,30,30,111,0
ADB.DE,D,20070716,000000,30,30,30,30,0,0
ADB.DE,D,20070717,000000,30,30,30,30,0,0
ADB.DE,D,20070718,000000,30,30,30,30,0,0
ADB.DE,D,20070719,000000,30,30,30,30,0,0
ADB.DE,D,20070720,000000,30,30,30,30,0,0
ADB.DE,D,20070723,000000,29.9,29.9,29.9,29.9,250,0
ADB.DE,D,20070724,000000,29.9,29.9,29.9,29.9,0,0
ADB.DE,D,20070725,000000,29.9,29.9,29.9,29.9,0,0
ADB.DE,D,20070726,000000,29.9,29.9,29.9,29.9,0,0
ADB.DE,D,20070727,000000,29.51,29.51,29.51,29.51,280,0
ADB.DE,D,20070730,000000,30.39,30.39,30.39,30.39,200,0
ADB.DE,D,20070731,000000,30.39,30.39,30.39,30.39,0,0
ADB.DE,D,20070801,000000,29,29,29,29,79,0
ADB.DE,D,20070802,000000,28,28,28,28,100,0
ADB.DE,D,20070803,000000,28.01,28.01,28.01,28.01,450,0
ADB.DE,D,20070806,000000,28,28,28,28,40,0
ADB.DE,D,20070807,000000,28,28,28,28,0,0
ADB.DE,D,20070808,000000,28,28,28,28,0,0
ADB.DE,D,20070809,000000,28,28,28,28,0,0
ADB.DE,D,20070810,000000,29.6,29.6,29.6,29.6,1,0
ADB.DE,D,20070813,000000,29.6,29.6,29.6,29.6,0,0
ADB.DE,D,20070814,000000,29.6,29.6,29.6,29.6,0,0
ADB.DE,D,20070815,000000,29.6,29.6,29.6,29.6,0,0
ADB.DE,D,20070816,000000,29.6,29.6,29.6,29.6,0,0
ADB.DE,D,20070817,000000,29.73,29.73,29.73,29.73,100,0
ADB.DE,D,20070820,000000,28,28,28,28,9,0
ADB.DE,D,20070821,000000,28,28,28,28,0,0
ADB.DE,D,20070822,000000,28,28,28,28,0,0
ADB.DE,D,20070823,000000,28,28,28,28,0,0
ADB.DE,D,20070824,000000,28,28,28,28,0,0
ADB.DE,D,20070827,000000,28,28,28,28,0,0
ADB.DE,D,20070828,000000,29.2,29.2,29.2,29.2,36,0
ADB.DE,D,20070829,000000,29.2,29.2,29.2,29.2,0,0
ADB.DE,D,20070830,000000,29.2,29.2,29.2,29.2,0,0
ADB.DE,D,20070831,000000,29.2,29.2,29.2,29.2,0,0
ADB.DE,D,20070903,000000,29.2,29.2,29.2,29.2,0,0
ADB.DE,D,20070904,000000,31.89,31.89,31.89,31.89,120,0
ADB.DE,D,20070905,000000,31.89,31.89,31.89,31.89,0,0
ADB.DE,D,20070906,000000,31.89,31.89,31.89,31.89,0,0
ADB.DE,D,20070907,000000,31.89,31.89,31.89,31.89,0,0
ADB.DE,D,20070910,000000,31.89,31.89,31.89,31.89,0,0
ADB.DE,D,20070911,000000,31.89,31.89,31.89,31.89,0,0
ADB.DE,D,20070912,000000,31.9,31.9,31.89,31.89,15,0
ADB.DE,D,20070913,000000,31.9,31.9,31.9,31.9,0,0
ADB.DE,D,20070914,000000,31.9,31.9,31.9,31.9,0,0
ADB.DE,D,20070917,000000,31.13,31.13,31.13,31.13,100,0
ADB.DE,D,20070918,000000,32.19,32.19,32.19,32.19,215,0
ADB.DE,D,20070919,000000,32.19,32.19,32.19,32.19,0,0
ADB.DE,D,20070920,000000,32.19,32.19,32.19,32.19,0,0
ADB.DE,D,20070921,000000,32.19,32.19,32.19,32.19,0,0
ADB.DE,D,20070924,000000,32.18,32.18,32.18,32.18,150,0
ADB.DE,D,20070925,000000,32.18,32.18,32.18,32.18,0,0
ADB.DE,D,20070926,000000,32.18,32.18,32.18,32.18,0,0
ADB.DE,D,20070927,000000,31.18,31.18,31.18,31.18,150,0
ADB.DE,D,20070928,000000,31.18,31.18,31.18,31.18,0,0
ADB.DE,D,20071001,000000,31.18,31.18,31.18,31.18,0,0
ADB.DE,D,20071002,000000,30.85,30.85,30.85,30.85,200,0
ADB.DE,D,20071003,000000,30.85,30.85,30.85,30.85,0,0
ADB.DE,D,20071004,000000,30.85,30.85,30.85,30.85,0,0
ADB.DE,D,20071005,000000,31.19,31.19,31.19,31.19,50,0
ADB.DE,D,20071008,000000,31.19,31.19,31.19,31.19,0,0
ADB.DE,D,20071009,000000,32.05,32.05,32.05,32.05,150,0
ADB.DE,D,20071010,000000,32.05,32.05,32.05,32.05,0,0
ADB.DE,D,20071011,000000,31.19,31.19,31.19,31.19,60,0
ADB.DE,D,20071012,000000,31.19,31.19,31.19,31.19,0,0
ADB.DE,D,20071015,000000,31.2,31.2,31.2,31.2,75,0
ADB.DE,D,20071016,000000,32.45,32.45,32.45,32.45,150,0
ADB.DE,D,20071017,000000,32.45,32.45,32.45,32.45,0,0
ADB.DE,D,20071018,000000,32,32,32,32,200,0
ADB.DE,D,20071019,000000,32,32,32,32,0,0
ADB.DE,D,20071022,000000,32.5,32.5,32.5,32.5,364,0
ADB.DE,D,20071023,000000,33.5,33.5,33.5,33.5,105,0
ADB.DE,D,20071024,000000,33,33,33,33,60,0
ADB.DE,D,20071025,000000,33,33,33,33,0,0
ADB.DE,D,20071026,000000,33.5,33.5,33.5,33.5,290,0
ADB.DE,D,20071029,000000,32,32,32,32,150,0
ADB.DE,D,20071030,000000,32.5,32.5,32.5,32.5,96,0
ADB.DE,D,20071031,000000,32.5,32.5,32.5,32.5,0,0
ADB.DE,D,20071101,000000,32.5,32.5,32.5,32.5,0,0
ADB.DE,D,20071102,000000,32.5,32.5,32.5,32.5,0,0
ADB.DE,D,20071105,000000,32.5,32.5,32.5,32.5,0,0
ADB.DE,D,20071106,000000,32.5,32.5,32.5,32.5,0,0
ADB.DE,D,20071107,000000,32.5,32.5,32.5,32.5,0,0
ADB.DE,D,20071108,000000,32.5,32.5,32.5,32.5,0,0
ADB.DE,D,20071109,000000,31.2,31.2,31.2,31.2,226,0
ADB.DE,D,20071112,000000,30.22,30.22,30.22,30.22,400,0
ADB.DE,D,20071113,000000,28.75,28.75,28.75,28.75,400,0
ADB.DE,D,20071114,000000,28.06,28.06,28.06,28.06,790,0
ADB.DE,D,20071115,000000,28.06,28.06,28.06,28.06,0,0
ADB.DE,D,20071116,000000,28.06,28.06,28.06,28.06,0,0
ADB.DE,D,20071119,000000,28.06,28.06,28.06,28.06,0,0
ADB.DE,D,20071120,000000,28.06,28.06,28.06,28.06,0,0
ADB.DE,D,20071121,000000,28,28,28,28,30,0
ADB.DE,D,20071122,000000,28,28,28,28,58,0
ADB.DE,D,20071123,000000,27.19,27.19,27.19,27.19,92,0
ADB.DE,D,20071126,000000,27.19,27.19,27.19,27.19,0,0
ADB.DE,D,20071127,000000,27.19,27.19,27.19,27.19,0,0
ADB.DE,D,20071128,000000,28.02,28.02,28.02,28.02,35,0
ADB.DE,D,20071129,000000,28.02,28.02,28.02,28.02,0,0
ADB.DE,D,20071130,000000,28.02,28.02,28.02,28.02,0,0
ADB.DE,D,20071203,000000,28.02,28.02,28.02,28.02,0,0
ADB.DE,D,20071204,000000,28.02,28.02,28.02,28.02,0,0
ADB.DE,D,20071205,000000,28.02,28.02,28.02,28.02,0,0
ADB.DE,D,20071206,000000,30,30,30,30,20,0
ADB.DE,D,20071207,000000,30,30,30,30,20,0
ADB.DE,D,20071210,000000,30,30,30,30,0,0
ADB.DE,D,20071211,000000,30,30,30,30,0,0
ADB.DE,D,20071212,000000,30,30,30,30,0,0
ADB.DE,D,20071213,000000,30,30,30,30,0,0
ADB.DE,D,20071214,000000,30,30,30,30,0,0
ADB.DE,D,20071217,000000,29.1,29.1,29.1,29.1,88,0
ADB.DE,D,20071218,000000,29.15,29.15,29.15,29.15,99,0
ADB.DE,D,20071219,000000,30,30,30,30,18,0
ADB.DE,D,20071220,000000,29.85,29.85,29.85,29.85,366,0
ADB.DE,D,20071221,000000,29.6,29.6,29.6,29.6,334,0
ADB.DE,D,20071227,000000,29.6,29.6,29.6,29.6,334,0
ADB.DE,D,20071228,000000,29.15,29.15,29.15,29.15,250,0
ADB.DE,D,20080102,000000,29.55,29.55,29.55,29.55,200,0
ADB.DE,D,20080103,000000,28.56,28.56,28.56,28.56,450,0
ADB.DE,D,20080104,000000,29.6,29.6,29.6,29.6,50,0
ADB.DE,D,20080107,000000,27.54,27.54,27.54,27.54,50,0
ADB.DE,D,20080108,000000,27,27,27,27,390,0
ADB.DE,D,20080109,000000,27,27,27,27,390,0
ADB.DE,D,20080110,000000,27,27,27,27,0,0
ADB.DE,D,20080111,000000,27,27,27,27,0,0
ADB.DE,D,20080114,000000,27,27,27,27,0,0
ADB.DE,D,20080115,000000,27,27,27,27,0,0
ADB.DE,D,20080116,000000,27,27,27,27,0,0
ADB.DE,D,20080117,000000,27,27,27,27,0,0
ADB.DE,D,20080118,000000,22,22,22,22,41,0
ADB.DE,D,20080121,000000,23.41,23.41,23.41,23.41,120,0
ADB.DE,D,20080122,000000,22.71,22.71,22.71,22.71,200,0
ADB.DE,D,20080123,000000,22.71,22.71,22.71,22.71,200,0
ADB.DE,D,20080124,000000,21.29,21.29,21.29,21.29,34,0
ADB.DE,D,20080125,000000,23.55,23.55,23.55,23.55,150,0
ADB.DE,D,20080128,000000,22,22,22,22,50,0
ADB.DE,D,20080129,000000,22,22,22,22,50,0
ADB.DE,D,20080130,000000,22,22,22,22,0,0
ADB.DE,D,20080131,000000,22,22,22,22,0,0
ADB.DE,D,20080201,000000,23.58,23.58,23.58,23.58,20,0
ADB.DE,D,20080204,000000,23.58,23.58,23.58,23.58,20,0
ADB.DE,D,20080205,000000,23.58,23.58,23.58,23.58,0,0
ADB.DE,D,20080206,000000,23.14,23.14,23.14,23.14,76,0
ADB.DE,D,20080207,000000,23.14,23.14,23.14,23.14,76,0
ADB.DE,D,20080208,000000,22.4,22.4,22.4,22.4,450,0
ADB.DE,D,20080211,000000,22.4,22.4,22.4,22.4,450,0
ADB.DE,D,20080212,000000,23.4,23.4,23.4,23.4,225,0
ADB.DE,D,20080213,000000,23.4,23.4,23.4,23.4,225,0
ADB.DE,D,20080214,000000,23.4,23.4,23.4,23.4,0,0
ADB.DE,D,20080215,000000,23.4,23.4,23.4,23.4,0,0
ADB.DE,D,20080218,000000,23.4,23.4,23.4,23.4,0,0
ADB.DE,D,20080219,000000,23.4,23.4,23.4,23.4,0,0
ADB.DE,D,20080220,000000,23.4,23.4,23.4,23.4,0,0
ADB.DE,D,20080221,000000,23.93,23.93,23.93,23.93,100,0
ADB.DE,D,20080222,000000,23.57,23.57,23.57,23.57,30,0
ADB.DE,D,20080225,000000,23.57,23.57,23.57,23.57,30,0
ADB.DE,D,20080226,000000,23.57,23.57,23.57,23.57,0,0
ADB.DE,D,20080227,000000,23.57,23.57,23.57,23.57,0,0
ADB.DE,D,20080228,000000,23.57,23.57,23.57,23.57,0,0
ADB.DE,D,20080229,000000,23.57,23.57,23.57,23.57,0,0
ADB.DE,D,20080303,000000,23.57,23.57,23.57,23.57,0,0
ADB.DE,D,20080304,000000,23.57,23.57,23.57,23.57,0,0
ADB.DE,D,20080305,000000,23.57,23.57,23.57,23.57,0,0
ADB.DE,D,20080306,000000,23.57,23.57,23.57,23.57,0,0
ADB.DE,D,20080307,000000,21.75,21.75,21.75,21.75,250,0
ADB.DE,D,20080310,000000,21.75,21.75,21.75,21.75,250,0
ADB.DE,D,20080311,000000,20.69,20.69,20.69,20.69,150,0
ADB.DE,D,20080312,000000,20.69,20.69,20.69,20.69,150,0
ADB.DE,D,20080313,000000,20.69,20.69,20.69,20.69,0,0
ADB.DE,D,20080314,000000,20.69,20.69,20.69,20.69,0,0
ADB.DE,D,20080317,000000,20.69,20.69,20.69,20.69,0,0
ADB.DE,D,20080318,000000,20.69,20.69,20.69,20.69,0,0
ADB.DE,D,20080319,000000,20.69,20.69,20.69,20.69,0,0
ADB.DE,D,20080320,000000,20.69,20.69,20.69,20.69,0,0
ADB.DE,D,20080325,000000,25,25,25,25,25,0
ADB.DE,D,20080326,000000,23.45,23.45,23.45,23.45,50,0
ADB.DE,D,20080327,000000,22.5,22.5,22.5,22.5,50,0
ADB.DE,D,20080328,000000,24.65,24.65,24.65,24.65,100,0
ADB.DE,D,20080331,000000,24.65,24.65,24.65,24.65,100,0
ADB.DE,D,20080401,000000,24.65,24.65,24.65,24.65,0,0
ADB.DE,D,20080402,000000,24.65,24.65,24.65,24.65,0,0
ADB.DE,D,20080403,000000,24.65,24.65,24.65,24.65,0,0
ADB.DE,D,20080404,000000,24.65,24.65,24.65,24.65,0,0
ADB.DE,D,20080407,000000,24.65,24.65,24.65,24.65,0,0
ADB.DE,D,20080408,000000,24.65,24.65,24.65,24.65,0,0
ADB.DE,D,20080409,000000,24.65,24.65,24.65,24.65,0,0
ADB.DE,D,20080410,000000,23,23,23,23,60,0
ADB.DE,D,20080411,000000,23,23,23,23,60,0
ADB.DE,D,20080414,000000,22.95,22.95,22.95,22.95,50,0
ADB.DE,D,20080415,000000,22.95,22.95,22.95,22.95,50,0
ADB.DE,D,20080416,000000,22.89,22.89,22.89,22.89,170,0
ADB.DE,D,20080417,000000,22.89,22.89,22.89,22.89,170,0
ADB.DE,D,20080418,000000,22.89,22.89,22.89,22.89,0,0
ADB.DE,D,20080421,000000,23,23,23,23,240,0
ADB.DE,D,20080422,000000,23,23,23,23,240,0
ADB.DE,D,20080423,000000,23,23,23,23,0,0
ADB.DE,D,20080424,000000,23,23,23,23,0,0
ADB.DE,D,20080425,000000,23,23,23,23,0,0
ADB.DE,D,20080428,000000,23,23,23,23,0,0
ADB.DE,D,20080429,000000,23.6,23.6,23.6,23.6,30,0
ADB.DE,D,20080430,000000,24.3,24.3,24.3,24.3,160,0
ADB.DE,D,20080502,000000,25.26,25.26,25.26,25.26,200,0
ADB.DE,D,20080505,000000,25.5,25.5,25.5,25.5,30,0
ADB.DE,D,20080506,000000,25.5,25.5,25.5,25.5,30,0
ADB.DE,D,20080507,000000,25.5,25.5,25.5,25.5,0,0
ADB.DE,D,20080508,000000,25.5,25.5,25.5,25.5,95,0
ADB.DE,D,20080509,000000,25.5,25.5,25.5,25.5,95,0
ADB.DE,D,20080512,000000,25.5,25.5,25.5,25.5,0,0
ADB.DE,D,20080513,000000,25.5,25.5,25.5,25.5,0,0
ADB.DE,D,20080514,000000,25.5,25.5,25.5,25.5,0,0
ADB.DE,D,20080515,000000,26.55,26.55,26.55,26.55,20,0
ADB.DE,D,20080516,000000,26.55,26.55,26.55,26.55,20,0
ADB.DE,D,20080519,000000,26.55,26.55,26.55,26.55,0,0
ADB.DE,D,20080520,000000,26.55,26.55,26.55,26.55,0,0
ADB.DE,D,20080521,000000,26.55,26.55,26.55,26.55,0,0
ADB.DE,D,20080522,000000,26.55,26.55,26.55,26.55,0,0
ADB.DE,D,20080523,000000,26.55,26.55,26.55,26.55,0,0
ADB.DE,D,20080526,000000,26.38,26.38,26.38,26.38,122,0
ADB.DE,D,20080527,000000,26,26,26,26,10,0
ADB.DE,D,20080528,000000,26,26,26,26,10,0
ADB.DE,D,20080529,000000,26,26,26,26,0,0
ADB.DE,D,20080530,000000,26,26,26,26,0,0
ADB.DE,D,20080602,000000,26,26,26,26,0,0
ADB.DE,D,20080603,000000,28,28,28,28,150,0
ADB.DE,D,20080604,000000,28,28,28,28,150,0
ADB.DE,D,20080605,000000,28,28,28,28,0,0
ADB.DE,D,20080606,000000,28.5,28.5,28.5,28.5,174,0
ADB.DE,D,20080609,000000,28.5,28.5,28.5,28.5,174,0
ADB.DE,D,20080610,000000,28.5,28.5,28.5,28.5,0,0
ADB.DE,D,20080611,000000,27,27,27,27,26,0
ADB.DE,D,20080612,000000,27,27,27,27,80,0
ADB.DE,D,20080613,000000,25,25,25,25,40,0
ADB.DE,D,20080616,000000,25,25,25,25,40,0
ADB.DE,D,20080617,000000,25,25,25,25,0,0
ADB.DE,D,20080618,000000,25,25,25,25,0,0
ADB.DE,D,20080619,000000,25,25,25,25,0,0
ADB.DE,D,20080620,000000,25,25,25,25,0,0
ADB.DE,D,20080623,000000,25,25,25,25,0,0
ADB.DE,D,20080624,000000,25,25,25,25,0,0
ADB.DE,D,20080626,000000,25,25,25,25,0,0
ADB.DE,D,20080627,000000,25,25,25,25,0,0
ADB.DE,D,20080630,000000,25,25,25,25,0,0
ADB.DE,D,20080701,000000,25,25,25,25,0,0
ADB.DE,D,20080702,000000,25,25,25,25,0,0
ADB.DE,D,20080703,000000,25,25,25,25,0,0
ADB.DE,D,20080704,000000,25,25,25,25,0,0
ADB.DE,D,20080707,000000,25,25,25,25,0,0
ADB.DE,D,20080708,000000,25,25,25,25,0,0
ADB.DE,D,20080709,000000,25,25,25,25,0,0
ADB.DE,D,20080710,000000,23.41,23.41,23.41,23.41,30,0
ADB.DE,D,20080711,000000,23.41,23.41,23.41,23.41,30,0
ADB.DE,D,20080714,000000,24.91,24.91,24.91,24.91,35,0
ADB.DE,D,20080715,000000,24.91,24.91,24.91,24.91,35,0
ADB.DE,D,20080716,000000,24.91,24.91,24.91,24.91,0,0
ADB.DE,D,20080717,000000,24.9,24.9,24.9,24.9,29,0
ADB.DE,D,20080718,000000,24.9,24.9,24.9,24.9,29,0
ADB.DE,D,20080721,000000,24.9,24.9,24.9,24.9,0,0
ADB.DE,D,20080722,000000,24.9,24.9,24.9,24.9,0,0
ADB.DE,D,20080723,000000,24.9,24.9,24.9,24.9,0,0
ADB.DE,D,20080724,000000,24.9,24.9,24.9,24.9,0,0
ADB.DE,D,20080725,000000,24.91,24.91,24.91,24.91,40,0
ADB.DE,D,20080728,000000,26.8,26.8,26.8,26.8,40,0
ADB.DE,D,20080729,000000,26.8,26.8,26.8,26.8,40,0
ADB.DE,D,20080730,000000,26.8,26.8,26.8,26.8,0,0
ADB.DE,D,20080731,000000,26.8,26.8,26.8,26.8,0,0
ADB.DE,D,20080801,000000,26.8,26.8,26.8,26.8,0,0
ADB.DE,D,20080804,000000,26.8,26.8,26.8,26.8,0,0
ADB.DE,D,20080805,000000,26.66,26.66,26.66,26.66,40,0
ADB.DE,D,20080806,000000,26.66,26.66,26.66,26.66,40,0
ADB.DE,D,20080807,000000,26.66,26.66,26.66,26.66,0,0
ADB.DE,D,20080808,000000,26.66,26.66,26.66,26.66,0,0
ADB.DE,D,20080811,000000,26.66,26.66,26.66,26.66,0,0
ADB.DE,D,20080812,000000,26.66,26.66,26.66,26.66,0,0
ADB.DE,D,20080813,000000,26.66,26.66,26.66,26.66,0,0
ADB.DE,D,20080814,000000,26.66,26.66,26.66,26.66,0,0
ADB.DE,D,20080815,000000,26.66,26.66,26.66,26.66,0,0
ADB.DE,D,20080818,000000,26.66,26.66,26.66,26.66,0,0
ADB.DE,D,20080819,000000,26.66,26.66,26.66,26.66,0,0
ADB.DE,D,20080820,000000,26.66,26.66,26.66,26.66,0,0
ADB.DE,D,20080821,000000,26.66,26.66,26.66,26.66,0,0
ADB.DE,D,20080822,000000,26.66,26.66,26.66,26.66,0,0
ADB.DE,D,20080825,000000,26.66,26.66,26.66,26.66,0,0
ADB.DE,D,20080826,000000,26.66,26.66,26.66,26.66,0,0
ADB.DE,D,20080827,000000,26.66,26.66,26.66,26.66,0,0
ADB.DE,D,20080828,000000,26.66,26.66,26.66,26.66,0,0
ADB.DE,D,20080829,000000,26.66,26.66,26.66,26.66,0,0
ADB.DE,D,20080901,000000,26.66,26.66,26.66,26.66,0,0
ADB.DE,D,20080902,000000,26.66,26.66,26.66,26.66,0,0
ADB.DE,D,20080903,000000,30,30,30,30,30,0
ADB.DE,D,20080904,000000,30,30,30,30,30,0
ADB.DE,D,20080905,000000,30,30,30,30,0,0
ADB.DE,D,20080908,000000,30,30,30,30,0,0
ADB.DE,D,20080909,000000,30,30,30,30,0,0
ADB.DE,D,20080910,000000,29,29,29,29,933,0
ADB.DE,D,20080911,000000,29,29,29,29,933,0
ADB.DE,D,20080912,000000,29,29,29,29,0,0
ADB.DE,D,20080915,000000,29,29,29,29,0,0
ADB.DE,D,20080916,000000,29,29,29,29,0,0
ADB.DE,D,20080917,000000,29,29,29,29,0,0
ADB.DE,D,20080918,000000,29,29,29,29,0,0
ADB.DE,D,20080919,000000,29,29,29,29,0,0
ADB.DE,D,20080923,000000,29,29,29,29,0,0
ADB.DE,D,20080924,000000,29,29,29,29,0,0
ADB.DE,D,20080925,000000,27.27,27.27,27.27,27.27,80,0
ADB.DE,D,20080926,000000,27.27,27.27,27.27,27.27,80,0
ADB.DE,D,20080929,000000,27.27,27.27,27.27,27.27,0,0
ADB.DE,D,20081001,000000,29.5,29.5,29.5,29.5,20,0
ADB.DE,D,20081002,000000,29.5,29.5,29.5,29.5,20,0
ADB.DE,D,20081003,000000,29.5,29.5,29.5,29.5,0,0
ADB.DE,D,20081006,000000,29.5,29.5,29.5,29.5,0,0
ADB.DE,D,20081009,000000,24.5,24.5,24.5,24.5,50,0
ADB.DE,D,20081014,000000,22.6,22.6,22.6,22.6,300,0
ADB.DE,D,20081015,000000,22.6,22.6,22.6,22.6,300,0
ADB.DE,D,20081016,000000,22.6,22.6,22.6,22.6,0,0
ADB.DE,D,20081017,000000,21.4,21.4,21.4,21.4,72,0
ADB.DE,D,20081021,000000,21.4,21.4,21.4,21.4,72,0
ADB.DE,D,20081022,000000,21.4,21.4,21.4,21.4,0,0
ADB.DE,D,20081023,000000,21.4,21.4,21.4,21.4,0,0
ADB.DE,D,20081024,000000,21.4,21.4,21.4,21.4,0,0
ADB.DE,D,20081027,000000,18.15,18.15,18.15,18.15,115,0
ADB.DE,D,20081028,000000,18.15,18.15,18.15,18.15,115,0
ADB.DE,D,20081029,000000,20,20,20,20,14,0
ADB.DE,D,20081030,000000,20,20,20,20,14,0
ADB.DE,D,20081031,000000,20,20,20,20,0,0
ADB.DE,D,20081103,000000,20,20,20,20,0,0
ADB.DE,D,20081104,000000,20,20,20,20,0,0
ADB.DE,D,20081105,000000,23,23,23,23,26,0
ADB.DE,D,20081106,000000,21.21,21.21,21.21,21.21,744,0
ADB.DE,D,20081107,000000,20.1,20.1,20.1,20.1,198,0
ADB.DE,D,20081110,000000,21,21,21,21,57,0
ADB.DE,D,20081111,000000,21,21,21,21,57,0
ADB.DE,D,20081112,000000,21,21,21,21,0,0
ADB.DE,D,20081113,000000,21,21,21,21,0,0
ADB.DE,D,20081114,000000,19,19,19,19,175,0
ADB.DE,D,20081117,000000,18.99,18.99,18.99,18.99,50,0
ADB.DE,D,20081118,000000,18.99,18.99,18.99,18.99,50,0
ADB.DE,D,20081119,000000,18.99,18.99,18.99,18.99,0,0
ADB.DE,D,20081120,000000,18.99,18.99,18.99,18.99,0,0
ADB.DE,D,20081121,000000,18.99,18.99,18.99,18.99,0,0
ADB.DE,D,20081124,000000,18.99,18.99,18.99,18.99,0,0
ADB.DE,D,20081126,000000,18.99,18.99,18.99,18.99,0,0
ADB.DE,D,20081127,000000,18.99,18.99,18.99,18.99,0,0
ADB.DE,D,20081128,000000,18.99,18.99,18.99,18.99,0,0
ADB.DE,D,20081201,000000,18.1,18.1,18.1,18.1,560,0
ADB.DE,D,20081202,000000,18.1,18.1,18.1,18.1,560,0
ADB.DE,D,20081203,000000,17.3,17.3,17.3,17.3,140,0
ADB.DE,D,20081204,000000,17.3,17.3,17.3,17.3,140,0
ADB.DE,D,20081205,000000,17.3,17.3,17.3,17.3,0,0
ADB.DE,D,20081208,000000,17.05,17.05,17.05,17.05,300,0
ADB.DE,D,20081209,000000,17.05,17.05,17.05,17.05,300,0
ADB.DE,D,20081210,000000,18,18,18,18,69,0
ADB.DE,D,20081211,000000,18,18,18,18,69,0
ADB.DE,D,20081212,000000,15.8,15.8,15.8,15.8,150,0
ADB.DE,D,20081215,000000,16.54,16.54,16.54,16.54,257,0
ADB.DE,D,20081216,000000,16.54,16.54,16.54,16.54,257,0
ADB.DE,D,20081217,000000,17.15,17.15,17.15,17.15,300,0
ADB.DE,D,20081218,000000,16.99,16.99,16.99,16.99,90,0
ADB.DE,D,20081219,000000,16.99,16.99,16.99,16.99,90,0
ADB.DE,D,20081222,000000,15.78,15.78,15.78,15.78,53,0
ADB.DE,D,20081223,000000,17,17,17,17,14,0
ADB.DE,D,20081229,000000,15.51,15.51,15.51,15.51,149,0
ADB.DE,D,20090102,000000,15.51,15.51,15.51,15.51,0,0
ADB.DE,D,20090105,000000,15.51,15.51,15.51,15.51,0,0
ADB.DE,D,20090106,000000,15.51,15.51,15.51,15.51,0,0
ADB.DE,D,20090107,000000,15.51,15.51,15.51,15.51,0,0
ADB.DE,D,20090108,000000,15.51,15.51,15.51,15.51,0,0
ADB.DE,D,20090109,000000,15.51,15.51,15.51,15.51,0,0
ADB.DE,D,20090112,000000,16.6,16.6,16.6,16.6,50,0
ADB.DE,D,20090113,000000,17.5,17.5,17.5,17.5,100,0
ADB.DE,D,20090114,000000,17.5,17.5,17.5,17.5,100,0
ADB.DE,D,20090115,000000,16.6,16.6,16.6,16.6,18,0
ADB.DE,D,20090116,000000,16.6,16.6,16.6,16.6,18,0
ADB.DE,D,20090120,000000,16.6,16.6,16.6,16.6,0,0
ADB.DE,D,20090121,000000,16.6,16.6,16.6,16.6,0,0
ADB.DE,D,20090122,000000,16.6,16.6,16.6,16.6,0,0
ADB.DE,D,20090123,000000,16.6,16.6,16.6,16.6,0,0
ADB.DE,D,20090126,000000,16.6,16.6,16.6,16.6,0,0
ADB.DE,D,20090127,000000,16.6,16.6,16.6,16.6,0,0
ADB.DE,D,20090128,000000,16.6,16.6,16.6,16.6,0,0
ADB.DE,D,20090129,000000,16.6,16.6,16.6,16.6,0,0
ADB.DE,D,20090130,000000,16.6,16.6,16.6,16.6,0,0
ADB.DE,D,20090202,000000,16.6,16.6,16.6,16.6,0,0
ADB.DE,D,20090203,000000,16.6,16.6,16.6,16.6,0,0
ADB.DE,D,20090204,000000,16.6,16.6,16.6,16.6,0,0
ADB.DE,D,20090205,000000,16.6,16.6,16.6,16.6,0,0
ADB.DE,D,20090206,000000,16.6,16.6,16.6,16.6,0,0
ADB.DE,D,20090209,000000,16.6,16.6,16.6,16.6,0,0
ADB.DE,D,20090210,000000,16.42,16.42,16.42,16.42,15,0
ADB.DE,D,20090211,000000,16.42,16.42,16.42,16.42,15,0
ADB.DE,D,20090212,000000,16.42,16.42,16.42,16.42,0,0
ADB.DE,D,20090213,000000,16.42,16.42,16.42,16.42,0,0
ADB.DE,D,20090216,000000,16.3,16.3,16.3,16.3,147,0
ADB.DE,D,20090217,000000,16.3,16.3,16.3,16.3,147,0
ADB.DE,D,20090218,000000,16.3,16.3,16.3,16.3,0,0
ADB.DE,D,20090219,000000,16.3,16.3,16.3,16.3,0,0
ADB.DE,D,20090220,000000,16.3,16.3,16.3,16.3,0,0
ADB.DE,D,20090223,000000,16.3,16.3,16.3,16.3,0,0
ADB.DE,D,20090224,000000,16.3,16.3,16.3,16.3,0,0
ADB.DE,D,20090225,000000,16.3,16.3,16.3,16.3,0,0
ADB.DE,D,20090226,000000,16.3,16.3,16.3,16.3,0,0
ADB.DE,D,20090302,000000,16.3,16.3,16.3,16.3,0,0
ADB.DE,D,20090303,000000,12.7,12.7,12.7,12.7,50,0
ADB.DE,D,20090304,000000,12.7,12.7,12.7,12.7,50,0
ADB.DE,D,20090305,000000,12.7,12.7,12.7,12.7,0,0
ADB.DE,D,20090306,000000,12.7,12.7,12.7,12.7,0,0
ADB.DE,D,20090309,000000,12.7,12.7,12.7,12.7,0,0
ADB.DE,D,20090310,000000,12.7,12.7,12.7,12.7,0,0
ADB.DE,D,20090311,000000,12.7,12.7,12.7,12.7,0,0
ADB.DE,D,20090312,000000,12.7,12.7,12.7,12.7,0,0
ADB.DE,D,20090313,000000,12.7,12.7,12.7,12.7,0,0
ADB.DE,D,20090316,000000,12.7,12.7,12.7,12.7,0,0
ADB.DE,D,20090317,000000,12.7,12.7,12.7,12.7,0,0
ADB.DE,D,20090318,000000,12.7,12.7,12.7,12.7,0,0
ADB.DE,D,20090319,000000,12.7,12.7,12.7,12.7,0,0
ADB.DE,D,20090320,000000,12.7,12.7,12.7,12.7,0,0
ADB.DE,D,20090323,000000,12.7,12.7,12.7,12.7,0,0
ADB.DE,D,20090324,000000,14.58,14.58,14.58,14.58,200,0
ADB.DE,D,20090325,000000,14.58,14.58,14.58,14.58,200,0
ADB.DE,D,20090326,000000,14.58,14.58,14.58,14.58,0,0
ADB.DE,D,20090327,000000,14.58,14.58,14.58,14.58,0,0
ADB.DE,D,20090330,000000,16.44,16.44,16.44,16.44,60,0
ADB.DE,D,20090331,000000,16.44,16.44,16.44,16.44,60,0
ADB.DE,D,20090401,000000,16.44,16.44,16.44,16.44,0,0
ADB.DE,D,20090402,000000,16.44,16.44,16.44,16.44,0,0
ADB.DE,D,20090403,000000,17.7,17.7,17.7,17.7,3,0
ADB.DE,D,20090406,000000,17.7,17.7,17.7,17.7,3,0
ADB.DE,D,20090407,000000,17.7,17.7,17.7,17.7,0,0
ADB.DE,D,20090408,000000,17.7,17.7,17.7,17.7,0,0
ADB.DE,D,20090409,000000,18.15,18.15,18.15,18.15,300,0
ADB.DE,D,20090414,000000,18.15,18.15,18.15,18.15,300,0
ADB.DE,D,20090415,000000,18.15,18.15,18.15,18.15,0,0
ADB.DE,D,20090416,000000,18.15,18.15,18.15,18.15,0,0
ADB.DE,D,20090417,000000,18.15,18.15,18.15,18.15,0,0
ADB.DE,D,20090420,000000,18.15,18.15,18.15,18.15,0,0
ADB.DE,D,20090421,000000,18.15,18.15,18.15,18.15,0,0
ADB.DE,D,20090422,000000,18.15,18.15,18.15,18.15,0,0
ADB.DE,D,20090423,000000,18.15,18.15,18.15,18.15,0,0
ADB.DE,D,20090424,000000,18.15,18.15,18.15,18.15,0,0
ADB.DE,D,20090427,000000,18.15,18.15,18.15,18.15,0,0
ADB.DE,D,20090428,000000,20,20,20,20,160,0
ADB.DE,D,20090429,000000,20,20,20,20,160,0
ADB.DE,D,20090430,000000,20,20,20,20,0,0
ADB.DE,D,20090504,000000,20,20,20,20,71,0
ADB.DE,D,20090505,000000,20,20,20,20,71,0
ADB.DE,D,20090506,000000,20,20,20,20,0,0
ADB.DE,D,20090507,000000,20,20,20,20,0,0
ADB.DE,D,20090508,000000,20,20,20,20,0,0
ADB.DE,D,20090511,000000,20,20,20,20,0,0
ADB.DE,D,20090512,000000,20,20,20,20,0,0
ADB.DE,D,20090513,000000,20,20,20,20,0,0
ADB.DE,D,20090514,000000,20,20,20,20,0,0
ADB.DE,D,20090515,000000,20,20,20,20,0,0
ADB.DE,D,20090518,000000,20,20,20,20,0,0
ADB.DE,D,20090519,000000,20,20,20,20,0,0
ADB.DE,D,20090520,000000,20,20,20,20,0,0
ADB.DE,D,20090521,000000,20,20,20,20,0,0
ADB.DE,D,20090522,000000,20,20,20,20,0,0
ADB.DE,D,20090525,000000,20,20,20,20,0,0
ADB.DE,D,20090526,000000,20,20,20,20,20,0
ADB.DE,D,20090527,000000,20,20,20,20,20,0
ADB.DE,D,20090528,000000,20,20,20,20,0,0
ADB.DE,D,20090529,000000,19.85,19.85,19.85,19.85,99,0
ADB.DE,D,20090601,000000,19.85,19.85,19.85,19.85,99,0
ADB.DE,D,20090602,000000,19.85,19.85,19.85,19.85,0,0
ADB.DE,D,20090603,000000,19.85,19.85,19.85,19.85,0,0
ADB.DE,D,20090604,000000,19.85,19.85,19.85,19.85,0,0
ADB.DE,D,20090605,000000,19.85,19.85,19.85,19.85,0,0
ADB.DE,D,20090612,000000,21.9,21.9,21.9,21.9,150,0
ADB.DE,D,20090617,000000,19.85,19.85,19.85,19.85,25,0
ADB.DE,D,20090727,000000,22.96,22.96,22.96,22.96,1000,0
ADB.DE,D,20090804,000000,23,23,23,23,60,0
ADB.DE,D,20090810,000000,23,23,23,23,109,0
ADB.DE,D,20090812,000000,22.13,22.13,22.13,22.13,40,0
ADB.DE,D,20090818,000000,21.96,21.96,21.96,21.96,110,0
ADB.DE,D,20090820,000000,23,23,23,23,12,0
ADB.DE,D,20090901,000000,21.51,21.51,21.51,21.51,55,0
ADB.DE,D,20090917,000000,23.05,23.05,23.05,23.05,15,0
ADB.DE,D,20091019,000000,23.04,23.04,23.04,23.04,5,0
ADB.DE,D,20091109,000000,23.2,23.2,23.2,23.2,15,0
ADB.DE,D,20091123,000000,24.92,24.92,24.92,24.92,20,0
ADB.DE,D,20091124,000000,25,25,25,25,95,0
ADB.DE,D,20091130,000000,23.98,23.98,23.98,23.98,700,0
ADB.DE,D,20091203,000000,24,24,24,24,55,0
ADB.DE,D,20091210,000000,24.35,24.35,24.35,24.35,100,0
ADB.DE,D,20091216,000000,24.42,24.42,24.42,24.42,30,0
ADB.DE,D,20100202,000000,22,22,22,22,1,0
ADB.DE,D,20100203,000000,23.43,23.43,23.43,23.43,200,0
ADB.DE,D,20100208,000000,25,25,25,25,100,0
ADB.DE,D,20100302,000000,25.39,25.39,25.39,25.39,60,0
ADB.DE,D,20100304,000000,25.61,25.61,25.61,25.61,200,0
ADB.DE,D,20100310,000000,25.9,25.9,25.9,25.9,40,0
ADB.DE,D,20100317,000000,25.74,25.74,25.74,25.74,75,0
ADB.DE,D,20100318,000000,26.1,26.1,26.1,26.1,405,0
ADB.DE,D,20100319,000000,26.5,26.5,26.5,26.5,290,0
ADB.DE,D,20100322,000000,27,27,27,27,115,0
ADB.DE,D,20100329,000000,26.58,26.58,26.58,26.58,74,0
ADB.DE,D,20100406,000000,26.8,26.8,26.8,26.8,40,0
ADB.DE,D,20100408,000000,26.7,26.7,26.7,26.7,38,0
ADB.DE,D,20100412,000000,29.56,29.56,29.56,29.56,6,0
ADB.DE,D,20100422,000000,26.3,26.3,26.3,26.3,60,0
ADB.DE,D,20100427,000000,26.87,26.87,26.87,26.87,100,0
ADB.DE,D,20100428,000000,26.9,26.9,26.9,26.9,94,0
ADB.DE,D,20100429,000000,27.1,27.1,27.1,27.1,119,0
ADB.DE,D,20100430,000000,26.8,26.8,26.8,26.8,95,0
ADB.DE,D,20100503,000000,26.06,26.06,26.06,26.06,26,0
ADB.DE,D,20100504,000000,25.56,25.56,25.56,25.56,400,0
ADB.DE,D,20100507,000000,26.2,26.2,26.2,26.2,0,0
ADB.DE,D,20100511,000000,25.5,25.5,25.5,25.5,52,0
ADB.DE,D,20100512,000000,25.89,25.89,25.89,25.89,22,0
ADB.DE,D,20100520,000000,26.8,26.8,26.8,26.8,50,0
ADB.DE,D,20100531,000000,26.2,26.2,26.2,26.2,250,0
ADB.DE,D,20100601,000000,26.1,26.1,26.1,26.1,10,0
ADB.DE,D,20100608,000000,26.6,26.6,26.6,26.6,33,0
ADB.DE,D,20100611,000000,27,27,27,27,60,0
ADB.DE,D,20100615,000000,24.31,24.31,24.31,24.31,10,0
ADB.DE,D,20100617,000000,26.32,26.32,26.32,26.32,300,0
ADB.DE,D,20100622,000000,26.82,26.82,26.82,26.82,365,0
ADB.DE,D,20100624,000000,25.16,25.16,25.16,25.16,100,0
ADB.DE,D,20100630,000000,24.4,24.4,24.4,24.4,9,0
ADB.DE,D,20100712,000000,22.45,22.45,22.45,22.45,100,0
ADB.DE,D,20100714,000000,22.5,22.5,22.5,22.5,124,0
ADB.DE,D,20100719,000000,21,21,21,21,44,0
ADB.DE,D,20100720,000000,20.89,20.89,20.89,20.89,350,0
ADB.DE,D,20100727,000000,22.52,22.52,22.52,22.52,50,0
ADB.DE,D,20100819,000000,24.6,24.6,24.6,24.6,25,0
ADB.DE,D,20100823,000000,21.12,21.12,21.12,21.12,20,0
ADB.DE,D,20100903,000000,23.58,23.58,23.58,23.58,25,0
ADB.DE,D,20100910,000000,25.3,25.3,25.3,25.3,665,0
ADB.DE,D,20100920,000000,25.075,25.075,25.075,25.075,0,0
ADB.DE,D,20100922,000000,20.08,20.08,20.08,20.08,850,0
ADB.DE,D,20100923,000000,19.88,19.88,19.88,19.88,2322,0
ADB.DE,D,20100924,000000,20.49,20.49,20.49,20.49,760,0
ADB.DE,D,20100927,000000,20.12,20.12,20.12,20.12,179,0
ADB.DE,D,20100928,000000,19.95,19.95,19.95,19.95,500,0
ADB.DE,D,20100929,000000,19.25,19.25,19.25,19.25,750,0
ADB.DE,D,20100930,000000,19.74,19.74,19.74,19.74,25,0
ADB.DE,D,20101004,000000,19.21,19.21,19.21,19.21,80,0
ADB.DE,D,20101005,000000,18.6,18.6,18.6,18.6,710,0
ADB.DE,D,20101006,000000,18.56,18.56,18.56,18.56,350,0
ADB.DE,D,20101008,000000,19.9,19.9,19.9,19.9,10,0
ADB.DE,D,20101011,000000,19.65,19.65,19.65,19.65,1400,0
ADB.DE,D,20101012,000000,21,21,21,21,79,0
ADB.DE,D,20101013,000000,20.3,20.3,20.3,20.3,4,0
ADB.DE,D,20101014,000000,19.99,19.99,19.99,19.99,40,0
ADB.DE,D,20101018,000000,20.3,20.3,20.3,20.3,100,0
ADB.DE,D,20101019,000000,20,20,20,20,90,0
ADB.DE,D,20101020,000000,20,20,20,20,1000,0
ADB.DE,D,20101021,000000,19.5,19.5,19.5,19.5,40,0
ADB.DE,D,20101022,000000,19.8,19.8,19.8,19.8,293,0
ADB.DE,D,20101025,000000,20.5,20.5,20.5,20.5,168,0
ADB.DE,D,20101028,000000,19.5,19.5,19.5,19.5,79,0
ADB.DE,D,20101029,000000,18.74,18.74,18.74,18.74,130,0
ADB.DE,D,20101101,000000,21,21,21,21,55,0
ADB.DE,D,20101103,000000,21,21,21,21,200,0
ADB.DE,D,20101105,000000,19.56,19.56,19.56,19.56,45,0
ADB.DE,D,20101108,000000,19.93,19.93,19.93,19.93,55,0
ADB.DE,D,20101110,000000,21.21,21.21,21.21,21.21,803,0
ADB.DE,D,20101122,000000,20.95,20.95,20.95,20.95,250,0
ADB.DE,D,20101123,000000,19.65,19.65,19.65,19.65,13,0
ADB.DE,D,20101125,000000,20.95,20.95,20.95,20.95,1,0
ADB.DE,D,20101129,000000,21.9,21.9,21.9,21.9,120,0
ADB.DE,D,20101130,000000,20.51,20.51,20.51,20.51,100,0
ADB.DE,D,20101202,000000,21.46,21.46,21.46,21.46,500,0
ADB.DE,D,20101203,000000,21,21,21,21,219,0
ADB.DE,D,20101206,000000,21,21,21,21,13,0
ADB.DE,D,20101207,000000,21.9,21.9,21.9,21.9,50,0
ADB.DE,D,20101209,000000,21.9,21.9,21.9,21.9,50,0
ADB.DE,D,20101210,000000,22.2,22.2,22.2,22.2,300,0
ADB.DE,D,20101213,000000,22.2,22.2,22.2,22.2,50,0
ADB.DE,D,20101217,000000,21,21,21,21,208,0
ADB.DE,D,20101221,000000,23.5,23.5,23.5,23.5,22,0
ADB.DE,D,20101222,000000,23.71,23.71,23.71,23.71,66,0
ADB.DE,D,20101223,000000,23.57,23.57,23.57,23.57,454,0
ADB.DE,D,20101227,000000,23.51,23.51,23.51,23.51,54,0
ADB.DE,D,20101229,000000,23.51,23.51,23.51,23.51,510,0
ADB.DE,D,20110104,000000,23.34,23.34,23.34,23.34,103,0
ADB.DE,D,20110105,000000,24,24,24,24,130,0
ADB.DE,D,20110110,000000,24.99,24.99,24.99,24.99,120,0
ADB.DE,D,20110111,000000,25.01,25.01,25.01,25.01,430,0
ADB.DE,D,20110113,000000,25.55,25.55,25.55,25.55,100,0
ADB.DE,D,20110117,000000,26.25,26.25,26.25,26.25,80,0
ADB.DE,D,20110118,000000,24.9,24.9,24.9,24.9,100,0
ADB.DE,D,20110119,000000,25.26,25.26,25.26,25.26,240,0
ADB.DE,D,20110121,000000,25,25,25,25,2,0
ADB.DE,D,20110124,000000,24.2,24.2,24.2,24.2,50,0
ADB.DE,D,20110128,000000,24.23,24.23,24.23,24.23,400,0
ADB.DE,D,20110131,000000,24.2,24.2,24.2,24.2,150,0
ADB.DE,D,20110204,000000,24.4,24.4,24.4,24.4,100,0
ADB.DE,D,20110211,000000,24.7,24.7,24.7,24.7,229,0
ADB.DE,D,20110217,000000,25,25,25,25,100,0
ADB.DE,D,20110221,000000,26,26,26,26,100,0
ADB.DE,D,20110222,000000,24.84,24.84,24.84,24.84,100,0
ADB.DE,D,20110225,000000,24.52,24.52,24.52,24.52,45,0
ADB.DE,D,20110304,000000,23.72,23.72,23.72,23.72,40,0
ADB.DE,D,20110315,000000,22.5,22.5,22.5,22.5,50,0
ADB.DE,D,20110324,000000,22.715,22.715,22.715,22.715,140,0
ADB.DE,D,20110328,000000,23.98,23.98,23.98,23.98,200,0
ADB.DE,D,20110412,000000,23.55,23.55,23.55,23.55,60,0
ADB.DE,D,20110420,000000,23,23,23,23,140,0
ADB.DE,D,20110421,000000,21.98,21.98,21.98,21.98,80,0
ADB.DE,D,20110509,000000,21.94,21.94,21.94,21.94,67,0
ADB.DE,D,20110516,000000,24.75,24.75,24.75,24.75,200,0
ADB.DE,D,20110525,000000,24.1,24.1,24.1,24.1,500,0
ADB.DE,D,20190905,000000,264,264,257.9,257.9,23,0
ADB.DE,D,20190906,000000,258.8,263.45,258.8,261.45,130,0
ADB.DE,D,20190909,000000,258,258,251.9,251.9,25,0
ADB.DE,D,20190910,000000,250,251,248.25,248.25,93,0
ADB.DE,D,20190911,000000,253.75,253.75,253.75,253.75,0,0
ADB.DE,D,20190912,000000,254.5,256.05,251.95,251.95,210,0
ADB.DE,D,20190913,000000,253,256.1,247.6,252.4,88,0
ADB.DE,D,20190916,000000,251,255.6,249.6,255.6,121,0
ADB.DE,D,20190917,000000,262.8,265,255.7,255.7,256,0
ADB.DE,D,20190918,000000,250.1,254,243.75,254,674,0
ADB.DE,D,20190919,000000,251.5,255.65,251.5,255.2,107,0
ADB.DE,D,20190920,000000,252.6,252.6,252.6,252.6,0,0
ADB.DE,D,20190923,000000,252.75,256.85,249.2,254.1,47,0
ADB.DE,D,20190924,000000,255.25,255.25,251,251,13,0
ADB.DE,D,20190925,000000,247,250,246,248.05,159,0
ADB.DE,D,20190926,000000,253.6,256.75,253.6,256.75,63,0
ADB.DE,D,20190927,000000,258.55,262.1,257.65,257.65,159,0
ADB.DE,D,20190930,000000,254.2,255.45,254.05,254.05,69,0
ADB.DE,D,20191001,000000,254.2,255.3,250.85,250.85,17,0
ADB.DE,D,20191002,000000,250.3,252,245.2,245.2,143,0
ADB.DE,D,20191004,000000,248.5,252.35,248.5,252.35,38,0
ADB.DE,D,20191007,000000,250.5,252.8,250,252.8,281,0
ADB.DE,D,20191008,000000,254,254,249.55,249.55,56,0
ADB.DE,D,20191009,000000,251.5,251.5,249.6,249.8,488,0
ADB.DE,D,20191010,000000,251.65,252.85,251,251,8,0
ADB.DE,D,20191011,000000,251.95,253.85,251.95,253.85,8,0
ADB.DE,D,20191014,000000,252.1,252.65,250,252.65,331,0
ADB.DE,D,20191015,000000,253,253,249.35,251.55,93,0
ADB.DE,D,20191016,000000,252,252,240.65,242.7,893,0
ADB.DE,D,20191017,000000,246,248.4,246,248.4,250,0
ADB.DE,D,20191018,000000,243,243.05,238.35,238.35,36,0
ADB.DE,D,20191021,000000,237.55,240.95,237.5,238.25,78,0
ADB.DE,D,20191022,000000,240,245.5,237.6,237.6,162,0
ADB.DE,D,20191023,000000,231.5,235.7,231.25,231.25,256,0
ADB.DE,D,20191024,000000,234.5,234.5,233.85,234,75,0
ADB.DE,D,20191025,000000,240,244.95,240,244.95,50,0
ADB.DE,D,20191028,000000,247.75,251,238.75,244,644,0
ADB.DE,D,20191029,000000,245.5,245.5,245.5,245.5,0,0
ADB.DE,D,20191030,000000,243.55,247.5,243.55,247.5,5,0
ADB.DE,D,20191031,000000,254.15,254.15,249.05,249.05,15,0
ADB.DE,D,20191101,000000,248.6,251.55,248.55,250.15,77,0
ADB.DE,D,20191104,000000,250.5,252.95,249,250.5,203,0
ADB.DE,D,20191105,000000,258.65,262,258.65,259.35,25,0
ADB.DE,D,20191106,000000,262.95,263.2,259.75,259.75,35,0
ADB.DE,D,20191107,000000,263,266,261.8,263.7,485,0
ADB.DE,D,20191108,000000,269.7,269.7,259.05,263.6,94,0
ADB.DE,D,20191111,000000,264.5,266,263.45,263.45,524,0
ADB.DE,D,20191112,000000,262.2,267.5,262.2,265.4,229,0
ADB.DE,D,20191113,000000,261.6,265.1,261.6,265.1,75,0
ADB.DE,D,20191114,000000,268.7,268.7,266.5,267.7,9,0
ADB.DE,D,20191115,000000,269,271,266.15,266.15,140,0
ADB.DE,D,20191118,000000,272,272,267.9,267.9,225,0
ADB.DE,D,20191119,000000,272.8,272.8,268.25,268.25,41,0
ADB.DE,D,20191120,000000,269.6,275.5,269.6,270.9,99,0
ADB.DE,D,20191121,000000,273.65,273.65,269.1,269.1,62,0
ADB.DE,D,20191122,000000,271.4,271.4,269.05,269.05,36,0
ADB.DE,D,20191125,000000,272,276.5,272,276.5,150,0
ADB.DE,D,20191126,000000,277.5,280,275.65,278.05,635,0
ADB.DE,D,20191127,000000,280,285.25,277.5,277.5,300,0
ADB.DE,D,20191128,000000,280.5,283.8,278.4,283.35,337,0
ADB.DE,D,20191129,000000,280.95,282,279.5,280.6,227,0
ADB.DE,D,20191202,000000,282,282,271.6,272.9,681,0
ADB.DE,D,20191203,000000,274.5,274.5,269.5,271.8,239,0
ADB.DE,D,20191204,000000,275,275,273.4,273.4,147,0
ADB.DE,D,20191205,000000,280.2,280.2,273.3,273.3,45,0
ADB.DE,D,20191206,000000,272.8,277.2,272.8,276.1,28,0
ADB.DE,D,20191209,000000,274,278.8,274,278.8,122,0
ADB.DE,D,20191210,000000,276.8,278.95,266.65,275.8,397,0
ADB.DE,D,20191211,000000,275.5,275.5,272.3,272.3,27,0
ADB.DE,D,20191212,000000,273.9,274.95,272.7,272.7,181,0
ADB.DE,D,20191213,000000,282.8,288.8,280.6,287,956,0
ADB.DE,D,20191216,000000,286,291,281.65,290.9,408,0
ADB.DE,D,20191217,000000,290.9,291.45,286.1,290.3,68,0
ADB.DE,D,20191218,000000,290,293.4,290,293.4,5,0
ADB.DE,D,20191219,000000,290.7,294.75,290.7,293.7,6,0
ADB.DE,D,20191220,000000,294.95,299.85,294.35,295.3,301,0
ADB.DE,D,20191223,000000,296,298.95,295.6,296.8,221,0
ADB.DE,D,20191227,000000,296.75,300.75,296.1,296.1,55,0
ADB.DE,D,20191230,000000,296,296.2,294,294.9,95,0
ADB.DE,D,20200102,000000,300,300,296.3,296.3,68,0
ADB.DE,D,20200103,000000,298.6,298.6,295,297.2,184,0
ADB.DE,D,20200106,000000,295,296.95,288.05,296.5,772,0
ADB.DE,D,20200107,000000,298.6,300.6,298.6,299.4,141,0
ADB.DE,D,20200108,000000,302.8,303.75,298.2,303.6,559,0
ADB.DE,D,20200109,000000,306.5,310,306.2,306.2,298,0
ADB.DE,D,20200110,000000,308.3,311.75,307.45,307.45,404,0
ADB.DE,D,20200113,000000,307.8,310.5,307.4,308.4,200,0
ADB.DE,D,20200114,000000,311.2,312,310,310.4,195,0
ADB.DE,D,20200115,000000,310.5,313,309.5,310.4,161,0
ADB.DE,D,20200116,000000,308.85,311.95,307.05,308.2,423,0
ADB.DE,D,20200117,000000,313.55,319.5,312.45,313.4,530,0
ADB.DE,D,20200120,000000,317.65,320.5,315.75,317.7,341,0
ADB.DE,D,20200121,000000,319,320,310,317.4,550,0
ADB.DE,D,20200122,000000,320,320.85,316.9,317.9,350,0
ADB.DE,D,20200123,000000,316,316.8,314.8,316.8,165,0
ADB.DE,D,20200124,000000,321,323,320.55,321.3,610,0
ADB.DE,D,20200127,000000,314.9,321,307.8,316.4,1571,0
ADB.DE,D,20200128,000000,316.2,321.8,316.2,321.8,408,0
ADB.DE,D,20200129,000000,322.8,324.2,321,321.2,163,0
ADB.DE,D,20200130,000000,317.8,319.75,315.6,319.5,170,0
ADB.DE,D,20200131,000000,325.5,325.5,315.4,315.4,332,0
ADB.DE,D,20200203,000000,320.25,322,317.1,320.9,287,0
ADB.DE,D,20200204,000000,326.8,331.15,326,330.6,778,0
ADB.DE,D,20200205,000000,337,337,330,330.8,842,0
ADB.DE,D,20200206,000000,336.4,336.4,332,334.4,597,0
ADB.DE,D,20200207,000000,335,339,332.45,336.2,588,0
ADB.DE,D,20200210,000000,335.4,338.1,333.2,338.1,324,0
ADB.DE,D,20200211,000000,341.7,343,338,338.3,326,0
ADB.DE,D,20200212,000000,338.65,342.95,338,341.5,833,0
ADB.DE,D,20200213,000000,347,348,340.05,348,324,0
ADB.DE,D,20200214,000000,348.3,350.5,347.6,349.1,433,0
ADB.DE,D,20200217,000000,352.9,354.7,352,353.1,618,0
ADB.DE,D,20200218,000000,348.5,353.75,343,352.7,422,0
ADB.DE,D,20200219,000000,351,356.95,351,356.2,354,0
ADB.DE,D,20200220,000000,358.05,358.4,348.8,348.8,407,0
ADB.DE,D,20200221,000000,345,348.65,333.8,344.3,3457,0
ADB.DE,D,20200224,000000,314.05,335.35,305,332.55,3603,0
ADB.DE,D,20200225,000000,332.25,334.85,324.2,325.2,556,0
ADB.DE,D,20200226,000000,319.95,330.1,308.25,328.7,2491,0
ADB.DE,D,20200227,000000,317.95,318.6,305.05,317.2,1840,0
ADB.DE,D,20200228,000000,288.5,305.8,281,305,4344,0
ADB.DE,D,20200302,000000,324,324,307.5,316.5,1924,0
ADB.DE,D,20200303,000000,322.5,330,319,319.2,2845,0
ADB.DE,D,20200304,000000,319,322.5,314.8,318,879,0
ADB.DE,D,20200305,000000,321.65,323,315.35,319.9,649,0
ADB.DE,D,20200306,000000,307.05,316.4,293.75,299.05,4590,0
ADB.DE,D,20200309,000000,285,285,270.05,277.9,3879,0
ADB.DE,D,20200310,000000,277.8,289.2,265,278.5,1418,0
ADB.DE,D,20200311,000000,286.2,300.55,281.7,281.7,909,0
ADB.DE,D,20200312,000000,267,267,251,264.5,1541,0
ADB.DE,D,20200313,000000,262.2,285.3,261.75,272.8,1414,0
ADB.DE,D,20200316,000000,269.2,278,260.2,272.95,2304,0
ADB.DE,D,20200317,000000,264.3,279.6,255.2,278.85,1165,0
ADB.DE,D,20200318,000000,263.4,271.95,257.75,257.75,418,0
ADB.DE,D,20200319,000000,265.85,281.25,264.85,280.85,340,0
ADB.DE,D,20200320,000000,290.95,304.95,284.25,291.4,1034,0
ADB.DE,D,20200323,000000,265.55,289.2,265.5,283.9,521,0
ADB.DE,D,20200324,000000,296.2,304.25,290.55,292.4,2126,0
ADB.DE,D,20200325,000000,291,298,278.65,289,1021,0
ADB.DE,D,20200326,000000,279.9,291.35,267,288.6,536,0
ADB.DE,D,20200327,000000,290,290,274.2,275.7,501,0
ADB.DE,D,20200330,000000,275.55,291.8,274.4,290.2,1416,0
ADB.DE,D,20200331,000000,291,299.4,286.95,292.4,652,0
ADB.DE,D,20200401,000000,280.65,286.45,279.9,283.5,290,0
ADB.DE,D,20200402,000000,280.3,282.8,271.8,278.2,353,0
ADB.DE,D,20200403,000000,280,283.35,273.05,273.2,174,0
ADB.DE,D,20200406,000000,284,291.15,283,289.25,220,0
ADB.DE,D,20200407,000000,298,309.5,283,286.45,874,0
ADB.DE,D,20200408,000000,286,292.2,283.6,284.9,369,0
ADB.DE,D,20200409,000000,292.25,297.75,285.45,289.2,652,0
ADB.DE,D,20200414,000000,302,306.15,298.8,299.75,1238,0
ADB.DE,D,20200415,000000,309,310.95,305,307.3,1232,0
ADB.DE,D,20200416,000000,309.8,318.4,307.3,317.1,2235,0
ADB.DE,D,20200417,000000,324.8,334,313.25,313.95,776,0
ADB.DE,D,20200420,000000,316.85,320.35,311.7,320.05,328,0
ADB.DE,D,20200421,000000,317.5,317.5,300.35,302.1,1491,0
ADB.DE,D,20200422,000000,308.5,312.8,308.5,312.7,258,0
ADB.DE,D,20200423,000000,315.4,316.2,308.95,313.9,384,0
ADB.DE,D,20200424,000000,310,312,306.65,311.2,232,0
ADB.DE,D,20200427,000000,320.95,324,318.15,320.75,242,0
ADB.DE,D,20200428,000000,322.8,324.8,313.1,313.1,141,0
ADB.DE,D,20200429,000000,315,323.6,310.15,323.6,978,0
ADB.DE,D,20200430,000000,328.5,328.5,317.9,320.5,342,0
ADB.DE,D,20200504,000000,314.45,321.55,295,321.55,1942,0
ADB.DE,D,20200505,000000,323,329.25,321.25,329.25,403,0
ADB.DE,D,20200506,000000,332,335.45,331.95,334.4,114,0
ADB.DE,D,20200507,000000,339,344.95,338.9,340.6,499,0
ADB.DE,D,20200508,000000,343.95,346.55,339.65,341.6,395,0
ADB.DE,D,20200511,000000,340.5,345,335.75,343,499,0
ADB.DE,D,20200512,000000,340,346.6,330,341.1,1723,0
ADB.DE,D,20200513,000000,336.05,346.65,328.4,328.4,1476,0
ADB.DE,D,20200514,000000,336.5,336.5,323.95,323.95,407,0
ADB.DE,D,20200515,000000,331.4,331.4,323.55,323.55,500,0
ADB.DE,D,20200518,000000,340.05,344.95,337.2,343.6,329,0
ADB.DE,D,20200519,000000,338.5,343.75,336.05,342.6,281,0
ADB.DE,D,20200520,000000,344.15,349,342.25,349,222,0
ADB.DE,D,20200521,000000,349,350.75,338,349,1345,0
ADB.DE,D,20200522,000000,345,355,344.05,352.1,332,0
ADB.DE,D,20200525,000000,361.45,363.45,358.1,360.7,429,0
ADB.DE,D,20200526,000000,362.7,362.7,346.65,347.8,498,0
ADB.DE,D,20200527,000000,347.9,352,327.65,337.05,1980,0
ADB.DE,D,20200528,000000,341,347.2,338.8,342.1,275,0
ADB.DE,D,20200529,000000,343,344.3,339.1,342.9,237,0
ADB.DE,D,20200602,000000,349.8,353.9,333.1,342,1092,0
ADB.DE,D,20200603,000000,350.5,350.5,346.45,346.9,65,0
ADB.DE,D,20200604,000000,348.45,350.2,342.95,343.7,1505,0
ADB.DE,D,20200605,000000,341.8,348.65,338.05,348.65,524,0
ADB.DE,D,20200608,000000,350.3,350.3,341.2,346.2,289,0
ADB.DE,D,20200609,000000,350.25,352.95,347,348.15,940,0
ADB.DE,D,20200610,000000,352.5,357.45,349.85,352.6,851,0
ADB.DE,D,20200611,000000,355.85,355.85,348.8,348.8,288,0
ADB.DE,D,20200612,000000,362,362,350.05,355.85,1125,0
ADB.DE,D,20200615,000000,357.3,358.15,340.45,358.15,1331,0
ADB.DE,D,20200616,000000,360.95,366.6,357.1,364.8,634,0
ADB.DE,D,20200617,000000,367,371.8,363.05,371.8,232,0
ADB.DE,D,20200618,000000,366.25,375,366.2,371.7,530,0
ADB.DE,D,20200619,000000,377.95,384.15,376.85,384.15,244,0
ADB.DE,D,20200622,000000,386.5,388.2,381.45,386.8,834,0
ADB.DE,D,20200623,000000,394.35,396.1,386.6,396.1,669,0
ADB.DE,D,20200624,000000,392,392.9,382.35,382.35,679,0
ADB.DE,D,20200625,000000,383,388,383,383.95,621,0
ADB.DE,D,20200626,000000,390,390,375.7,382.15,455,0
ADB.DE,D,20200629,000000,379.05,383.7,369.05,376.2,1155,0
ADB.DE,D,20200630,000000,381.75,385.65,377.8,385.65,399,0
ADB.DE,D,20200701,000000,390.65,391.15,385.4,389.35,78,0
ADB.DE,D,20200702,000000,393.55,397.15,389.7,393.25,424,0
ADB.DE,D,20200703,000000,400,400,396,396,406,0
ADB.DE,D,20200706,000000,401.95,402.35,394,402.35,2606,0
ADB.DE,D,20200707,000000,400.95,406.75,398.85,404.9,347,0
ADB.DE,D,20200708,000000,399.1,404.15,397.55,404.15,329,0
ADB.DE,D,20200709,000000,403,408.9,400.7,400.75,1027,0
ADB.DE,D,20200710,000000,406.25,410.3,404.95,405.05,374,0
ADB.DE,D,20200713,000000,416,418.25,407.1,407.7,750,0
ADB.DE,D,20200714,000000,395.65,396.95,367.85,373.8,3069,0
ADB.DE,D,20200715,000000,384,385.5,376.8,383.2,2263,0
ADB.DE,D,20200716,000000,377.5,377.5,366.8,368.7,325,0
ADB.DE,D,20200717,000000,373.1,375.2,370.2,372.8,367,0
ADB.DE,D,20200720,000000,376.4,393.75,371.6,391.75,801,0
ADB.DE,D,20200721,000000,402.75,404.25,388.1,388.6,779,0
ADB.DE,D,20200722,000000,387,387.95,381.8,381.8,456,0
ADB.DE,D,20200723,000000,385.95,386.8,384,386.55,297,0
ADB.DE,D,20200724,000000,364.7,371.55,361.45,370.6,1960,0
ADB.DE,D,20200727,000000,369.45,372.1,365.45,368.4,797,0
ADB.DE,D,20200728,000000,375.8,375.8,370.95,372,308,0
ADB.DE,D,20200729,000000,371,373.4,368,372.55,360,0
ADB.DE,D,20200730,000000,371.7,371.7,363.35,369.15,739,0
ADB.DE,D,20200731,000000,371,374.95,370.5,371.1,667,0
ADB.DE,D,20200803,000000,379.05,385.4,377.85,378.3,789,0
ADB.DE,D,20200804,000000,382.8,383,376,378,955,0
ADB.DE,D,20200805,000000,380,380.5,376.8,378.3,469,0
ADB.DE,D,20200806,000000,376.45,384.35,375.8,381.9,610,0
ADB.DE,D,20200807,000000,392.95,394,385.65,385.65,421,0
ADB.DE,D,20200810,000000,381.9,384,372.4,377.15,303,0
ADB.DE,D,20200811,000000,378.1,379.45,367,374.6,499,0
ADB.DE,D,20200812,000000,372.5,377.9,372.5,375.55,131,0
ADB.DE,D,20200813,000000,379.5,383.95,373.05,382,158,0
ADB.DE,D,20200814,000000,384,385.9,377,378.4,214,0
ADB.DE,D,20200817,000000,382.65,383.9,379,382.4,166,0
ADB.DE,D,20200818,000000,380.7,385.35,380,383.3,1139,0
ADB.DE,D,20200819,000000,390,390.5,385,387,418,0
ADB.DE,D,20200820,000000,388.9,395.7,388.9,392.4,674,0
ADB.DE,D,20200821,000000,403.25,405.85,398,398,532,0
ADB.DE,D,20200824,000000,402.7,405.85,396.4,396.4,394,0
ADB.DE,D,20200825,000000,405.85,408,401.65,406.1,237,0
ADB.DE,D,20200826,000000,418.95,438,416.05,438,1055,0
ADB.DE,D,20200827,000000,441.6,446.55,431.25,434.9,1388,0
ADB.DE,D,20200828,000000,437.45,437.55,430,431.55,363,0
ADB.DE,D,20200831,000000,438.5,442.95,425.35,427.2,677,0
ADB.DE,D,20200901,000000,431.2,440,429.65,437.85,367,0
ADB.DE,D,20200902,000000,451.95,454.3,442.9,442.9,1302,0
ADB.DE,D,20200903,000000,455,455.35,416.8,424,1416,0
ADB.DE,D,20200904,000000,423.15,431.3,401.95,409.4,2788,0
ADB.DE,D,20200907,000000,420.7,420.7,411,411.15,756,0
ADB.DE,D,20200908,000000,415.8,415.8,398.6,403.05,4031,0
ADB.DE,D,20200909,000000,394.3,403.8,389.65,403.8,701,0
ADB.DE,D,20200910,000000,411.25,421.7,403.7,412.7,506,0
ADB.DE,D,20200911,000000,409,411.85,405,405.4,356,0
ADB.DE,D,20200914,000000,404.25,412.45,404.05,410.7,700,0
ADB.DE,D,20200915,000000,411,422.85,411,419.8,855,0
ADB.DE,D,20200916,000000,432.95,433.45,406,412.6,2566,0
ADB.DE,D,20200917,000000,399.8,402.6,390.45,396.2,1435,0
ADB.DE,D,20200918,000000,403.6,404.5,390,390.8,681,0
ADB.DE,D,20200921,000000,396.85,399.15,386.4,397.9,1667,0
ADB.DE,D,20200922,000000,404.8,410.5,403.4,407.6,564,0
ADB.DE,D,20200923,000000,414.55,417.7,408.4,408.4,944,0
ADB.DE,D,20200924,000000,401,407.65,398.9,403.4,987,0
ADB.DE,D,20200925,000000,402.5,410.5,398.35,409.95,1187,0
ADB.DE,D,20200928,000000,416.05,420.45,414.65,415.1,578,0
ADB.DE,D,20200929,000000,421,421,413.2,414,550,0
ADB.DE,D,20200930,000000,415,422.55,412.15,421.5,322,0
ADB.DE,D,20201001,000000,420,426.35,418.9,423.9,1078,0
ADB.DE,D,20201002,000000,421.95,423.85,416,416,884,0
ADB.DE,D,20201005,000000,412,414.2,406.65,412.9,754,0
ADB.DE,D,20201006,000000,412,415.6,408.75,411.4,648,0
ADB.DE,D,20201007,000000,410.3,416.5,407.4,416.5,352,0
ADB.DE,D,20201008,000000,423,424,415.9,416.2,272,0
ADB.DE,D,20201009,000000,417.2,422.95,415.65,422.95,425,0
ADB.DE,D,20201012,000000,428.1,434,425.2,430,884,0
ADB.DE,D,20201013,000000,434,441.45,433.95,440.8,483,0
ADB.DE,D,20201014,000000,442.7,442.7,428.25,431.85,479,0
ADB.DE,D,20201015,000000,424.2,426.3,419,425.75,1642,0
ADB.DE,D,20201016,000000,428,434.15,427.05,429.05,675,0
ADB.DE,D,20201019,000000,433.45,434.7,425.05,427.75,1653,0
ADB.DE,D,20201020,000000,424.3,424.95,416,417.75,456,0
ADB.DE,D,20201021,000000,416.35,421.2,414.5,418.15,321,0
ADB.DE,D,20201022,000000,414.05,420.85,407.35,409.45,1428,0
ADB.DE,D,20201023,000000,410,412,405.4,408.7,1529,0
ADB.DE,D,20201026,000000,406.65,411.3,400.65,400.85,513,0
ADB.DE,D,20201027,000000,403,406.15,403,403.5,327,0
ADB.DE,D,20201028,000000,404.3,404.3,389.65,390.55,1294,0
ADB.DE,D,20201029,000000,392.5,398.35,389.85,395.95,790,0
ADB.DE,D,20201030,000000,390.1,392.95,380.25,385.4,744,0
ADB.DE,D,20201102,000000,384.75,391.8,384.5,386.3,985,0
ADB.DE,D,20201103,000000,383,390.05,380.35,389.95,901,0
ADB.DE,D,20201104,000000,398,417.85,395.05,417.85,2010,0
ADB.DE,D,20201105,000000,420.05,426.95,417.55,417.55,2173,0
ADB.DE,D,20201106,000000,416.8,417.4,407.75,414.15,466,0
ADB.DE,D,20201109,000000,426.5,428.4,405.75,414.05,3718,0
ADB.DE,D,20201110,000000,400.5,400.5,377.85,384.55,2801,0
ADB.DE,D,20201111,000000,383.8,397.95,383,397.3,1429,0
ADB.DE,D,20201112,000000,396.5,401.7,396.4,397.3,415,0
ADB.DE,D,20201113,000000,395.45,396,389.1,392.25,500,0
ADB.DE,D,20201116,000000,400.75,400.75,388.9,391.6,1223,0
ADB.DE,D,20201117,000000,390,395.5,387.25,391,415,0
ADB.DE,D,20201118,000000,394.25,395.35,388.55,390.4,187,0
ADB.DE,D,20201119,000000,387.65,395.55,385.65,394.6,555,0
ADB.DE,D,20201120,000000,393,395.75,390,395.75,377,0
ADB.DE,D,20201123,000000,390.9,391.75,386.65,386.65,512,0
ADB.DE,D,20201124,000000,391,391,386,386.75,559,0
ADB.DE,D,20201125,000000,388.05,394.45,388.05,392.2,261,0
ADB.DE,D,20201126,000000,396.2,398.5,396,398.5,524,0
ADB.DE,D,20201127,000000,398,403.35,395.55,400.15,785,0
ADB.DE,D,20201130,000000,398,400.65,392.15,395.2,1133,0
ADB.DE,D,20201201,000000,408.4,408.4,393.1,396.4,639,0
ADB.DE,D,20201202,000000,396.4,396.4,389.4,392.95,703,0
ADB.DE,D,20201203,000000,398,403.75,397.3,400,1467,0
ADB.DE,D,20201204,000000,399.95,403.8,398,399.25,453,0
ADB.DE,D,20201207,000000,400.9,409.9,399.4,409.9,1042,0
ADB.DE,D,20201208,000000,406.4,407.45,402.1,404.75,542,0
ADB.DE,D,20201209,000000,409.5,410.75,406.9,406.9,382,0
ADB.DE,D,20201210,000000,398,401.35,391.85,394.3,3086,0
ADB.DE,D,20201211,000000,394.45,394.45,389.4,389.9,1431,0
ADB.DE,D,20201214,000000,393.75,400.1,391.35,400.1,1094,0
ADB.DE,D,20201215,000000,400.55,403,396.2,396.25,575,0
ADB.DE,D,20201216,000000,398.8,402.75,395.95,402.7,669,0
ADB.DE,D,20201217,000000,401.15,404.5,401.15,403.5,682,0
ADB.DE,D,20201218,000000,405.5,407.35,400.8,405.7,1266,0
ADB.DE,D,20201221,000000,409.95,412.65,403.85,406.6,1710,0
ADB.DE,D,20201222,000000,407.15,414.85,406.55,412.75,433,0
ADB.DE,D,20201223,000000,413.9,416.5,409.15,411.55,849,0
ADB.DE,D,20201228,000000,412.8,414.15,407,408.4,574,0
ADB.DE,D,20201229,000000,410,412.15,406.75,410.95,551,0
ADB.DE,D,20201230,000000,412,413.45,410,410.5,311,0
ADB.DE,D,20210104,000000,410.9,411.45,398.05,399,1639,0
ADB.DE,D,20210105,000000,396.95,397,390.95,393.7,614,0
ADB.DE,D,20210106,000000,391.5,391.5,379,386.3,2274,0
ADB.DE,D,20210107,000000,381,390.35,381,389.95,1243,0
ADB.DE,D,20210108,000000,391,394.1,389,393.5,991,0
ADB.DE,D,20210111,000000,397,398.3,388.25,392.5,815,0
ADB.DE,D,20210112,000000,390.8,393.25,383.35,386.65,389,0
ADB.DE,D,20210113,000000,386.7,392.3,386,392.3,542,0
ADB.DE,D,20210114,000000,386.4,391.05,382,382,1193,0
ADB.DE,D,20210115,000000,382.05,385.35,380,380.8,650,0
ADB.DE,D,20210118,000000,379.35,383,376.2,383,1097,0
ADB.DE,D,20210119,000000,383.05,384.15,374.2,374.6,1771,0
ADB.DE,D,20210120,000000,379.5,385.7,377.2,385.7,1530,0
ADB.DE,D,20210121,000000,390,390,384.45,386.15,769,0
ADB.DE,D,20210122,000000,387,390,384.85,389.95,742,0
ADB.DE,D,20210125,000000,390.25,394.4,385,388.75,1830,0
ADB.DE,D,20210126,000000,389.95,390.7,386,390.7,874,0
ADB.DE,D,20210127,000000,396,396,384.85,385.4,1261,0
ADB.DE,D,20210128,000000,378.5,386.5,373.3,386.5,2538,0
ADB.DE,D,20210129,000000,379.05,382.85,376.15,376.15,1965,0
ADB.DE,D,20210201,000000,381.45,390.4,380.2,390.4,1682,0
ADB.DE,D,20210202,000000,391.05,401.2,391.05,399.85,1390,0
ADB.DE,D,20210203,000000,407,408.5,399.4,400.7,3121,0
ADB.DE,D,20210204,000000,402.05,407.05,402.05,404.95,1187,0
ADB.DE,D,20210205,000000,409,410.5,406,406.6,813,0
ADB.DE,D,20210208,000000,413.25,413.25,407.8,407.8,710,0
ADB.DE,D,20210209,000000,409.2,411.65,406.85,407.5,935,0
ADB.DE,D,20210210,000000,411.4,411.8,404.8,404.8,584,0
ADB.DE,D,20210211,000000,407.7,410.45,404.9,410.35,566,0
ADB.DE,D,20210212,000000,410,410.5,407.9,409.75,458,0
ADB.DE,D,20210215,000000,411.65,415.2,411.65,414.5,1426,0
ADB.DE,D,20210216,000000,413.05,418.2,411.75,416.35,1112,0
ADB.DE,D,20210217,000000,412.15,416,403.9,405.7,604,0
ADB.DE,D,20210218,000000,409.55,409.55,398.5,398.5,657,0
ADB.DE,D,20210219,000000,402.85,405.4,397.6,401.05,1081,0
ADB.DE,D,20210222,000000,397.1,397.1,385,388.75,2292,0
ADB.DE,D,20210223,000000,384.5,385.45,373.65,379.45,3057,0
ADB.DE,D,20210224,000000,384,389.45,380.2,388.8,2736,0
ADB.DE,D,20210225,000000,392.45,392.45,383.05,383.05,1460,0
ADB.DE,D,20210226,000000,375.05,385,375.05,385,2081,0
ADB.DE,D,20210301,000000,387.5,389.7,385,389.5,1382,0
ADB.DE,D,20210302,000000,389.95,392.05,383.5,383.5,1419,0
ADB.DE,D,20210303,000000,389.95,390.65,376.3,379.25,1382,0
ADB.DE,D,20210304,000000,369.6,377.5,365,377.5,2084,0
ADB.DE,D,20210305,000000,365.05,370.6,355.9,359,1521,0
ADB.DE,D,20210308,000000,367.4,371,359.05,369.5,3776,0
ADB.DE,D,20210309,000000,360,371.8,360,371.8,1477,0
ADB.DE,D,20210310,000000,371,375.15,366.3,374,2179,0
ADB.DE,D,20210311,000000,369.05,378.5,369.05,378.5,1400,0
ADB.DE,D,20210312,000000,370.45,374.2,366.5,373,1549,0
ADB.DE,D,20210315,000000,372.6,376.2,367.6,373.5,1822,0
ADB.DE,D,20210316,000000,377.85,384.35,376.3,384,580,0
ADB.DE,D,20210317,000000,378,380.75,370.9,373.7,1060,0
ADB.DE,D,20210318,000000,377.05,377.05,368.8,372.2,2331,0
ADB.DE,D,20210319,000000,371.95,373.45,370,370.5,652,0
ADB.DE,D,20210322,000000,375.75,383.5,372.45,383.4,794,0
ADB.DE,D,20210323,000000,379.95,392.6,378.9,391,873,0
ADB.DE,D,20210324,000000,391,394,381.55,382.35,1753,0
ADB.DE,D,20210325,000000,384.15,387.5,378.95,381.5,1787,0
ADB.DE,D,20210326,000000,384.6,391.65,380.95,389.5,698,0
ADB.DE,D,20210329,000000,398.5,400,393,396,1758,0
ADB.DE,D,20210330,000000,398.8,398.8,394,396.95,1657,0
ADB.DE,D,20210331,000000,397.5,410.3,394.9,404.95,1624,0
ADB.DE,D,20210401,000000,408,414.45,406.9,409.5,1164,0
ADB.DE,D,20210406,000000,415.65,418,413,417.5,960,0
ADB.DE,D,20210407,000000,417.85,417.85,411.05,416.5,995,0
ADB.DE,D,20210408,000000,416,424.05,416,421.5,1445,0
ADB.DE,D,20210409,000000,420.45,422,415.5,422,713,0
ADB.DE,D,20210412,000000,423.95,424,418.85,422,908,0
ADB.DE,D,20210413,000000,424.25,432.75,423.85,428.55,1087,0
ADB.DE,D,20210414,000000,430.05,432.35,425.9,426.4,659,0
ADB.DE,D,20210415,000000,431,439,427.65,439,787,0
ADB.DE,D,20210416,000000,436.3,437.55,433.45,434.75,455,0
ADB.DE,D,20210419,000000,439.45,439.45,429.5,429.5,988,0
ADB.DE,D,20210420,000000,426.35,429,419.85,426,5046,0
ADB.DE,D,20210421,000000,426.1,428.45,425.05,426.5,977,0
ADB.DE,D,20210422,000000,425.25,426.2,423,425.5,918,0
ADB.DE,D,20210423,000000,421,426.55,421,426,1047,0
ADB.DE,D,20210426,000000,426,427.1,423.65,425.5,776,0
ADB.DE,D,20210427,000000,428.25,429.3,424.95,426,516,0
ADB.DE,D,20210428,000000,430,430,423.3,424.25,489,0
ADB.DE,D,20210429,000000,427.4,428.65,423.35,423.4,748,0
ADB.DE,D,20210430,000000,425,425.9,422.5,422.5,924,0
ADB.DE,D,20210503,000000,424.95,424.95,418.35,419.5,589,0
ADB.DE,D,20210504,000000,417.8,418,405.5,405.5,2934,0
ADB.DE,D,20210505,000000,411.75,413,410.3,410.5,623,0
ADB.DE,D,20210506,000000,406.7,406.75,394.5,396.5,1083,0
ADB.DE,D,20210507,000000,400.65,411,400.65,406,1120,0
ADB.DE,D,20210510,000000,401,402.85,397,397.5,633,0
ADB.DE,D,20210511,000000,394,398.5,385.25,398.5,1450,0
ADB.DE,D,20210512,000000,396.8,399.2,390.9,391.75,683,0
ADB.DE,D,20210513,000000,389.9,397.4,388.4,395.5,526,0
ADB.DE,D,20210514,000000,395.95,400.6,393.55,400.5,1237,0
ADB.DE,D,20210517,000000,403.4,403.4,394.35,395.25,753,0
ADB.DE,D,20210518,000000,399.25,399.5,395.55,398.5,353,0
ADB.DE,D,20210519,000000,390.2,391.15,385.1,390.5,555,0
ADB.DE,D,20210520,000000,394.15,404.3,392.05,404.25,480,0
ADB.DE,D,20210521,000000,401.95,404.7,401.35,401.35,195,0
ADB.DE,D,20210525,000000,406,412.6,406,411,672,0
ADB.DE,D,20210526,000000,413.6,415.9,411.95,414,540,0
ADB.DE,D,20210527,000000,413.95,415.05,407.25,412.25,505,0
ADB.DE,D,20210528,000000,414.05,418,409.75,416.75,547,0
ADB.DE,D,20210531,000000,413,414.95,412.3,412.85,126,0
ADB.DE,D,20210601,000000,415.5,415.5,402.4,405.25,733,0
ADB.DE,D,20210602,000000,403.2,410.55,403.2,408.9,230,0
ADB.DE,D,20210603,000000,406.8,409.55,402,407.5,568,0
ADB.DE,D,20210604,000000,407.8,415.5,405.8,415.5,640,0
ADB.DE,D,20210607,000000,415.5,417.2,412.15,415.25,1523,0
ADB.DE,D,20210608,000000,419.65,423.35,417.05,417.05,590,0
ADB.DE,D,20210609,000000,419.35,424,417.8,424,346,0
ADB.DE,D,20210610,000000,426.35,434.4,420.6,434.4,970,0
ADB.DE,D,20210611,000000,437.15,447,437.15,446,1328,0
ADB.DE,D,20210614,000000,450,462.6,446.75,461.35,2272,0
ADB.DE,D,20210615,000000,458,459.9,452.9,453.65,551,0
ADB.DE,D,20210616,000000,450.15,456.5,449.55,449.55,1554,0
ADB.DE,D,20210617,000000,450.6,461.5,446.65,461.5,2532,0
ADB.DE,D,20210618,000000,474.1,479.8,471.65,474.1,1948,0
ADB.DE,D,20210621,000000,478.6,479.1,465.4,477.35,2680,0
ADB.DE,D,20210622,000000,475.3,480.6,473.75,479.1,912,0
ADB.DE,D,20210623,000000,485.7,485.7,478.8,478.8,1697,0
ADB.DE,D,20210624,000000,480.05,485.5,480.05,483.25,607,0
ADB.DE,D,20210625,000000,481,486.15,481,485.95,1160,0
ADB.DE,D,20210628,000000,488.3,492.55,485.75,492.1,880,0
ADB.DE,D,20210629,000000,493,496,492.6,493,1004,0
ADB.DE,D,20210630,000000,499.9,499.9,494.65,497.6,1017,0
ADB.DE,D,20210701,000000,495.05,495.85,489.75,492.1,1171,0
ADB.DE,D,20210702,000000,492.25,500.2,492.25,499.05,1015,0
ADB.DE,D,20210705,000000,500.7,505.4,499.55,501.3,747,0
ADB.DE,D,20210706,000000,500.2,505.7,498.65,504.9,1543,0
ADB.DE,D,20210707,000000,506,510.5,505.7,509.9,858,0
ADB.DE,D,20210708,000000,511,511.8,499.85,506.9,3179,0
ADB.DE,D,20210709,000000,512,513.5,504,507.6,414,0
ADB.DE,D,20210712,000000,511,513.2,503.4,503.8,1298,0
ADB.DE,D,20210713,000000,510,515.8,505.8,515.8,882,0
ADB.DE,D,20210714,000000,517.5,517.5,511.9,515,565,0
ADB.DE,D,20210715,000000,515.6,516.4,510.3,513.4,1118,0
ADB.DE,D,20210716,000000,512.2,516.7,512.2,512.5,454,0
ADB.DE,D,20210719,000000,512.4,515.1,507.5,514.3,2436,0
ADB.DE,D,20210720,000000,512.3,516.2,510.3,516.2,1991,0
ADB.DE,D,20210721,000000,517,518.7,512.8,518.1,565,0
ADB.DE,D,20210722,000000,520.6,528.3,519.2,528,533,0
ADB.DE,D,20210723,000000,529.2,536,529.2,535.9,426,0
ADB.DE,D,20210726,000000,533,533,525.1,526.1,523,0
ADB.DE,D,20210727,000000,527,528.3,518.1,518.1,861,0
ADB.DE,D,20210728,000000,521.1,530.6,521.1,527.7,1398,0
ADB.DE,D,20210729,000000,524.6,525,520.1,524.8,422,0
ADB.DE,D,20210730,000000,520,522.8,518,522.8,309,0
ADB.DE,D,20210802,000000,526.6,526.8,515.9,522.3,432,0
ADB.DE,D,20210803,000000,525.9,525.9,519.1,520.9,456,0
ADB.DE,D,20210804,000000,524.4,526.5,519.9,523.8,995,0
ADB.DE,D,20210805,000000,527.2,531.3,527.2,531,888,0
ADB.DE,D,20210806,000000,532.6,535.8,532.1,533.9,732,0
ADB.DE,D,20210809,000000,536.4,537.8,534.1,536.1,433,0
ADB.DE,D,20210810,000000,539.9,540,532.6,532.6,527,0
ADB.DE,D,20210811,000000,532.4,532.8,528,530.7,340,0
ADB.DE,D,20210812,000000,533.7,542.7,531.5,541.4,465,0
ADB.DE,D,20210813,000000,540.4,542,538.8,538.8,305,0
ADB.DE,D,20210816,000000,542,542,533.9,535,673,0
ADB.DE,D,20210817,000000,540.5,543,537.6,540.6,721,0
ADB.DE,D,20210818,000000,541.9,544.4,539.5,539.5,633,0
ADB.DE,D,20210819,000000,536.5,544.1,529.2,544.1,739,0
ADB.DE,D,20210820,000000,544.9,558,543.3,555,810,0
ADB.DE,D,20210823,000000,555.4,560,551.7,557.3,1338,0
ADB.DE,D,20210824,000000,570.9,570.9,556.9,558,1030,0
