<TICKER>,<PER>,<DATE>,<TIME>,<OPEN>,<HIGH>,<LOW>,<CLOSE>,<VOL>,<OPENINT>
AEIN.DE,D,20171002,000000,20.161773,20.161773,19.522322,19.832504,1976,0
AEIN.DE,D,20171004,000000,19.947032,20.052016,19.737063,19.818187,3429,0
AEIN.DE,D,20171005,000000,19.713203,20.114053,19.546183,20.042472,35235,0
AEIN.DE,D,20171006,000000,20.209493,20.977788,20.209493,20.753503,11338,0
AEIN.DE,D,20171009,000000,20.58171,20.58171,20.567394,20.567394,281,0
AEIN.DE,D,20171010,000000,20.519674,20.686695,20.39083,20.615114,4564,0
AEIN.DE,D,20171011,000000,20.519674,20.686695,20.443322,20.662835,2756,0
AEIN.DE,D,20171012,000000,20.567394,20.710555,20.424234,20.543534,8285,0
AEIN.DE,D,20171013,000000,20.715327,20.720099,20.481498,20.643746,5344,0
AEIN.DE,D,20171016,000000,20.624658,20.624658,20.324021,20.405146,6388,0
AEIN.DE,D,20171017,000000,20.405146,20.41469,20.114053,20.195177,1864,0
AEIN.DE,D,20171018,000000,20.090192,20.43855,20.042472,20.252441,10074,0
AEIN.DE,D,20171019,000000,20.214265,20.362197,19.612991,19.612991,2653,0
AEIN.DE,D,20171020,000000,19.441198,20.295389,19.441198,19.947032,3667,0
AEIN.DE,D,20171023,000000,20.114053,20.180861,19.947032,20.180861,3618,0
AEIN.DE,D,20171024,000000,20.357425,20.381286,20.056788,20.056788,446,0
AEIN.DE,D,20171025,000000,20.056788,20.405146,20.056788,20.338337,501,0
AEIN.DE,D,20171026,000000,20.314477,21.235477,20.133141,21.116176,17207,0
AEIN.DE,D,20171027,000000,21.187756,22.04672,20.901435,21.66973,26869,0
AEIN.DE,D,20171030,000000,21.664958,21.798575,21.412041,21.698362,4928,0
AEIN.DE,D,20171101,000000,21.812891,21.812891,21.316601,21.688818,11547,0
AEIN.DE,D,20171102,000000,21.812891,22.428481,21.679274,22.127844,17368,0
AEIN.DE,D,20171103,000000,22.30918,22.371217,22.022859,22.022859,7185,0
AEIN.DE,D,20171106,000000,22.099212,23.053615,22.099212,22.810242,16861,0
AEIN.DE,D,20171107,000000,23.067931,23.067931,22.457113,22.457113,14533,0
AEIN.DE,D,20171108,000000,22.619362,22.619362,21.521798,21.564746,8682,0
AEIN.DE,D,20171109,000000,21.383409,21.388181,20.710555,20.93484,9879,0
AEIN.DE,D,20171110,000000,21.116176,21.474077,21.111404,21.159124,4915,0
AEIN.DE,D,20171113,000000,21.159124,21.240249,21.039824,21.039824,1723,0
AEIN.DE,D,20171114,000000,21.230705,21.245021,20.996876,21.05414,1193,0
AEIN.DE,D,20171115,000000,20.996876,20.996876,20.238125,20.281073,8212,0
AEIN.DE,D,20171116,000000,20.395602,20.748731,20.152229,20.567394,6914,0
AEIN.DE,D,20171117,000000,20.39083,20.672379,20.39083,20.491042,4214,0
AEIN.DE,D,20171120,000000,20.667607,21.116176,20.309705,21.00642,8526,0
AEIN.DE,D,20171121,000000,20.910979,21.182984,20.910979,20.996876,566,0
AEIN.DE,D,20171122,000000,20.815539,21.178212,20.815539,21.00642,2290,0
AEIN.DE,D,20171123,000000,20.853715,21.321373,20.853715,21.144808,3421,0
AEIN.DE,D,20171124,000000,21.617238,21.617238,21.230705,21.283197,4803,0
AEIN.DE,D,20171127,000000,21.10186,21.426357,21.10186,21.345233,1738,0
AEIN.DE,D,20171128,000000,21.373865,21.373865,21.163896,21.163896,448,0
AEIN.DE,D,20171129,000000,21.354777,21.774715,21.354777,21.55043,5409,0
AEIN.DE,D,20171130,000000,21.569518,21.951279,21.569518,21.769943,10818,0
AEIN.DE,D,20171201,000000,21.946507,21.951279,21.440673,21.712678,28283,0
AEIN.DE,D,20171204,000000,21.722222,21.750854,21.531342,21.531342,18025,0
AEIN.DE,D,20171205,000000,21.712678,21.74131,21.435901,21.583834,5380,0
AEIN.DE,D,20171206,000000,21.402497,21.851067,20.939612,21.62201,10799,0
AEIN.DE,D,20171207,000000,21.440673,21.884471,21.440673,21.884471,2115,0
AEIN.DE,D,20171208,000000,22.07058,22.428481,21.822435,21.960823,7204,0
AEIN.DE,D,20171211,000000,22.075352,22.075352,21.412041,21.412041,4337,0
AEIN.DE,D,20171212,000000,21.235477,21.593378,21.235477,21.287969,2308,0
AEIN.DE,D,20171213,000000,20.992104,21.483622,20.992104,21.397725,4651,0
AEIN.DE,D,20171214,000000,21.221161,21.221161,21.020736,21.020736,4889,0
AEIN.DE,D,20171215,000000,20.996876,21.025508,20.844171,20.844171,488,0
AEIN.DE,D,20171218,000000,21.10186,22.939087,21.10186,22.939087,29977,0
AEIN.DE,D,20171219,000000,23.139511,23.955526,23.015439,23.320848,29011,0
AEIN.DE,D,20171220,000000,23.473553,23.473553,23.201548,23.201548,6882,0
AEIN.DE,D,20171221,000000,23.144283,23.860086,23.144283,23.82191,7092,0
AEIN.DE,D,20171222,000000,23.860086,23.860086,23.096563,23.192004,6909,0
AEIN.DE,D,20171227,000000,23.010667,23.945982,22.962947,23.860086,3249,0
AEIN.DE,D,20171228,000000,23.922122,24.241847,23.922122,24.175039,5879,0
AEIN.DE,D,20171229,000000,24.284796,24.499536,24.127319,24.203671,3038,0
AEIN.DE,D,20180102,000000,24.356376,25.463484,24.356376,24.976738,19930,0
AEIN.DE,D,20180103,000000,25.196251,25.768893,25.067406,25.072178,21395,0
AEIN.DE,D,20180104,000000,25.062634,26.341535,25.05309,25.964546,12756,0
AEIN.DE,D,20180105,000000,25.854789,26.16497,25.811841,26.007494,4559,0
AEIN.DE,D,20180108,000000,26.236551,26.56582,25.162847,25.162847,8777,0
AEIN.DE,D,20180109,000000,25.601872,25.897737,25.601872,25.687769,8937,0
AEIN.DE,D,20180110,000000,25.768893,26.341535,25.721173,26.198375,19692,0
AEIN.DE,D,20180111,000000,26.007494,26.479924,26.007494,26.040898,20509,0
AEIN.DE,D,20180112,000000,26.274727,26.394027,25.811841,26.074302,5451,0
AEIN.DE,D,20180115,000000,26.150654,26.150654,25.520748,25.959774,16954,0
AEIN.DE,D,20180116,000000,26.250867,27.267306,26.150654,26.174514,41672,0
AEIN.DE,D,20180117,000000,26.408343,26.408343,25.959774,26.002722,6543,0
AEIN.DE,D,20180118,000000,25.92637,27.13369,25.768893,27.090742,5463,0
AEIN.DE,D,20180119,000000,27.238674,27.501135,26.866457,27.295938,7621,0
AEIN.DE,D,20180122,000000,27.420011,27.443871,27.114602,27.295938,6567,0
AEIN.DE,D,20180123,000000,27.343659,27.391379,27.186182,27.295938,2824,0
AEIN.DE,D,20180124,000000,27.200498,27.391379,27.124146,27.224358,1896,0
AEIN.DE,D,20180125,000000,27.200498,27.200498,26.269955,26.336763,4164,0
AEIN.DE,D,20180126,000000,26.341535,26.341535,25.100811,25.334639,18162,0
AEIN.DE,D,20180129,000000,25.482572,26.246095,25.291691,26.227007,4587,0
AEIN.DE,D,20180130,000000,26.246095,26.436975,25.482572,25.673453,3982,0
AEIN.DE,D,20180131,000000,25.864333,25.959774,25.578012,25.959774,1247,0
AEIN.DE,D,20180201,000000,25.959774,25.959774,24.81449,25.387132,8104,0
AEIN.DE,D,20180202,000000,25.482572,25.482572,24.432728,24.81449,14510,0
AEIN.DE,D,20180205,000000,24.432728,24.432728,23.287444,24.050967,19191,0
AEIN.DE,D,20180206,000000,22.523921,24.337288,22.2376,24.337288,20982,0
AEIN.DE,D,20180207,000000,24.050967,24.623609,23.955526,24.528168,10789,0
AEIN.DE,D,20180208,000000,24.623609,24.623609,23.192004,23.764646,8452,0
AEIN.DE,D,20180209,000000,23.192004,23.764646,23.192004,23.669205,11609,0
AEIN.DE,D,20180212,000000,23.764646,23.860086,23.096563,23.860086,10554,0
AEIN.DE,D,20180213,000000,23.764646,24.81449,23.669205,24.432728,4622,0
AEIN.DE,D,20180214,000000,24.528168,24.81449,24.432728,24.623609,2990,0
AEIN.DE,D,20180215,000000,24.90993,25.482572,24.528168,25.482572,1704,0
AEIN.DE,D,20180216,000000,25.196251,25.387132,25.100811,25.100811,3616,0
AEIN.DE,D,20180219,000000,25.100811,25.768893,25.00537,25.578012,13647,0
AEIN.DE,D,20180220,000000,25.578012,25.959774,25.387132,25.959774,3061,0
AEIN.DE,D,20180221,000000,25.959774,25.959774,25.387132,25.768893,4517,0
AEIN.DE,D,20180222,000000,25.482572,25.482572,24.719049,25.100811,4370,0
AEIN.DE,D,20180223,000000,25.100811,25.100811,24.528168,24.528168,12479,0
AEIN.DE,D,20180226,000000,25.00537,25.291691,24.81449,25.00537,3665,0
AEIN.DE,D,20180227,000000,25.00537,25.291691,24.90993,24.90993,2616,0
AEIN.DE,D,20180228,000000,24.81449,25.291691,24.719049,25.196251,2283,0
AEIN.DE,D,20180301,000000,25.00537,25.00537,23.669205,24.719049,6465,0
AEIN.DE,D,20180302,000000,24.528168,24.528168,23.764646,24.241847,7800,0
AEIN.DE,D,20180305,000000,23.955526,24.719049,23.764646,24.719049,2370,0
AEIN.DE,D,20180306,000000,24.528168,24.528168,23.955526,24.146407,5131,0
AEIN.DE,D,20180307,000000,24.241847,24.623609,24.146407,24.432728,3076,0
AEIN.DE,D,20180308,000000,24.241847,24.241847,23.478325,23.955526,2149,0
AEIN.DE,D,20180309,000000,23.860086,24.146407,23.764646,24.146407,2643,0
AEIN.DE,D,20180312,000000,24.241847,24.719049,24.050967,24.337288,4765,0
AEIN.DE,D,20180313,000000,24.337288,24.432728,24.146407,24.337288,2324,0
AEIN.DE,D,20180314,000000,24.050967,24.337288,23.764646,24.337288,2480,0
AEIN.DE,D,20180315,000000,24.241847,24.241847,23.669205,24.241847,8479,0
AEIN.DE,D,20180316,000000,24.146407,24.623609,24.050967,24.241847,20049,0
AEIN.DE,D,20180319,000000,24.050967,24.432728,23.382884,24.432728,20208,0
AEIN.DE,D,20180320,000000,24.432728,25.196251,24.432728,25.100811,3733,0
AEIN.DE,D,20180321,000000,25.387132,25.578012,24.81449,25.291691,5300,0
AEIN.DE,D,20180322,000000,25.482572,25.482572,24.241847,24.81449,11224,0
AEIN.DE,D,20180323,000000,24.528168,24.719049,23.955526,24.719049,8441,0
AEIN.DE,D,20180326,000000,24.528168,24.719049,24.241847,24.719049,4293,0
AEIN.DE,D,20180327,000000,24.81449,25.291691,24.623609,25.291691,5234,0
AEIN.DE,D,20180328,000000,25.100811,25.100811,23.001123,24.528168,51763,0
AEIN.DE,D,20180329,000000,24.337288,24.81449,23.764646,24.623609,13442,0
AEIN.DE,D,20180403,000000,24.81449,24.81449,23.955526,24.146407,4487,0
AEIN.DE,D,20180404,000000,24.050967,24.337288,23.573765,23.573765,3910,0
AEIN.DE,D,20180405,000000,23.764646,24.90993,23.764646,24.623609,13751,0
AEIN.DE,D,20180406,000000,24.90993,24.90993,24.432728,24.432728,2098,0
AEIN.DE,D,20180409,000000,24.719049,24.81449,24.337288,24.623609,5967,0
AEIN.DE,D,20180410,000000,24.719049,24.81449,24.337288,24.432728,2141,0
AEIN.DE,D,20180411,000000,24.146407,24.528168,23.860086,24.241847,2508,0
AEIN.DE,D,20180412,000000,23.955526,24.623609,23.669205,24.241847,6773,0
AEIN.DE,D,20180413,000000,24.241847,24.241847,23.764646,24.146407,5534,0
AEIN.DE,D,20180416,000000,23.955526,24.241847,23.955526,24.241847,1485,0
AEIN.DE,D,20180417,000000,23.955526,24.337288,23.478325,24.337288,8137,0
AEIN.DE,D,20180418,000000,24.432728,24.432728,24.050967,24.432728,2071,0
AEIN.DE,D,20180419,000000,24.146407,24.337288,24.050967,24.146407,542,0
AEIN.DE,D,20180420,000000,24.050967,24.337288,23.860086,24.050967,4398,0
AEIN.DE,D,20180423,000000,23.860086,24.146407,23.860086,23.860086,1533,0
AEIN.DE,D,20180424,000000,24.146407,24.432728,23.764646,24.432728,10308,0
AEIN.DE,D,20180425,000000,24.528168,24.719049,24.241847,24.528168,6660,0
AEIN.DE,D,20180426,000000,24.432728,24.81449,24.432728,24.528168,3945,0
AEIN.DE,D,20180427,000000,24.337288,24.623609,24.337288,24.623609,2070,0
AEIN.DE,D,20180430,000000,24.623609,25.291691,24.432728,25.196251,3335,0
AEIN.DE,D,20180502,000000,25.196251,25.673453,25.196251,25.578012,4880,0
AEIN.DE,D,20180503,000000,25.768893,26.150654,25.768893,25.959774,6794,0
AEIN.DE,D,20180504,000000,26.246095,26.436975,25.959774,26.436975,5409,0
AEIN.DE,D,20180507,000000,26.150654,26.341535,25.578012,25.768893,9132,0
AEIN.DE,D,20180508,000000,26.055214,26.246095,25.959774,26.246095,1036,0
AEIN.DE,D,20180509,000000,25.959774,26.341535,25.768893,26.246095,5421,0
AEIN.DE,D,20180510,000000,26.150654,26.150654,26.150654,26.150654,1055,0
AEIN.DE,D,20180511,000000,26.150654,26.532416,26.150654,26.436975,4961,0
AEIN.DE,D,20180514,000000,26.436975,26.723296,26.341535,26.341535,14892,0
AEIN.DE,D,20180515,000000,26.341535,26.627856,25.768893,25.768893,1911,0
AEIN.DE,D,20180516,000000,25.768893,25.768893,25.482572,25.482572,2025,0
AEIN.DE,D,20180517,000000,25.673453,25.673453,25.291691,25.291691,936,0
AEIN.DE,D,20180518,000000,25.100811,26.055214,25.100811,25.768893,6012,0
AEIN.DE,D,20180522,000000,25.768893,26.246095,25.768893,25.864333,2245,0
AEIN.DE,D,20180523,000000,25.959774,25.959774,25.768893,25.768893,5423,0
AEIN.DE,D,20180524,000000,25.864333,25.959774,25.196251,25.196251,9303,0
AEIN.DE,D,20180525,000000,25.387132,25.673453,25.387132,25.673453,3180,0
AEIN.DE,D,20180528,000000,25.959774,26.055214,25.959774,25.959774,2630,0
AEIN.DE,D,20180529,000000,25.578012,25.864333,25.196251,25.291691,4561,0
AEIN.DE,D,20180530,000000,25.100811,25.482572,25.100811,25.387132,552,0
AEIN.DE,D,20180531,000000,25.673453,25.864333,25.387132,25.768893,1938,0
AEIN.DE,D,20180601,000000,25.768893,25.768893,25.578012,25.768893,11168,0
AEIN.DE,D,20180604,000000,25.578012,25.673453,25.100811,25.100811,1173,0
AEIN.DE,D,20180605,000000,25.100811,25.673453,25.100811,25.482572,2225,0
AEIN.DE,D,20180606,000000,25.291691,26.246095,25.291691,26.055214,12711,0
AEIN.DE,D,20180607,000000,26.246095,26.246095,26.055214,26.246095,5219,0
AEIN.DE,D,20180608,000000,26.055214,26.436975,26.055214,26.436975,3402,0
AEIN.DE,D,20180611,000000,26.532416,27.105058,26.532416,27.009617,14462,0
AEIN.DE,D,20180612,000000,27.200498,27.391379,26.723296,27.200498,13540,0
AEIN.DE,D,20180613,000000,27.009617,27.486819,27.009617,27.200498,5920,0
AEIN.DE,D,20180614,000000,27.200498,27.391379,27.009617,27.295938,18142,0
AEIN.DE,D,20180615,000000,27.391379,27.391379,27.009617,27.105058,5276,0
AEIN.DE,D,20180618,000000,27.200498,27.200498,26.627856,26.627856,6418,0
AEIN.DE,D,20180619,000000,26.436975,26.436975,25.768893,25.959774,8394,0
AEIN.DE,D,20180620,000000,26.246095,26.627856,25.959774,26.150654,4196,0
AEIN.DE,D,20180621,000000,26.246095,27.105058,25.959774,26.389255,10410,0
AEIN.DE,D,20180622,000000,26.532416,26.627856,26.246095,26.246095,732,0
AEIN.DE,D,20180625,000000,26.150654,26.436975,25.959774,25.959774,5145,0
AEIN.DE,D,20180626,000000,25.959774,26.341535,25.959774,25.959774,6432,0
AEIN.DE,D,20180627,000000,25.959774,26.914177,25.673453,26.150654,10237,0
AEIN.DE,D,20180628,000000,26.341535,26.436975,26.055214,26.341535,1417,0
AEIN.DE,D,20180629,000000,26.627856,27.105058,26.341535,26.341535,11003,0
AEIN.DE,D,20180702,000000,26.924742,28.674365,26.924742,28.674365,10266,0
AEIN.DE,D,20180703,000000,28.965968,30.326786,28.674365,28.965968,20576,0
AEIN.DE,D,20180704,000000,28.965968,30.909993,28.965968,30.715591,21687,0
AEIN.DE,D,20180705,000000,30.132383,30.326786,29.937981,30.132383,7899,0
AEIN.DE,D,20180706,000000,30.326786,30.326786,29.937981,30.035182,7383,0
AEIN.DE,D,20180709,000000,29.84078,32.076408,29.354773,32.076408,29423,0
AEIN.DE,D,20180710,000000,31.784804,31.882005,31.493201,31.784804,6593,0
AEIN.DE,D,20180711,000000,31.395999,31.493201,30.618389,31.201597,5974,0
AEIN.DE,D,20180712,000000,31.493201,31.590402,31.007194,31.007194,3610,0
AEIN.DE,D,20180713,000000,31.201597,31.493201,30.812792,31.201597,8075,0
AEIN.DE,D,20180716,000000,31.201597,31.493201,31.104396,31.493201,4075,0
AEIN.DE,D,20180717,000000,31.493201,31.687603,31.493201,31.493201,10759,0
AEIN.DE,D,20180718,000000,31.201597,32.173609,31.201597,32.173609,16542,0
AEIN.DE,D,20180719,000000,31.784804,32.465213,31.590402,32.076408,29671,0
AEIN.DE,D,20180720,000000,31.979207,32.368012,30.715591,30.909993,20185,0
AEIN.DE,D,20180723,000000,31.104396,31.104396,30.229584,30.618389,2089,0
AEIN.DE,D,20180724,000000,30.909993,30.909993,30.521188,30.715591,2221,0
AEIN.DE,D,20180725,000000,30.715591,32.659615,30.715591,31.395999,18623,0
AEIN.DE,D,20180726,000000,31.590402,31.979207,31.298798,31.784804,1868,0
AEIN.DE,D,20180727,000000,31.590402,32.562414,31.590402,32.27081,7676,0
AEIN.DE,D,20180730,000000,32.27081,32.368012,31.882005,32.076408,4317,0
AEIN.DE,D,20180731,000000,31.687603,33.437225,30.715591,32.854018,14731,0
AEIN.DE,D,20180801,000000,32.951219,33.242823,32.465213,32.951219,12118,0
AEIN.DE,D,20180802,000000,33.340024,33.340024,31.979207,31.979207,7190,0
AEIN.DE,D,20180803,000000,31.979207,33.534427,31.979207,33.04842,10065,0
AEIN.DE,D,20180806,000000,33.340024,33.340024,32.465213,32.465213,5516,0
AEIN.DE,D,20180807,000000,32.465213,32.854018,32.465213,32.659615,2431,0
AEIN.DE,D,20180808,000000,33.04842,33.04842,32.562414,32.854018,1841,0
AEIN.DE,D,20180809,000000,32.854018,32.951219,31.687603,31.882005,4807,0
AEIN.DE,D,20180810,000000,32.27081,32.27081,31.979207,31.979207,2337,0
AEIN.DE,D,20180813,000000,31.784804,32.27081,31.590402,32.173609,3683,0
AEIN.DE,D,20180814,000000,32.173609,34.60364,32.173609,33.82603,10089,0
AEIN.DE,D,20180815,000000,33.437225,33.82603,31.687603,31.882005,4211,0
AEIN.DE,D,20180816,000000,31.687603,32.562414,31.298798,32.076408,6427,0
AEIN.DE,D,20180817,000000,32.27081,33.534427,32.27081,33.242823,5740,0
AEIN.DE,D,20180820,000000,33.534427,33.82603,32.659615,33.728829,7165,0
AEIN.DE,D,20180821,000000,33.437225,33.437225,32.951219,33.04842,2701,0
AEIN.DE,D,20180822,000000,33.242823,33.923231,33.242823,33.534427,5415,0
AEIN.DE,D,20180823,000000,33.82603,34.700841,33.534427,33.923231,10173,0
AEIN.DE,D,20180824,000000,33.923231,33.923231,33.145622,33.534427,3006,0
AEIN.DE,D,20180827,000000,33.82603,34.117634,33.631628,33.82603,13325,0
AEIN.DE,D,20180828,000000,33.923231,33.923231,33.437225,33.82603,1593,0
AEIN.DE,D,20180829,000000,33.534427,34.020433,33.534427,33.923231,9143,0
AEIN.DE,D,20180830,000000,33.82603,34.020433,33.340024,33.340024,3251,0
AEIN.DE,D,20180831,000000,33.631628,33.728829,33.145622,33.728829,1079,0
AEIN.DE,D,20180903,000000,33.728829,33.728829,33.437225,33.631628,2574,0
AEIN.DE,D,20180904,000000,33.340024,33.340024,32.562414,32.756817,3878,0
AEIN.DE,D,20180905,000000,32.659615,33.631628,32.659615,32.659615,7531,0
AEIN.DE,D,20180906,000000,32.659615,33.145622,32.659615,33.145622,4600,0
AEIN.DE,D,20180907,000000,33.437225,33.437225,32.756817,32.756817,1481,0
AEIN.DE,D,20180910,000000,33.145622,33.145622,32.756817,32.854018,1360,0
AEIN.DE,D,20180911,000000,32.854018,33.242823,32.756817,33.145622,2872,0
AEIN.DE,D,20180912,000000,33.145622,34.020433,33.145622,34.020433,8112,0
AEIN.DE,D,20180913,000000,33.82603,33.82603,33.340024,33.631628,4997,0
AEIN.DE,D,20180914,000000,33.534427,34.214835,33.437225,34.020433,8298,0
AEIN.DE,D,20180917,000000,33.728829,34.020433,33.534427,33.82603,3133,0
AEIN.DE,D,20180918,000000,33.728829,33.923231,32.756817,32.854018,6029,0
AEIN.DE,D,20180919,000000,32.951219,33.242823,32.659615,32.756817,3204,0
AEIN.DE,D,20180920,000000,32.951219,32.951219,31.298798,32.465213,5659,0
AEIN.DE,D,20180921,000000,32.27081,33.534427,31.979207,33.145622,5640,0
AEIN.DE,D,20180924,000000,33.437225,33.534427,32.756817,32.951219,2675,0
AEIN.DE,D,20180925,000000,33.04842,33.145622,32.465213,32.854018,1393,0
AEIN.DE,D,20180926,000000,32.756817,33.145622,32.076408,32.173609,2648,0
AEIN.DE,D,20180927,000000,32.173609,32.562414,32.173609,32.173609,1180,0
AEIN.DE,D,20180928,000000,32.076408,32.854018,32.076408,32.659615,1947,0
AEIN.DE,D,20181001,000000,32.562414,33.04842,32.562414,32.756817,4374,0
AEIN.DE,D,20181002,000000,32.465213,32.854018,32.076408,32.076408,1200,0
AEIN.DE,D,20181004,000000,31.979207,32.368012,31.979207,31.979207,1981,0
AEIN.DE,D,20181005,000000,31.882005,31.979207,29.743578,31.493201,24417,0
AEIN.DE,D,20181008,000000,31.395999,31.395999,30.229584,30.229584,7807,0
AEIN.DE,D,20181009,000000,30.229584,31.007194,30.132383,31.007194,4792,0
AEIN.DE,D,20181010,000000,31.201597,31.201597,28.28556,29.743578,16916,0
AEIN.DE,D,20181011,000000,29.06317,29.160371,27.799554,29.06317,25962,0
AEIN.DE,D,20181012,000000,29.257572,30.618389,29.160371,30.326786,9130,0
AEIN.DE,D,20181015,000000,30.618389,30.715591,29.743578,29.743578,5171,0
AEIN.DE,D,20181016,000000,29.743578,30.618389,29.354773,30.618389,10927,0
AEIN.DE,D,20181017,000000,30.909993,31.979207,30.521188,31.201597,13512,0
AEIN.DE,D,20181018,000000,31.298798,31.298798,30.423987,30.423987,5349,0
AEIN.DE,D,20181019,000000,30.229584,30.229584,29.549176,30.132383,3420,0
AEIN.DE,D,20181022,000000,29.937981,30.812792,29.549176,29.84078,17375,0
AEIN.DE,D,20181023,000000,29.743578,29.84078,27.799554,28.965968,26078,0
AEIN.DE,D,20181024,000000,29.160371,29.451975,28.188359,28.479962,9845,0
AEIN.DE,D,20181025,000000,29.06317,29.451975,28.771566,29.160371,13936,0
AEIN.DE,D,20181026,000000,28.965968,28.965968,27.119145,27.119145,22407,0
AEIN.DE,D,20181029,000000,27.605151,29.160371,27.605151,29.06317,12733,0
AEIN.DE,D,20181030,000000,28.965968,29.160371,28.771566,29.160371,2535,0
AEIN.DE,D,20181031,000000,29.354773,31.395999,29.160371,31.298798,12903,0
AEIN.DE,D,20181101,000000,30.909993,31.201597,30.229584,30.229584,5724,0
AEIN.DE,D,20181102,000000,30.521188,30.909993,30.229584,30.423987,9255,0
AEIN.DE,D,20181105,000000,30.521188,30.715591,30.035182,30.035182,6438,0
AEIN.DE,D,20181106,000000,30.423987,31.104396,30.423987,30.812792,5433,0
AEIN.DE,D,20181107,000000,31.104396,31.104396,30.812792,31.104396,11766,0
AEIN.DE,D,20181108,000000,31.298798,32.465213,31.201597,31.687603,20097,0
AEIN.DE,D,20181109,000000,31.784804,31.882005,31.590402,31.784804,6806,0
AEIN.DE,D,20181112,000000,31.979207,32.562414,30.521188,30.812792,8990,0
AEIN.DE,D,20181113,000000,30.618389,31.201597,30.521188,30.715591,2951,0
AEIN.DE,D,20181114,000000,30.618389,30.618389,30.229584,30.618389,5970,0
AEIN.DE,D,20181115,000000,30.618389,30.618389,28.868767,28.868767,7139,0
AEIN.DE,D,20181116,000000,28.965968,29.257572,28.577163,29.160371,5067,0
AEIN.DE,D,20181119,000000,29.160371,29.451975,27.993956,28.771566,7709,0
AEIN.DE,D,20181120,000000,28.479962,28.479962,26.633139,28.28556,20406,0
AEIN.DE,D,20181121,000000,28.868767,29.160371,27.605151,27.702352,7854,0
AEIN.DE,D,20181122,000000,27.50795,28.28556,27.216346,27.216346,9588,0
AEIN.DE,D,20181123,000000,27.021944,28.382761,27.021944,28.188359,3727,0
AEIN.DE,D,20181126,000000,27.896755,28.577163,27.896755,28.28556,2505,0
AEIN.DE,D,20181127,000000,28.091157,28.382761,27.605151,27.605151,1011,0
AEIN.DE,D,20181128,000000,27.605151,28.28556,27.410749,27.410749,3577,0
AEIN.DE,D,20181129,000000,27.605151,27.993956,27.410749,27.702352,3826,0
AEIN.DE,D,20181130,000000,27.702352,27.702352,27.313547,27.313547,3070,0
AEIN.DE,D,20181203,000000,28.091157,28.479962,27.119145,27.119145,6485,0
AEIN.DE,D,20181204,000000,27.216346,27.605151,26.924742,27.119145,5134,0
AEIN.DE,D,20181205,000000,26.924742,27.605151,26.535937,27.50795,5676,0
AEIN.DE,D,20181206,000000,27.50795,27.50795,26.049931,26.244334,8500,0
AEIN.DE,D,20181207,000000,26.535937,26.827541,25.95273,26.341535,6997,0
AEIN.DE,D,20181210,000000,26.244334,26.244334,24.008705,24.883516,20567,0
AEIN.DE,D,20181211,000000,24.689114,26.535937,24.689114,25.855529,9179,0
AEIN.DE,D,20181212,000000,25.563925,26.535937,25.563925,26.244334,15519,0
AEIN.DE,D,20181213,000000,26.244334,26.535937,25.077919,26.147133,9619,0
AEIN.DE,D,20181214,000000,26.244334,26.827541,26.147133,26.827541,10108,0
AEIN.DE,D,20181217,000000,26.633139,26.827541,25.661126,25.758328,3817,0
AEIN.DE,D,20181218,000000,25.466724,26.147133,25.17512,25.17512,5835,0
AEIN.DE,D,20181219,000000,24.980718,25.272321,24.980718,25.272321,5133,0
AEIN.DE,D,20181220,000000,25.272321,25.272321,24.105907,24.980718,12454,0
AEIN.DE,D,20181221,000000,24.883516,24.883516,23.911504,24.39751,10732,0
AEIN.DE,D,20181227,000000,24.300309,24.39751,23.6199,23.6199,8664,0
AEIN.DE,D,20181228,000000,23.522699,24.689114,23.522699,24.39751,6044,0
AEIN.DE,D,20190102,000000,24.494712,24.494712,23.911504,24.203108,3764,0
AEIN.DE,D,20190103,000000,24.203108,24.689114,24.105907,24.39751,4642,0
AEIN.DE,D,20190104,000000,24.105907,25.17512,24.105907,24.786315,5628,0
AEIN.DE,D,20190107,000000,25.17512,25.272321,24.786315,24.786315,2928,0
AEIN.DE,D,20190108,000000,24.591913,27.021944,24.591913,26.535937,12916,0
AEIN.DE,D,20190109,000000,26.341535,27.216346,25.661126,26.147133,7110,0
AEIN.DE,D,20190110,000000,26.244334,26.341535,25.758328,25.758328,2733,0
AEIN.DE,D,20190111,000000,25.95273,25.95273,25.272321,25.369523,1361,0
AEIN.DE,D,20190114,000000,25.563925,25.563925,24.39751,24.883516,4391,0
AEIN.DE,D,20190115,000000,24.786315,25.758328,24.786315,25.758328,3737,0
AEIN.DE,D,20190116,000000,25.466724,26.244334,25.272321,26.244334,2243,0
AEIN.DE,D,20190117,000000,26.244334,26.535937,26.049931,26.535937,3616,0
AEIN.DE,D,20190118,000000,26.73034,27.021944,26.049931,26.438736,5709,0
AEIN.DE,D,20190121,000000,26.438736,26.73034,26.049931,26.049931,2563,0
AEIN.DE,D,20190122,000000,26.147133,26.147133,25.272321,25.661126,7486,0
AEIN.DE,D,20190123,000000,25.661126,25.661126,25.077919,25.661126,10009,0
AEIN.DE,D,20190124,000000,25.661126,26.438736,25.563925,26.341535,4287,0
AEIN.DE,D,20190125,000000,26.147133,26.535937,26.049931,26.244334,4408,0
AEIN.DE,D,20190128,000000,26.535937,26.633139,26.049931,26.633139,3729,0
AEIN.DE,D,20190129,000000,26.827541,27.313547,26.827541,27.021944,4006,0
AEIN.DE,D,20190130,000000,26.827541,27.313547,26.827541,27.119145,1860,0
AEIN.DE,D,20190131,000000,27.410749,29.160371,27.313547,29.06317,16259,0
AEIN.DE,D,20190201,000000,28.674365,29.160371,26.73034,26.827541,20624,0
AEIN.DE,D,20190204,000000,26.924742,27.410749,25.758328,26.147133,16528,0
AEIN.DE,D,20190205,000000,26.341535,26.924742,26.244334,26.73034,7147,0
AEIN.DE,D,20190206,000000,26.924742,27.216346,26.827541,27.119145,3192,0
AEIN.DE,D,20190207,000000,27.119145,27.119145,25.855529,25.95273,5091,0
AEIN.DE,D,20190208,000000,25.758328,25.758328,25.077919,25.369523,4732,0
AEIN.DE,D,20190211,000000,25.369523,26.049931,25.272321,26.049931,2097,0
AEIN.DE,D,20190212,000000,26.049931,26.438736,25.661126,26.244334,5978,0
AEIN.DE,D,20190213,000000,26.535937,26.535937,25.466724,25.466724,5885,0
AEIN.DE,D,20190214,000000,25.466724,25.855529,25.369523,25.661126,2625,0
AEIN.DE,D,20190215,000000,25.661126,25.661126,25.272321,25.272321,2267,0
AEIN.DE,D,20190218,000000,25.563925,25.758328,25.272321,25.563925,1706,0
AEIN.DE,D,20190219,000000,25.466724,25.758328,25.369523,25.369523,1219,0
AEIN.DE,D,20190220,000000,25.272321,25.272321,25.077919,25.077919,2463,0
AEIN.DE,D,20190221,000000,25.17512,25.369523,24.980718,24.980718,4641,0
AEIN.DE,D,20190222,000000,25.17512,25.17512,24.980718,25.077919,3691,0
AEIN.DE,D,20190225,000000,25.077919,25.272321,24.786315,25.17512,14551,0
AEIN.DE,D,20190226,000000,25.17512,25.466724,24.883516,25.272321,12952,0
AEIN.DE,D,20190227,000000,25.272321,25.466724,24.980718,25.272321,6063,0
AEIN.DE,D,20190228,000000,25.272321,25.272321,24.980718,25.077919,8572,0
AEIN.DE,D,20190301,000000,25.272321,25.466724,24.980718,25.369523,25119,0
AEIN.DE,D,20190304,000000,25.563925,25.661126,25.17512,25.661126,13853,0
AEIN.DE,D,20190305,000000,25.661126,26.438736,25.466724,26.244334,15345,0
AEIN.DE,D,20190306,000000,26.049931,26.147133,25.563925,25.661126,5463,0
AEIN.DE,D,20190307,000000,25.661126,25.855529,25.369523,25.369523,10852,0
AEIN.DE,D,20190308,000000,25.369523,25.466724,25.17512,25.369523,4519,0
AEIN.DE,D,20190311,000000,25.661126,25.855529,25.272321,25.272321,5524,0
AEIN.DE,D,20190312,000000,25.466724,25.661126,25.272321,25.369523,5426,0
AEIN.DE,D,20190313,000000,25.466724,25.563925,24.980718,25.369523,9456,0
AEIN.DE,D,20190314,000000,25.369523,25.369523,25.17512,25.272321,2516,0
AEIN.DE,D,20190315,000000,25.272321,25.369523,24.980718,25.272321,2593,0
AEIN.DE,D,20190318,000000,25.272321,26.147133,25.272321,25.661126,12111,0
AEIN.DE,D,20190319,000000,25.95273,26.73034,25.95273,26.244334,8584,0
AEIN.DE,D,20190320,000000,26.438736,26.535937,26.147133,26.147133,1873,0
AEIN.DE,D,20190321,000000,26.049931,26.438736,25.661126,25.661126,5810,0
AEIN.DE,D,20190322,000000,25.855529,26.341535,24.494712,24.494712,24609,0
AEIN.DE,D,20190325,000000,24.591913,24.591913,22.647888,22.842291,53303,0
AEIN.DE,D,20190326,000000,22.647888,23.328297,22.356284,23.328297,32685,0
AEIN.DE,D,20190327,000000,23.231095,23.814303,23.231095,23.328297,10246,0
AEIN.DE,D,20190328,000000,23.522699,23.911504,23.522699,23.911504,8771,0
AEIN.DE,D,20190329,000000,24.105907,24.203108,23.6199,23.911504,11025,0
AEIN.DE,D,20190401,000000,24.203108,24.203108,23.522699,23.522699,5806,0
AEIN.DE,D,20190402,000000,23.425498,24.494712,23.425498,24.39751,11665,0
AEIN.DE,D,20190403,000000,24.39751,24.494712,24.105907,24.105907,4827,0
AEIN.DE,D,20190404,000000,24.203108,24.494712,23.814303,23.814303,4926,0
AEIN.DE,D,20190405,000000,23.911504,24.786315,23.6199,24.591913,8787,0
AEIN.DE,D,20190408,000000,24.689114,24.786315,24.008705,24.494712,9782,0
AEIN.DE,D,20190409,000000,24.689114,24.786315,24.300309,24.786315,6872,0
AEIN.DE,D,20190410,000000,24.494712,24.883516,23.911504,24.591913,18158,0
AEIN.DE,D,20190411,000000,24.591913,24.689114,24.300309,24.39751,13809,0
AEIN.DE,D,20190412,000000,24.39751,24.591913,24.300309,24.494712,6640,0
AEIN.DE,D,20190415,000000,24.494712,25.272321,24.494712,25.17512,6742,0
AEIN.DE,D,20190416,000000,25.17512,25.272321,24.980718,25.077919,3097,0
AEIN.DE,D,20190417,000000,25.077919,25.077919,24.883516,24.980718,3128,0
AEIN.DE,D,20190418,000000,24.980718,25.17512,24.883516,24.883516,4382,0
AEIN.DE,D,20190423,000000,25.077919,25.369523,24.980718,25.077919,2798,0
AEIN.DE,D,20190424,000000,24.980718,25.95273,24.883516,25.95273,11716,0
AEIN.DE,D,20190425,000000,25.855529,26.341535,25.563925,25.855529,19873,0
AEIN.DE,D,20190426,000000,25.855529,25.855529,25.272321,25.369523,3411,0
AEIN.DE,D,20190429,000000,25.563925,25.563925,24.689114,24.689114,13232,0
AEIN.DE,D,20190430,000000,24.689114,24.980718,24.689114,24.786315,4352,0
AEIN.DE,D,20190502,000000,24.689114,24.980718,24.494712,24.980718,6171,0
AEIN.DE,D,20190503,000000,24.980718,25.272321,24.689114,24.883516,4888,0
AEIN.DE,D,20190506,000000,24.300309,24.494712,24.300309,24.39751,5910,0
AEIN.DE,D,20190507,000000,24.300309,24.786315,24.300309,24.786315,19796,0
AEIN.DE,D,20190508,000000,24.786315,25.17512,24.591913,24.786315,5100,0
AEIN.DE,D,20190509,000000,24.883516,24.883516,24.39751,24.591913,1237,0
AEIN.DE,D,20190510,000000,24.494712,24.786315,24.300309,24.591913,3938,0
AEIN.DE,D,20190513,000000,24.591913,24.591913,24.300309,24.39751,2984,0
AEIN.DE,D,20190514,000000,24.494712,24.494712,24.300309,24.494712,776,0
AEIN.DE,D,20190515,000000,24.689114,24.786315,24.39751,24.786315,5384,0
AEIN.DE,D,20190516,000000,24.689114,24.689114,24.39751,24.689114,3479,0
AEIN.DE,D,20190517,000000,24.689114,25.17512,24.300309,24.786315,24962,0
AEIN.DE,D,20190520,000000,24.883516,24.883516,24.300309,24.494712,1381,0
AEIN.DE,D,20190521,000000,24.300309,24.494712,23.717102,23.717102,7392,0
AEIN.DE,D,20190522,000000,23.911504,23.911504,22.745089,23.036693,16413,0
AEIN.DE,D,20190523,000000,23.133894,23.425498,22.842291,23.036693,7136,0
AEIN.DE,D,20190524,000000,23.036693,23.133894,22.842291,23.036693,5519,0
AEIN.DE,D,20190527,000000,23.036693,23.911504,23.036693,23.814303,11030,0
AEIN.DE,D,20190528,000000,23.6199,24.203108,23.6199,24.203108,8569,0
AEIN.DE,D,20190529,000000,24.300309,24.300309,23.522699,23.911504,5456,0
AEIN.DE,D,20190530,000000,24.105907,24.105907,23.814303,23.911504,2722,0
AEIN.DE,D,20190531,000000,24.008705,24.008705,23.6199,23.717102,6298,0
AEIN.DE,D,20190603,000000,23.522699,23.717102,23.522699,23.717102,2371,0
AEIN.DE,D,20190604,000000,23.911504,24.105907,23.6199,23.911504,4439,0
AEIN.DE,D,20190605,000000,23.814303,24.008705,23.814303,23.814303,1227,0
AEIN.DE,D,20190606,000000,23.911504,24.883516,23.911504,24.39751,7396,0
AEIN.DE,D,20190607,000000,24.300309,24.494712,24.008705,24.39751,5403,0
AEIN.DE,D,20190611,000000,24.39751,25.17512,24.39751,24.980718,12379,0
AEIN.DE,D,20190612,000000,24.786315,24.786315,24.008705,24.203108,6737,0
AEIN.DE,D,20190613,000000,24.39751,24.39751,23.814303,23.814303,11587,0
AEIN.DE,D,20190614,000000,24.494712,25.466724,24.203108,25.272321,30255,0
AEIN.DE,D,20190617,000000,25.272321,25.758328,25.17512,25.17512,7709,0
AEIN.DE,D,20190618,000000,25.369523,25.855529,25.17512,25.563925,23162,0
AEIN.DE,D,20190619,000000,25.661126,26.049931,25.466724,25.661126,29013,0
AEIN.DE,D,20190620,000000,25.758328,26.438736,25.466724,25.563925,14301,0
AEIN.DE,D,20190621,000000,25.758328,26.049931,25.563925,25.95273,5800,0
AEIN.DE,D,20190624,000000,26.147133,26.244334,25.758328,25.758328,5977,0
AEIN.DE,D,20190625,000000,25.758328,26.049931,25.758328,25.758328,23245,0
AEIN.DE,D,20190626,000000,25.758328,25.855529,25.466724,25.855529,22708,0
AEIN.DE,D,20190627,000000,25.661126,26.049931,25.661126,25.95273,7610,0
AEIN.DE,D,20190628,000000,25.95273,25.95273,24.883516,25.272321,18051,0
AEIN.DE,D,20190701,000000,25.272321,25.966071,24.975,25.767857,24528,0
AEIN.DE,D,20190702,000000,25.866964,25.866964,25.371429,25.470536,15872,0
AEIN.DE,D,20190703,000000,25.569643,25.767857,25.371429,25.569643,6300,0
AEIN.DE,D,20190704,000000,25.470536,25.569643,25.272321,25.470536,8814,0
AEIN.DE,D,20190705,000000,25.371429,25.470536,24.776786,24.975,13690,0
AEIN.DE,D,20190708,000000,24.875893,25.173214,24.875893,25.074107,22013,0
AEIN.DE,D,20190709,000000,25.074107,25.272321,24.578571,25.173214,52296,0
AEIN.DE,D,20190710,000000,25.173214,25.470536,24.776786,24.875893,35868,0
AEIN.DE,D,20190711,000000,24.975,24.975,24.776786,24.975,28202,0
AEIN.DE,D,20190712,000000,24.975,24.975,24.776786,24.875893,16243,0
AEIN.DE,D,20190715,000000,24.875893,25.272321,24.776786,24.875893,15718,0
AEIN.DE,D,20190716,000000,25.074107,25.074107,24.776786,24.875893,13536,0
AEIN.DE,D,20190717,000000,24.776786,24.875893,24.083036,24.083036,14323,0
AEIN.DE,D,20190718,000000,23.785714,24.083036,22.992857,24.083036,36686,0
AEIN.DE,D,20190719,000000,23.983929,24.083036,23.191071,23.389286,20949,0
AEIN.DE,D,20190722,000000,23.5875,23.5875,23.091964,23.091964,9621,0
AEIN.DE,D,20190723,000000,23.290179,23.5875,22.992857,23.488393,15801,0
AEIN.DE,D,20190724,000000,23.686607,23.686607,23.389286,23.389286,7108,0
AEIN.DE,D,20190725,000000,23.488393,23.5875,23.290179,23.290179,6904,0
AEIN.DE,D,20190726,000000,23.488393,23.884821,23.191071,23.884821,14045,0
AEIN.DE,D,20190729,000000,24.083036,24.677679,23.983929,23.983929,7749,0
AEIN.DE,D,20190730,000000,23.983929,24.182143,23.389286,23.389286,8067,0
AEIN.DE,D,20190731,000000,23.389286,23.488393,23.290179,23.290179,7482,0
AEIN.DE,D,20190801,000000,23.290179,23.686607,23.191071,23.5875,5680,0
AEIN.DE,D,20190802,000000,23.5875,23.5875,22.992857,23.191071,10092,0
AEIN.DE,D,20190805,000000,23.290179,23.290179,22.398214,22.794643,19939,0
AEIN.DE,D,20190806,000000,22.794643,23.091964,22.398214,22.398214,10465,0
AEIN.DE,D,20190807,000000,22.497321,22.596429,22.2,22.497321,5806,0
AEIN.DE,D,20190808,000000,22.497321,22.596429,22.100893,22.2,7434,0
AEIN.DE,D,20190809,000000,22.398214,22.398214,22.100893,22.100893,2235,0
AEIN.DE,D,20190812,000000,21.902679,22.100893,20.911607,21.208929,30545,0
AEIN.DE,D,20190813,000000,21.010714,21.902679,20.217857,21.902679,20429,0
AEIN.DE,D,20190814,000000,21.704464,21.704464,20.713393,20.8125,26604,0
AEIN.DE,D,20190815,000000,20.911607,20.911607,18.632143,18.979018,110956,0
AEIN.DE,D,20190816,000000,19.325893,19.573661,18.830357,19.325893,37950,0
AEIN.DE,D,20190819,000000,19.375446,20.316964,19.325893,19.920536,23349,0
AEIN.DE,D,20190820,000000,20.019643,20.11875,19.276339,19.325893,24555,0
AEIN.DE,D,20190821,000000,19.474554,20.019643,19.474554,19.920536,11812,0
AEIN.DE,D,20190822,000000,19.920536,20.416071,19.722321,19.821429,23449,0
AEIN.DE,D,20190823,000000,20.019643,20.11875,19.722321,19.771875,10990,0
AEIN.DE,D,20190826,000000,19.821429,20.019643,19.722321,20.019643,9149,0
AEIN.DE,D,20190827,000000,20.019643,21.208929,20.019643,21.109821,22312,0
AEIN.DE,D,20190828,000000,21.010714,21.010714,20.515179,20.614286,18693,0
AEIN.DE,D,20190829,000000,20.713393,21.010714,20.515179,20.515179,9497,0
AEIN.DE,D,20190830,000000,20.614286,21.50625,20.614286,20.8125,11856,0
AEIN.DE,D,20190902,000000,21.010714,21.010714,20.614286,20.911607,5726,0
AEIN.DE,D,20190903,000000,21.109821,21.109821,20.416071,20.515179,6126,0
AEIN.DE,D,20190904,000000,20.614286,21.010714,20.515179,20.8125,5045,0
AEIN.DE,D,20190905,000000,21.109821,21.208929,20.416071,20.614286,3683,0
AEIN.DE,D,20190906,000000,20.911607,21.109821,20.316964,20.515179,8884,0
AEIN.DE,D,20190909,000000,20.713393,21.208929,20.515179,20.911607,5708,0
AEIN.DE,D,20190910,000000,21.208929,21.605357,21.010714,21.50625,5737,0
AEIN.DE,D,20190911,000000,21.704464,21.704464,21.308036,21.407143,4989,0
AEIN.DE,D,20190912,000000,21.50625,21.50625,21.109821,21.308036,4350,0
AEIN.DE,D,20190913,000000,21.407143,21.50625,20.911607,21.208929,8954,0
AEIN.DE,D,20190916,000000,21.50625,21.50625,21.010714,21.308036,12663,0
AEIN.DE,D,20190917,000000,21.308036,21.407143,21.208929,21.208929,6048,0
AEIN.DE,D,20190918,000000,21.407143,21.407143,21.109821,21.208929,5500,0
AEIN.DE,D,20190919,000000,21.208929,21.308036,21.109821,21.109821,1690,0
AEIN.DE,D,20190920,000000,21.308036,21.308036,21.109821,21.109821,1904,0
AEIN.DE,D,20190923,000000,21.109821,21.308036,20.8125,20.8125,8059,0
AEIN.DE,D,20190924,000000,20.8125,21.208929,20.8125,20.8125,2142,0
AEIN.DE,D,20190925,000000,20.8125,21.010714,20.713393,20.8125,4966,0
AEIN.DE,D,20190926,000000,20.911607,21.010714,20.8125,20.911607,3522,0
AEIN.DE,D,20190927,000000,20.911607,21.010714,20.8125,21.010714,836,0
AEIN.DE,D,20190930,000000,21.010714,21.208929,20.8125,21.208929,5374,0
AEIN.DE,D,20191001,000000,21.308036,21.407143,21.010714,21.208929,1206,0
AEIN.DE,D,20191002,000000,21.109821,21.308036,20.911607,21.308036,5493,0
AEIN.DE,D,20191004,000000,21.109821,21.208929,20.614286,20.8125,10023,0
AEIN.DE,D,20191007,000000,20.8125,21.208929,20.614286,20.8125,4617,0
AEIN.DE,D,20191008,000000,20.911607,21.109821,20.8125,20.8125,3642,0
AEIN.DE,D,20191009,000000,21.109821,21.109821,20.8125,21.010714,457,0
AEIN.DE,D,20191010,000000,21.010714,21.109821,20.8125,21.109821,343,0
AEIN.DE,D,20191011,000000,21.010714,21.704464,20.8125,21.605357,5313,0
AEIN.DE,D,20191014,000000,21.50625,21.704464,21.308036,21.50625,8247,0
AEIN.DE,D,20191015,000000,21.605357,23.290179,21.50625,22.695536,25931,0
AEIN.DE,D,20191016,000000,22.794643,23.488393,22.695536,23.091964,18808,0
AEIN.DE,D,20191017,000000,23.191071,23.488393,22.695536,22.89375,21286,0
AEIN.DE,D,20191018,000000,23.091964,23.091964,22.2,22.299107,2982,0
AEIN.DE,D,20191021,000000,22.2,22.596429,22.100893,22.596429,3523,0
AEIN.DE,D,20191022,000000,22.497321,22.695536,22.398214,22.596429,858,0
AEIN.DE,D,20191023,000000,22.794643,22.89375,22.100893,22.596429,15787,0
AEIN.DE,D,20191024,000000,22.398214,22.398214,21.902679,22.100893,6098,0
AEIN.DE,D,20191025,000000,22.100893,22.299107,21.605357,21.704464,6262,0
AEIN.DE,D,20191028,000000,21.704464,22.794643,21.704464,22.695536,98001,0
AEIN.DE,D,20191029,000000,22.596429,23.389286,22.596429,23.191071,6511,0
AEIN.DE,D,20191030,000000,23.290179,23.785714,23.191071,23.686607,10102,0
AEIN.DE,D,20191031,000000,23.686607,23.884821,23.290179,23.389286,6915,0
AEIN.DE,D,20191101,000000,23.488393,24.083036,23.488393,23.884821,4630,0
AEIN.DE,D,20191104,000000,23.983929,24.677679,23.488393,24.677679,13103,0
AEIN.DE,D,20191105,000000,24.776786,25.66875,23.785714,24.083036,28991,0
AEIN.DE,D,20191106,000000,24.083036,25.272321,23.785714,24.975,12952,0
AEIN.DE,D,20191107,000000,24.975,25.074107,24.380357,24.677679,3546,0
AEIN.DE,D,20191108,000000,24.479464,24.677679,24.182143,24.182143,1805,0
AEIN.DE,D,20191111,000000,24.182143,25.272321,24.182143,25.074107,2765,0
AEIN.DE,D,20191112,000000,25.272321,25.569643,24.975,25.569643,6717,0
AEIN.DE,D,20191113,000000,25.371429,25.569643,25.074107,25.371429,9557,0
AEIN.DE,D,20191114,000000,25.470536,25.866964,25.272321,25.470536,13962,0
AEIN.DE,D,20191115,000000,25.569643,25.866964,25.371429,25.569643,3465,0
AEIN.DE,D,20191118,000000,25.767857,25.866964,25.470536,25.66875,4803,0
AEIN.DE,D,20191119,000000,25.767857,25.866964,25.66875,25.767857,5963,0
AEIN.DE,D,20191120,000000,25.866964,26.3625,25.66875,26.3625,7845,0
AEIN.DE,D,20191121,000000,26.263393,26.858036,25.966071,26.758929,12247,0
AEIN.DE,D,20191122,000000,26.659821,27.551786,26.659821,27.551786,12493,0
AEIN.DE,D,20191125,000000,27.551786,28.245536,27.452679,28.245536,14090,0
AEIN.DE,D,20191126,000000,28.44375,28.44375,27.948214,28.245536,2613,0
AEIN.DE,D,20191127,000000,28.344643,28.44375,27.948214,28.245536,12037,0
AEIN.DE,D,20191128,000000,28.245536,28.542857,28.146429,28.542857,5717,0
AEIN.DE,D,20191129,000000,28.344643,28.542857,28.146429,28.344643,7973,0
AEIN.DE,D,20191202,000000,28.146429,28.542857,27.948214,27.948214,12381,0
AEIN.DE,D,20191203,000000,27.849107,27.948214,27.452679,27.849107,3478,0
AEIN.DE,D,20191204,000000,27.650893,27.948214,27.650893,27.948214,8336,0
AEIN.DE,D,20191205,000000,28.047321,28.047321,27.650893,27.849107,5438,0
AEIN.DE,D,20191206,000000,27.849107,28.146429,27.650893,28.146429,6095,0
AEIN.DE,D,20191209,000000,28.047321,28.245536,27.75,27.75,1149,0
AEIN.DE,D,20191210,000000,30.723214,31.9125,30.624107,31.516071,46001,0
AEIN.DE,D,20191211,000000,31.714286,34.191964,31.516071,34.092857,29978,0
AEIN.DE,D,20191212,000000,33.696429,34.390179,33.3,34.390179,33656,0
AEIN.DE,D,20191213,000000,34.6875,34.6875,32.209821,33.101786,31147,0
AEIN.DE,D,20191216,000000,33.101786,33.200893,31.9125,32.903571,46829,0
AEIN.DE,D,20191217,000000,32.705357,32.705357,32.110714,32.408036,12655,0
AEIN.DE,D,20191218,000000,32.507143,32.507143,32.011607,32.308929,8603,0
AEIN.DE,D,20191219,000000,32.308929,32.308929,30.921429,31.9125,20621,0
AEIN.DE,D,20191220,000000,31.416964,32.60625,31.416964,32.60625,13254,0
AEIN.DE,D,20191223,000000,32.507143,33.696429,32.408036,33.696429,18988,0
AEIN.DE,D,20191227,000000,33.498214,33.894643,33.101786,33.498214,12159,0
AEIN.DE,D,20191230,000000,33.696429,36.174107,33.200893,33.597321,24085,0
AEIN.DE,D,20200102,000000,34.489286,34.588393,32.507143,34.092857,27145,0
AEIN.DE,D,20200103,000000,33.894643,33.894643,31.516071,32.60625,24106,0
AEIN.DE,D,20200106,000000,32.705357,33.101786,31.714286,32.903571,11452,0
AEIN.DE,D,20200107,000000,33.101786,33.696429,32.705357,33.101786,5755,0
AEIN.DE,D,20200108,000000,33.3,33.3,32.110714,32.60625,19631,0
AEIN.DE,D,20200109,000000,32.705357,32.705357,32.209821,32.705357,10385,0
AEIN.DE,D,20200110,000000,32.705357,32.903571,32.011607,32.705357,23256,0
AEIN.DE,D,20200113,000000,32.705357,32.705357,32.011607,32.209821,7296,0
AEIN.DE,D,20200114,000000,32.507143,32.507143,31.317857,31.714286,17027,0
AEIN.DE,D,20200115,000000,31.714286,32.60625,31.714286,32.209821,4722,0
AEIN.DE,D,20200116,000000,32.308929,32.408036,31.9125,32.110714,5204,0
AEIN.DE,D,20200117,000000,31.9125,32.110714,31.714286,32.110714,6713,0
AEIN.DE,D,20200120,000000,32.110714,32.110714,31.317857,32.011607,5948,0
AEIN.DE,D,20200121,000000,31.714286,32.011607,31.615179,32.011607,2920,0
AEIN.DE,D,20200122,000000,32.110714,32.60625,31.9125,32.110714,21424,0
AEIN.DE,D,20200123,000000,32.209821,34.191964,32.011607,34.092857,28141,0
AEIN.DE,D,20200124,000000,34.489286,34.588393,33.399107,33.696429,21963,0
AEIN.DE,D,20200127,000000,33.101786,33.101786,31.9125,32.60625,14251,0
AEIN.DE,D,20200128,000000,32.011607,32.60625,32.011607,32.308929,6403,0
AEIN.DE,D,20200129,000000,32.110714,32.308929,31.813393,32.308929,6726,0
AEIN.DE,D,20200130,000000,32.110714,32.308929,31.21875,32.110714,15747,0
AEIN.DE,D,20200131,000000,32.308929,32.408036,32.011607,32.408036,10666,0
AEIN.DE,D,20200203,000000,32.209821,33.99375,32.209821,33.696429,19821,0
AEIN.DE,D,20200204,000000,33.597321,33.696429,33.200893,33.597321,7502,0
AEIN.DE,D,20200205,000000,33.696429,33.696429,33.399107,33.696429,6436,0
AEIN.DE,D,20200206,000000,33.696429,33.696429,33.399107,33.696429,3548,0
AEIN.DE,D,20200207,000000,33.696429,34.390179,33.399107,34.390179,14153,0
AEIN.DE,D,20200210,000000,34.588393,35.083929,33.696429,34.092857,9831,0
AEIN.DE,D,20200211,000000,34.291071,37.165179,33.99375,36.570536,34942,0
AEIN.DE,D,20200212,000000,36.372321,37.561607,35.876786,36.867857,34939,0
AEIN.DE,D,20200213,000000,36.867857,36.966964,36.174107,36.76875,9705,0
AEIN.DE,D,20200214,000000,36.570536,36.669643,35.975893,36.372321,13817,0
AEIN.DE,D,20200217,000000,36.372321,37.561607,36.372321,37.561607,11880,0
AEIN.DE,D,20200218,000000,37.561607,38.057143,36.372321,36.372321,13781,0
AEIN.DE,D,20200219,000000,36.570536,38.354464,36.570536,37.363393,8430,0
AEIN.DE,D,20200220,000000,37.858929,38.552679,37.4625,37.561607,12866,0
AEIN.DE,D,20200221,000000,37.363393,37.363393,35.579464,35.678571,21808,0
AEIN.DE,D,20200224,000000,34.291071,35.083929,33.696429,34.588393,41665,0
AEIN.DE,D,20200225,000000,34.390179,34.6875,32.209821,32.804464,29520,0
AEIN.DE,D,20200226,000000,32.011607,32.705357,30.525,32.60625,34779,0
AEIN.DE,D,20200227,000000,32.507143,32.60625,31.317857,32.011607,23114,0
AEIN.DE,D,20200228,000000,29.930357,30.624107,28.939286,30.326786,44626,0
AEIN.DE,D,20200302,000000,31.020536,31.9125,30.425893,31.21875,19032,0
AEIN.DE,D,20200303,000000,31.813393,32.60625,31.813393,32.110714,14254,0
AEIN.DE,D,20200304,000000,32.011607,32.308929,31.317857,32.209821,22115,0
AEIN.DE,D,20200305,000000,32.110714,32.60625,30.723214,32.308929,55161,0
AEIN.DE,D,20200306,000000,31.714286,32.60625,30.723214,31.714286,27131,0
AEIN.DE,D,20200309,000000,29.633036,30.326786,28.641964,28.840179,23800,0
AEIN.DE,D,20200310,000000,29.038393,30.425893,28.245536,28.44375,30804,0
AEIN.DE,D,20200311,000000,28.741071,29.1375,27.353571,27.849107,24415,0
AEIN.DE,D,20200312,000000,26.461607,26.560714,23.785714,24.083036,33814,0
AEIN.DE,D,20200313,000000,24.28125,25.767857,23.785714,24.479464,27202,0
AEIN.DE,D,20200316,000000,23.290179,23.290179,20.911607,22.2,37591,0
AEIN.DE,D,20200317,000000,22.398214,22.695536,20.019643,21.308036,24101,0
AEIN.DE,D,20200318,000000,21.308036,21.50625,19.028571,20.019643,17953,0
AEIN.DE,D,20200319,000000,20.416071,20.416071,18.533036,19.623214,14290,0
AEIN.DE,D,20200320,000000,21.208929,22.299107,20.316964,21.803571,38784,0
AEIN.DE,D,20200323,000000,20.8125,21.109821,19.771875,20.713393,28928,0
AEIN.DE,D,20200324,000000,22.100893,22.695536,21.407143,22.695536,24295,0
AEIN.DE,D,20200325,000000,23.091964,24.677679,23.091964,24.380357,25614,0
AEIN.DE,D,20200326,000000,24.479464,25.173214,22.794643,24.875893,16315,0
AEIN.DE,D,20200327,000000,24.578571,24.776786,22.992857,23.389286,13015,0
AEIN.DE,D,20200330,000000,23.5875,23.983929,22.695536,23.983929,11011,0
AEIN.DE,D,20200331,000000,24.083036,24.875893,24.083036,24.28125,12792,0
AEIN.DE,D,20200401,000000,24.083036,24.479464,23.389286,24.083036,14287,0
AEIN.DE,D,20200402,000000,24.083036,24.380357,23.686607,23.884821,7857,0
AEIN.DE,D,20200403,000000,23.884821,24.182143,23.5875,23.884821,5956,0
AEIN.DE,D,20200406,000000,24.578571,25.173214,24.578571,25.173214,8526,0
AEIN.DE,D,20200407,000000,25.371429,26.164286,25.173214,25.866964,24576,0
AEIN.DE,D,20200408,000000,25.569643,27.452679,25.371429,26.263393,16189,0
AEIN.DE,D,20200409,000000,26.3625,26.858036,25.66875,26.659821,26357,0
AEIN.DE,D,20200414,000000,27.05625,27.155357,26.560714,26.758929,4834,0
AEIN.DE,D,20200415,000000,26.758929,26.758929,25.66875,26.263393,18291,0
AEIN.DE,D,20200416,000000,26.3625,26.858036,26.164286,26.3625,4418,0
AEIN.DE,D,20200417,000000,27.155357,27.948214,26.957143,27.650893,17397,0
AEIN.DE,D,20200420,000000,27.551786,28.542857,27.254464,27.551786,16947,0
AEIN.DE,D,20200421,000000,27.155357,27.155357,25.966071,26.461607,7497,0
AEIN.DE,D,20200422,000000,26.957143,28.146429,26.3625,27.849107,10760,0
AEIN.DE,D,20200423,000000,27.948214,28.542857,27.849107,28.146429,11040,0
AEIN.DE,D,20200424,000000,28.344643,28.344643,27.75,28.047321,21864,0
AEIN.DE,D,20200427,000000,28.741071,29.038393,28.542857,29.038393,16151,0
AEIN.DE,D,20200428,000000,29.236607,29.533929,28.840179,29.236607,5546,0
AEIN.DE,D,20200429,000000,29.038393,30.723214,29.038393,30.227679,8690,0
AEIN.DE,D,20200430,000000,30.326786,30.326786,29.1375,29.434821,7120,0
AEIN.DE,D,20200504,000000,29.236607,29.335714,28.245536,28.641964,8432,0
AEIN.DE,D,20200505,000000,28.741071,29.633036,28.542857,29.434821,18725,0
AEIN.DE,D,20200506,000000,29.236607,29.434821,28.939286,29.1375,4496,0
AEIN.DE,D,20200507,000000,29.236607,29.434821,29.038393,29.1375,9133,0
AEIN.DE,D,20200508,000000,28.939286,29.335714,28.542857,28.542857,6379,0
AEIN.DE,D,20200511,000000,28.939286,29.732143,28.344643,28.542857,11455,0
AEIN.DE,D,20200512,000000,28.344643,29.732143,27.849107,29.335714,18089,0
AEIN.DE,D,20200513,000000,28.146429,28.840179,28.047321,28.741071,9356,0
AEIN.DE,D,20200514,000000,28.245536,28.245536,26.858036,27.849107,23933,0
AEIN.DE,D,20200515,000000,27.948214,28.641964,26.560714,27.254464,21689,0
AEIN.DE,D,20200518,000000,27.75,28.741071,26.957143,28.741071,10207,0
AEIN.DE,D,20200519,000000,28.840179,28.840179,28.245536,28.741071,5178,0
AEIN.DE,D,20200520,000000,28.840179,29.1375,28.641964,29.038393,6740,0
AEIN.DE,D,20200521,000000,29.1375,29.533929,28.840179,29.533929,2466,0
AEIN.DE,D,20200522,000000,29.038393,30.425893,28.641964,29.633036,13619,0
AEIN.DE,D,20200525,000000,29.83125,32.209821,29.83125,31.9125,9838,0
AEIN.DE,D,20200526,000000,32.011607,32.507143,31.516071,31.9125,13368,0
AEIN.DE,D,20200527,000000,31.813393,32.209821,31.516071,32.209821,14242,0
AEIN.DE,D,20200528,000000,32.209821,32.507143,31.9125,32.408036,6226,0
AEIN.DE,D,20200529,000000,32.110714,32.60625,31.714286,32.110714,5202,0
AEIN.DE,D,20200602,000000,32.408036,33.3,32.408036,33.101786,8891,0
AEIN.DE,D,20200603,000000,33.200893,34.489286,33.002679,33.894643,17767,0
AEIN.DE,D,20200604,000000,33.498214,36.174107,33.3,34.588393,30776,0
AEIN.DE,D,20200605,000000,34.786607,35.282143,34.291071,34.489286,13057,0
AEIN.DE,D,20200608,000000,34.390179,34.984821,33.696429,34.092857,12041,0
AEIN.DE,D,20200609,000000,34.191964,34.588393,33.3,34.092857,9064,0
AEIN.DE,D,20200610,000000,34.191964,34.588393,33.99375,34.191964,9783,0
AEIN.DE,D,20200611,000000,33.99375,33.99375,32.011607,32.110714,16120,0
AEIN.DE,D,20200612,000000,31.813393,33.795536,31.21875,33.795536,13174,0
AEIN.DE,D,20200615,000000,33.498214,33.99375,32.011607,33.696429,26732,0
AEIN.DE,D,20200616,000000,34.588393,34.6875,33.795536,33.99375,14709,0
AEIN.DE,D,20200617,000000,33.795536,34.092857,33.597321,33.795536,9075,0
AEIN.DE,D,20200618,000000,33.894643,33.99375,33.101786,33.3,6083,0
AEIN.DE,D,20200619,000000,33.498214,33.795536,33.002679,33.101786,4833,0
AEIN.DE,D,20200622,000000,33.200893,33.894643,33.200893,33.498214,3396,0
AEIN.DE,D,20200623,000000,33.498214,34.489286,33.399107,34.489286,12840,0
AEIN.DE,D,20200624,000000,34.092857,34.191964,33.200893,33.200893,7651,0
AEIN.DE,D,20200625,000000,33.3,33.399107,32.705357,33.002679,8547,0
AEIN.DE,D,20200626,000000,33.200893,33.399107,32.408036,32.507143,6122,0
AEIN.DE,D,20200629,000000,32.705357,33.200893,32.507143,32.903571,2513,0
AEIN.DE,D,20200630,000000,33.002679,33.498214,32.705357,33.002679,3842,0
AEIN.DE,D,20200701,000000,33.200893,33.795536,33.200893,33.696429,4802,0
AEIN.DE,D,20200702,000000,33.795536,34.291071,33.399107,33.399107,16358,0
AEIN.DE,D,20200703,000000,33.498214,34.092857,33.200893,33.894643,7072,0
AEIN.DE,D,20200706,000000,33.696429,34.885714,33.399107,34.6875,23870,0
AEIN.DE,D,20200707,000000,34.390179,36.075,34.390179,35.876786,8787,0
AEIN.DE,D,20200708,000000,35.975893,38.057143,35.777679,37.4625,28775,0
AEIN.DE,D,20200709,000000,38.15625,39.246429,38.15625,38.651786,25022,0
AEIN.DE,D,20200710,000000,38.552679,39.54375,38.057143,39.444643,24400,0
AEIN.DE,D,20200713,000000,41.625,41.922321,40.138393,41.327679,20406,0
AEIN.DE,D,20200714,000000,41.030357,41.030357,38.85,40.2375,17565,0
AEIN.DE,D,20200715,000000,40.534821,41.129464,40.534821,40.93125,13357,0
AEIN.DE,D,20200716,000000,40.633929,40.633929,39.642857,39.642857,15360,0
AEIN.DE,D,20200717,000000,39.841071,39.841071,38.750893,38.949107,10325,0
AEIN.DE,D,20200720,000000,39.048214,39.147321,38.057143,38.057143,12956,0
AEIN.DE,D,20200721,000000,38.15625,38.85,37.660714,38.15625,20948,0
AEIN.DE,D,20200722,000000,38.057143,38.651786,37.858929,38.255357,22397,0
AEIN.DE,D,20200723,000000,38.354464,38.354464,37.759821,37.858929,7380,0
AEIN.DE,D,20200724,000000,37.561607,37.561607,35.777679,36.867857,17463,0
AEIN.DE,D,20200727,000000,37.165179,37.4625,36.966964,37.165179,13941,0
AEIN.DE,D,20200728,000000,37.165179,38.057143,37.066071,37.4625,14464,0
AEIN.DE,D,20200729,000000,37.264286,37.4625,37.066071,37.363393,4784,0
AEIN.DE,D,20200730,000000,37.363393,39.147321,35.975893,38.057143,41142,0
AEIN.DE,D,20200731,000000,39.345536,43.70625,38.949107,43.309821,102295,0
AEIN.DE,D,20200803,000000,44.201786,44.598214,42.814286,44.102679,63090,0
AEIN.DE,D,20200804,000000,44.300893,46.877679,44.201786,46.183929,32380,0
AEIN.DE,D,20200805,000000,46.580357,46.580357,44.102679,44.499107,19331,0
AEIN.DE,D,20200806,000000,44.796429,46.877679,44.697321,46.48125,29498,0
AEIN.DE,D,20200807,000000,46.580357,46.877679,45.7875,46.48125,18885,0
AEIN.DE,D,20200810,000000,46.679464,47.075893,45.7875,45.985714,32445,0
AEIN.DE,D,20200811,000000,46.183929,46.580357,45.688393,46.580357,20872,0
AEIN.DE,D,20200812,000000,46.48125,47.075893,45.7875,46.382143,21257,0
AEIN.DE,D,20200813,000000,46.580357,46.679464,45.7875,46.084821,22714,0
AEIN.DE,D,20200814,000000,45.985714,49.058036,45.985714,49.058036,42244,0
AEIN.DE,D,20200817,000000,49.355357,53.121429,49.355357,52.725,71912,0
AEIN.DE,D,20200818,000000,55.301786,57.085714,53.121429,56.8875,42908,0
AEIN.DE,D,20200819,000000,58.275,58.671429,56.689286,57.680357,32024,0
AEIN.DE,D,20200820,000000,55.698214,57.283929,54.905357,56.094643,25737,0
AEIN.DE,D,20200821,000000,56.689286,56.8875,55.103571,55.896429,38893,0
AEIN.DE,D,20200824,000000,56.292857,60.455357,56.292857,58.473214,42604,0
AEIN.DE,D,20200825,000000,58.473214,58.671429,57.085714,58.671429,16946,0
AEIN.DE,D,20200826,000000,58.275,62.239286,57.482143,62.239286,41327,0
AEIN.DE,D,20200827,000000,62.4375,63.428571,59.464286,59.464286,39981,0
AEIN.DE,D,20200828,000000,59.266071,60.455357,59.266071,60.455357,19232,0
AEIN.DE,D,20200831,000000,60.455357,62.833929,60.257143,60.851786,25675,0
AEIN.DE,D,20200901,000000,62.041071,62.635714,60.653571,61.644643,25444,0
AEIN.DE,D,20200902,000000,62.041071,63.032143,61.05,61.446429,29362,0
AEIN.DE,D,20200903,000000,61.842857,62.041071,57.482143,57.482143,25162,0
AEIN.DE,D,20200904,000000,55.103571,58.473214,51.139286,56.689286,75544,0
AEIN.DE,D,20200907,000000,57.680357,61.05,57.680357,60.851786,31540,0
AEIN.DE,D,20200908,000000,61.446429,61.644643,58.869643,60.455357,29692,0
AEIN.DE,D,20200909,000000,60.257143,61.842857,60.058929,61.842857,16412,0
AEIN.DE,D,20200910,000000,61.446429,61.842857,60.851786,61.644643,11321,0
AEIN.DE,D,20200911,000000,61.842857,62.635714,60.851786,61.05,21389,0
AEIN.DE,D,20200914,000000,61.644643,63.230357,61.446429,63.032143,19398,0
AEIN.DE,D,20200915,000000,63.230357,64.419643,62.635714,62.833929,28891,0
AEIN.DE,D,20200916,000000,62.635714,64.419643,62.239286,62.4375,24189,0
AEIN.DE,D,20200917,000000,62.239286,62.635714,60.257143,60.851786,24810,0
AEIN.DE,D,20200918,000000,61.644643,64.419643,61.248214,63.626786,37211,0
AEIN.DE,D,20200921,000000,62.862245,63.844467,60.504911,60.701355,37034,0
AEIN.DE,D,20200922,000000,61.487133,62.6658,61.487133,62.469356,16969,0
AEIN.DE,D,20200923,000000,63.058689,64.040912,49.896907,52.843575,152527,0
AEIN.DE,D,20200924,000000,53.236464,56.379576,51.861352,55.004464,86962,0
AEIN.DE,D,20200925,000000,56,56.2,51,52.6,70866,0
AEIN.DE,D,20200928,000000,53.6,54.4,51.2,52,48565,0
AEIN.DE,D,20200929,000000,51.6,53.4,49.4,53.4,66979,0
AEIN.DE,D,20200930,000000,53.2,53.8,51.6,52.2,32385,0
AEIN.DE,D,20201001,000000,52.2,52.4,51.2,51.6,18680,0
AEIN.DE,D,20201002,000000,51.8,52.2,50.6,50.6,30977,0
AEIN.DE,D,20201005,000000,50.8,51.6,50.4,51.6,13009,0
AEIN.DE,D,20201006,000000,52,52.2,51.2,51.6,21131,0
AEIN.DE,D,20201007,000000,51.8,52,50.2,50.6,23667,0
AEIN.DE,D,20201008,000000,51.2,54,51,53.6,24465,0
AEIN.DE,D,20201009,000000,54.8,54.8,53.4,54.4,19300,0
AEIN.DE,D,20201012,000000,54.8,57.6,54.6,57.2,27696,0
AEIN.DE,D,20201013,000000,57.4,57.4,55.8,56.2,24316,0
AEIN.DE,D,20201014,000000,56.2,57,56,56,15826,0
AEIN.DE,D,20201015,000000,55.4,55.6,53.8,55,39216,0
AEIN.DE,D,20201016,000000,55,56.2,54.6,55.4,22541,0
AEIN.DE,D,20201019,000000,55.4,56.2,54.6,54.8,13365,0
AEIN.DE,D,20201020,000000,55.4,55.6,54,54.8,19884,0
AEIN.DE,D,20201021,000000,54.8,55.8,54,55.4,22082,0
AEIN.DE,D,20201022,000000,55,55,53.4,54.4,18828,0
AEIN.DE,D,20201023,000000,54.4,55.2,53.6,54.4,13206,0
AEIN.DE,D,20201026,000000,53.8,59.2,52.8,56.4,59162,0
AEIN.DE,D,20201027,000000,55.8,55.8,53.6,55,59504,0
AEIN.DE,D,20201028,000000,54.2,54.2,51.6,53,50262,0
AEIN.DE,D,20201029,000000,53,54.8,51.8,52.8,21313,0
AEIN.DE,D,20201030,000000,52.8,52.8,51.4,52,14791,0
AEIN.DE,D,20201102,000000,52.2,54,50.2,52.8,26451,0
AEIN.DE,D,20201103,000000,53.4,54.8,52.8,54.2,10170,0
AEIN.DE,D,20201104,000000,53.6,59,53.2,57,35044,0
AEIN.DE,D,20201105,000000,57,59.8,57,59.8,21953,0
AEIN.DE,D,20201106,000000,59.8,61.2,58.8,60,39494,0
AEIN.DE,D,20201109,000000,61.4,62.6,58.8,59.4,28650,0
AEIN.DE,D,20201110,000000,59.2,61.4,58,60,38805,0
AEIN.DE,D,20201111,000000,60.2,61,60,60.8,10514,0
AEIN.DE,D,20201112,000000,60.8,61,58.8,60.2,20056,0
AEIN.DE,D,20201113,000000,60.4,61.8,60.2,61,22040,0
AEIN.DE,D,20201116,000000,61.6,65,61.6,64.8,28103,0
AEIN.DE,D,20201117,000000,65,67.2,64,65,44021,0
AEIN.DE,D,20201118,000000,65.8,68.8,65.4,68.2,19015,0
AEIN.DE,D,20201119,000000,67.6,69,65.4,68.4,21508,0
AEIN.DE,D,20201120,000000,68.4,70.2,68,70.2,24099,0
AEIN.DE,D,20201123,000000,70.2,71.4,69.2,69.8,24300,0
AEIN.DE,D,20201124,000000,70.4,71,69.2,70.8,19468,0
AEIN.DE,D,20201125,000000,71.2,73.6,69.6,73.4,35840,0
AEIN.DE,D,20201126,000000,73.2,74.4,72.2,73.6,31425,0
AEIN.DE,D,20201127,000000,73,79.2,72.6,79,52238,0
AEIN.DE,D,20201130,000000,79,81.4,78.2,79.8,234395,0
AEIN.DE,D,20201201,000000,79.8,80,76.4,79,26331,0
AEIN.DE,D,20201202,000000,79.4,80.8,78.6,80.8,27914,0
AEIN.DE,D,20201203,000000,80.4,81.2,79.6,80.6,22016,0
AEIN.DE,D,20201204,000000,80.4,85.6,80,85.2,35946,0
AEIN.DE,D,20201207,000000,86,87,84,86,37274,0
AEIN.DE,D,20201208,000000,85.8,86.2,78.6,82.4,61382,0
AEIN.DE,D,20201209,000000,82.6,85,81.6,82.6,23479,0
AEIN.DE,D,20201210,000000,5.787615,6.029358,5.673853,6.000917,94935,0
AEIN.DE,D,20201211,000000,5.986697,5.986697,5.773394,5.858716,32352,0
AEIN.DE,D,20201214,000000,5.872936,6.043578,5.801835,6.000917,53284,0
AEIN.DE,D,20201215,000000,6.100459,6.370642,6.057798,6.2,80060,0
AEIN.DE,D,20201216,000000,24.2,24.2,15.65,16.3,738160,0
AEIN.DE,D,20201217,000000,17.35,18.15,17.2,17.5,279441,0
AEIN.DE,D,20201218,000000,17.55,17.6,16.6,17.05,280234,0
AEIN.DE,D,20201221,000000,16.8,17.65,16.6,17.5,118249,0
AEIN.DE,D,20201222,000000,17.6,18.75,17.5,18.6,104859,0
AEIN.DE,D,20201223,000000,19,19,17.95,17.95,79402,0
AEIN.DE,D,20201228,000000,18.15,19.05,18.15,18.6,70023,0
AEIN.DE,D,20201229,000000,18.7,18.95,18.4,18.45,59680,0
AEIN.DE,D,20201230,000000,18.4,18.75,18.4,18.65,43385,0
AEIN.DE,D,20210104,000000,18.75,20,18.75,19.75,107966,0
AEIN.DE,D,20210105,000000,19.8,20.7,19.7,20.5,95171,0
AEIN.DE,D,20210106,000000,20.6,21.8,20.5,20.8,66237,0
AEIN.DE,D,20210107,000000,21.1,23,21,21.5,138369,0
AEIN.DE,D,20210108,000000,22,22.3,21.2,21.3,129222,0
AEIN.DE,D,20210111,000000,21.5,22.4,21.5,21.8,75424,0
AEIN.DE,D,20210112,000000,22,22.6,21.5,21.6,86886,0
AEIN.DE,D,20210113,000000,21.6,21.9,21.1,21.5,57255,0
AEIN.DE,D,20210114,000000,21.6,21.9,21.6,21.7,38914,0
AEIN.DE,D,20210115,000000,21.8,21.8,20.2,20.5,53243,0
AEIN.DE,D,20210118,000000,20.5,21.2,20.2,20.7,37063,0
AEIN.DE,D,20210119,000000,20.8,21.4,20.8,21,35000,0
AEIN.DE,D,20210120,000000,21.1,21.3,20.5,20.5,23471,0
AEIN.DE,D,20210121,000000,20.3,21.3,20.3,20.8,46683,0
AEIN.DE,D,20210122,000000,20.7,21.6,20.5,21.4,43198,0
AEIN.DE,D,20210125,000000,21.9,22.4,21.3,21.3,26805,0
AEIN.DE,D,20210126,000000,21.4,21.9,21.3,21.7,14305,0
AEIN.DE,D,20210127,000000,21.7,21.8,20.6,21.8,34439,0
AEIN.DE,D,20210128,000000,21.4,21.4,20.2,21.2,43791,0
AEIN.DE,D,20210129,000000,21,21.9,21,21.8,31305,0
AEIN.DE,D,20210201,000000,21.7,22,21.4,21.8,15886,0
AEIN.DE,D,20210202,000000,21.9,23.1,21.2,22.7,79388,0
AEIN.DE,D,20210203,000000,23,23,22.7,23,13540,0
AEIN.DE,D,20210204,000000,23,24.6,22.9,24.5,37908,0
AEIN.DE,D,20210205,000000,24.8,25.9,24.8,25.1,45286,0
AEIN.DE,D,20210208,000000,25.4,27.1,25.4,26.2,76548,0
AEIN.DE,D,20210209,000000,26.5,26.6,25.3,26,39027,0
AEIN.DE,D,20210210,000000,26.1,26.2,25,25.8,27829,0
AEIN.DE,D,20210211,000000,25.8,26.5,25.3,25.7,24857,0
AEIN.DE,D,20210212,000000,25.8,26.6,25.4,26.6,17920,0
AEIN.DE,D,20210215,000000,27,28.6,27,27.9,55126,0
AEIN.DE,D,20210216,000000,28,28,25.8,26.4,46589,0
AEIN.DE,D,20210217,000000,26.7,26.8,24.3,25,51111,0
AEIN.DE,D,20210218,000000,25.1,25.2,23.9,24.6,47107,0
AEIN.DE,D,20210219,000000,24.6,26,24.3,26,44120,0
AEIN.DE,D,20210222,000000,25.2,26.2,24.2,24.4,46190,0
AEIN.DE,D,20210223,000000,24.5,24.7,22.3,23.6,66086,0
AEIN.DE,D,20210224,000000,23.7,24.2,23.2,23.5,28051,0
AEIN.DE,D,20210225,000000,23.7,24.5,23.7,23.8,13637,0
AEIN.DE,D,20210226,000000,23.1,24.2,23,24.2,24688,0
AEIN.DE,D,20210301,000000,24.5,25.3,24.5,25.1,22178,0
AEIN.DE,D,20210302,000000,25.2,25.8,25,25.6,32378,0
AEIN.DE,D,20210303,000000,25.6,26.1,25.2,25.2,22458,0
AEIN.DE,D,20210304,000000,25.2,25.2,23.5,23.6,32597,0
AEIN.DE,D,20210305,000000,23.3,23.6,22.7,23.2,30368,0
AEIN.DE,D,20210308,000000,23.4,23.5,22.7,23.2,27385,0
AEIN.DE,D,20210309,000000,23,23.2,22.8,23.2,18027,0
AEIN.DE,D,20210310,000000,23.1,23.5,22.7,22.9,18329,0
AEIN.DE,D,20210311,000000,23,23,22.7,23,17849,0
AEIN.DE,D,20210312,000000,23,23,22.6,22.7,21241,0
AEIN.DE,D,20210315,000000,22.8,22.8,21.8,22.2,43619,0
AEIN.DE,D,20210316,000000,22.3,22.6,22,22.4,77792,0
AEIN.DE,D,20210317,000000,22.5,22.7,22.3,22.5,19330,0
AEIN.DE,D,20210318,000000,22.6,22.9,22.1,22.7,34228,0
AEIN.DE,D,20210319,000000,22.6,23.3,22.5,23.2,13984,0
AEIN.DE,D,20210322,000000,23.3,24.5,23.2,24.4,15936,0
AEIN.DE,D,20210323,000000,24.5,24.8,24.1,24.2,25902,0
AEIN.DE,D,20210324,000000,24.2,24.2,23.1,23.3,16981,0
AEIN.DE,D,20210325,000000,23.4,23.4,22.7,23.1,18063,0
AEIN.DE,D,20210326,000000,23.1,24.6,23.1,23.8,26202,0
AEIN.DE,D,20210329,000000,23.7,24.8,23.7,24.5,23315,0
AEIN.DE,D,20210330,000000,24.5,24.6,24,24.4,13599,0
AEIN.DE,D,20210331,000000,24.5,24.6,23.9,24.5,18378,0
AEIN.DE,D,20210401,000000,24.7,24.95,24.55,24.95,22274,0
AEIN.DE,D,20210406,000000,25.1,26.1,25.1,25.8,47882,0
AEIN.DE,D,20210407,000000,25.75,26.1,25.6,26.1,29235,0
AEIN.DE,D,20210408,000000,25.95,25.95,24.35,24.8,25372,0
AEIN.DE,D,20210409,000000,24.6,24.95,24.55,24.7,7350,0
AEIN.DE,D,20210412,000000,24.85,24.85,23.9,24,14392,0
AEIN.DE,D,20210413,000000,24,24.8,23.95,24.8,11473,0
AEIN.DE,D,20210414,000000,24.65,24.75,24.15,24.25,12305,0
AEIN.DE,D,20210415,000000,24.4,24.8,24.2,24.8,14283,0
AEIN.DE,D,20210416,000000,24.7,25.2,24.6,24.9,10265,0
AEIN.DE,D,20210419,000000,24.85,24.9,24.1,24.55,19691,0
AEIN.DE,D,20210420,000000,24.4,24.45,23.8,24.15,14490,0
AEIN.DE,D,20210421,000000,24.15,24.2,23.65,24.1,14059,0
AEIN.DE,D,20210422,000000,24.2,24.8,24,24.8,7112,0
AEIN.DE,D,20210423,000000,24.6,24.75,23.9,24.25,17187,0
AEIN.DE,D,20210426,000000,24.15,24.85,24.15,24.5,7591,0
AEIN.DE,D,20210427,000000,24.1,24.65,23.8,24.15,17755,0
AEIN.DE,D,20210428,000000,24.1,24.75,24.05,24.65,8691,0
AEIN.DE,D,20210429,000000,24.5,24.65,23.4,23.55,16581,0
AEIN.DE,D,20210430,000000,23.8,24.3,23.75,24.05,20836,0
AEIN.DE,D,20210503,000000,24.05,24.25,23.8,24.05,9693,0
AEIN.DE,D,20210504,000000,23.95,23.95,22.55,22.95,36344,0
AEIN.DE,D,20210505,000000,23.15,23.7,22.95,23.35,23837,0
AEIN.DE,D,20210506,000000,23.6,23.75,23.05,23.45,27144,0
AEIN.DE,D,20210507,000000,23.6,24.15,23.6,24,31005,0
AEIN.DE,D,20210510,000000,24,24.25,23.9,24,11972,0
AEIN.DE,D,20210511,000000,24.2,24.2,22.9,23.35,20092,0
AEIN.DE,D,20210512,000000,23.2,23.55,23,23.15,28385,0
AEIN.DE,D,20210513,000000,23.1,23.3,23.1,23.1,18174,0
AEIN.DE,D,20210514,000000,23.15,23.35,22.65,23.15,32724,0
AEIN.DE,D,20210517,000000,23.35,23.85,23.35,23.55,11766,0
AEIN.DE,D,20210518,000000,23.5,23.9,23,23.1,37477,0
AEIN.DE,D,20210519,000000,23.1,23.4,22.9,22.9,36110,0
AEIN.DE,D,20210520,000000,22.85,23.25,22.8,23.1,36972,0
AEIN.DE,D,20210521,000000,23.05,23.3,23,23.2,45505,0
AEIN.DE,D,20210525,000000,23.2,23.3,23.05,23.2,32411,0
AEIN.DE,D,20210526,000000,23.15,23.5,22.8,23,47408,0
AEIN.DE,D,20210527,000000,23,23.9,22.8,23.6,175499,0
AEIN.DE,D,20210528,000000,23.4,24.85,23.4,24.75,29037,0
AEIN.DE,D,20210531,000000,24.7,24.7,23.45,23.5,29230,0
AEIN.DE,D,20210601,000000,23.5,23.95,23.4,23.75,12899,0
AEIN.DE,D,20210602,000000,23.95,24.1,23.45,24.1,24834,0
AEIN.DE,D,20210603,000000,23.95,24.05,23.05,23.2,16186,0
AEIN.DE,D,20210604,000000,23.05,23.55,23.05,23.5,16119,0
AEIN.DE,D,20210607,000000,23.4,23.45,23.05,23.15,17619,0
AEIN.DE,D,20210608,000000,23.15,23.35,23,23.1,27011,0
AEIN.DE,D,20210609,000000,23.1,23.2,22.9,23.15,16961,0
AEIN.DE,D,20210610,000000,22.9,23.2,22.7,22.8,19721,0
AEIN.DE,D,20210611,000000,22.9,24.2,22.8,24.2,30184,0
AEIN.DE,D,20210614,000000,24.4,24.6,23.65,23.85,15710,0
AEIN.DE,D,20210615,000000,24,24.5,23.9,24.1,12340,0
AEIN.DE,D,20210616,000000,23.85,24.2,23.7,24.1,7284,0
AEIN.DE,D,20210617,000000,24,24.2,23.75,24.2,6028,0
AEIN.DE,D,20210618,000000,23.95,24.8,23.95,24.3,25906,0
AEIN.DE,D,20210621,000000,24.05,24.3,23.85,24.3,7155,0
AEIN.DE,D,20210622,000000,24.3,24.3,23.6,23.8,9807,0
AEIN.DE,D,20210623,000000,23.95,24.15,23.65,23.9,9318,0
AEIN.DE,D,20210624,000000,23.75,24.1,23.65,24,4253,0
AEIN.DE,D,20210625,000000,24,24.2,23.6,23.95,10488,0
AEIN.DE,D,20210628,000000,23.95,24,23.5,24,9311,0
AEIN.DE,D,20210629,000000,23.95,24.25,23.55,23.9,8506,0
AEIN.DE,D,20210630,000000,23.8,24.1,23.65,24,13490,0
AEIN.DE,D,20210701,000000,24.1,24.1,23.6,23.65,15860,0
AEIN.DE,D,20210702,000000,23.7,24,23.5,23.65,15216,0
AEIN.DE,D,20210705,000000,23.55,23.75,23.45,23.6,10536,0
AEIN.DE,D,20210706,000000,23.5,23.8,23.5,23.6,6073,0
AEIN.DE,D,20210707,000000,23.7,24.15,23.6,23.9,12449,0
AEIN.DE,D,20210708,000000,23.8,23.8,23.35,23.65,9659,0
AEIN.DE,D,20210709,000000,23.8,23.8,23.35,23.7,8009,0
AEIN.DE,D,20210712,000000,23.7,23.7,23.2,23.6,16616,0
AEIN.DE,D,20210713,000000,23.75,23.75,23.15,23.35,6431,0
AEIN.DE,D,20210714,000000,23.45,23.55,22.55,23.3,43404,0
AEIN.DE,D,20210715,000000,23.15,23.15,22.65,22.75,8180,0
AEIN.DE,D,20210716,000000,22.7,22.8,22.05,22.2,29189,0
AEIN.DE,D,20210719,000000,22.15,22.2,21.8,21.85,19744,0
AEIN.DE,D,20210720,000000,21.75,21.75,21,21.6,32125,0
AEIN.DE,D,20210721,000000,21.8,22.15,21.3,21.55,14930,0
AEIN.DE,D,20210722,000000,21.5,21.9,21.3,21.4,36251,0
AEIN.DE,D,20210723,000000,21.5,22.3,21.5,21.8,26702,0
AEIN.DE,D,20210726,000000,21.9,21.9,21.5,21.75,16089,0
AEIN.DE,D,20210727,000000,21.9,21.9,21.4,21.75,14984,0
AEIN.DE,D,20210728,000000,21.6,22.3,21.55,22.1,10264,0
AEIN.DE,D,20210729,000000,22.15,24.45,21.8,24,51890,0
AEIN.DE,D,20210730,000000,24.15,24.2,23.4,23.8,13557,0
AEIN.DE,D,20210802,000000,23.9,23.9,23.15,23.6,16606,0
AEIN.DE,D,20210803,000000,23.55,23.65,23.35,23.55,4880,0
AEIN.DE,D,20210804,000000,23.7,24,23.4,23.85,11094,0
AEIN.DE,D,20210805,000000,24.1,24.7,23.8,24.15,25735,0
AEIN.DE,D,20210806,000000,24.05,24.2,23.7,24,5576,0
AEIN.DE,D,20210809,000000,24.1,24.55,23.8,23.85,6794,0
AEIN.DE,D,20210810,000000,23.9,24.15,23.7,23.85,4788,0
AEIN.DE,D,20210811,000000,23.75,24.65,23.75,24.65,7665,0
AEIN.DE,D,20210812,000000,24.7,24.7,23.8,24.2,18383,0
AEIN.DE,D,20210813,000000,24.1,24.55,24,24.05,9490,0
AEIN.DE,D,20210816,000000,24.15,24.15,23.4,23.4,21824,0
AEIN.DE,D,20210817,000000,23.15,23.55,22.85,23,17390,0
AEIN.DE,D,20210818,000000,23.1,23.75,22.8,23.2,13388,0
AEIN.DE,D,20210819,000000,23.55,25.15,22.65,24.95,35461,0
AEIN.DE,D,20210820,000000,24.8,24.8,23.6,24.15,12147,0
AEIN.DE,D,20210823,000000,24,24.5,23.75,24.45,19210,0
AEIN.DE,D,20210824,000000,24.1,24.65,24.1,24.65,25938,0
