<TICKER>,<PER>,<DATE>,<TIME>,<OPEN>,<HIGH>,<LOW>,<CLOSE>,<VOL>,<OPENINT>
AHOG.DE,D,20170109,000000,18.525833,18.525833,18.431865,18.431865,269,0
AHOG.DE,D,20170111,000000,18.530531,18.53523,18.530531,18.53523,386,0
AHOG.DE,D,20170112,000000,18.272119,18.272119,18.272119,18.272119,100,0
AHOG.DE,D,20170113,000000,18.507039,18.676182,18.507039,18.676182,880,0
AHOG.DE,D,20170116,000000,18.436563,18.436563,18.436563,18.436563,500,0
AHOG.DE,D,20170117,000000,18.469452,18.469452,18.286214,18.450658,2080,0
AHOG.DE,D,20170118,000000,18.422468,18.47415,18.295611,18.295611,1050,0
AHOG.DE,D,20170119,000000,18.953388,19.343356,18.887611,19.343356,3075,0
AHOG.DE,D,20170120,000000,19.277579,19.277579,19.216499,19.216499,1080,0
AHOG.DE,D,20170123,000000,18.83123,19.019166,18.83123,18.868817,2745,0
AHOG.DE,D,20170124,000000,18.671484,18.723166,18.671484,18.685579,5655,0
AHOG.DE,D,20170125,000000,18.68088,18.68088,18.68088,18.68088,50,0
AHOG.DE,D,20170126,000000,18.694976,18.807738,18.694976,18.774849,514,0
AHOG.DE,D,20170130,000000,18.798341,18.798341,18.586912,18.77015,1349,0
AHOG.DE,D,20170131,000000,18.591611,18.596309,18.398976,18.398976,3815,0
AHOG.DE,D,20170201,000000,18.647992,18.676182,18.647992,18.676182,800,0
AHOG.DE,D,20170202,000000,18.671484,18.873515,18.666785,18.873515,2340,0
AHOG.DE,D,20170203,000000,18.812436,18.826531,18.812436,18.826531,630,0
AHOG.DE,D,20170206,000000,19.019166,19.023864,19.019166,19.023864,1950,0
AHOG.DE,D,20170207,000000,18.793642,18.812436,18.793642,18.803039,2145,0
AHOG.DE,D,20170208,000000,18.732563,18.788944,18.732563,18.756055,1140,0
AHOG.DE,D,20170209,000000,18.873515,18.878214,18.450658,18.450658,2173,0
AHOG.DE,D,20170210,000000,18.962785,19.413833,18.962785,18.981579,2443,0
AHOG.DE,D,20170213,000000,19.033261,19.263483,19.033261,19.056753,2242,0
AHOG.DE,D,20170214,000000,19.239991,19.239991,19.146023,19.146023,275,0
AHOG.DE,D,20170215,000000,19.174214,19.174214,19.174214,19.174214,210,0
AHOG.DE,D,20170216,000000,19.146023,19.146023,19.146023,19.146023,50,0
AHOG.DE,D,20170217,000000,19.216499,19.216499,19.084944,19.188309,3757,0
AHOG.DE,D,20170220,000000,19.169515,19.169515,19.136626,19.136626,1203,0
AHOG.DE,D,20170221,000000,19.084944,19.084944,19.075547,19.075547,450,0
AHOG.DE,D,20170222,000000,19.202404,19.202404,19.094341,19.103737,1417,0
AHOG.DE,D,20170223,000000,19.131928,19.146023,19.131928,19.146023,560,0
AHOG.DE,D,20170224,000000,19.084944,19.084944,19.03796,19.03796,1340,0
AHOG.DE,D,20170228,000000,18.704373,18.94869,18.704373,18.94869,655,0
AHOG.DE,D,20170301,000000,19.503102,19.582975,19.371547,19.474912,3892,0
AHOG.DE,D,20170302,000000,19.268182,19.27288,19.150722,19.150722,2652,0
AHOG.DE,D,20170306,000000,19.174214,19.18361,19.127229,19.18361,170,0
AHOG.DE,D,20170307,000000,19.160118,19.235293,19.160118,19.235293,355,0
AHOG.DE,D,20170308,000000,18.953388,19.005071,18.878214,19.005071,1850,0
AHOG.DE,D,20170309,000000,19.028563,19.122531,19.028563,19.113134,1352,0
AHOG.DE,D,20170310,000000,19.225896,19.263483,19.225896,19.263483,204,0
AHOG.DE,D,20170313,000000,19.597071,19.65815,19.395039,19.395039,2360,0
AHOG.DE,D,20170314,000000,19.249388,19.249388,19.207102,19.207102,76,0
AHOG.DE,D,20170315,000000,19.052055,19.052055,19.052055,19.052055,349,0
AHOG.DE,D,20170316,000000,18.929896,18.929896,18.882912,18.925198,1755,0
AHOG.DE,D,20170317,000000,18.868817,18.986277,18.868817,18.986277,850,0
AHOG.DE,D,20170320,000000,19.094341,19.113134,19.056753,19.056753,200,0
AHOG.DE,D,20170322,000000,18.746658,18.746658,18.65269,18.65269,1485,0
AHOG.DE,D,20170323,000000,18.638595,18.65269,18.554023,18.554023,2065,0
AHOG.DE,D,20170324,000000,18.643293,18.643293,18.596309,18.596309,2007,0
AHOG.DE,D,20170327,000000,18.56342,18.751357,18.56342,18.6245,1452,0
AHOG.DE,D,20170329,000000,18.709071,18.784245,18.539928,18.539928,2347,0
AHOG.DE,D,20170403,000000,18.840626,18.840626,18.784245,18.788944,1250,0
AHOG.DE,D,20170404,000000,18.511738,18.671484,18.460055,18.460055,215,0
AHOG.DE,D,20170405,000000,18.450658,18.840626,18.389579,18.389579,17073,0
AHOG.DE,D,20170406,000000,18.23923,18.394277,18.192246,18.394277,3400,0
AHOG.DE,D,20170407,000000,18.234531,18.305008,18.234531,18.305008,1250,0
AHOG.DE,D,20170410,000000,18.117071,18.182849,18.009008,18.12177,5649,0
AHOG.DE,D,20170411,000000,18.0325,18.0325,18.018405,18.023103,1506,0
AHOG.DE,D,20170412,000000,18.915801,18.915801,18.004309,18.004309,1150,0
AHOG.DE,D,20170413,000000,18.887611,18.887611,18.131166,18.229833,1715,0
AHOG.DE,D,20170418,000000,18.520271,18.520271,18.108817,18.292761,2460,0
AHOG.DE,D,20170419,000000,18.297602,18.442821,18.210471,18.268558,3863,0
AHOG.DE,D,20170420,000000,18.220152,18.312124,18.220152,18.312124,735,0
AHOG.DE,D,20170421,000000,18.074933,18.162064,17.992642,18.162064,1705,0
AHOG.DE,D,20170424,000000,18.297602,18.467024,18.152383,18.152383,3347,0
AHOG.DE,D,20170425,000000,18.147542,18.326646,18.12818,18.162064,9082,0
AHOG.DE,D,20170426,000000,18.481546,18.549315,18.452502,18.549315,4860,0
AHOG.DE,D,20170427,000000,18.467024,18.471865,18.467024,18.471865,1642,0
AHOG.DE,D,20170428,000000,18.471865,18.515431,18.471865,18.51059,1149,0
AHOG.DE,D,20170502,000000,18.350849,18.413777,18.312124,18.312124,550,0
AHOG.DE,D,20170503,000000,18.428299,18.428299,18.394415,18.394415,475,0
AHOG.DE,D,20170504,000000,18.408937,18.408937,18.346008,18.370211,2225,0
AHOG.DE,D,20170505,000000,18.525112,18.863956,18.525112,18.839753,5550,0
AHOG.DE,D,20170508,000000,18.931725,19.004335,18.796187,18.796187,6234,0
AHOG.DE,D,20170509,000000,18.844594,18.844594,18.66549,18.781665,887,0
AHOG.DE,D,20170510,000000,18.849434,19.623936,18.849434,19.410948,22371,0
AHOG.DE,D,20170511,000000,19.168916,19.168916,19.023697,19.023697,1360,0
AHOG.DE,D,20170512,000000,19.285092,19.285092,19.236685,19.236685,805,0
AHOG.DE,D,20170515,000000,19.212482,19.323817,19.19796,19.323817,1056,0
AHOG.DE,D,20170516,000000,19.372223,19.435151,19.372223,19.391586,789,0
AHOG.DE,D,20170517,000000,19.565848,19.565848,19.565848,19.565848,610,0
AHOG.DE,D,20170518,000000,19.217323,19.439992,19.212482,19.439992,3100,0
AHOG.DE,D,20170519,000000,19.362542,19.464195,19.362542,19.464195,501,0
AHOG.DE,D,20170522,000000,19.65298,19.701386,19.531964,19.57553,7125,0
AHOG.DE,D,20170523,000000,19.585211,19.604574,19.585211,19.604574,185870,0
AHOG.DE,D,20170524,000000,19.507761,19.507761,19.444833,19.444833,500,0
AHOG.DE,D,20170525,000000,19.314135,19.314135,19.314135,19.314135,115,0
AHOG.DE,D,20170526,000000,19.159235,19.159235,19.159235,19.159235,153,0
AHOG.DE,D,20170529,000000,19.207641,19.227004,19.207641,19.227004,825,0
AHOG.DE,D,20170530,000000,19.168916,19.168916,18.989813,19.130191,16711,0
AHOG.DE,D,20170531,000000,19.086626,19.086626,19.062422,19.062422,2322,0
AHOG.DE,D,20170601,000000,18.96561,18.96561,18.941406,18.941406,5650,0
AHOG.DE,D,20170602,000000,19.222163,19.222163,19.023697,19.023697,1473,0
AHOG.DE,D,20170606,000000,18.781665,18.801028,18.713897,18.747781,2388,0
AHOG.DE,D,20170608,000000,18.675172,18.675172,18.583199,18.583199,1152,0
AHOG.DE,D,20170609,000000,18.7381,18.7381,18.573518,18.573518,3788,0
AHOG.DE,D,20170612,000000,18.558996,18.670331,18.539634,18.607403,4250,0
AHOG.DE,D,20170614,000000,18.675172,18.675172,18.631606,18.636446,3795,0
AHOG.DE,D,20170615,000000,18.394415,18.394415,17.832901,17.832901,8530,0
AHOG.DE,D,20170616,000000,17.75061,17.75061,16.07091,16.264535,38562,0
AHOG.DE,D,20170619,000000,16.506567,16.506567,15.828878,15.949894,65835,0
AHOG.DE,D,20170620,000000,15.935372,16.104794,15.514237,15.519077,37423,0
AHOG.DE,D,20170621,000000,15.475511,16.124157,15.393221,15.9983,32364,0
AHOG.DE,D,20170622,000000,16.07575,16.133838,15.949894,15.949894,16218,0
AHOG.DE,D,20170623,000000,16.027344,16.506567,16.027344,16.506567,9863,0
AHOG.DE,D,20170626,000000,16.748599,16.748599,16.506567,16.53077,6162,0
AHOG.DE,D,20170627,000000,16.472682,16.651786,16.404913,16.511407,10185,0
AHOG.DE,D,20170628,000000,16.492045,16.613061,16.482364,16.482364,2391,0
AHOG.DE,D,20170629,000000,16.540451,16.574336,16.322623,16.322623,4990,0
AHOG.DE,D,20170630,000000,16.395232,16.400073,16.133838,16.133838,3902,0
AHOG.DE,D,20170703,000000,16.274216,16.274216,16.133838,16.216129,5424,0
AHOG.DE,D,20170704,000000,16.220969,16.29842,16.216129,16.288738,8748,0
AHOG.DE,D,20170705,000000,16.264535,16.264535,16.099953,16.099953,7359,0
AHOG.DE,D,20170706,000000,16.172563,16.172563,15.906328,15.974097,11909,0
AHOG.DE,D,20170707,000000,16.017663,16.167722,15.993459,16.085432,3339,0
AHOG.DE,D,20170710,000000,16.167722,16.187085,16.104794,16.187085,5055,0
AHOG.DE,D,20170711,000000,16.138679,16.438798,16.138679,16.283898,7931,0
AHOG.DE,D,20170712,000000,16.516248,16.622742,16.501726,16.579176,16021,0
AHOG.DE,D,20170713,000000,16.651786,16.797005,16.651786,16.738917,4264,0
AHOG.DE,D,20170714,000000,16.695352,16.705033,16.651786,16.68083,1750,0
AHOG.DE,D,20170717,000000,16.651786,16.777642,16.651786,16.777642,304,0
AHOG.DE,D,20170718,000000,16.738917,16.738917,16.622742,16.646945,2730,0
AHOG.DE,D,20170719,000000,16.646945,16.705033,16.646945,16.705033,1000,0
AHOG.DE,D,20170720,000000,16.850252,16.995471,16.850252,16.995471,7814,0
AHOG.DE,D,20170721,000000,16.845411,16.845411,16.60338,16.60338,3165,0
AHOG.DE,D,20170724,000000,16.632423,16.787324,16.632423,16.695352,14821,0
AHOG.DE,D,20170725,000000,16.763121,16.763121,16.569495,16.656627,2935,0
AHOG.DE,D,20170726,000000,16.714714,16.792164,16.714714,16.753439,7313,0
AHOG.DE,D,20170727,000000,16.748599,16.821208,16.748599,16.821208,892,0
AHOG.DE,D,20170728,000000,16.821208,16.850252,16.816367,16.850252,214,0
AHOG.DE,D,20170731,000000,16.830889,16.830889,16.738917,16.792164,897,0
AHOG.DE,D,20170801,000000,16.947065,16.947065,16.947065,16.947065,210,0
AHOG.DE,D,20170802,000000,16.918021,16.99063,16.884136,16.956746,2514,0
AHOG.DE,D,20170803,000000,16.903499,16.98579,16.898658,16.898658,1539,0
AHOG.DE,D,20170804,000000,16.888977,16.888977,16.816367,16.816367,163,0
AHOG.DE,D,20170807,000000,16.898658,17.198778,16.898658,17.198778,4420,0
AHOG.DE,D,20170808,000000,17.397244,17.397244,17.126168,17.160053,3928,0
AHOG.DE,D,20170809,000000,17.14069,17.14069,16.598539,16.651786,12171,0
AHOG.DE,D,20170810,000000,16.661467,16.661467,16.395232,16.496886,3372,0
AHOG.DE,D,20170811,000000,16.443639,16.45332,16.158041,16.22581,3454,0
AHOG.DE,D,20170814,000000,16.322623,16.341985,16.14836,16.235491,9775,0
AHOG.DE,D,20170815,000000,16.322623,16.38071,16.250013,16.317782,5850,0
AHOG.DE,D,20170816,000000,16.356507,16.409754,16.312941,16.390392,3562,0
AHOG.DE,D,20170817,000000,16.361348,16.361348,16.216129,16.293579,3453,0
AHOG.DE,D,20170818,000000,16.216129,16.250013,16.133838,16.172563,10962,0
AHOG.DE,D,20170821,000000,16.230651,16.230651,16.017663,16.07091,22786,0
AHOG.DE,D,20170822,000000,16.07091,16.230651,16.07091,16.230651,10450,0
AHOG.DE,D,20170823,000000,16.187085,16.187085,15.964416,16.046706,2130,0
AHOG.DE,D,20170824,000000,15.964416,16.007981,15.959575,15.959575,15667,0
AHOG.DE,D,20170825,000000,15.039854,15.325452,14.734894,14.991448,52509,0
AHOG.DE,D,20170828,000000,14.836548,14.957563,14.492862,14.565472,23409,0
AHOG.DE,D,20170829,000000,14.439616,14.444456,14.24599,14.308918,23263,0
AHOG.DE,D,20170830,000000,14.468659,14.938201,14.468659,14.797823,9814,0
AHOG.DE,D,20170831,000000,14.671966,14.715532,14.458978,14.647763,7079,0
AHOG.DE,D,20170901,000000,14.584835,14.70585,14.502544,14.609038,11274,0
AHOG.DE,D,20170904,000000,14.642922,14.773619,14.642922,14.720372,6790,0
AHOG.DE,D,20170905,000000,14.734894,14.759097,14.599356,14.599356,1136,0
AHOG.DE,D,20170906,000000,14.526747,14.715532,14.526747,14.715532,1084,0
AHOG.DE,D,20170907,000000,14.686488,14.831707,14.657444,14.788141,15476,0
AHOG.DE,D,20170908,000000,14.676807,14.715532,14.483181,14.521906,10770,0
AHOG.DE,D,20170911,000000,14.618719,14.671966,14.468659,14.468659,4060,0
AHOG.DE,D,20170912,000000,14.570313,14.570313,14.4735,14.507384,4627,0
AHOG.DE,D,20170913,000000,14.55095,14.715532,14.492862,14.715532,10962,0
AHOG.DE,D,20170914,000000,14.860751,15.049536,14.860751,14.880113,3826,0
AHOG.DE,D,20170915,000000,14.92852,14.92852,14.860751,14.860751,2304,0
AHOG.DE,D,20170918,000000,14.841388,14.841388,14.802663,14.841388,4858,0
AHOG.DE,D,20170919,000000,14.952723,15.044695,14.909157,14.909157,3910,0
AHOG.DE,D,20170920,000000,14.875273,14.875273,14.831707,14.875273,253,0
AHOG.DE,D,20170921,000000,14.85107,14.85107,14.696169,14.710691,14721,0
AHOG.DE,D,20170922,000000,14.783301,14.938201,14.725213,14.880113,123301,0
AHOG.DE,D,20170925,000000,15.00597,15.00597,14.947882,14.947882,230,0
AHOG.DE,D,20170926,000000,14.899476,15.093101,14.899476,15.054376,6827,0
AHOG.DE,D,20170927,000000,15.093101,15.097942,15.035014,15.059217,3916,0
AHOG.DE,D,20170928,000000,15.035014,15.199595,14.981767,15.175392,5617,0
AHOG.DE,D,20170929,000000,15.252842,15.286727,15.243161,15.277045,1976,0
AHOG.DE,D,20171002,000000,15.296408,15.402902,15.262524,15.378699,5191,0
AHOG.DE,D,20171004,000000,15.504555,15.572324,15.490033,15.53844,12665,0
AHOG.DE,D,20171005,000000,15.53844,15.53844,15.393221,15.480352,1496,0
AHOG.DE,D,20171006,000000,15.412583,15.422264,15.281886,15.320611,4939,0
AHOG.DE,D,20171009,000000,15.38838,15.38838,14.93336,14.93336,31716,0
AHOG.DE,D,20171010,000000,14.899476,15.097942,14.899476,15.097942,700,0
AHOG.DE,D,20171011,000000,15.228639,15.441627,15.214117,15.431946,688,0
AHOG.DE,D,20171012,000000,15.277045,15.364177,15.262524,15.262524,3100,0
AHOG.DE,D,20171013,000000,15.315771,15.344814,15.281886,15.286727,1735,0
AHOG.DE,D,20171016,000000,15.364177,15.46583,15.359336,15.46583,2388,0
AHOG.DE,D,20171017,000000,15.485193,15.635252,15.485193,15.533599,4207,0
AHOG.DE,D,20171018,000000,15.635252,15.673978,15.480352,15.480352,2962,0
AHOG.DE,D,20171019,000000,15.630412,15.741746,15.625571,15.741746,1657,0
AHOG.DE,D,20171020,000000,15.814356,15.814356,15.799834,15.814356,2681,0
AHOG.DE,D,20171023,000000,15.799834,15.857922,15.799834,15.857922,100,0
AHOG.DE,D,20171024,000000,15.853081,15.853081,15.519077,15.528758,3781,0
AHOG.DE,D,20171025,000000,15.485193,15.533599,15.451308,15.451308,146,0
AHOG.DE,D,20171026,000000,15.519077,15.533599,15.480352,15.533599,10456,0
AHOG.DE,D,20171027,000000,15.673978,15.746587,15.654615,15.698181,10681,0
AHOG.DE,D,20171030,000000,15.649774,15.649774,15.533599,15.533599,1568,0
AHOG.DE,D,20171101,000000,15.640093,15.640093,15.509396,15.509396,1450,0
AHOG.DE,D,20171102,000000,15.673978,15.673978,15.625571,15.630412,3603,0
AHOG.DE,D,20171103,000000,15.654615,15.756268,15.654615,15.756268,657,0
AHOG.DE,D,20171106,000000,15.780472,15.877284,15.780472,15.877284,238,0
AHOG.DE,D,20171107,000000,15.886965,15.886965,15.659456,15.659456,212,0
AHOG.DE,D,20171108,000000,16.390392,16.593698,16.308101,16.361348,20217,0
AHOG.DE,D,20171109,000000,16.361348,16.753439,16.361348,16.695352,9746,0
AHOG.DE,D,20171110,000000,16.443639,16.506567,16.424276,16.506567,5217,0
AHOG.DE,D,20171113,000000,16.467842,16.516248,16.341985,16.356507,6611,0
AHOG.DE,D,20171114,000000,16.45332,16.496886,16.361348,16.496886,444,0
AHOG.DE,D,20171115,000000,16.550133,16.550133,16.279057,16.279057,3621,0
AHOG.DE,D,20171116,000000,16.346826,16.467842,16.346826,16.467842,1054,0
AHOG.DE,D,20171117,000000,16.463001,16.463001,16.429117,16.429117,1094,0
AHOG.DE,D,20171120,000000,16.496886,16.574336,16.438798,16.574336,482,0
AHOG.DE,D,20171121,000000,16.584017,16.584017,16.351666,16.371029,10812,0
AHOG.DE,D,20171122,000000,16.53077,16.53077,16.53077,16.53077,0,0
AHOG.DE,D,20171123,000000,16.487204,16.487204,16.487204,16.487204,0,0
AHOG.DE,D,20171124,000000,16.511407,16.569495,16.511407,16.569495,1503,0
AHOG.DE,D,20171127,000000,16.366188,16.366188,16.366188,16.366188,0,0
AHOG.DE,D,20171128,000000,16.45816,16.671148,16.443639,16.671148,10887,0
AHOG.DE,D,20171129,000000,16.830889,16.884136,16.821208,16.874455,2383,0
AHOG.DE,D,20171130,000000,16.879296,17.605391,16.879296,17.421447,16495,0
AHOG.DE,D,20171201,000000,17.29559,17.571507,17.271387,17.397244,3703,0
AHOG.DE,D,20171204,000000,17.740929,17.740929,17.738509,17.738509,1956,0
AHOG.DE,D,20171205,000000,17.808698,18.041048,17.808698,18.009584,15823,0
AHOG.DE,D,20171206,000000,18.045889,18.113658,17.799016,17.799016,11973,0
AHOG.DE,D,20171207,000000,17.871626,17.992642,17.871626,17.992642,4126,0
AHOG.DE,D,20171208,000000,18.012004,18.012004,17.895829,18.004743,7700,0
AHOG.DE,D,20171211,000000,17.939395,18.113658,17.857104,18.099136,2162,0
AHOG.DE,D,20171212,000000,18.152383,18.212891,18.13302,18.212891,3206,0
AHOG.DE,D,20171213,000000,18.200789,18.200789,17.963598,17.963598,8507,0
AHOG.DE,D,20171214,000000,17.997483,17.997483,17.90067,17.90067,1218,0
AHOG.DE,D,20171215,000000,17.799016,17.818379,17.619913,17.685262,3685,0
AHOG.DE,D,20171218,000000,17.866785,17.963598,17.866785,17.963598,2050,0
AHOG.DE,D,20171219,000000,18.021686,18.021686,17.866785,17.895829,2327,0
AHOG.DE,D,20171220,000000,17.973279,17.973279,17.740929,17.740929,1873,0
AHOG.DE,D,20171221,000000,17.707044,17.789335,17.474694,17.5231,11938,0
AHOG.DE,D,20171222,000000,17.605391,17.658638,17.605391,17.619913,1130,0
AHOG.DE,D,20171227,000000,17.736088,17.774813,17.736088,17.774813,1100,0
AHOG.DE,D,20171228,000000,17.890989,17.890989,17.794176,17.794176,594,0
AHOG.DE,D,20171229,000000,17.803857,17.82322,17.803857,17.82322,100,0
AHOG.DE,D,20180102,000000,17.637339,17.79224,17.571507,17.765132,4127,0
AHOG.DE,D,20180103,000000,17.77675,17.784495,17.74577,17.767068,16225,0
AHOG.DE,D,20180104,000000,17.88518,17.88518,17.848391,17.848391,1000,0
AHOG.DE,D,20180105,000000,17.910351,18.003291,17.881307,17.881307,2805,0
AHOG.DE,D,20180108,000000,17.958757,17.958757,17.881307,17.902606,5468,0
AHOG.DE,D,20180109,000000,17.910351,17.910351,17.697363,17.697363,6958,0
AHOG.DE,D,20180110,000000,17.559889,17.575379,17.47663,17.575379,2777,0
AHOG.DE,D,20180111,000000,17.563762,17.571507,17.370136,17.561825,12500,0
AHOG.DE,D,20180112,000000,17.571507,17.780622,17.571507,17.780622,1100,0
AHOG.DE,D,20180115,000000,17.757387,17.769005,17.641212,17.714789,4150,0
AHOG.DE,D,20180116,000000,17.753515,17.860008,17.753515,17.846455,6220,0
AHOG.DE,D,20180117,000000,17.770941,18.0091,17.770941,18.0091,9262,0
AHOG.DE,D,20180118,000000,18.14851,18.214343,17.951012,18.053634,2890,0
AHOG.DE,D,20180119,000000,18.111722,18.206598,18.103977,18.206598,9030,0
AHOG.DE,D,20180122,000000,18.094295,18.200789,18.094295,18.100104,2895,0
AHOG.DE,D,20180123,000000,18.003291,18.088486,18.003291,18.074933,1176,0
AHOG.DE,D,20180124,000000,17.920032,17.920032,17.323666,17.557953,44612,0
AHOG.DE,D,20180125,000000,17.610232,17.830965,17.598614,17.772877,13795,0
AHOG.DE,D,20180126,000000,17.714789,17.877435,17.714789,17.877435,10577,0
AHOG.DE,D,20180129,000000,17.80773,17.80773,17.55408,17.55408,4768,0
AHOG.DE,D,20180130,000000,17.511483,17.511483,17.186192,17.252025,9403,0
AHOG.DE,D,20180131,000000,17.269451,17.403053,17.004184,17.379817,24441,0
AHOG.DE,D,20180201,000000,17.544399,17.581188,17.370136,17.46114,6719,0
AHOG.DE,D,20180202,000000,17.401116,17.401116,17.215236,17.302367,8984,0
AHOG.DE,D,20180205,000000,17.130041,17.222981,17.056463,17.137786,22499,0
AHOG.DE,D,20180206,000000,16.787324,16.886073,16.460097,16.707937,64190,0
AHOG.DE,D,20180207,000000,16.781515,16.979013,16.781515,16.979013,8575,0
AHOG.DE,D,20180208,000000,17.060336,17.346901,17.060336,17.22879,11931,0
AHOG.DE,D,20180212,000000,16.979013,17.273323,16.979013,17.221045,7439,0
AHOG.DE,D,20180213,000000,17.159084,17.219108,17.095188,17.095188,1901,0
AHOG.DE,D,20180214,000000,17.164893,17.188128,16.936415,17.091316,9420,0
AHOG.DE,D,20180215,000000,17.143594,17.192001,17.079698,17.079698,4245,0
AHOG.DE,D,20180216,000000,17.176511,17.255897,17.145531,17.252025,7629,0
AHOG.DE,D,20180219,000000,17.234598,17.300431,17.22879,17.265578,4864,0
AHOG.DE,D,20180220,000000,17.283005,17.362391,16.982885,17.095188,31666,0
AHOG.DE,D,20180221,000000,16.971268,17.131977,16.936415,17.079698,4161,0
AHOG.DE,D,20180222,000000,17.039037,17.151339,17.02161,17.095188,3130,0
AHOG.DE,D,20180223,000000,17.172638,17.172638,17.046782,17.048718,3490,0
AHOG.DE,D,20180226,000000,17.176511,17.377881,17.176511,17.261706,9461,0
AHOG.DE,D,20180227,000000,17.29075,17.370136,17.271387,17.370136,9476,0
AHOG.DE,D,20180228,000000,17.577315,17.910351,17.577315,17.890989,17671,0
AHOG.DE,D,20180301,000000,17.929714,17.929714,17.712853,17.712853,7188,0
AHOG.DE,D,20180302,000000,17.79224,17.846455,17.712853,17.712853,1700,0
AHOG.DE,D,20180305,000000,17.954885,18.034271,17.93165,18.034271,1363,0
AHOG.DE,D,20180306,000000,18.206598,18.206598,17.970375,17.997483,7816,0
AHOG.DE,D,20180307,000000,17.927777,17.927777,17.712853,17.712853,391,0
AHOG.DE,D,20180308,000000,17.867754,17.881307,17.592805,17.592805,5711,0
AHOG.DE,D,20180309,000000,17.749642,17.749642,17.749642,17.749642,373,0
AHOG.DE,D,20180312,000000,17.60055,17.699299,17.60055,17.664447,3525,0
AHOG.DE,D,20180313,000000,17.699299,17.774813,17.699299,17.774813,1220,0
AHOG.DE,D,20180314,000000,17.699299,17.701236,17.592805,17.592805,2726,0
AHOG.DE,D,20180315,000000,17.741897,17.772877,17.736088,17.751578,26205,0
AHOG.DE,D,20180316,000000,17.832901,17.910351,17.832901,17.910351,473,0
AHOG.DE,D,20180319,000000,17.910351,17.968439,17.904542,17.958757,4900,0
AHOG.DE,D,20180320,000000,18.038144,18.123339,18.038144,18.123339,1187,0
AHOG.DE,D,20180321,000000,18.061379,18.061379,18.016845,18.043953,459,0
AHOG.DE,D,20180322,000000,18.063315,18.063315,17.910351,17.910351,16842,0
AHOG.DE,D,20180323,000000,18.032335,18.191108,17.964566,17.964566,4617,0
AHOG.DE,D,20180326,000000,18.129148,18.129148,17.898734,17.964566,1739,0
AHOG.DE,D,20180328,000000,18.222088,18.297602,18.222088,18.268558,1200,0
AHOG.DE,D,20180329,000000,18.522207,18.624829,18.514462,18.613211,10370,0
AHOG.DE,D,20180403,000000,18.578359,18.578359,18.491227,18.491227,1401,0
AHOG.DE,D,20180404,000000,18.607403,18.622893,18.578359,18.622893,1551,0
AHOG.DE,D,20180405,000000,18.690662,18.946247,18.690662,18.946247,5528,0
AHOG.DE,D,20180406,000000,18.909458,19.091466,18.907522,19.091466,221507,0
AHOG.DE,D,20180409,000000,19.072104,19.168916,18.771984,18.771984,3834,0
AHOG.DE,D,20180410,000000,19.041124,19.101147,18.961737,19.101147,6886,0
AHOG.DE,D,20180411,000000,19.07404,19.221195,19.07404,19.110829,6768,0
AHOG.DE,D,20180412,000000,19.128255,19.159235,19.101147,19.136,3813,0
AHOG.DE,D,20180413,000000,19.178,19.178,18.87,18.87,1041,0
AHOG.DE,D,20180416,000000,18.992,19.056,18.952,19.02,8519,0
AHOG.DE,D,20180417,000000,18.954,18.954,18.832,18.89,9327,0
AHOG.DE,D,20180418,000000,19.04,19.306,19.04,19.298,25338,0
AHOG.DE,D,20180419,000000,19.312,19.414,19.308,19.414,7825,0
AHOG.DE,D,20180420,000000,19.506,19.552,19.45,19.45,2605,0
AHOG.DE,D,20180423,000000,19.398,19.642,19.398,19.642,3858,0
AHOG.DE,D,20180424,000000,19.732,19.8,19.724,19.8,1389,0
AHOG.DE,D,20180425,000000,19.816,19.926,19.812,19.926,9168,0
AHOG.DE,D,20180426,000000,19.906,19.976,19.876,19.876,4273,0
AHOG.DE,D,20180427,000000,19.766,20.035,19.766,19.926,2963,0
AHOG.DE,D,20180430,000000,20.01,20.025,19.878,20.025,3224,0
AHOG.DE,D,20180502,000000,19.968,19.988,19.61,19.676,4778,0
AHOG.DE,D,20180503,000000,19.8,19.8,19.584,19.59,47472,0
AHOG.DE,D,20180504,000000,19.386,19.386,19.14,19.14,1582,0
AHOG.DE,D,20180507,000000,18.986,19.12,18.986,19.12,230,0
AHOG.DE,D,20180508,000000,19.244,19.374,19.244,19.374,1273,0
AHOG.DE,D,20180509,000000,19.446,19.458,19.058,19.2,5405,0
AHOG.DE,D,20180511,000000,19.522,19.602,19.522,19.59,2592,0
AHOG.DE,D,20180514,000000,19.63,19.706,19.572,19.706,7940,0
AHOG.DE,D,20180515,000000,19.83,19.83,19.83,19.83,339,0
AHOG.DE,D,20180516,000000,19.706,19.788,19.65,19.788,2310,0
AHOG.DE,D,20180517,000000,19.446,19.446,19.4,19.4,1709,0
AHOG.DE,D,20180518,000000,19.492,19.71,19.44,19.44,3679,0
AHOG.DE,D,20180522,000000,19.658,19.918,19.658,19.872,4187,0
AHOG.DE,D,20180523,000000,19.84,19.866,19.714,19.714,5149,0
AHOG.DE,D,20180524,000000,19.772,19.85,19.726,19.756,1283,0
AHOG.DE,D,20180525,000000,19.93,19.95,19.776,19.82,1534,0
AHOG.DE,D,20180528,000000,19.9,19.9,19.564,19.61,829,0
AHOG.DE,D,20180529,000000,19.572,19.67,19.418,19.664,6069,0
AHOG.DE,D,20180530,000000,19.728,19.728,19.728,19.728,48,0
AHOG.DE,D,20180531,000000,19.826,19.904,19.826,19.842,1300,0
AHOG.DE,D,20180601,000000,19.806,19.816,19.8,19.816,151964,0
AHOG.DE,D,20180604,000000,19.86,19.93,19.86,19.896,651,0
AHOG.DE,D,20180605,000000,19.802,19.914,19.764,19.914,71,0
AHOG.DE,D,20180606,000000,19.816,19.98,19.816,19.916,1964,0
AHOG.DE,D,20180607,000000,19.91,19.97,19.88,19.97,3314,0
AHOG.DE,D,20180608,000000,19.8,19.8,19.8,19.8,175,0
AHOG.DE,D,20180611,000000,19.97,20.03,19.97,19.97,632,0
AHOG.DE,D,20180612,000000,20.08,20.095,20.08,20.09,2355,0
AHOG.DE,D,20180613,000000,20.18,20.19,20.18,20.19,2000,0
AHOG.DE,D,20180614,000000,20.005,20.42,20.005,20.42,2282,0
AHOG.DE,D,20180615,000000,20.635,20.635,20.635,20.635,1200,0
AHOG.DE,D,20180618,000000,20.585,20.585,20.38,20.38,444,0
AHOG.DE,D,20180619,000000,20.26,20.35,20.215,20.33,8212,0
AHOG.DE,D,20180620,000000,20.465,20.48,20.435,20.435,403,0
AHOG.DE,D,20180621,000000,20.355,20.525,20.355,20.525,2754,0
AHOG.DE,D,20180622,000000,20.625,20.625,20.45,20.585,158310,0
AHOG.DE,D,20180625,000000,20.325,20.52,20.055,20.055,7342,0
AHOG.DE,D,20180626,000000,20.165,20.175,20.065,20.07,3901,0
AHOG.DE,D,20180627,000000,20.115,20.375,20.115,20.375,4104,0
AHOG.DE,D,20180628,000000,20.305,20.375,20.15,20.375,4700,0
AHOG.DE,D,20180629,000000,20.59,20.59,20.375,20.375,2667,0
AHOG.DE,D,20180702,000000,20.325,20.375,20.325,20.375,419,0
AHOG.DE,D,20180703,000000,20.375,20.375,20.375,20.375,0,0
AHOG.DE,D,20180704,000000,20.35,20.555,20.35,20.375,2464,0
AHOG.DE,D,20180705,000000,20.55,20.55,20.375,20.375,253,0
AHOG.DE,D,20180706,000000,20.66,20.66,20.475,20.475,344,0
AHOG.DE,D,20180709,000000,20.79,20.87,20.785,20.87,2191,0
AHOG.DE,D,20180710,000000,20.885,21.145,20.885,21,845,0
AHOG.DE,D,20180711,000000,21.065,21.1,21.035,21.035,1220,0
AHOG.DE,D,20180712,000000,20.89,21,20.78,21,1682,0
AHOG.DE,D,20180713,000000,21.105,21.19,21.105,21.19,511,0
AHOG.DE,D,20180716,000000,21.175,21.295,21.175,21.29,673,0
AHOG.DE,D,20180717,000000,21.38,21.555,21.32,21.535,4319,0
AHOG.DE,D,20180718,000000,21.51,21.545,21.46,21.46,6532,0
AHOG.DE,D,20180719,000000,21.41,21.41,21.325,21.325,2900,0
AHOG.DE,D,20180720,000000,21.41,21.425,21.355,21.355,340,0
AHOG.DE,D,20180723,000000,21.47,21.59,21.47,21.555,1004,0
AHOG.DE,D,20180724,000000,21.47,21.5,21.47,21.5,2827,0
AHOG.DE,D,20180725,000000,21.52,21.52,21.5,21.5,554,0
AHOG.DE,D,20180726,000000,21.495,21.5,21.47,21.47,4368,0
AHOG.DE,D,20180727,000000,21.59,21.59,21.49,21.53,4330,0
AHOG.DE,D,20180730,000000,21.7,21.7,21.7,21.7,150,0
AHOG.DE,D,20180731,000000,21.72,21.75,21.71,21.735,2656,0
AHOG.DE,D,20180802,000000,21.895,22.06,21.82,21.82,2854,0
AHOG.DE,D,20180806,000000,21.77,21.77,21.65,21.71,3315,0
AHOG.DE,D,20180807,000000,21.355,21.355,20.82,20.9,43373,0
AHOG.DE,D,20180808,000000,20.28,20.69,20.25,20.25,29499,0
AHOG.DE,D,20180809,000000,20.775,20.97,20.775,20.97,3140,0
AHOG.DE,D,20180810,000000,20.79,20.825,20.665,20.665,2774,0
AHOG.DE,D,20180813,000000,20.785,20.785,20.65,20.65,347,0
AHOG.DE,D,20180814,000000,20.775,20.8,20.775,20.8,630,0
AHOG.DE,D,20180815,000000,20.645,20.645,20.47,20.47,82,0
AHOG.DE,D,20180816,000000,20.805,20.97,20.805,20.95,2647,0
AHOG.DE,D,20180817,000000,21,21,20.9,20.9,906,0
AHOG.DE,D,20180820,000000,20.91,21,20.91,21,2181,0
AHOG.DE,D,20180822,000000,21.06,21.5,21.055,21.5,5828,0
AHOG.DE,D,20180823,000000,21.17,21.25,21.16,21.25,1830,0
AHOG.DE,D,20180824,000000,21.16,21.16,21.14,21.145,970,0
AHOG.DE,D,20180827,000000,21.275,21.275,21.24,21.24,270,0
AHOG.DE,D,20180828,000000,21.205,21.205,21.205,21.205,405,0
AHOG.DE,D,20180830,000000,20.8,20.8,20.8,20.8,3,0
AHOG.DE,D,20180831,000000,20.75,20.75,20.75,20.75,0,0
AHOG.DE,D,20180903,000000,21,21.15,20.965,21.15,1490,0
AHOG.DE,D,20180904,000000,20.73,20.73,20.73,20.73,310,0
AHOG.DE,D,20180905,000000,20.805,20.82,20.795,20.82,6045,0
AHOG.DE,D,20180906,000000,20.895,20.895,20.895,20.895,1805,0
AHOG.DE,D,20180907,000000,20.84,20.84,20.84,20.84,520,0
AHOG.DE,D,20180910,000000,20.72,20.72,20.72,20.72,80,0
AHOG.DE,D,20180911,000000,20.78,20.81,20.64,20.81,2478,0
AHOG.DE,D,20180912,000000,20.95,20.95,20.95,20.95,100,0
AHOG.DE,D,20180913,000000,20.91,20.95,20.425,20.425,3300,0
AHOG.DE,D,20180914,000000,20.05,20.11,19.124,19.432,35291,0
AHOG.DE,D,20180917,000000,19.464,20,19.46,20,6345,0
AHOG.DE,D,20180918,000000,19.708,19.708,19.47,19.47,4735,0
AHOG.DE,D,20180919,000000,19.504,19.504,19.338,19.38,3044,0
AHOG.DE,D,20180920,000000,19.248,19.296,18.886,18.99,9812,0
AHOG.DE,D,20180921,000000,19,19,19,19,1000,0
AHOG.DE,D,20180924,000000,19.296,19.478,19.296,19.478,1953,0
AHOG.DE,D,20180925,000000,19.53,19.53,19.53,19.53,3200,0
AHOG.DE,D,20180926,000000,19.5,19.526,19.5,19.526,33,0
AHOG.DE,D,20180927,000000,19.548,19.606,19.508,19.526,3439,0
AHOG.DE,D,20180928,000000,19.526,19.526,19.526,19.526,0,0
AHOG.DE,D,20181001,000000,19.692,19.692,19.526,19.526,914,0
AHOG.DE,D,20181002,000000,19.324,19.526,19.296,19.526,4158,0
AHOG.DE,D,20181004,000000,19.154,19.16,19.022,19.022,1682,0
AHOG.DE,D,20181005,000000,19.086,19.17,19.058,19.17,417,0
AHOG.DE,D,20181008,000000,18.872,19,18.872,19,364,0
AHOG.DE,D,20181009,000000,19.2,19.526,19.2,19.526,530,0
AHOG.DE,D,20181010,000000,19.61,19.7,19.526,19.526,501,0
AHOG.DE,D,20181011,000000,19.574,19.574,19.252,19.526,514,0
AHOG.DE,D,20181012,000000,19.146,19.228,19.082,19.152,3793,0
AHOG.DE,D,20181015,000000,19.414,19.688,19.414,19.526,3334,0
AHOG.DE,D,20181016,000000,19.608,19.608,19.064,19.4,21881,0
AHOG.DE,D,20181017,000000,19.636,19.75,19.406,19.526,2249,0
AHOG.DE,D,20181018,000000,19.954,19.954,19.526,19.526,2636,0
AHOG.DE,D,20181019,000000,19.526,19.526,19.526,19.526,0,0
AHOG.DE,D,20181022,000000,20.145,20.145,20.12,20.12,400,0
AHOG.DE,D,20181023,000000,20.085,20.35,20.085,20.35,7684,0
AHOG.DE,D,20181024,000000,20.365,20.475,20.295,20.295,1249,0
AHOG.DE,D,20181025,000000,20.49,20.49,20.295,20.295,10508,0
AHOG.DE,D,20181026,000000,20.2,20.295,20.01,20.295,3348,0
AHOG.DE,D,20181029,000000,20.115,20.115,19.732,20,7477,0
AHOG.DE,D,20181030,000000,19.97,20.295,19.97,20.295,531,0
AHOG.DE,D,20181031,000000,20.155,20.295,20.155,20.295,45,0
AHOG.DE,D,20181101,000000,20.51,20.51,20.27,20.35,4289,0
AHOG.DE,D,20181102,000000,20.4,20.4,20.345,20.38,3067,0
AHOG.DE,D,20181105,000000,20.39,20.5,20.35,20.35,2192,0
AHOG.DE,D,20181106,000000,20.315,20.315,20.3,20.3,3503,0
AHOG.DE,D,20181107,000000,21.385,21.87,21.295,21.76,22118,0
AHOG.DE,D,20181108,000000,21.9,22.43,21.9,22.43,4791,0
AHOG.DE,D,20181109,000000,22.3,22.555,22.215,22.485,8766,0
AHOG.DE,D,20181112,000000,22.725,22.9,22.51,22.725,2137,0
AHOG.DE,D,20181113,000000,22.57,23.1,22.57,23.1,8582,0
AHOG.DE,D,20181114,000000,22.895,23.05,22.895,23.05,88,0
AHOG.DE,D,20181115,000000,22.77,22.8,22.555,22.735,3436,0
AHOG.DE,D,20181116,000000,22.85,22.85,22.735,22.735,1000,0
AHOG.DE,D,20181119,000000,23,23.19,22.735,22.735,6902,0
AHOG.DE,D,20181120,000000,22.71,22.78,22.35,22.35,8024,0
AHOG.DE,D,20181121,000000,22.71,22.725,22.55,22.55,3838,0
AHOG.DE,D,20181122,000000,22.45,22.5,22.395,22.5,42657,0
AHOG.DE,D,20181123,000000,22.45,22.55,22.34,22.5,6810,0
AHOG.DE,D,20181126,000000,22.7,22.71,22.5,22.5,1083,0
AHOG.DE,D,20181127,000000,22.63,22.71,22.56,22.71,2068,0
AHOG.DE,D,20181128,000000,22.735,22.825,22.3,22.3,8283,0
AHOG.DE,D,20181129,000000,22.765,22.765,22.71,22.71,500,0
AHOG.DE,D,20181130,000000,22.51,22.765,22.505,22.725,4272,0
AHOG.DE,D,20181203,000000,22.94,22.94,22.37,22.41,383,0
AHOG.DE,D,20181204,000000,22.5,22.565,22.5,22.565,857,0
AHOG.DE,D,20181205,000000,22.55,22.55,22.45,22.45,293,0
AHOG.DE,D,20181206,000000,22.435,22.435,21.825,21.97,9201,0
AHOG.DE,D,20181207,000000,22.44,22.44,22.25,22.29,379,0
AHOG.DE,D,20181210,000000,22.34,22.34,21.96,21.96,2529,0
AHOG.DE,D,20181211,000000,22.005,22.285,21.985,22.275,12307,0
AHOG.DE,D,20181212,000000,22.61,22.81,22.61,22.65,9364,0
AHOG.DE,D,20181213,000000,22.545,22.545,22.545,22.545,50,0
AHOG.DE,D,20181214,000000,22.34,23.05,22.33,23.05,12626,0
AHOG.DE,D,20181217,000000,22.535,22.535,22.405,22.435,1695,0
AHOG.DE,D,20181218,000000,22.1,22.1,22,22,2211,0
AHOG.DE,D,20181219,000000,22.48,22.505,22.395,22.395,402,0
AHOG.DE,D,20181220,000000,22.26,22.325,22.125,22.125,1418,0
AHOG.DE,D,20181221,000000,22.2,22.205,21.94,22.205,16224,0
AHOG.DE,D,20181227,000000,22.24,22.24,21.905,22,25071,0
AHOG.DE,D,20181228,000000,21.93,22.14,21.93,22.14,8014,0
AHOG.DE,D,20190102,000000,22.18,22.9,22.085,22.9,650,0
AHOG.DE,D,20190103,000000,22.115,22.115,21.75,21.75,700,0
AHOG.DE,D,20190104,000000,22.165,22.415,22.165,22.41,1764,0
AHOG.DE,D,20190107,000000,22.43,22.8,22.375,22.8,7,0
AHOG.DE,D,20190108,000000,22.46,22.8,22.46,22.8,138,0
AHOG.DE,D,20190109,000000,22.675,22.675,22.24,22.24,6899,0
AHOG.DE,D,20190110,000000,22.4,22.8,22.4,22.8,4199,0
AHOG.DE,D,20190111,000000,22.755,22.755,22.425,22.425,86,0
AHOG.DE,D,20190114,000000,22.375,22.4,22.375,22.395,960,0
AHOG.DE,D,20190115,000000,22.47,22.47,22.26,22.26,45,0
AHOG.DE,D,20190116,000000,22.305,22.305,22.305,22.305,86,0
AHOG.DE,D,20190117,000000,22.34,22.34,22.34,22.34,122,0
AHOG.DE,D,20190118,000000,22.565,22.66,22.485,22.595,17009,0
AHOG.DE,D,20190121,000000,22.48,22.48,22.44,22.44,63,0
AHOG.DE,D,20190122,000000,22.53,22.53,22.53,22.53,67,0
AHOG.DE,D,20190123,000000,22.93,23.265,22.83,23.22,13739,0
AHOG.DE,D,20190124,000000,23.09,23.09,22.915,22.92,5573,0
AHOG.DE,D,20190125,000000,23.17,23.405,23,23,4271,0
AHOG.DE,D,20190128,000000,23.295,23.295,23,23,1130,0
AHOG.DE,D,20190129,000000,23.435,23.435,23,23,2931,0
AHOG.DE,D,20190130,000000,23.285,23.36,23,23,312,0
AHOG.DE,D,20190131,000000,23.055,23.055,22.74,22.74,4613,0
AHOG.DE,D,20190201,000000,22.885,22.98,22.875,22.945,1884,0
AHOG.DE,D,20190204,000000,22.99,23.1,22.99,23.065,7391,0
AHOG.DE,D,20190205,000000,23.195,23.32,23.19,23.19,10675,0
AHOG.DE,D,20190206,000000,23.305,23.39,23.25,23.25,840,0
AHOG.DE,D,20190207,000000,23.48,23.5,23.26,23.455,3256,0
AHOG.DE,D,20190208,000000,23.25,23.455,23.25,23.455,2550,0
AHOG.DE,D,20190211,000000,23.28,23.44,23.155,23.44,4558,0
AHOG.DE,D,20190212,000000,23.25,23.44,23.235,23.44,5160,0
AHOG.DE,D,20190213,000000,23.16,23.455,23.055,23.455,1713,0
AHOG.DE,D,20190214,000000,22.995,22.995,22.83,22.83,1704,0
AHOG.DE,D,20190215,000000,22.865,22.93,22.645,22.645,381,0
AHOG.DE,D,20190218,000000,22.895,22.91,22.645,22.645,328,0
AHOG.DE,D,20190219,000000,22.92,22.965,22.645,22.645,1200,0
AHOG.DE,D,20190220,000000,23.005,23.005,22.645,22.645,1990,0
AHOG.DE,D,20190221,000000,23.075,23.075,22.645,22.645,1196,0
AHOG.DE,D,20190222,000000,22.87,22.87,22.645,22.645,7,0
AHOG.DE,D,20190225,000000,22.9,22.9,22.645,22.645,850,0
AHOG.DE,D,20190226,000000,22.835,22.97,22.645,22.645,1222,0
AHOG.DE,D,20190227,000000,22.95,22.95,22.31,22.575,15646,0
AHOG.DE,D,20190228,000000,22.695,22.695,22.695,22.695,68,0
AHOG.DE,D,20190304,000000,22.26,22.395,22.17,22.395,813,0
AHOG.DE,D,20190305,000000,22.28,22.57,22.28,22.57,2187,0
AHOG.DE,D,20190306,000000,22.19,22.19,22.19,22.19,0,0
AHOG.DE,D,20190307,000000,22.745,22.745,22.375,22.405,1500,0
AHOG.DE,D,20190308,000000,22.39,22.525,22.305,22.525,10628,0
AHOG.DE,D,20190311,000000,22.575,22.575,22.575,22.575,0,0
AHOG.DE,D,20190312,000000,22.325,22.65,22.32,22.65,7808,0
AHOG.DE,D,20190313,000000,22.4,22.65,22.395,22.65,435,0
AHOG.DE,D,20190314,000000,22.6,22.65,22.59,22.65,732,0
AHOG.DE,D,20190315,000000,22.705,23,22.625,22.625,1998,0
AHOG.DE,D,20190318,000000,22.905,23.1,22.905,23.03,760,0
AHOG.DE,D,20190319,000000,23.46,23.625,23.455,23.53,2590,0
AHOG.DE,D,20190320,000000,23.465,23.6,23.42,23.565,5947,0
AHOG.DE,D,20190321,000000,23.63,23.665,23.625,23.665,1984,0
AHOG.DE,D,20190322,000000,23.705,23.715,23.57,23.595,427,0
AHOG.DE,D,20190325,000000,23.565,23.565,23.03,23.03,640,0
AHOG.DE,D,20190326,000000,23.545,23.545,23.485,23.485,804,0
AHOG.DE,D,20190327,000000,23.5,23.92,23.5,23.92,13987,0
AHOG.DE,D,20190328,000000,23.86,23.86,23.235,23.235,667,0
AHOG.DE,D,20190329,000000,23.45,23.655,23.235,23.235,546,0
AHOG.DE,D,20190401,000000,23.645,23.69,23.645,23.665,1194,0
AHOG.DE,D,20190402,000000,23.38,23.38,23.075,23.075,955,0
AHOG.DE,D,20190403,000000,23.15,23.195,23.075,23.075,3894,0
AHOG.DE,D,20190404,000000,23.285,23.305,23.17,23.25,1103,0
AHOG.DE,D,20190405,000000,23.095,23.25,23.07,23.25,2001,0
AHOG.DE,D,20190408,000000,23.105,23.25,23.1,23.25,2977,0
AHOG.DE,D,20190409,000000,23.05,23.05,22.85,22.85,1285,0
AHOG.DE,D,20190410,000000,23.2,23.25,23.165,23.25,1956,0
AHOG.DE,D,20190411,000000,23.065,23.25,22.965,23.25,806,0
AHOG.DE,D,20190412,000000,22.345,22.35,22.1,22.1,2000,0
AHOG.DE,D,20190416,000000,22.37,22.375,22.35,22.35,1581,0
AHOG.DE,D,20190417,000000,22.115,22.115,22,22.09,2014,0
AHOG.DE,D,20190418,000000,22.18,22.18,21.98,22.03,3388,0
AHOG.DE,D,20190423,000000,21.3,21.3,20.975,20.975,8173,0
AHOG.DE,D,20190424,000000,20.97,21.33,20.97,21.33,850,0
AHOG.DE,D,20190425,000000,21.35,21.35,21.005,21.005,327,0
AHOG.DE,D,20190426,000000,21.265,21.33,21.265,21.33,3335,0
AHOG.DE,D,20190429,000000,21.24,21.25,20.95,20.95,199,0
AHOG.DE,D,20190430,000000,21.275,21.275,21.275,21.275,0,0
AHOG.DE,D,20190502,000000,21.405,21.41,20.915,20.915,5968,0
AHOG.DE,D,20190503,000000,21.335,21.47,21.275,21.275,1938,0
AHOG.DE,D,20190506,000000,21.21,21.675,21.205,21.675,839,0
AHOG.DE,D,20190507,000000,21.395,21.395,21.275,21.275,1,0
AHOG.DE,D,20190508,000000,21.185,21.185,20.85,20.85,5443,0
AHOG.DE,D,20190509,000000,20.975,21.275,20.935,21.275,349,0
AHOG.DE,D,20190510,000000,20.705,20.73,20.645,20.645,1356,0
AHOG.DE,D,20190513,000000,20.5,20.57,20.48,20.48,6479,0
AHOG.DE,D,20190514,000000,20.46,20.48,20.455,20.48,2727,0
AHOG.DE,D,20190515,000000,20.63,21.025,20.63,21.025,3295,0
AHOG.DE,D,20190516,000000,20.78,21.025,20.7,21.025,4373,0
AHOG.DE,D,20190517,000000,20.83,21.025,20.82,21.025,3472,0
AHOG.DE,D,20190520,000000,21.13,21.225,21.085,21.225,471,0
AHOG.DE,D,20190521,000000,20.93,20.995,20.8,20.8,5369,0
AHOG.DE,D,20190522,000000,20.73,20.73,20.445,20.505,11040,0
AHOG.DE,D,20190523,000000,20.405,20.405,20.205,20.27,4388,0
AHOG.DE,D,20190524,000000,20.18,20.52,20.18,20.52,1081,0
AHOG.DE,D,20190527,000000,20.56,20.595,20.525,20.54,2827,0
AHOG.DE,D,20190528,000000,20.44,20.665,20.325,20.325,1340,0
AHOG.DE,D,20190529,000000,20.44,20.5,20.325,20.325,8838,0
AHOG.DE,D,20190530,000000,20.325,20.325,20.325,20.325,0,0
AHOG.DE,D,20190531,000000,20.055,20.31,20,20.31,2850,0
AHOG.DE,D,20190603,000000,20.025,20.025,20.02,20.02,1300,0
AHOG.DE,D,20190604,000000,20.12,20.125,20.07,20.07,1823,0
AHOG.DE,D,20190605,000000,19.916,19.992,19.916,19.992,62,0
AHOG.DE,D,20190606,000000,20.19,20.31,20.19,20.31,1980,0
AHOG.DE,D,20190607,000000,20.245,20.245,20.245,20.245,129,0
AHOG.DE,D,20190611,000000,20.4,20.4,20.4,20.4,1900,0
AHOG.DE,D,20190612,000000,20.145,20.15,20.145,20.145,1614,0
AHOG.DE,D,20190613,000000,20.14,20.355,20.14,20.355,8227,0
AHOG.DE,D,20190614,000000,20.56,20.56,20.545,20.55,1710,0
AHOG.DE,D,20190617,000000,20.5,20.56,20.5,20.56,180,0
AHOG.DE,D,20190618,000000,20.685,20.97,20.685,20.97,1150,0
AHOG.DE,D,20190619,000000,20.815,20.815,20.72,20.72,600,0
AHOG.DE,D,20190620,000000,20.675,20.98,20.635,20.635,16388,0
AHOG.DE,D,20190621,000000,20.94,21.02,20.92,20.92,3733,0
AHOG.DE,D,20190624,000000,20.875,20.875,20.86,20.86,578,0
AHOG.DE,D,20190625,000000,19.974,19.982,19.734,19.734,17043,0
AHOG.DE,D,20190626,000000,19.812,19.832,19.5,19.5,3716,0
AHOG.DE,D,20190627,000000,19.498,19.708,19.42,19.702,9233,0
AHOG.DE,D,20190628,000000,19.838,19.896,19.836,19.896,5500,0
AHOG.DE,D,20190701,000000,19.808,19.94,19.808,19.94,8000,0
AHOG.DE,D,20190702,000000,20.015,20.07,20.015,20.05,3252,0
AHOG.DE,D,20190703,000000,20.17,20.325,20.17,20.32,20180,0
AHOG.DE,D,20190704,000000,20.405,20.42,20.3,20.415,6200,0
AHOG.DE,D,20190705,000000,20.3,20.38,20.3,20.345,2975,0
AHOG.DE,D,20190708,000000,20.205,20.325,20.19,20.19,681,0
AHOG.DE,D,20190709,000000,20.115,20.115,20.065,20.065,2638,0
AHOG.DE,D,20190710,000000,20.105,20.105,20.09,20.095,1065,0
AHOG.DE,D,20190711,000000,20.05,20.195,20.045,20.19,27672,0
AHOG.DE,D,20190712,000000,20.205,20.37,20.205,20.37,10636,0
AHOG.DE,D,20190715,000000,20.46,20.47,20.315,20.39,6998,0
AHOG.DE,D,20190716,000000,20.42,20.575,20.42,20.545,6592,0
AHOG.DE,D,20190717,000000,20.53,20.86,20.53,20.85,4966,0
AHOG.DE,D,20190718,000000,20.4,20.415,20.35,20.35,6990,0
AHOG.DE,D,20190719,000000,20.44,20.45,20.35,20.385,1066,0
AHOG.DE,D,20190722,000000,20.4,20.515,20.4,20.51,4550,0
AHOG.DE,D,20190723,000000,20.55,20.55,20.55,20.55,200,0
AHOG.DE,D,20190724,000000,20.515,20.515,20.39,20.45,8339,0
AHOG.DE,D,20190725,000000,20.63,20.64,20.39,20.39,4648,0
AHOG.DE,D,20190726,000000,20.545,20.58,20.415,20.58,22614,0
AHOG.DE,D,20190729,000000,20.525,20.93,20.525,20.93,13405,0
AHOG.DE,D,20190730,000000,20.66,20.695,20.4,20.405,4679,0
AHOG.DE,D,20190731,000000,20.34,20.605,20.34,20.605,2958,0
AHOG.DE,D,20190801,000000,20.415,20.425,20.3,20.3,2616,0
AHOG.DE,D,20190802,000000,20.28,20.545,20.21,20.45,7729,0
AHOG.DE,D,20190805,000000,20.405,20.425,20.27,20.27,3247,0
AHOG.DE,D,20190806,000000,20.06,20.265,20.06,20.155,7196,0
AHOG.DE,D,20190807,000000,20.1,20.1,19.62,20,14102,0
AHOG.DE,D,20190808,000000,20.34,21.12,20.34,21.05,23509,0
AHOG.DE,D,20190809,000000,20.885,20.885,20.46,20.46,3871,0
AHOG.DE,D,20190812,000000,20.765,20.765,20.455,20.5,2220,0
AHOG.DE,D,20190813,000000,20.185,20.5,20.185,20.5,3489,0
AHOG.DE,D,20190814,000000,20.065,20.135,20.065,20.135,3649,0
AHOG.DE,D,20190815,000000,20,20.135,19.85,19.85,4423,0
AHOG.DE,D,20190816,000000,20.565,20.96,20.495,20.955,11546,0
AHOG.DE,D,20190819,000000,21.01,21.065,20.785,20.835,11275,0
AHOG.DE,D,20190820,000000,20.885,20.89,20.74,20.74,1112,0
AHOG.DE,D,20190822,000000,20.9,20.92,20.895,20.92,3680,0
AHOG.DE,D,20190823,000000,20.92,21.065,20.85,20.85,8358,0
AHOG.DE,D,20190826,000000,20.765,20.84,20.765,20.765,2550,0
AHOG.DE,D,20190827,000000,20.655,20.775,20.655,20.775,3504,0
AHOG.DE,D,20190828,000000,20.775,20.805,20.775,20.805,344,0
AHOG.DE,D,20190829,000000,20.96,21.225,20.96,21.14,2189,0
AHOG.DE,D,20190830,000000,21.27,21.54,21.225,21.54,8689,0
AHOG.DE,D,20190902,000000,21.51,21.54,21.51,21.54,269,0
AHOG.DE,D,20190903,000000,21.3,21.39,21.295,21.39,1425,0
AHOG.DE,D,20190904,000000,21.63,21.675,21.5,21.5,847,0
AHOG.DE,D,20190905,000000,21.64,21.74,21.61,21.74,162,0
AHOG.DE,D,20190906,000000,21.68,21.775,21.67,21.74,10108,0
AHOG.DE,D,20190909,000000,21.77,21.805,21.77,21.805,500,0
AHOG.DE,D,20190910,000000,22,22,22,22,951,0
AHOG.DE,D,20190911,000000,22.37,22.63,22.315,22.595,3599,0
AHOG.DE,D,20190912,000000,22.545,22.755,22.545,22.755,1115,0
AHOG.DE,D,20190913,000000,22.555,22.895,22.555,22.895,1111,0
AHOG.DE,D,20190916,000000,22.775,22.775,22.735,22.735,3803,0
AHOG.DE,D,20190917,000000,22.67,22.67,22.58,22.62,10050,0
AHOG.DE,D,20190918,000000,22.49,22.56,22.29,22.56,4362,0
AHOG.DE,D,20190920,000000,22.8,22.85,22.595,22.595,3095,0
AHOG.DE,D,20190923,000000,22.74,22.74,22.15,22.15,1785,0
AHOG.DE,D,20190924,000000,22.605,22.605,22.545,22.55,1089,0
AHOG.DE,D,20190925,000000,22.605,22.735,22.605,22.735,472,0
AHOG.DE,D,20190926,000000,22.71,22.84,22.71,22.84,1501,0
AHOG.DE,D,20190927,000000,22.49,22.49,22.49,22.49,0,0
AHOG.DE,D,20190930,000000,23.08,23.08,22.995,23,1474,0
AHOG.DE,D,20191001,000000,23.185,23.235,23.105,23.105,8918,0
AHOG.DE,D,20191002,000000,22.75,22.75,22.475,22.475,1500,0
AHOG.DE,D,20191004,000000,22.355,23.05,22.345,23.05,236,0
AHOG.DE,D,20191007,000000,22.66,22.75,22.46,22.46,1452,0
AHOG.DE,D,20191008,000000,22.39,22.46,22.385,22.46,1000,0
AHOG.DE,D,20191009,000000,22.255,22.46,22.255,22.46,449,0
AHOG.DE,D,20191010,000000,22.46,22.46,22.46,22.46,0,0
AHOG.DE,D,20191011,000000,22.975,23.075,22.76,22.78,8236,0
AHOG.DE,D,20191014,000000,22.685,22.775,22.685,22.775,21,0
AHOG.DE,D,20191016,000000,23.06,23.06,23.06,23.06,110,0
AHOG.DE,D,20191017,000000,23.115,23.15,23.06,23.15,6105,0
AHOG.DE,D,20191018,000000,22.98,22.98,22.98,22.98,296,0
AHOG.DE,D,20191021,000000,22.995,22.995,22.995,22.995,166,0
AHOG.DE,D,20191022,000000,22.915,22.915,22.755,22.76,198,0
AHOG.DE,D,20191023,000000,22.725,22.725,22.725,22.725,34,0
AHOG.DE,D,20191024,000000,22.85,22.945,22.85,22.94,2621,0
AHOG.DE,D,20191025,000000,22.86,22.86,22.755,22.815,1402,0
AHOG.DE,D,20191028,000000,22.455,22.51,22.455,22.51,355,0
AHOG.DE,D,20191029,000000,22.345,22.345,22.325,22.325,196,0
AHOG.DE,D,20191030,000000,22.445,22.51,22.445,22.51,1651,0
AHOG.DE,D,20191031,000000,22.43,22.43,22.275,22.375,2038,0
AHOG.DE,D,20191101,000000,22.165,22.165,22.165,22.165,50,0
AHOG.DE,D,20191104,000000,22.375,22.495,22.375,22.495,1081,0
AHOG.DE,D,20191105,000000,22.605,23.01,22.605,23.01,983,0
AHOG.DE,D,20191106,000000,23.57,24.17,23.535,24.17,6993,0
AHOG.DE,D,20191107,000000,24.15,24.185,23.84,23.93,14552,0
AHOG.DE,D,20191108,000000,24.3,24.35,24.08,24.08,5616,0
AHOG.DE,D,20191111,000000,24.2,24.48,24.195,24.395,4209,0
AHOG.DE,D,20191112,000000,24.315,24.445,24.315,24.445,119,0
AHOG.DE,D,20191113,000000,24.145,24.145,23.995,23.995,276,0
AHOG.DE,D,20191114,000000,23.895,24.05,23.895,23.985,1357,0
AHOG.DE,D,20191115,000000,24.1,24.2,24.1,24.2,182,0
AHOG.DE,D,20191118,000000,24.29,24.29,24.07,24.07,2119,0
AHOG.DE,D,20191119,000000,24.22,24.25,24.03,24.03,4010,0
AHOG.DE,D,20191120,000000,24.03,24.525,24.03,24.525,798,0
AHOG.DE,D,20191121,000000,24.17,24.17,24.17,24.17,98,0
AHOG.DE,D,20191122,000000,24.135,24.145,24.135,24.145,2497,0
AHOG.DE,D,20191125,000000,24.05,24.05,24.05,24.05,225,0
AHOG.DE,D,20191126,000000,23.82,23.82,23.8,23.8,219,0
AHOG.DE,D,20191127,000000,23.84,23.91,23.82,23.88,6544,0
AHOG.DE,D,20191128,000000,23.78,23.78,23.755,23.755,479,0
AHOG.DE,D,20191129,000000,23.61,23.615,23.59,23.59,1140,0
AHOG.DE,D,20191202,000000,23.43,23.43,23.43,23.43,25,0
AHOG.DE,D,20191203,000000,23.1,23.1,22.99,23.06,16304,0
AHOG.DE,D,20191204,000000,23.22,23.35,23.19,23.205,10422,0
AHOG.DE,D,20191205,000000,23.265,23.4,23.265,23.4,7477,0
AHOG.DE,D,20191206,000000,23.56,23.7,23.56,23.7,518,0
AHOG.DE,D,20191209,000000,23.495,23.495,23.46,23.465,886,0
AHOG.DE,D,20191211,000000,22.915,22.92,22.88,22.88,2295,0
AHOG.DE,D,20191212,000000,22.54,22.6,22.485,22.495,16849,0
AHOG.DE,D,20191213,000000,22.615,22.615,22.575,22.575,10,0
AHOG.DE,D,20191216,000000,22.565,22.565,22.54,22.54,5989,0
AHOG.DE,D,20191217,000000,22.51,22.51,22.38,22.395,15334,0
AHOG.DE,D,20191218,000000,22.605,22.68,22.605,22.68,68,0
AHOG.DE,D,20191219,000000,22.53,22.915,22.515,22.915,10740,0
AHOG.DE,D,20191220,000000,22.62,22.7,22.6,22.62,1369,0
AHOG.DE,D,20191223,000000,22.49,22.905,22.445,22.905,6020,0
AHOG.DE,D,20191227,000000,22.67,22.74,22.67,22.74,350,0
AHOG.DE,D,20191230,000000,22.75,22.75,22.73,22.73,300,0
AHOG.DE,D,20200102,000000,22.68,22.71,22.68,22.71,153,0
AHOG.DE,D,20200103,000000,22.655,22.655,22.465,22.555,234,0
AHOG.DE,D,20200106,000000,22.415,22.415,22.415,22.415,4,0
AHOG.DE,D,20200107,000000,22.505,22.505,22.45,22.465,3043,0
AHOG.DE,D,20200108,000000,22.37,22.645,22.335,22.645,23,0
AHOG.DE,D,20200109,000000,22.345,22.345,22.28,22.28,173,0
AHOG.DE,D,20200110,000000,22.475,22.55,22.475,22.55,2500,0
AHOG.DE,D,20200113,000000,22.35,22.35,22.185,22.23,898,0
AHOG.DE,D,20200114,000000,22.255,22.56,22.255,22.56,59,0
AHOG.DE,D,20200115,000000,22.475,22.475,22.185,22.205,438,0
AHOG.DE,D,20200116,000000,22.265,22.265,22.265,22.265,54,0
AHOG.DE,D,20200117,000000,22.285,22.285,22.285,22.285,22,0
AHOG.DE,D,20200120,000000,22.485,22.485,22.16,22.16,2788,0
AHOG.DE,D,20200121,000000,22.245,22.245,22.175,22.175,1431,0
AHOG.DE,D,20200122,000000,21.975,21.975,21.975,21.975,670,0
AHOG.DE,D,20200123,000000,22.13,22.14,22.07,22.07,30,0
AHOG.DE,D,20200124,000000,22.435,22.555,22.23,22.23,4051,0
AHOG.DE,D,20200127,000000,22.295,22.295,22.29,22.29,1450,0
AHOG.DE,D,20200128,000000,22.215,22.49,22.19,22.49,959,0
AHOG.DE,D,20200129,000000,22.48,22.5,22.43,22.5,318,0
AHOG.DE,D,20200203,000000,22.27,22.27,21.915,21.915,5240,0
AHOG.DE,D,20200204,000000,21.98,22.215,21.98,22.215,115,0
AHOG.DE,D,20200205,000000,22.2,22.2,22.2,22.2,323,0
AHOG.DE,D,20200206,000000,22.52,22.545,22.35,22.35,4087,0
AHOG.DE,D,20200207,000000,22.385,22.385,22.225,22.35,2642,0
AHOG.DE,D,20200210,000000,22.265,22.34,22.265,22.3,2290,0
AHOG.DE,D,20200211,000000,22.42,22.42,22.18,22.3,1734,0
AHOG.DE,D,20200212,000000,22.535,22.6,22.26,22.425,17880,0
AHOG.DE,D,20200213,000000,23.05,23.14,22.64,22.875,5159,0
AHOG.DE,D,20200214,000000,22.915,23.4,22.88,23.4,5877,0
AHOG.DE,D,20200217,000000,23.355,23.585,23.355,23.585,110,0
AHOG.DE,D,20200218,000000,23.765,23.765,23.275,23.275,532,0
AHOG.DE,D,20200219,000000,23.83,23.95,23.805,23.915,463,0
AHOG.DE,D,20200220,000000,23.6,23.745,23.495,23.595,2183,0
AHOG.DE,D,20200221,000000,23.465,23.465,23.445,23.455,150,0
AHOG.DE,D,20200224,000000,23.185,23.255,22.925,23.255,8695,0
AHOG.DE,D,20200225,000000,22.99,23.15,22.97,22.99,236,0
AHOG.DE,D,20200226,000000,22.545,22.79,22.35,22.5,961,0
AHOG.DE,D,20200227,000000,22.435,22.6,21.865,22.055,19153,0
AHOG.DE,D,20200228,000000,21.255,21.4,20.9,21.255,22428,0
AHOG.DE,D,20200302,000000,21.51,21.75,21.26,21.51,6451,0
AHOG.DE,D,20200303,000000,21.94,22.14,21.8,22.01,13621,0
AHOG.DE,D,20200304,000000,22,22.875,22,22.875,5517,0
AHOG.DE,D,20200305,000000,22.69,23.01,22.5,22.5,449,0
AHOG.DE,D,20200306,000000,22.69,22.745,22.5,22.55,12388,0
AHOG.DE,D,20200309,000000,21.745,22.28,21.425,21.655,1667,0
AHOG.DE,D,20200310,000000,21.775,21.775,21.005,21.16,14923,0
AHOG.DE,D,20200311,000000,20.5,20.915,20.305,20.5,27730,0
AHOG.DE,D,20200312,000000,19.284,19.37,19.184,19.284,21591,0
AHOG.DE,D,20200313,000000,19.264,20.025,18.176,18.614,40666,0
AHOG.DE,D,20200316,000000,18.702,19.436,18.286,19.436,13819,0
AHOG.DE,D,20200317,000000,19.782,20.9,19.28,20.12,62519,0
AHOG.DE,D,20200318,000000,20.05,20.925,19.234,20.925,53001,0
AHOG.DE,D,20200319,000000,20.65,21.48,19.7,19.7,70769,0
AHOG.DE,D,20200320,000000,20.565,20.905,20.365,20.565,12124,0
AHOG.DE,D,20200323,000000,19.768,20.91,19.22,19.768,85725,0
AHOG.DE,D,20200324,000000,20.59,20.97,20.14,20.14,30197,0
AHOG.DE,D,20200325,000000,20.705,20.705,19.9,19.916,19755,0
AHOG.DE,D,20200326,000000,19.604,19.896,19.604,19.886,4034,0
AHOG.DE,D,20200327,000000,20.38,21.1,20.245,20.825,12095,0
AHOG.DE,D,20200330,000000,21.28,21.28,21.075,21.28,1500,0
AHOG.DE,D,20200331,000000,21.49,21.745,21.05,21.05,15137,0
AHOG.DE,D,20200401,000000,21.36,21.77,21.09,21.09,769,0
AHOG.DE,D,20200402,000000,21.48,21.7,21.48,21.7,4150,0
AHOG.DE,D,20200403,000000,21.76,22.03,21.74,22.03,257,0
AHOG.DE,D,20200406,000000,22.83,22.83,22.21,22.83,4927,0
AHOG.DE,D,20200407,000000,22.66,22.88,22.5,22.5,574,0
AHOG.DE,D,20200408,000000,22.52,22.52,22.48,22.52,1887,0
AHOG.DE,D,20200409,000000,22.14,22.55,22.1,22.1,315,0
AHOG.DE,D,20200414,000000,22.15,22.2,21.88,21.88,752,0
AHOG.DE,D,20200415,000000,22.16,22.26,22.06,22.06,1269,0
AHOG.DE,D,20200416,000000,22.08,22.16,22.08,22.08,60,0
AHOG.DE,D,20200417,000000,22.33,22.83,22.33,22.83,3413,0
AHOG.DE,D,20200420,000000,22.32,22.83,22.32,22.83,112,0
AHOG.DE,D,20200421,000000,22.78,22.78,22.54,22.55,2129,0
AHOG.DE,D,20200422,000000,23.01,23.65,22.91,23.65,2035,0
AHOG.DE,D,20200423,000000,23.09,23.11,23.09,23.11,7,0
AHOG.DE,D,20200424,000000,22.82,23.15,22.82,22.99,903,0
AHOG.DE,D,20200427,000000,23.01,23.16,22.95,23.16,1014,0
AHOG.DE,D,20200428,000000,22.75,23.27,22.75,23.27,1136,0
AHOG.DE,D,20200429,000000,23.06,23.29,22.88,23.29,254,0
AHOG.DE,D,20200430,000000,22.83,22.83,22.19,22.83,453,0
AHOG.DE,D,20200504,000000,22.01,22.45,21.95,22.01,9359,0
AHOG.DE,D,20200505,000000,22.56,22.65,22.3,22.65,5718,0
AHOG.DE,D,20200506,000000,22.48,22.65,22.21,22.65,927,0
AHOG.DE,D,20200507,000000,22.66,23.05,22.65,22.65,4175,0
AHOG.DE,D,20200508,000000,22.82,22.84,22.69,22.72,4056,0
AHOG.DE,D,20200511,000000,22.79,23.27,22.46,22.46,10087,0
AHOG.DE,D,20200512,000000,23.45,24.08,23.45,24.08,5660,0
AHOG.DE,D,20200513,000000,23.5,23.5,23.19,23.5,671,0
AHOG.DE,D,20200514,000000,22.93,22.94,22.25,22.84,17370,0
AHOG.DE,D,20200515,000000,22.57,22.81,22.37,22.81,2731,0
AHOG.DE,D,20200518,000000,22.59,22.66,22.18,22.18,3182,0
AHOG.DE,D,20200519,000000,22.65,22.65,22.17,22.17,31,0
AHOG.DE,D,20200520,000000,22.44,22.72,22.24,22.72,594,0
AHOG.DE,D,20200521,000000,22.51,22.7,22.34,22.7,178,0
AHOG.DE,D,20200522,000000,22.14,22.68,22.14,22.68,1169,0
AHOG.DE,D,20200525,000000,22.68,22.68,22.54,22.63,2677,0
AHOG.DE,D,20200526,000000,22.2,22.87,22.15,22.87,3867,0
AHOG.DE,D,20200527,000000,22.3,22.72,22.13,22.72,706,0
AHOG.DE,D,20200528,000000,22.41,23.48,22.41,23.48,2757,0
AHOG.DE,D,20200529,000000,22.65,23.99,22.65,23.99,775,0
AHOG.DE,D,20200602,000000,23.17,23.17,22.96,22.96,205,0
AHOG.DE,D,20200603,000000,23.06,23.73,23.06,23.66,13498,0
AHOG.DE,D,20200604,000000,23.36,23.81,23.11,23.81,847,0
AHOG.DE,D,20200605,000000,23.26,23.56,23.24,23.53,5032,0
AHOG.DE,D,20200608,000000,23.37,23.48,23.28,23.46,3540,0
AHOG.DE,D,20200609,000000,23.5,23.73,23.1,23.1,3432,0
AHOG.DE,D,20200610,000000,23.66,24.05,23.66,23.7,1537,0
AHOG.DE,D,20200611,000000,23.6,24.29,23.53,24.29,3384,0
AHOG.DE,D,20200612,000000,23.08,24.29,22.96,24.29,3300,0
AHOG.DE,D,20200615,000000,22.98,24.29,22.98,24.29,4197,0
AHOG.DE,D,20200616,000000,23.37,23.56,23.37,23.39,2740,0
AHOG.DE,D,20200617,000000,23.47,24.28,23.47,24.28,60997,0
AHOG.DE,D,20200618,000000,23.76,23.8,23.39,23.39,810,0
AHOG.DE,D,20200619,000000,23.82,24.28,23.63,24.28,77,0
AHOG.DE,D,20200622,000000,23.58,23.9,23.58,23.9,22,0
AHOG.DE,D,20200623,000000,24,24.26,23.9,23.9,128,0
AHOG.DE,D,20200624,000000,23.87,24.8,23.84,24.8,208,0
AHOG.DE,D,20200625,000000,24.25,24.25,24.25,24.25,0,0
AHOG.DE,D,20200626,000000,24.06,24.19,23.97,23.97,319,0
AHOG.DE,D,20200629,000000,23.93,24.8,23.84,24.8,560,0
AHOG.DE,D,20200630,000000,24.25,26,24.21,26,533,0
AHOG.DE,D,20200701,000000,24.05,24.05,23.87,24.05,251,0
AHOG.DE,D,20200702,000000,24,24.16,24,24.16,195,0
AHOG.DE,D,20200703,000000,24.08,24.7,23.9,24.7,2248,0
AHOG.DE,D,20200706,000000,24.16,25,23.88,25,82,0
AHOG.DE,D,20200707,000000,24,24.25,24,24.25,3010,0
AHOG.DE,D,20200708,000000,24.24,24.25,24.24,24.25,200,0
AHOG.DE,D,20200709,000000,24.25,24.25,24.25,24.25,0,0
AHOG.DE,D,20200710,000000,24.55,24.55,24.55,24.55,0,0
AHOG.DE,D,20200713,000000,24.59,24.7,24.49,24.7,2545,0
AHOG.DE,D,20200714,000000,24.66,24.92,24.53,24.55,1331,0
AHOG.DE,D,20200715,000000,24.76,25.15,24.76,24.8,1086,0
AHOG.DE,D,20200716,000000,24.94,25.28,24.94,25.05,392,0
AHOG.DE,D,20200717,000000,25.23,25.23,25.05,25.05,22,0
AHOG.DE,D,20200720,000000,25.14,25.28,25.05,25.05,2590,0
AHOG.DE,D,20200721,000000,25.32,25.39,24.8,24.8,1616,0
AHOG.DE,D,20200722,000000,25.03,25.12,24.8,24.8,8022,0
AHOG.DE,D,20200723,000000,25.42,25.43,24.8,24.8,11167,0
AHOG.DE,D,20200724,000000,24.95,24.95,24.8,24.8,100,0
AHOG.DE,D,20200727,000000,24.85,24.85,23.7,23.7,2514,0
AHOG.DE,D,20200729,000000,25.02,25.05,24.6,24.6,650,0
AHOG.DE,D,20200730,000000,25,25.08,24.48,25.08,122,0
AHOG.DE,D,20200731,000000,24.6,24.6,24.51,24.51,200,0
AHOG.DE,D,20200803,000000,24.44,25.24,24.38,25.24,241,0
AHOG.DE,D,20200804,000000,24.89,25,24.85,25,149,0
AHOG.DE,D,20200805,000000,26.31,26.84,26.26,26.51,8594,0
AHOG.DE,D,20200806,000000,26.37,26.37,26.09,26.25,2309,0
AHOG.DE,D,20200807,000000,26.12,26.16,25.87,26.12,2652,0
AHOG.DE,D,20200810,000000,26,26,25.84,25.84,1083,0
AHOG.DE,D,20200811,000000,26.21,26.21,26.21,26.21,20,0
AHOG.DE,D,20200812,000000,25.88,26.18,25.88,26.18,139,0
AHOG.DE,D,20200813,000000,26.49,26.49,26.05,26.49,4667,0
AHOG.DE,D,20200814,000000,25.83,25.98,25.83,25.98,570,0
AHOG.DE,D,20200817,000000,26,27,25.93,27,236,0
AHOG.DE,D,20200818,000000,26.25,26.25,26.25,26.25,0,0
AHOG.DE,D,20200819,000000,26.26,26.75,26.17,26.75,74,0
AHOG.DE,D,20200820,000000,26.01,26.11,25.5,25.5,302,0
AHOG.DE,D,20200821,000000,26.21,26.28,25.5,25.5,483,0
AHOG.DE,D,20200824,000000,26.41,26.41,25.35,25.35,440,0
AHOG.DE,D,20200825,000000,26.31,26.36,26.01,26.04,1296,0
AHOG.DE,D,20200826,000000,26.11,26.7,26.11,26.7,592,0
AHOG.DE,D,20200827,000000,26.07,26.3,25.99,26.3,340,0
AHOG.DE,D,20200828,000000,25.9,25.9,25.48,25.48,1567,0
AHOG.DE,D,20200831,000000,25.67,25.67,25.48,25.5,1146,0
AHOG.DE,D,20200901,000000,25.19,25.25,24.5,24.5,5203,0
AHOG.DE,D,20200902,000000,25.44,25.7,24.5,24.5,849,0
AHOG.DE,D,20200903,000000,25.58,25.62,24.8,24.8,2929,0
AHOG.DE,D,20200904,000000,25.06,25.3,24.82,25.3,4136,0
AHOG.DE,D,20200907,000000,24.87,25.85,24.84,25.85,1756,0
AHOG.DE,D,20200908,000000,25.03,25.26,25.03,25.03,2849,0
AHOG.DE,D,20200910,000000,25.56,25.66,25.21,25.21,1001,0
AHOG.DE,D,20200911,000000,25.76,26.4,25.76,26.4,58,0
AHOG.DE,D,20200914,000000,26.12,26.2,25.3,25.3,1629,0
AHOG.DE,D,20200915,000000,25.91,26.05,25.91,26.05,1002,0
AHOG.DE,D,20200916,000000,26.25,26.25,25.65,25.65,1706,0
AHOG.DE,D,20200917,000000,25.44,25.47,25.34,25.37,35874,0
AHOG.DE,D,20200918,000000,25.65,25.65,25.65,25.65,225,0
AHOG.DE,D,20200921,000000,25.6,25.65,25.4,25.65,1528,0
AHOG.DE,D,20200922,000000,25.86,25.86,25.65,25.65,1100,0
AHOG.DE,D,20200923,000000,26.02,26.02,25.65,25.65,800,0
AHOG.DE,D,20200924,000000,25.58,25.95,25.58,25.95,1689,0
AHOG.DE,D,20200925,000000,25.71,25.72,25.5,25.7,9024,0
AHOG.DE,D,20200928,000000,25.64,25.77,25.45,25.45,159,0
AHOG.DE,D,20200929,000000,25.72,25.8,25.14,25.14,3028,0
AHOG.DE,D,20200930,000000,25.5,25.5,25.25,25.25,3510,0
AHOG.DE,D,20201001,000000,25.33,25.41,25.25,25.41,2152,0
AHOG.DE,D,20201002,000000,25,26,25,26,6600,0
AHOG.DE,D,20201005,000000,25.41,25.55,25.27,25.55,2560,0
AHOG.DE,D,20201006,000000,25.12,25.43,24.88,25.43,3099,0
AHOG.DE,D,20201007,000000,24.91,25.3,24.74,25.3,3268,0
AHOG.DE,D,20201008,000000,24.72,25.21,24.5,25.21,4518,0
AHOG.DE,D,20201009,000000,24.43,25.18,24.43,25.18,1641,0
AHOG.DE,D,20201012,000000,24.64,24.7,24.47,24.7,10089,0
AHOG.DE,D,20201013,000000,24.77,24.85,24.72,24.85,241,0
AHOG.DE,D,20201014,000000,24.84,25.01,24.8,24.8,3162,0
AHOG.DE,D,20201015,000000,24.51,24.85,24.51,24.85,3582,0
AHOG.DE,D,20201016,000000,24.91,25.33,24.91,25.08,7008,0
AHOG.DE,D,20201019,000000,25.45,25.48,25.2,25.22,3635,0
AHOG.DE,D,20201020,000000,25.15,26,24.96,26,2747,0
AHOG.DE,D,20201021,000000,24.81,25.25,24.77,25.25,1783,0
AHOG.DE,D,20201022,000000,24.56,25.15,24.4,25.15,4786,0
AHOG.DE,D,20201023,000000,24.27,25.14,24.27,25.14,1770,0
AHOG.DE,D,20201026,000000,24.31,25.12,24.24,25.12,2758,0
AHOG.DE,D,20201027,000000,24.02,24.9,23.89,24.9,3032,0
AHOG.DE,D,20201028,000000,23.7,24.5,23.7,24.5,8157,0
AHOG.DE,D,20201029,000000,24.02,25,23.84,25,34,0
AHOG.DE,D,20201030,000000,23.76,24,23.76,24,42,0
AHOG.DE,D,20201102,000000,24.19,24.45,24.19,24.45,4973,0
AHOG.DE,D,20201103,000000,24.59,24.59,23.9,23.9,2798,0
AHOG.DE,D,20201104,000000,23.99,24.21,23.79,24,12822,0
AHOG.DE,D,20201105,000000,24.21,24.21,23.4,23.4,3123,0
AHOG.DE,D,20201106,000000,23.9,24.34,23.7,24.34,6048,0
AHOG.DE,D,20201109,000000,23.96,24.34,23.42,24,5812,0
AHOG.DE,D,20201110,000000,23.25,23.79,22.78,23.79,9182,0
AHOG.DE,D,20201111,000000,23.01,23.79,22.86,23.79,4755,0
AHOG.DE,D,20201112,000000,23.25,23.27,23.16,23.22,4716,0
AHOG.DE,D,20201113,000000,23.18,23.25,23.14,23.24,1756,0
AHOG.DE,D,20201116,000000,23.14,23.38,23.09,23.38,7118,0
AHOG.DE,D,20201117,000000,23.21,23.61,23.21,23.61,6195,0
AHOG.DE,D,20201118,000000,23.25,24.21,23.25,24.21,8039,0
AHOG.DE,D,20201119,000000,23.47,24.13,23.47,24.13,3689,0
AHOG.DE,D,20201120,000000,23.48,24.08,23.42,24.08,7453,0
AHOG.DE,D,20201123,000000,23.46,23.52,23.26,23.44,4458,0
AHOG.DE,D,20201124,000000,23.38,23.57,23.18,23.57,3779,0
AHOG.DE,D,20201125,000000,23.35,23.62,23.18,23.62,2774,0
AHOG.DE,D,20201126,000000,23.45,23.79,23.44,23.79,4969,0
AHOG.DE,D,20201127,000000,23.65,23.93,23,23,9072,0
AHOG.DE,D,20201130,000000,23.89,24.19,23.83,23.83,1846,0
AHOG.DE,D,20201201,000000,23.56,23.85,23.5,23.56,419,0
AHOG.DE,D,20201202,000000,23.64,24,23.44,24,1303,0
AHOG.DE,D,20201203,000000,23.55,23.63,23.2,23.2,6849,0
AHOG.DE,D,20201204,000000,23.41,23.41,22.93,23.06,7313,0
AHOG.DE,D,20201207,000000,23.02,23.18,22.94,23.05,678,0
AHOG.DE,D,20201208,000000,23.2,23.2,23.09,23.09,25,0
AHOG.DE,D,20201209,000000,23.3,23.63,23.3,23.63,3744,0
AHOG.DE,D,20201210,000000,23.71,23.73,23.14,23.14,1630,0
AHOG.DE,D,20201211,000000,23.4,23.6,23.32,23.6,11,0
AHOG.DE,D,20201214,000000,23.31,23.5,23.3,23.5,2665,0
AHOG.DE,D,20201215,000000,23.58,23.73,23.47,23.73,9786,0
AHOG.DE,D,20201216,000000,23.57,23.61,23.15,23.15,1589,0
AHOG.DE,D,20201217,000000,23.37,23.37,23.15,23.15,3112,0
AHOG.DE,D,20201218,000000,23.3,23.42,23.15,23.15,2515,0
AHOG.DE,D,20201221,000000,23.27,23.27,22.97,23.12,3817,0
AHOG.DE,D,20201222,000000,23.04,23.38,22.96,23.38,42,0
AHOG.DE,D,20201223,000000,22.95,23.19,22.94,23.08,3592,0
AHOG.DE,D,20201228,000000,23.54,23.62,23.29,23.29,3701,0
AHOG.DE,D,20201229,000000,23.61,23.67,23,23,3434,0
AHOG.DE,D,20201230,000000,23.64,23.64,23.44,23.44,188,0
AHOG.DE,D,20210104,000000,23.6,23.98,23.54,23.98,656,0
AHOG.DE,D,20210105,000000,23.72,23.88,23.66,23.72,1320,0
AHOG.DE,D,20210106,000000,23.7,23.79,23.69,23.78,1165,0
AHOG.DE,D,20210107,000000,23.95,24.04,23.78,23.79,1839,0
AHOG.DE,D,20210108,000000,23.72,23.72,23.53,23.72,4098,0
AHOG.DE,D,20210111,000000,23.69,23.72,23.42,23.69,4909,0
AHOG.DE,D,20210112,000000,23.67,23.76,23.67,23.76,246,0
AHOG.DE,D,20210113,000000,24.07,24.37,24.04,24.08,4103,0
AHOG.DE,D,20210114,000000,24.3,24.35,24.23,24.35,2054,0
AHOG.DE,D,20210115,000000,24.45,24.73,24.45,24.45,2632,0
AHOG.DE,D,20210118,000000,24.72,24.72,23.98,24.72,7227,0
AHOG.DE,D,20210119,000000,23.95,24.05,23.74,23.95,1416,0
AHOG.DE,D,20210120,000000,23.78,23.79,23.5,23.78,2161,0
AHOG.DE,D,20210121,000000,23.75,24,23.59,24,1990,0
AHOG.DE,D,20210122,000000,23.66,23.67,23.5,23.58,5027,0
AHOG.DE,D,20210125,000000,23.71,24.06,23.69,24.06,25121,0
AHOG.DE,D,20210126,000000,24.15,24.16,24.03,24.16,2191,0
AHOG.DE,D,20210127,000000,24.16,24.83,24.16,24.57,13122,0
AHOG.DE,D,20210128,000000,24.52,24.9,23.96,24.9,6028,0
AHOG.DE,D,20210129,000000,23.84,23.84,23.52,23.57,8701,0
AHOG.DE,D,20210201,000000,23.66,23.82,23.58,23.66,4744,0
AHOG.DE,D,20210202,000000,23.69,23.95,23.47,23.95,3344,0
AHOG.DE,D,20210203,000000,23.73,23.81,23.66,23.73,1347,0
AHOG.DE,D,20210204,000000,23.65,23.65,23.37,23.55,1810,0
AHOG.DE,D,20210205,000000,23.45,23.45,23.35,23.45,1222,0
AHOG.DE,D,20210208,000000,23.35,23.49,23.3,23.35,3211,0
AHOG.DE,D,20210209,000000,23.15,23.15,23.11,23.11,1126,0
AHOG.DE,D,20210210,000000,23.11,23.23,23.11,23.18,1146,0
AHOG.DE,D,20210211,000000,23.15,23.22,23.1,23.15,3764,0
AHOG.DE,D,20210212,000000,23.15,23.58,23.15,23.15,5487,0
AHOG.DE,D,20210215,000000,23.46,24.1,23.39,24.1,7338,0
AHOG.DE,D,20210216,000000,23.83,23.99,23.8,23.95,6887,0
AHOG.DE,D,20210217,000000,22.82,23.23,22.7,23.12,26239,0
AHOG.DE,D,20210218,000000,23.12,23.12,22.41,22.5,12303,0
AHOG.DE,D,20210219,000000,22.29,22.46,22.24,22.36,3255,0
AHOG.DE,D,20210222,000000,22.21,22.51,22.18,22.51,3415,0
AHOG.DE,D,20210223,000000,22.04,22.43,21.9,22.43,2535,0
AHOG.DE,D,20210224,000000,22.09,22.5,22.07,22.5,8061,0
AHOG.DE,D,20210225,000000,22.08,22.51,22.04,22.51,7347,0
AHOG.DE,D,20210226,000000,22.04,22.15,21.78,22.15,3432,0
AHOG.DE,D,20210301,000000,21.95,22.07,21.85,21.9,2115,0
AHOG.DE,D,20210302,000000,22,22,21.5,21.5,5640,0
AHOG.DE,D,20210303,000000,21.97,21.97,21.54,21.65,5358,0
AHOG.DE,D,20210304,000000,21.63,22.2,21.63,22.15,5023,0
AHOG.DE,D,20210305,000000,22.04,22.45,21.9,22.45,3598,0
AHOG.DE,D,20210308,000000,22.37,22.57,22.3,22.5,553,0
AHOG.DE,D,20210309,000000,22.67,22.8,22.57,22.67,3176,0
AHOG.DE,D,20210310,000000,22.53,23.91,22.53,23.91,3411,0
AHOG.DE,D,20210311,000000,23.06,23.1,22.66,22.66,6362,0
AHOG.DE,D,20210312,000000,23.04,23.05,22.97,23.05,152,0
AHOG.DE,D,20210315,000000,22.98,23.2,22.93,23.2,1920,0
AHOG.DE,D,20210316,000000,22.95,23.2,22.75,22.75,1320,0
AHOG.DE,D,20210317,000000,23.15,23.18,22.84,23.1,8320,0
AHOG.DE,D,20210318,000000,22.8,23.1,22.8,23.1,1041,0
AHOG.DE,D,20210319,000000,23.03,23.44,23.03,23.36,4193,0
AHOG.DE,D,20210322,000000,23.43,23.43,23.05,23.14,4080,0
AHOG.DE,D,20210323,000000,23,23.28,23,23.04,2369,0
AHOG.DE,D,20210324,000000,23.19,23.24,23.04,23.15,11439,0
AHOG.DE,D,20210325,000000,23.19,23.53,23.19,23.53,9940,0
AHOG.DE,D,20210326,000000,23.32,23.53,23.32,23.34,1917,0
AHOG.DE,D,20210329,000000,23.74,24,23.68,24,2088,0
AHOG.DE,D,20210330,000000,23.83,24,23.75,23.75,4560,0
AHOG.DE,D,20210331,000000,23.91,24.01,23.8,23.8,3472,0
AHOG.DE,D,20210401,000000,23.75,23.805,23.75,23.8,183,0
AHOG.DE,D,20210406,000000,23.945,24.5,23.915,24.5,2223,0
AHOG.DE,D,20210407,000000,24.165,24.21,24.05,24.05,6519,0
AHOG.DE,D,20210408,000000,24.1,24.25,23.705,23.705,1063,0
AHOG.DE,D,20210409,000000,24.1,24.1,23.78,23.95,2060,0
AHOG.DE,D,20210412,000000,23.69,23.775,23.06,23.06,1255,0
AHOG.DE,D,20210413,000000,23.565,23.565,23.06,23.37,3134,0
AHOG.DE,D,20210414,000000,23.04,23.275,23,23.185,9881,0
AHOG.DE,D,20210415,000000,23.2,23.37,22.915,23.37,2449,0
AHOG.DE,D,20210416,000000,22.515,22.69,22.45,22.69,3276,0
AHOG.DE,D,20210419,000000,22.635,23.125,22.635,22.9,5659,0
AHOG.DE,D,20210420,000000,23.105,23.12,22.66,23.12,1492,0
AHOG.DE,D,20210421,000000,22.785,23.45,22.785,23.45,9817,0
AHOG.DE,D,20210422,000000,23.015,23.015,22.92,22.92,223,0
AHOG.DE,D,20210423,000000,22.92,23.45,22.495,23.45,3432,0
AHOG.DE,D,20210426,000000,22.655,23.45,22.565,23.45,523,0
AHOG.DE,D,20210427,000000,22.625,22.925,22.535,22.925,8470,0
AHOG.DE,D,20210428,000000,22.49,22.49,22.375,22.38,2994,0
AHOG.DE,D,20210429,000000,22.34,23.45,22.26,23.45,1609,0
AHOG.DE,D,20210430,000000,22.345,23.405,22.285,23.405,3516,0
AHOG.DE,D,20210503,000000,22.375,22.875,22.275,22.875,2427,0
AHOG.DE,D,20210504,000000,22.5,22.585,22.305,22.395,5377,0
AHOG.DE,D,20210505,000000,22.465,22.805,22.45,22.74,16799,0
AHOG.DE,D,20210506,000000,22.755,23.48,22.675,23.48,5300,0
AHOG.DE,D,20210507,000000,22.94,24.1,22.94,24.1,5309,0
AHOG.DE,D,20210510,000000,23.13,23.98,23.025,23.98,3519,0
AHOG.DE,D,20210511,000000,23.135,23.98,22.785,23.98,2560,0
AHOG.DE,D,20210512,000000,23.51,23.88,23.505,23.575,9145,0
AHOG.DE,D,20210513,000000,23.25,23.49,23.025,23.025,6524,0
AHOG.DE,D,20210514,000000,23.55,23.605,23.31,23.31,5228,0
AHOG.DE,D,20210517,000000,23.51,24.075,23.51,23.925,3705,0
AHOG.DE,D,20210518,000000,24.15,24.225,24,24,661,0
AHOG.DE,D,20210519,000000,24,24,23.905,23.905,200,0
AHOG.DE,D,20210520,000000,23.855,23.905,23.735,23.905,12425,0
AHOG.DE,D,20210521,000000,23.94,24.17,23.925,24.095,228,0
AHOG.DE,D,20210525,000000,23.995,23.995,23.86,23.86,4626,0
AHOG.DE,D,20210526,000000,23.88,23.88,23.735,23.735,1081,0
AHOG.DE,D,20210527,000000,23.825,23.865,23.785,23.855,5838,0
AHOG.DE,D,20210528,000000,23.8,23.93,23.8,23.89,412,0
AHOG.DE,D,20210531,000000,23.76,23.775,23.585,23.585,1127,0
AHOG.DE,D,20210601,000000,23.685,24.025,23.675,24.025,558,0
AHOG.DE,D,20210602,000000,23.715,23.715,23.635,23.685,866,0
AHOG.DE,D,20210603,000000,23.64,24.095,23.64,24.095,4847,0
AHOG.DE,D,20210604,000000,24,24.135,24,24.135,444,0
AHOG.DE,D,20210607,000000,24.185,24.43,23.905,23.905,2205,0
AHOG.DE,D,20210608,000000,24.45,24.815,24.45,24.655,2382,0
AHOG.DE,D,20210609,000000,24.535,24.535,24.34,24.34,337,0
AHOG.DE,D,20210610,000000,24.51,24.765,24.495,24.495,571,0
AHOG.DE,D,20210611,000000,24.69,24.885,24.655,24.885,1114,0
AHOG.DE,D,20210614,000000,24.855,24.89,24.855,24.89,1249,0
AHOG.DE,D,20210615,000000,24.895,25.1,24.85,25.1,214,0
AHOG.DE,D,20210616,000000,24.705,24.71,24.6,24.6,658,0
AHOG.DE,D,20210617,000000,24.615,24.82,24.4,24.4,1051,0
AHOG.DE,D,20210618,000000,24.64,24.64,24.125,24.125,240,0
AHOG.DE,D,20210621,000000,24.565,24.765,24.565,24.76,105,0
AHOG.DE,D,20210622,000000,24.755,24.895,24.755,24.895,4141,0
AHOG.DE,D,20210623,000000,25,25.005,24.35,24.35,400,0
AHOG.DE,D,20210624,000000,24.77,24.77,24.5,24.5,227,0
AHOG.DE,D,20210625,000000,24.71,24.715,24.71,24.715,48,0
AHOG.DE,D,20210628,000000,24.72,24.725,24.645,24.645,1182,0
AHOG.DE,D,20210629,000000,24.72,24.9,24.655,24.9,4597,0
AHOG.DE,D,20210630,000000,25,25.2,24.93,25.2,3566,0
AHOG.DE,D,20210701,000000,25.205,25.345,25.205,25.225,1354,0
AHOG.DE,D,20210702,000000,25.295,25.295,25.2,25.25,145,0
AHOG.DE,D,20210705,000000,25.22,25.335,25.22,25.335,10,0
AHOG.DE,D,20210706,000000,25.335,25.375,25.205,25.23,671,0
AHOG.DE,D,20210707,000000,25.28,25.67,25.28,25.35,4432,0
AHOG.DE,D,20210708,000000,25.385,25.485,25.245,25.245,276,0
AHOG.DE,D,20210709,000000,25.36,25.435,25.345,25.38,2641,0
AHOG.DE,D,20210712,000000,25.39,25.7,25.39,25.7,882,0
AHOG.DE,D,20210713,000000,25.505,25.535,25.375,25.375,479,0
AHOG.DE,D,20210714,000000,25.36,25.525,25.34,25.375,101,0
AHOG.DE,D,20210715,000000,25.295,25.41,25.295,25.4,389,0
AHOG.DE,D,20210716,000000,25.485,25.63,25.485,25.59,2952,0
AHOG.DE,D,20210719,000000,25.53,25.575,25.05,25.05,4542,0
AHOG.DE,D,20210720,000000,25.45,25.45,24.8,24.8,361,0
AHOG.DE,D,20210721,000000,25.435,25.7,25.15,25.15,3139,0
AHOG.DE,D,20210722,000000,25.62,25.975,25.4,25.975,1193,0
AHOG.DE,D,20210723,000000,25.77,25.975,25.77,25.975,798,0
AHOG.DE,D,20210726,000000,25.76,25.915,25.665,25.665,432,0
AHOG.DE,D,20210727,000000,25.69,25.735,25.675,25.675,31,0
AHOG.DE,D,20210728,000000,25.88,26,25.8,26,613,0
AHOG.DE,D,20210729,000000,25.78,25.975,25.765,25.97,1159,0
AHOG.DE,D,20210730,000000,25.95,26.38,25.95,26.38,811,0
AHOG.DE,D,20210802,000000,26.275,26.275,26,26,182,0
AHOG.DE,D,20210803,000000,26.275,26.62,26.2,26.2,2590,0
AHOG.DE,D,20210804,000000,26.5,26.57,26.205,26.205,6971,0
AHOG.DE,D,20210805,000000,26.485,26.485,26.375,26.485,1080,0
AHOG.DE,D,20210806,000000,26.355,26.665,26.35,26.665,1876,0
AHOG.DE,D,20210809,000000,26.465,26.755,26.465,26.565,2726,0
AHOG.DE,D,20210810,000000,26.79,26.805,26.755,26.805,6159,0
AHOG.DE,D,20210811,000000,27.125,27.815,27.125,27.745,5536,0
AHOG.DE,D,20210812,000000,27.93,28.315,27.93,28.1,6167,0
AHOG.DE,D,20210813,000000,27.86,27.86,27.69,27.805,922,0
AHOG.DE,D,20210816,000000,27.84,28.025,27.515,27.515,6083,0
AHOG.DE,D,20210817,000000,28.255,28.425,28.19,28.42,511,0
AHOG.DE,D,20210818,000000,28.385,28.5,28.38,28.415,1257,0
AHOG.DE,D,20210819,000000,28.355,28.745,28.29,28.745,7690,0
AHOG.DE,D,20210820,000000,28.935,29.045,28.72,28.97,2840,0
AHOG.DE,D,20210823,000000,28.895,29.06,28.895,29.01,872,0
AHOG.DE,D,20210824,000000,29.035,29.035,28.835,29,3799,0
