<TICKER>,<PER>,<DATE>,<TIME>,<OPEN>,<HIGH>,<LOW>,<CLOSE>,<VOL>,<OPENINT>
AMEI.DE,D,20190409,000000,46.825,46.965,46.76,46.76,0,0
AMEI.DE,D,20190410,000000,47.1,47.1,47.065,47.065,0,0
AMEI.DE,D,20190411,000000,46.875,46.875,46.5,46.5,0,0
AMEI.DE,D,20190412,000000,46.435,46.575,46.435,46.575,0,0
AMEI.DE,D,20190415,000000,46.61,46.64,46.525,46.525,0,0
AMEI.DE,D,20190416,000000,46.83,46.89,46.8,46.89,2468,0
AMEI.DE,D,20190417,000000,46.97,47.195,46.97,46.985,0,0
AMEI.DE,D,20190418,000000,47,47.395,47,47.395,2657,0
AMEI.DE,D,20190423,000000,47.155,47.4,47.155,47.4,0,0
AMEI.DE,D,20190424,000000,47.265,47.385,47.07,47.07,0,0
AMEI.DE,D,20190425,000000,47,47,46.9,47,0,0
AMEI.DE,D,20190426,000000,46.905,47.135,46.905,47.135,0,0
AMEI.DE,D,20190429,000000,47.2,47.24,47.14,47.14,0,0
AMEI.DE,D,20190430,000000,46.815,46.82,46.81,46.815,617,0
AMEI.DE,D,20190502,000000,46.87,46.87,46.685,46.685,0,0
AMEI.DE,D,20190503,000000,47.05,47.375,47.05,47.375,0,0
AMEI.DE,D,20190506,000000,47.375,47.375,46.23,46.41,20,0
AMEI.DE,D,20190507,000000,46.49,46.49,45.99,45.99,0,0
AMEI.DE,D,20190508,000000,46.225,46.225,45.885,46.035,0,0
AMEI.DE,D,20190509,000000,45.59,45.59,44.705,44.705,0,0
AMEI.DE,D,20190510,000000,45.525,45.525,44.94,44.94,0,0
AMEI.DE,D,20190513,000000,44.79,44.79,44.095,44.095,1434,0
AMEI.DE,D,20190514,000000,44.49,44.755,44.49,44.755,0,0
AMEI.DE,D,20190515,000000,44.975,44.975,44.715,44.73,0,0
AMEI.DE,D,20190516,000000,44.545,44.94,44.545,44.94,3634,0
AMEI.DE,D,20190517,000000,44.11,44.11,44.065,44.095,0,0
AMEI.DE,D,20190520,000000,44.125,44.125,43.9,43.95,0,0
AMEI.DE,D,20190521,000000,44.38,44.38,44.255,44.345,0,0
AMEI.DE,D,20190522,000000,44.545,44.59,44.545,44.555,0,0
AMEI.DE,D,20190523,000000,44.145,44.145,43.97,43.97,0,0
AMEI.DE,D,20190524,000000,44.165,44.28,43.955,43.955,3585,0
AMEI.DE,D,20190527,000000,44.23,44.23,44.14,44.19,0,0
AMEI.DE,D,20190528,000000,44.185,44.215,44.08,44.215,1434,0
AMEI.DE,D,20190529,000000,43.82,44.34,43.82,44.34,450,0
AMEI.DE,D,20190530,000000,44.775,44.93,44.72,44.93,2868,0
AMEI.DE,D,20190531,000000,44.68,45.26,44.64,45.26,0,0
AMEI.DE,D,20190603,000000,45.51,45.605,45.485,45.605,0,0
AMEI.DE,D,20190604,000000,44.96,45.225,44.95,45.225,0,0
AMEI.DE,D,20190605,000000,44.965,45.225,44.885,44.885,1434,0
AMEI.DE,D,20190606,000000,44.77,44.955,44.665,44.665,0,0
AMEI.DE,D,20190607,000000,44.815,44.905,44.73,44.905,0,0
AMEI.DE,D,20190611,000000,45.53,45.735,45.53,45.675,1434,0
AMEI.DE,D,20190612,000000,45.44,45.51,45.44,45.455,1434,0
AMEI.DE,D,20190613,000000,45.285,45.55,45.285,45.395,7170,0
AMEI.DE,D,20190614,000000,45.13,45.345,45.13,45.345,0,0
AMEI.DE,D,20190617,000000,45.2,45.2,45.08,45.12,0,0
AMEI.DE,D,20190618,000000,45.19,46.225,45.19,46.225,0,0
AMEI.DE,D,20190619,000000,46.285,46.285,46.16,46.17,312,0
AMEI.DE,D,20190620,000000,46.64,46.935,46.64,46.895,0,0
AMEI.DE,D,20190621,000000,46.6,46.6,46.525,46.525,0,0
AMEI.DE,D,20190624,000000,46.505,46.505,46.23,46.245,0,0
AMEI.DE,D,20190625,000000,46.045,46.125,46.045,46.1,0,0
AMEI.DE,D,20190626,000000,45.765,46.045,45.765,46.035,0,0
AMEI.DE,D,20190627,000000,46.335,46.335,46.18,46.18,0,0
AMEI.DE,D,20190628,000000,46.23,46.245,46.17,46.17,0,0
AMEI.DE,D,20190701,000000,46.85,47,46.85,46.985,69,0
AMEI.DE,D,20190702,000000,46.93,46.93,46.84,46.84,0,0
AMEI.DE,D,20190703,000000,46.57,46.795,46.57,46.795,201,0
AMEI.DE,D,20190704,000000,46.885,47.04,46.86,47.04,0,0
AMEI.DE,D,20190705,000000,46.915,46.915,46.74,46.74,0,0
AMEI.DE,D,20190708,000000,46.555,46.785,46.555,46.785,0,0
AMEI.DE,D,20190709,000000,46.44,46.655,46.425,46.62,36,0
AMEI.DE,D,20190710,000000,46.895,46.92,46.715,46.92,0,0
AMEI.DE,D,20190711,000000,47.16,47.215,46.925,46.925,0,0
AMEI.DE,D,20190712,000000,46.95,46.965,46.875,46.875,0,0
AMEI.DE,D,20190715,000000,47.095,47.295,47.095,47.295,0,0
AMEI.DE,D,20190716,000000,47.415,47.535,47.415,47.485,0,0
AMEI.DE,D,20190717,000000,47.465,47.465,47.185,47.185,0,0
AMEI.DE,D,20190718,000000,47.13,47.39,47.13,47.365,0,0
AMEI.DE,D,20190719,000000,47.6,47.625,47.6,47.62,0,0
AMEI.DE,D,20190722,000000,47.555,47.645,47.555,47.645,350,0
AMEI.DE,D,20190723,000000,47.735,47.78,47.735,47.74,100,0
AMEI.DE,D,20190724,000000,47.665,47.74,47.665,47.74,0,0
AMEI.DE,D,20190725,000000,47.91,47.91,47.22,47.335,6687,0
AMEI.DE,D,20190726,000000,47.16,47.16,47.135,47.135,0,0
AMEI.DE,D,20190729,000000,46.97,47.19,46.97,47.02,5,0
AMEI.DE,D,20190730,000000,47.12,47.12,46.75,46.75,0,0
AMEI.DE,D,20190731,000000,46.71,46.785,46.71,46.785,0,0
AMEI.DE,D,20190801,000000,46.615,46.775,46.615,46.775,0,0
AMEI.DE,D,20190802,000000,45.76,45.76,45.035,45.035,5,0
AMEI.DE,D,20190805,000000,44.645,44.645,43.69,43.73,5324,0
AMEI.DE,D,20190806,000000,44.095,44.36,43.91,43.91,1675,0
AMEI.DE,D,20190807,000000,44.145,44.27,43.72,43.72,0,0
AMEI.DE,D,20190808,000000,44.465,44.62,44.37,44.62,6,0
AMEI.DE,D,20190809,000000,44.785,44.785,44.155,44.155,3585,0
AMEI.DE,D,20190812,000000,44.59,44.59,43.615,43.615,5270,0
AMEI.DE,D,20190813,000000,43.3,44.065,43.155,44.02,8,0
AMEI.DE,D,20190814,000000,43.945,43.945,43.555,43.555,0,0
AMEI.DE,D,20190815,000000,43.46,43.475,43.12,43.475,301,0
AMEI.DE,D,20190816,000000,43.93,44.175,43.93,44.07,317,0
AMEI.DE,D,20190819,000000,44.485,44.485,44.145,44.145,0,0
AMEI.DE,D,20190820,000000,44.245,44.3,44.195,44.195,0,0
AMEI.DE,D,20190821,000000,44.405,44.405,44.375,44.375,0,0
AMEI.DE,D,20190822,000000,44.305,44.305,44.065,44.065,0,0
AMEI.DE,D,20190823,000000,44.33,44.37,43.415,43.415,0,0
AMEI.DE,D,20190826,000000,43.51,43.78,43.51,43.78,0,0
AMEI.DE,D,20190827,000000,43.49,43.815,43.49,43.815,0,0
AMEI.DE,D,20190828,000000,43.75,43.87,43.72,43.87,0,0
AMEI.DE,D,20190829,000000,43.635,44.4,43.635,44.4,0,0
AMEI.DE,D,20190830,000000,44.485,45.135,44.485,45.135,1434,0
AMEI.DE,D,20190902,000000,44.995,44.995,44.845,44.845,0,0
AMEI.DE,D,20190903,000000,44.665,44.695,44.655,44.695,52,0
AMEI.DE,D,20190904,000000,45.06,45.195,44.935,45.195,220,0
AMEI.DE,D,20190905,000000,45.445,45.615,45.445,45.615,0,0
AMEI.DE,D,20190906,000000,45.555,45.75,45.555,45.75,0,0
AMEI.DE,D,20190909,000000,45.95,45.95,45.81,45.81,50,0
AMEI.DE,D,20190910,000000,45.575,45.765,45.575,45.65,0,0
AMEI.DE,D,20190911,000000,45.895,46.3,45.895,46.3,0,0
AMEI.DE,D,20190912,000000,46.47,46.62,46.47,46.51,3085,0
AMEI.DE,D,20190913,000000,46.235,46.69,46.235,46.69,1862,0
AMEI.DE,D,20190916,000000,46.08,46.76,46.08,46.76,0,0
AMEI.DE,D,20190917,000000,46.285,46.285,46.06,46.195,128,0
AMEI.DE,D,20190918,000000,46.35,46.405,46.215,46.215,0,0
AMEI.DE,D,20190919,000000,46.22,46.39,46.11,46.39,617,0
AMEI.DE,D,20190920,000000,46.255,46.42,46.255,46.41,0,0
AMEI.DE,D,20190923,000000,46.265,46.4,46.265,46.4,4936,0
AMEI.DE,D,20190924,000000,46.435,46.5,46.145,46.145,644,0
AMEI.DE,D,20190925,000000,45.95,46.08,45.835,46.08,5036,0
AMEI.DE,D,20190926,000000,46.25,46.41,46.25,46.28,21,0
AMEI.DE,D,20190927,000000,46.32,46.34,46.32,46.32,0,0
AMEI.DE,D,20191001,000000,46.23,46.3,45.745,45.745,777,0
AMEI.DE,D,20191002,000000,45.54,45.54,44.965,44.965,3,0
AMEI.DE,D,20191004,000000,45.295,45.6,45.175,45.6,0,0
AMEI.DE,D,20191007,000000,46.03,46.03,45.49,45.555,2184,0
AMEI.DE,D,20191008,000000,45.69,45.69,45.19,45.325,155,0
AMEI.DE,D,20191009,000000,45.375,45.595,45.375,45.505,4302,0
AMEI.DE,D,20191010,000000,45.36,45.85,45.345,45.85,4302,0
AMEI.DE,D,20191011,000000,45.94,46.52,45.94,46.52,12,0
AMEI.DE,D,20191014,000000,46.29,46.335,46.105,46.25,11,0
AMEI.DE,D,20191015,000000,46.255,46.445,46.255,46.42,1752,0
AMEI.DE,D,20191016,000000,46.17,46.32,46.17,46.295,0,0
AMEI.DE,D,20191017,000000,46.37,46.465,46.37,46.455,0,0
AMEI.DE,D,20191018,000000,46.3,46.385,46.3,46.335,8847,0
AMEI.DE,D,20191021,000000,46.34,46.42,46.32,46.34,1851,0
AMEI.DE,D,20191022,000000,46.325,46.825,46.325,46.645,1500,0
AMEI.DE,D,20191023,000000,46.76,46.785,46.6,46.785,84,0
AMEI.DE,D,20191024,000000,46.84,47.16,46.84,47.16,21,0
AMEI.DE,D,20191025,000000,46.735,46.785,46.67,46.785,100,0
AMEI.DE,D,20191028,000000,47.22,47.335,47.155,47.335,4,0
AMEI.DE,D,20191029,000000,47.35,47.35,47.215,47.215,0,0
AMEI.DE,D,20191030,000000,47.16,47.215,47.045,47.045,0,0
AMEI.DE,D,20191031,000000,47.22,47.22,46.78,46.78,0,0
AMEI.DE,D,20191101,000000,47.055,47.31,47.025,47.215,3150,0
AMEI.DE,D,20191104,000000,47.775,47.89,47.775,47.855,195,0
AMEI.DE,D,20191105,000000,48.105,48.415,48.06,48.415,2451,0
AMEI.DE,D,20191106,000000,48.07,48.43,48.07,48.365,258,0
AMEI.DE,D,20191107,000000,48.385,48.725,48.385,48.665,2501,0
AMEI.DE,D,20191108,000000,48.355,48.415,48.355,48.365,2001,0
AMEI.DE,D,20191111,000000,47.55,47.88,47.55,47.88,0,0
AMEI.DE,D,20191112,000000,48.025,48.025,47.86,47.86,0,0
AMEI.DE,D,20191113,000000,47.5,47.53,47.21,47.34,812,0
AMEI.DE,D,20191114,000000,47.39,47.665,47.39,47.525,1883,0
AMEI.DE,D,20191115,000000,47.755,47.92,47.75,47.92,0,0
AMEI.DE,D,20191118,000000,47.855,47.855,47.625,47.625,60,0
AMEI.DE,D,20191119,000000,47.575,47.655,47.38,47.38,651,0
AMEI.DE,D,20191120,000000,47.335,47.425,47.3,47.425,8,0
AMEI.DE,D,20191121,000000,46.97,47.245,46.97,47.15,235,0
AMEI.DE,D,20191122,000000,47.165,47.305,47.165,47.21,1000,0
AMEI.DE,D,20191125,000000,47.605,47.695,47.605,47.665,157,0
AMEI.DE,D,20191126,000000,47.525,47.525,47.19,47.19,41,0
AMEI.DE,D,20191127,000000,47.31,47.445,47.31,47.395,6070,0
AMEI.DE,D,20191128,000000,47.175,47.195,47.145,47.145,0,0
AMEI.DE,D,20191129,000000,46.785,47.065,46.785,46.805,0,0
AMEI.DE,D,20191202,000000,46.95,46.99,46.35,46.35,1085,0
AMEI.DE,D,20191203,000000,46.61,46.61,46.115,46.12,68,0
AMEI.DE,D,20191204,000000,46.31,46.75,46.31,46.75,0,0
AMEI.DE,D,20191205,000000,46.81,46.82,46.8,46.82,0,0
AMEI.DE,D,20191206,000000,46.88,47.225,46.88,47.225,350,0
AMEI.DE,D,20191209,000000,47.13,47.13,46.99,47.015,0,0
AMEI.DE,D,20191210,000000,46.87,46.87,46.655,46.82,0,0
AMEI.DE,D,20191211,000000,46.975,47.08,46.95,47.08,622,0
AMEI.DE,D,20191212,000000,47.33,47.605,47.2,47.605,0,0
AMEI.DE,D,20191213,000000,47.965,48.045,47.785,47.785,2191,0
AMEI.DE,D,20191216,000000,48.06,48.455,48.06,48.39,7,0
AMEI.DE,D,20191217,000000,48.455,48.495,48.455,48.48,0,0
AMEI.DE,D,20191218,000000,48.72,48.955,48.72,48.875,20,0
AMEI.DE,D,20191219,000000,49.01,49.065,48.93,49.065,438,0
AMEI.DE,D,20191220,000000,49.12,49.41,49.12,49.41,0,0
AMEI.DE,D,20191223,000000,49.31,49.405,49.31,49.4,617,0
AMEI.DE,D,20191227,000000,49.56,49.56,49.26,49.26,150,0
AMEI.DE,D,20191230,000000,49.435,49.46,49.38,49.41,339,0
AMEI.DE,D,20200102,000000,49.095,49.64,49.095,49.52,996,0
AMEI.DE,D,20200103,000000,49.205,49.3,49.105,49.165,200,0
AMEI.DE,D,20200106,000000,49.31,49.31,48.395,48.66,267,0
AMEI.DE,D,20200107,000000,48.88,49.005,48.88,49.005,1234,0
AMEI.DE,D,20200108,000000,48.59,49.07,48.59,49.07,10,0
AMEI.DE,D,20200109,000000,49.455,49.545,49.41,49.41,0,0
AMEI.DE,D,20200110,000000,49.405,49.6,49.405,49.46,1739,0
AMEI.DE,D,20200113,000000,49.72,49.72,49.535,49.535,2253,0
AMEI.DE,D,20200114,000000,49.49,49.755,49.49,49.655,628,0
AMEI.DE,D,20200115,000000,49.655,49.765,49.575,49.575,699,0
AMEI.DE,D,20200116,000000,49.59,49.87,49.59,49.87,1234,0
AMEI.DE,D,20200117,000000,50.01,50.07,49.96,50.07,617,0
AMEI.DE,D,20200120,000000,49.955,50.03,49.955,49.97,112,0
AMEI.DE,D,20200121,000000,49.2,49.38,49.2,49.38,99,0
AMEI.DE,D,20200122,000000,49.63,49.65,49.51,49.575,184,0
AMEI.DE,D,20200123,000000,49.45,49.45,49.225,49.225,3085,0
AMEI.DE,D,20200124,000000,49.81,50.13,49.58,49.58,346,0
AMEI.DE,D,20200127,000000,48.14,48.32,48.06,48.185,6987,0
AMEI.DE,D,20200128,000000,48.34,48.47,48,48.47,10,0
AMEI.DE,D,20200129,000000,48.67,48.805,48.55,48.55,83,0
AMEI.DE,D,20200130,000000,47.68,47.805,47.535,47.535,3818,0
AMEI.DE,D,20200131,000000,47.435,47.705,46.745,46.745,4852,0
AMEI.DE,D,20200203,000000,46.99,47.3,46.805,47.16,1321,0
AMEI.DE,D,20200204,000000,47.98,48.61,47.98,48.61,40,0
AMEI.DE,D,20200205,000000,49,49,48.95,48.95,3085,0
AMEI.DE,D,20200206,000000,49.37,49.37,49.11,49.11,400,0
AMEI.DE,D,20200207,000000,48.88,48.88,48.54,48.54,200,0
AMEI.DE,D,20200210,000000,48.65,48.83,48.54,48.83,203,0
AMEI.DE,D,20200211,000000,49.08,49.395,49.08,49.315,822,0
AMEI.DE,D,20200212,000000,49.685,49.93,49.685,49.93,0,0
AMEI.DE,D,20200213,000000,49.32,49.665,49.32,49.665,4569,0
AMEI.DE,D,20200214,000000,49.62,49.66,49.53,49.53,0,0
AMEI.DE,D,20200217,000000,49.765,49.805,49.715,49.805,613,0
AMEI.DE,D,20200218,000000,49.125,49.395,49.125,49.395,1234,0
AMEI.DE,D,20200219,000000,49.705,49.755,49.705,49.755,0,0
AMEI.DE,D,20200220,000000,49.565,49.565,48.72,48.72,2068,0
AMEI.DE,D,20200221,000000,48.53,48.67,48.29,48.61,35195,0
AMEI.DE,D,20200224,000000,48.615,48.615,46.54,46.615,6727,0
AMEI.DE,D,20200225,000000,47.32,47.32,46.57,46.57,5158,0
AMEI.DE,D,20200226,000000,46.495,46.645,46.155,46.645,4319,0
AMEI.DE,D,20200227,000000,45.885,45.885,45.025,45.025,0,0
AMEI.DE,D,20200228,000000,43.695,43.695,43.4,43.4,19,0
AMEI.DE,D,20200302,000000,44.44,44.53,43.11,43.57,1683,0
AMEI.DE,D,20200303,000000,44.185,44.69,44.185,44.445,278,0
AMEI.DE,D,20200304,000000,44.38,44.98,44.38,44.63,20,0
AMEI.DE,D,20200305,000000,45.08,45.08,44.14,44.14,6006,0
AMEI.DE,D,20200306,000000,43.525,43.525,42.2,42.2,228,0
AMEI.DE,D,20200309,000000,42.2,42.2,38.84,39.355,115,0
AMEI.DE,D,20200310,000000,40.03,41.25,40.03,40.235,1002,0
AMEI.DE,D,20200311,000000,40.5,40.74,40.005,40.16,255,0
AMEI.DE,D,20200312,000000,38.14,38.14,38.14,38.14,196,0
AMEI.DE,D,20200313,000000,37.88,39.54,37.55,37.55,2043,0
AMEI.DE,D,20200316,000000,37.55,37.55,33.615,34.3,439,0
AMEI.DE,D,20200317,000000,34.63,34.965,33.93,34.965,629,0
AMEI.DE,D,20200318,000000,33.53,33.53,32.405,32.54,163,0
AMEI.DE,D,20200319,000000,32.125,32.47,32.01,32.47,39,0
AMEI.DE,D,20200320,000000,34.84,34.84,33.52,33.9,250,0
AMEI.DE,D,20200323,000000,32.1,32.28,31.595,31.725,182,0
AMEI.DE,D,20200324,000000,33.235,34.02,33.21,34.02,1312,0
AMEI.DE,D,20200325,000000,35.285,36.24,34.84,35.325,412,0
AMEI.DE,D,20200326,000000,35.155,36.64,35.155,36.535,377,0
AMEI.DE,D,20200327,000000,35.92,35.92,34.5,34.5,705,0
AMEI.DE,D,20200330,000000,34.75,34.75,33.975,34.67,929,0
AMEI.DE,D,20200331,000000,35.225,35.775,35.225,35.69,415,0
AMEI.DE,D,20200401,000000,34.675,34.675,34.14,34.265,11444,0
AMEI.DE,D,20200402,000000,34.625,35.01,34.625,35.01,15,0
AMEI.DE,D,20200403,000000,34.825,34.825,34.34,34.34,119,0
AMEI.DE,D,20200406,000000,35.56,36.125,35.54,36.115,335,0
AMEI.DE,D,20200407,000000,36.56,37.405,36.56,37.095,4153,0
AMEI.DE,D,20200408,000000,36.595,36.78,36.49,36.78,308,0
AMEI.DE,D,20200409,000000,37.44,37.725,37.05,37.375,1017,0
AMEI.DE,D,20200414,000000,37.73,38.065,37.54,37.54,175,0
AMEI.DE,D,20200415,000000,37.41,37.41,36.535,36.535,1355,0
AMEI.DE,D,20200416,000000,37.105,37.13,36.96,37.065,111,0
AMEI.DE,D,20200417,000000,37.915,38.205,37.3,37.3,548,0
AMEI.DE,D,20200420,000000,37.56,37.56,37.28,37.555,607,0
AMEI.DE,D,20200421,000000,37.15,37.15,36.175,36.175,786,0
AMEI.DE,D,20200422,000000,36.95,37.38,36.94,37.335,114,0
AMEI.DE,D,20200423,000000,37.785,37.92,37.645,37.82,609,0
AMEI.DE,D,20200424,000000,37.38,37.855,36.83,36.835,675,0
AMEI.DE,D,20200427,000000,37.585,37.675,37.585,37.675,237,0
AMEI.DE,D,20200428,000000,37.715,38.13,37.715,38.13,558,0
AMEI.DE,D,20200429,000000,38.55,39.09,38.55,39.09,166,0
AMEI.DE,D,20200430,000000,39.65,39.65,38.55,38.55,376,0
AMEI.DE,D,20200504,000000,37.34,37.64,37.155,37.415,2039,0
AMEI.DE,D,20200505,000000,37.985,38.25,37.985,38.165,208,0
AMEI.DE,D,20200506,000000,38.555,38.555,37.62,37.62,321,0
AMEI.DE,D,20200507,000000,37.92,38.015,37.815,37.915,54,0
AMEI.DE,D,20200508,000000,38.07,38.42,37.515,38.42,5,0
AMEI.DE,D,20200511,000000,38.55,38.55,38.07,38.25,468,0
AMEI.DE,D,20200512,000000,38.025,38.6,38.025,38.55,1943,0
AMEI.DE,D,20200513,000000,38.19,38.41,37.99,37.99,861,0
AMEI.DE,D,20200514,000000,37.805,37.935,37.235,37.635,783,0
AMEI.DE,D,20200515,000000,37.9,37.9,37.28,37.37,2086,0
AMEI.DE,D,20200518,000000,38.115,38.44,37.76,38.39,493,0
AMEI.DE,D,20200519,000000,38.165,38.295,38.015,38.295,2068,0
AMEI.DE,D,20200520,000000,38.025,38.605,38.025,38.43,1858,0
AMEI.DE,D,20200521,000000,38.305,38.4,38.215,38.4,129,0
AMEI.DE,D,20200522,000000,37.975,38.5,37.96,38.24,1155,0
AMEI.DE,D,20200525,000000,38.595,38.89,38.595,38.845,258,0
AMEI.DE,D,20200526,000000,39.315,39.37,39.17,39.215,1037,0
AMEI.DE,D,20200527,000000,39.075,39.165,38.97,39,161,0
AMEI.DE,D,20200528,000000,39.125,39.265,39.115,39.16,109,0
AMEI.DE,D,20200529,000000,38.785,38.785,38.425,38.425,10104,0
AMEI.DE,D,20200602,000000,39.825,40.625,39.825,40.625,2883,0
AMEI.DE,D,20200603,000000,40.885,41.835,40.725,41.745,3245,0
AMEI.DE,D,20200604,000000,41.285,41.37,40.885,40.885,4217,0
AMEI.DE,D,20200605,000000,41.15,42.19,41.125,42.175,1383,0
AMEI.DE,D,20200608,000000,41.86,42.02,41.76,41.875,1644,0
AMEI.DE,D,20200609,000000,42.34,42.34,41.695,41.695,1627,0
AMEI.DE,D,20200610,000000,42.115,42.215,41.79,41.96,6444,0
AMEI.DE,D,20200611,000000,41.35,41.35,40.6,40.6,2614,0
AMEI.DE,D,20200612,000000,40.4,41.225,40.4,41.02,123,0
AMEI.DE,D,20200615,000000,40.055,40.255,39.865,40.17,1202,0
AMEI.DE,D,20200616,000000,40.935,41.41,40.935,41.26,528,0
AMEI.DE,D,20200617,000000,41.33,41.83,41.33,41.74,86,0
AMEI.DE,D,20200618,000000,41.6,41.735,41.505,41.625,72,0
AMEI.DE,D,20200619,000000,41.68,41.965,41.68,41.875,460,0
AMEI.DE,D,20200622,000000,41.725,41.82,41.625,41.795,1491,0
AMEI.DE,D,20200623,000000,41.775,42.28,41.775,42.28,1055,0
AMEI.DE,D,20200624,000000,42.135,42.295,41.46,41.46,1382,0
AMEI.DE,D,20200625,000000,41.29,41.72,41.29,41.555,94,0
AMEI.DE,D,20200626,000000,41.825,41.93,41.235,41.235,143,0
AMEI.DE,D,20200629,000000,41.015,41.33,41.015,41.33,200,0
AMEI.DE,D,20200630,000000,41.595,41.595,41.315,41.315,343,0
AMEI.DE,D,20200701,000000,41.925,41.925,41.62,41.9,923,0
AMEI.DE,D,20200702,000000,42.33,42.84,42.33,42.84,5,0
AMEI.DE,D,20200703,000000,43.14,43.14,42.96,42.96,42,0
AMEI.DE,D,20200706,000000,43.47,43.785,43.47,43.785,35,0
AMEI.DE,D,20200707,000000,43.075,43.395,43.02,43.295,73,0
AMEI.DE,D,20200708,000000,43.945,43.945,43.395,43.55,1143,0
AMEI.DE,D,20200709,000000,43.955,44.3,43.795,43.85,76,0
AMEI.DE,D,20200710,000000,43.735,43.99,43.735,43.915,561,0
AMEI.DE,D,20200713,000000,44.355,44.505,44.28,44.48,1365,0
AMEI.DE,D,20200714,000000,43.545,43.545,43.1,43.44,1415,0
AMEI.DE,D,20200715,000000,43.58,43.81,43.505,43.75,1975,0
AMEI.DE,D,20200716,000000,42.77,43.055,42.7,43.035,527,0
AMEI.DE,D,20200717,000000,43.265,43.265,43.13,43.175,104,0
AMEI.DE,D,20200720,000000,42.97,43.5,42.97,43.5,224,0
AMEI.DE,D,20200721,000000,44.23,44.565,44.23,44.24,0,0
AMEI.DE,D,20200722,000000,43.995,43.995,43.53,43.725,1298,0
AMEI.DE,D,20200723,000000,43.93,43.99,43.66,43.7,2227,0
AMEI.DE,D,20200724,000000,43.7,43.7,42.76,43.045,226,0
AMEI.DE,D,20200727,000000,43.095,43.095,42.91,43.09,1,0
AMEI.DE,D,20200728,000000,43.355,43.355,43.16,43.235,133,0
AMEI.DE,D,20200729,000000,43.54,43.705,43.53,43.565,2969,0
AMEI.DE,D,20200730,000000,43.275,43.275,42.645,42.7,324,0
AMEI.DE,D,20200731,000000,42.86,42.945,42.645,42.645,406,0
AMEI.DE,D,20200803,000000,43.045,43.235,42.89,43.2,1877,0
AMEI.DE,D,20200804,000000,43.41,43.41,43.16,43.16,142,0
AMEI.DE,D,20200805,000000,43.61,43.78,43.61,43.78,940,0
AMEI.DE,D,20200806,000000,43.805,43.82,43.7,43.7,193,0
AMEI.DE,D,20200807,000000,43.895,43.895,43.8,43.835,1,0
AMEI.DE,D,20200810,000000,43.89,44.02,43.815,43.815,2342,0
AMEI.DE,D,20200811,000000,44.19,44.365,44.13,44.2,355,0
AMEI.DE,D,20200812,000000,44.17,44.34,44.17,44.225,120,0
AMEI.DE,D,20200813,000000,44.005,44.13,43.895,44.02,556,0
AMEI.DE,D,20200814,000000,44.065,44.075,43.765,43.895,992,0
AMEI.DE,D,20200817,000000,44.1,44.165,43.91,44.165,1527,0
AMEI.DE,D,20200818,000000,43.77,43.97,43.75,43.82,30,0
AMEI.DE,D,20200819,000000,43.8,43.96,43.8,43.92,21,0
AMEI.DE,D,20200820,000000,43.165,43.35,43.105,43.19,550,0
AMEI.DE,D,20200821,000000,43.76,44.35,43.76,44.195,1362,0
AMEI.DE,D,20200824,000000,44.605,44.775,44.605,44.69,94,0
AMEI.DE,D,20200825,000000,44.895,44.945,44.8,44.9,900,0
AMEI.DE,D,20200826,000000,44.985,45.27,44.975,45.235,767,0
AMEI.DE,D,20200827,000000,45.27,45.395,45.185,45.185,489,0
AMEI.DE,D,20200828,000000,45.315,45.315,45,45.24,1464,0
AMEI.DE,D,20200831,000000,44.78,44.78,43.82,43.98,370,0
AMEI.DE,D,20200901,000000,44.905,44.905,44.45,44.895,5111,0
AMEI.DE,D,20200902,000000,44.98,45.205,44.78,44.78,408,0
AMEI.DE,D,20200903,000000,44.985,44.985,44.17,44.17,6,0
AMEI.DE,D,20200904,000000,44.225,44.3,43.87,43.87,1836,0
AMEI.DE,D,20200907,000000,43.945,44.1,43.915,44.05,319,0
AMEI.DE,D,20200908,000000,44.015,44.015,43.53,43.53,704,0
AMEI.DE,D,20200909,000000,43.465,43.975,43.465,43.975,834,0
AMEI.DE,D,20200910,000000,43.8,43.8,43.52,43.52,1002,0
AMEI.DE,D,20200911,000000,43.75,43.815,43.66,43.66,135,0
AMEI.DE,D,20200914,000000,44.28,44.28,43.88,43.985,347,0
AMEI.DE,D,20200915,000000,44.22,44.545,44.22,44.545,670,0
AMEI.DE,D,20200916,000000,44.565,44.765,44.565,44.765,4,0
AMEI.DE,D,20200917,000000,44.235,44.26,44.195,44.195,531,0
AMEI.DE,D,20200918,000000,44.335,44.5,43.98,43.98,729,0
AMEI.DE,D,20200921,000000,43.65,43.65,43.09,43.12,207,0
AMEI.DE,D,20200922,000000,43.005,43.215,43,43.015,1954,0
AMEI.DE,D,20200923,000000,43.215,43.47,43.055,43.055,3365,0
AMEI.DE,D,20200924,000000,42.4,42.645,42.31,42.645,974,0
AMEI.DE,D,20200925,000000,42.85,42.85,42.55,42.785,1655,0
AMEI.DE,D,20200928,000000,43.29,43.445,43.29,43.375,6,0
AMEI.DE,D,20200929,000000,43.125,43.195,43.085,43.17,1266,0
AMEI.DE,D,20200930,000000,43.255,43.69,43.215,43.69,5420,0
AMEI.DE,D,20201001,000000,44.1,44.195,43.925,44.055,2367,0
AMEI.DE,D,20201002,000000,43.54,44.165,43.54,44.08,153,0
AMEI.DE,D,20201005,000000,44.15,44.2,44.06,44.2,725,0
AMEI.DE,D,20201006,000000,44.44,44.935,44.44,44.79,1269,0
AMEI.DE,D,20201007,000000,44.815,45.06,44.775,44.99,118,0
AMEI.DE,D,20201008,000000,45.025,45.28,45.025,45.17,178,0
AMEI.DE,D,20201009,000000,45.29,45.605,45.275,45.56,495,0
AMEI.DE,D,20201012,000000,45.54,45.685,45.32,45.59,2025,0
AMEI.DE,D,20201013,000000,45.435,45.53,45.32,45.415,1276,0
AMEI.DE,D,20201014,000000,45.33,45.715,45.27,45.655,541,0
AMEI.DE,D,20201015,000000,45.375,45.565,45.16,45.565,3539,0
AMEI.DE,D,20201016,000000,45.33,45.59,45.33,45.42,2186,0
AMEI.DE,D,20201019,000000,45.405,45.515,45.2,45.22,5405,0
AMEI.DE,D,20201020,000000,45.34,45.53,45.32,45.34,12157,0
AMEI.DE,D,20201021,000000,45.62,45.685,45.35,45.6,1826,0
AMEI.DE,D,20201022,000000,45.53,45.9,45.53,45.8,414,0
AMEI.DE,D,20201023,000000,45.71,45.925,45.71,45.78,1357,0
AMEI.DE,D,20201026,000000,45.51,45.6,45.425,45.425,309,0
AMEI.DE,D,20201027,000000,45.565,45.77,45.555,45.59,3845,0
AMEI.DE,D,20201028,000000,45.65,45.65,45.065,45.065,563,0
AMEI.DE,D,20201029,000000,45.59,45.62,45.215,45.605,3405,0
AMEI.DE,D,20201030,000000,45.04,45.43,45.04,45.32,6947,0
AMEI.DE,D,20201102,000000,45.86,46.19,45.795,46.065,3746,0
AMEI.DE,D,20201103,000000,46.425,46.67,46.425,46.485,11165,0
AMEI.DE,D,20201104,000000,46.405,47.875,46.405,47.875,152,0
AMEI.DE,D,20201105,000000,48.17,48.59,48.17,48.56,13031,0
AMEI.DE,D,20201106,000000,48.7,48.74,48.525,48.695,4772,0
AMEI.DE,D,20201109,000000,49.385,50.49,49.33,50.44,300,0
AMEI.DE,D,20201110,000000,49.78,49.935,49.52,49.625,2067,0
AMEI.DE,D,20201111,000000,49.375,50.01,49.375,49.95,35819,0
AMEI.DE,D,20201112,000000,49.9,50.6,49.9,50.24,28448,0
AMEI.DE,D,20201113,000000,50.47,50.54,50.38,50.38,3946,0
AMEI.DE,D,20201116,000000,51.02,51.17,50.81,50.98,5144,0
AMEI.DE,D,20201117,000000,50.75,50.81,50.39,50.65,7490,0
AMEI.DE,D,20201118,000000,50.81,51.25,50.81,50.89,7784,0
AMEI.DE,D,20201119,000000,50.64,50.88,50.54,50.76,1399,0
AMEI.DE,D,20201120,000000,50.95,51.4,50.95,51.2,529,0
AMEI.DE,D,20201123,000000,51.45,51.79,51.3,51.4,2561,0
AMEI.DE,D,20201124,000000,51.8,51.86,51.53,51.65,4174,0
AMEI.DE,D,20201125,000000,51.23,51.25,50.99,51.25,1636,0
AMEI.DE,D,20201126,000000,51.52,51.72,51.52,51.56,1110,0
AMEI.DE,D,20201127,000000,51.55,51.88,51.53,51.53,5830,0
AMEI.DE,D,20201130,000000,50.89,50.89,50.03,50.03,2485,0
AMEI.DE,D,20201201,000000,50.57,50.93,50.21,50.46,3037,0
AMEI.DE,D,20201202,000000,50.05,50.25,49.69,50.08,9595,0
AMEI.DE,D,20201203,000000,50.25,50.71,50.25,50.6,722,0
AMEI.DE,D,20201204,000000,50.7,50.89,50.66,50.76,2072,0
AMEI.DE,D,20201207,000000,50.85,51.03,50.6,50.94,2008,0
AMEI.DE,D,20201208,000000,51.07,51.46,50.89,51.42,17652,0
AMEI.DE,D,20201209,000000,51.32,51.36,51.15,51.15,4044,0
AMEI.DE,D,20201210,000000,51.05,51.23,51,51.19,149,0
AMEI.DE,D,20201211,000000,51.27,51.27,50.99,51.07,406,0
AMEI.DE,D,20201214,000000,51.05,51.07,50.89,50.89,398,0
AMEI.DE,D,20201215,000000,50.87,51.11,50.87,51.11,1480,0
AMEI.DE,D,20201216,000000,51.57,51.72,51.5,51.6,3173,0
AMEI.DE,D,20201217,000000,51.7,51.76,51.59,51.62,1600,0
AMEI.DE,D,20201218,000000,51.39,51.78,51.39,51.69,3135,0
AMEI.DE,D,20201221,000000,51.58,51.58,50.6,51.1,1045,0
AMEI.DE,D,20201222,000000,50.91,51.18,50.91,50.94,4067,0
AMEI.DE,D,20201223,000000,51.45,51.6,51.4,51.52,738,0
AMEI.DE,D,20201228,000000,52.06,52.06,51.45,51.46,1341,0
AMEI.DE,D,20201229,000000,51.54,51.86,51.52,51.69,1499,0
AMEI.DE,D,20201230,000000,52.28,52.44,52.28,52.28,1356,0
AMEI.DE,D,20210104,000000,53.33,53.59,53.06,53.06,6283,0
AMEI.DE,D,20210105,000000,53.55,53.63,53.25,53.31,4247,0
AMEI.DE,D,20210106,000000,53.33,53.65,53.14,53.65,566,0
AMEI.DE,D,20210107,000000,53.86,54.09,53.72,54.01,1945,0
AMEI.DE,D,20210108,000000,55,55.63,54.77,55.53,5556,0
AMEI.DE,D,20210111,000000,55.8,55.87,55.52,55.68,1720,0
AMEI.DE,D,20210112,000000,55.56,56.01,55.45,56.01,4686,0
AMEI.DE,D,20210113,000000,55.93,56.34,55.91,56.14,6623,0
AMEI.DE,D,20210114,000000,56.53,56.99,56.53,56.93,4519,0
AMEI.DE,D,20210115,000000,56.2,56.3,55.64,55.76,13741,0
AMEI.DE,D,20210118,000000,55.81,56.23,55.81,56.11,27642,0
AMEI.DE,D,20210119,000000,56.73,56.96,56.49,56.49,11382,0
AMEI.DE,D,20210120,000000,57.46,57.97,57.46,57.64,4795,0
AMEI.DE,D,20210121,000000,57.81,57.81,57.31,57.4,13816,0
AMEI.DE,D,20210122,000000,57.15,57.46,56.74,57.15,25507,0
AMEI.DE,D,20210125,000000,58.04,58.07,57.33,57.43,10480,0
AMEI.DE,D,20210126,000000,56.84,57.27,56.74,56.97,13323,0
AMEI.DE,D,20210127,000000,56.32,56.36,55.72,55.97,18300,0
AMEI.DE,D,20210128,000000,54.91,55.8,54.83,55.8,6313,0
AMEI.DE,D,20210129,000000,54.61,55.05,54.59,54.64,15807,0
AMEI.DE,D,20210201,000000,55.74,56.16,55.74,55.96,16438,0
AMEI.DE,D,20210202,000000,57.14,57.48,57.14,57.18,18096,0
AMEI.DE,D,20210203,000000,57.85,57.91,57.44,57.77,3509,0
AMEI.DE,D,20210204,000000,57.52,57.8,57.45,57.62,6823,0
AMEI.DE,D,20210205,000000,57.92,58.15,57.87,57.97,9781,0
AMEI.DE,D,20210208,000000,57.92,58.32,57.86,58.18,14052,0
AMEI.DE,D,20210209,000000,58.13,58.29,57.95,58.29,5428,0
AMEI.DE,D,20210210,000000,58.9,59.07,58.45,58.71,6967,0
AMEI.DE,D,20210211,000000,58.79,59.41,58.79,59.31,11087,0
AMEI.DE,D,20210212,000000,58.98,59.33,58.98,59.31,4702,0
AMEI.DE,D,20210215,000000,59.46,60.07,59.46,59.87,10510,0
AMEI.DE,D,20210216,000000,59.65,59.75,59.23,59.23,14398,0
AMEI.DE,D,20210217,000000,59.21,59.5,58.97,58.97,13017,0
AMEI.DE,D,20210218,000000,58.4,58.4,57.74,57.87,8440,0
AMEI.DE,D,20210219,000000,57.7,58.49,57.7,58.19,22338,0
AMEI.DE,D,20210222,000000,56.74,56.74,56.29,56.36,14742,0
AMEI.DE,D,20210223,000000,56.08,56.08,55.11,55.75,20399,0
AMEI.DE,D,20210224,000000,55.58,55.71,55,55.59,29084,0
AMEI.DE,D,20210225,000000,55.9,55.9,54.82,54.84,27410,0
AMEI.DE,D,20210226,000000,53.27,53.56,52.85,53.43,101463,0
AMEI.DE,D,20210301,000000,54.67,55.39,54.6,55.39,26073,0
AMEI.DE,D,20210302,000000,54.75,54.93,54.29,54.35,63981,0
AMEI.DE,D,20210303,000000,55.31,55.31,54.53,54.68,19197,0
AMEI.DE,D,20210304,000000,54.07,54.49,53.95,54.16,8855,0
AMEI.DE,D,20210305,000000,54.05,54.53,53.33,53.42,5402,0
AMEI.DE,D,20210308,000000,53.27,53.33,52.77,53.18,5147,0
AMEI.DE,D,20210309,000000,52.84,53.88,52.75,53.88,16169,0
AMEI.DE,D,20210310,000000,54.04,54.38,53.96,54.12,8119,0
AMEI.DE,D,20210311,000000,55.47,55.55,55.27,55.55,11896,0
AMEI.DE,D,20210312,000000,55.02,55.32,54.48,54.65,3178,0
AMEI.DE,D,20210315,000000,54.59,54.92,54.36,54.61,16287,0
AMEI.DE,D,20210316,000000,54.93,55.2,54.76,55.12,42933,0
AMEI.DE,D,20210317,000000,54.76,54.76,54.19,54.36,5248,0
AMEI.DE,D,20210318,000000,55.06,55.09,54.65,54.77,8046,0
AMEI.DE,D,20210319,000000,54.19,54.67,54.19,54.67,5774,0
AMEI.DE,D,20210322,000000,54.51,54.7,54.48,54.7,8527,0
AMEI.DE,D,20210323,000000,54.03,54.23,54,54.08,7706,0
AMEI.DE,D,20210324,000000,53.51,53.79,53.37,53.37,8069,0
AMEI.DE,D,20210325,000000,53.15,53.75,53.01,53.75,7260,0
AMEI.DE,D,20210326,000000,54.32,54.48,54.04,54.16,7725,0
AMEI.DE,D,20210329,000000,54.09,54.39,54.09,54.22,7555,0
AMEI.DE,D,20210330,000000,54.67,55.08,54.6,55.08,4496,0
AMEI.DE,D,20210331,000000,54.75,55.1,54.69,55.04,6075,0
AMEI.DE,D,20210401,000000,55.63,56.24,55.63,55.77,8193,0
AMEI.DE,D,20210406,000000,55.56,55.85,55.36,55.73,11336,0
AMEI.DE,D,20210407,000000,55.31,55.31,54.75,54.75,12256,0
AMEI.DE,D,20210408,000000,55.29,55.52,55.09,55.21,20279,0
AMEI.DE,D,20210409,000000,54.75,54.87,54.75,54.81,17593,0
AMEI.DE,D,20210412,000000,54.35,54.47,54.2,54.39,20847,0
AMEI.DE,D,20210413,000000,54.29,54.55,54.29,54.55,3928,0
AMEI.DE,D,20210414,000000,55.01,55.29,55.01,55.29,3295,0
AMEI.DE,D,20210415,000000,55.12,55.62,55.07,55.59,8373,0
AMEI.DE,D,20210416,000000,55.62,55.9,55.47,55.9,30813,0
AMEI.DE,D,20210419,000000,55.84,55.84,55.23,55.45,7927,0
AMEI.DE,D,20210420,000000,55.53,55.53,54.98,55.07,7473,0
AMEI.DE,D,20210421,000000,54.82,55.18,54.74,55.18,12578,0
AMEI.DE,D,20210422,000000,55.18,55.62,55.03,55.62,9327,0
AMEI.DE,D,20210423,000000,55.55,55.73,55.36,55.73,15334,0
AMEI.DE,D,20210426,000000,55.69,55.81,55.48,55.77,4744,0
AMEI.DE,D,20210427,000000,56.08,56.08,55.57,55.61,6506,0
AMEI.DE,D,20210428,000000,55.87,56.08,55.74,55.97,23213,0
AMEI.DE,D,20210429,000000,56.1,56.13,55.48,55.61,7663,0
AMEI.DE,D,20210430,000000,55.22,55.22,54.94,55.2,12899,0
AMEI.DE,D,20210503,000000,55.24,55.29,54.92,55.29,9428,0
AMEI.DE,D,20210504,000000,55.36,55.36,54.23,54.49,5086,0
AMEI.DE,D,20210505,000000,54.69,55.21,54.69,55.21,6114,0
AMEI.DE,D,20210506,000000,55.04,55.5,55,55.5,13992,0
AMEI.DE,D,20210507,000000,55.17,55.66,54.98,55.62,7206,0
AMEI.DE,D,20210510,000000,55.54,55.62,54.9,55,8250,0
AMEI.DE,D,20210511,000000,54.69,54.69,53.62,54.36,7211,0
AMEI.DE,D,20210512,000000,53.92,53.92,53.41,53.52,4432,0
AMEI.DE,D,20210513,000000,53.18,53.45,52.72,53.39,4680,0
AMEI.DE,D,20210514,000000,53.42,53.77,53.27,53.77,5991,0
AMEI.DE,D,20210517,000000,53.71,53.86,53.27,53.86,4433,0
AMEI.DE,D,20210518,000000,54.47,54.47,53.97,54.43,10518,0
AMEI.DE,D,20210519,000000,53.84,53.94,53.51,53.94,3136,0
AMEI.DE,D,20210520,000000,54.08,54.67,53.91,54.67,4506,0
AMEI.DE,D,20210521,000000,54.47,54.7,54.44,54.58,4959,0
AMEI.DE,D,20210525,000000,55.2,55.24,55.07,55.14,18982,0
AMEI.DE,D,20210526,000000,55.38,55.61,55.22,55.61,8378,0
AMEI.DE,D,20210527,000000,55.58,55.63,55.39,55.63,7911,0
AMEI.DE,D,20210528,000000,55.83,56.09,55.66,56.09,10232,0
AMEI.DE,D,20210531,000000,56.71,56.71,56.25,56.38,3617,0
AMEI.DE,D,20210601,000000,56.99,57.27,56.92,57.27,10606,0
AMEI.DE,D,20210602,000000,56.93,57.51,56.93,57.44,1716,0
AMEI.DE,D,20210603,000000,57.25,57.47,56.92,57.47,9865,0
AMEI.DE,D,20210604,000000,57.1,57.53,57.09,57.48,17585,0
AMEI.DE,D,20210607,000000,57.36,57.56,57.02,57.15,37811,0
AMEI.DE,D,20210608,000000,57.21,57.47,57.05,57.2,3414,0
AMEI.DE,D,20210609,000000,57.1,57.29,57.06,57.29,9456,0
AMEI.DE,D,20210610,000000,57.41,57.73,57.33,57.73,2964,0
AMEI.DE,D,20210611,000000,57.84,58.02,57.72,58.02,8722,0
AMEI.DE,D,20210614,000000,58.12,58.35,57.98,58.35,4483,0
AMEI.DE,D,20210615,000000,58.13,58.21,57.78,58,13510,0
AMEI.DE,D,20210616,000000,57.52,57.84,57.44,57.84,917,0
AMEI.DE,D,20210617,000000,57.92,58.52,57.89,58.52,5280,0
AMEI.DE,D,20210618,000000,58.72,58.79,58.54,58.75,3136,0
AMEI.DE,D,20210621,000000,58.5,58.78,58.46,58.78,1991,0
AMEI.DE,D,20210622,000000,58.53,58.53,57.99,58.32,27092,0
AMEI.DE,D,20210623,000000,58.81,58.89,58.61,58.75,12591,0
AMEI.DE,D,20210624,000000,58.92,59.26,58.91,59.1,8128,0
AMEI.DE,D,20210625,000000,59.37,59.46,59.1,59.27,23138,0
AMEI.DE,D,20210628,000000,59.32,59.55,59.11,59.46,14973,0
AMEI.DE,D,20210629,000000,59.45,59.95,59.45,59.76,7223,0
AMEI.DE,D,20210630,000000,59.92,60.12,59.7,60.12,6746,0
AMEI.DE,D,20210701,000000,60.01,60.13,59.58,59.74,9102,0
AMEI.DE,D,20210702,000000,59.49,59.64,59.08,59.49,13367,0
AMEI.DE,D,20210705,000000,59.14,59.25,59.03,59.25,13917,0
AMEI.DE,D,20210706,000000,58.75,58.89,58.47,58.7,9680,0
AMEI.DE,D,20210707,000000,58.7,59.34,58.67,58.96,4653,0
AMEI.DE,D,20210708,000000,57.67,57.74,57.1,57.51,9443,0
AMEI.DE,D,20210709,000000,57.72,58.25,57.72,58.25,11590,0
AMEI.DE,D,20210712,000000,58.14,58.41,57.88,58.41,3663,0
AMEI.DE,D,20210713,000000,58.86,58.86,58.39,58.67,5693,0
AMEI.DE,D,20210714,000000,58.46,58.52,58.25,58.25,3497,0
AMEI.DE,D,20210715,000000,58.8,58.8,58.28,58.68,20388,0
AMEI.DE,D,20210716,000000,58.68,58.71,58.32,58.51,9427,0
AMEI.DE,D,20210719,000000,58.18,58.18,57.14,57.55,6019,0
AMEI.DE,D,20210720,000000,57.53,57.72,57.28,57.6,3748,0
AMEI.DE,D,20210721,000000,57.43,57.82,57.28,57.82,5449,0
AMEI.DE,D,20210722,000000,58.28,58.28,57.82,58.07,3278,0
AMEI.DE,D,20210723,000000,58,58,57.28,57.52,3849,0
AMEI.DE,D,20210726,000000,55.99,56.13,55.44,56.13,12115,0
AMEI.DE,D,20210727,000000,55.04,55.04,53.96,54.12,12066,0
AMEI.DE,D,20210728,000000,54.95,55.84,54.53,55.84,23760,0
AMEI.DE,D,20210729,000000,56,56.46,56,56.46,16726,0
AMEI.DE,D,20210730,000000,55.4,56.23,55.4,56.23,3933,0
AMEI.DE,D,20210802,000000,56.47,56.75,56.13,56.75,14752,0
AMEI.DE,D,20210803,000000,56.54,56.57,56.28,56.5,11242,0
AMEI.DE,D,20210804,000000,57.07,57.26,57.03,57.06,2239,0
AMEI.DE,D,20210805,000000,57,57.29,56.89,57.25,3209,0
AMEI.DE,D,20210806,000000,56.83,57.03,56.76,56.99,14584,0
AMEI.DE,D,20210809,000000,57,57.22,57,57.22,1790,0
AMEI.DE,D,20210810,000000,57.51,57.66,57.38,57.38,6661,0
AMEI.DE,D,20210811,000000,57.54,57.68,57.3,57.45,19506,0
AMEI.DE,D,20210812,000000,57.26,57.27,56.83,57,4990,0
AMEI.DE,D,20210813,000000,56.71,56.79,56.45,56.55,3398,0
AMEI.DE,D,20210816,000000,55.96,56.06,55.84,55.96,7475,0
AMEI.DE,D,20210817,000000,54.97,55.45,54.89,55.44,7528,0
AMEI.DE,D,20210818,000000,55.87,55.87,55.7,55.7,15100,0
AMEI.DE,D,20210819,000000,54.77,54.86,54.42,54.7,22273,0
AMEI.DE,D,20210820,000000,54.26,54.85,53.99,54.71,14930,0
AMEI.DE,D,20210823,000000,55.02,55.13,54.83,55.11,31505,0
AMEI.DE,D,20210824,000000,56.01,56.3,55.92,56.3,24863,0
