<TICKER>,<PER>,<DATE>,<TIME>,<OPEN>,<HIGH>,<LOW>,<CLOSE>,<VOL>,<OPENINT>
ARRD.DE,D,20170522,000000,20.278902,20.338737,20.069481,20.154247,14570,0
ARRD.DE,D,20170523,000000,20.099399,20.234026,19.730419,20.014633,10537,0
ARRD.DE,D,20170524,000000,20.029592,20.343723,19.919895,19.954799,39707,0
ARRD.DE,D,20170525,000000,19.929868,19.97973,19.426261,19.570861,60097,0
ARRD.DE,D,20170526,000000,19.620723,19.914909,19.50604,19.875019,16735,0
ARRD.DE,D,20170529,000000,19.810199,19.969757,19.75535,19.75535,20285,0
ARRD.DE,D,20170530,000000,19.69053,19.944826,19.655626,19.914909,12022,0
ARRD.DE,D,20170531,000000,19.730419,19.75535,19.196895,19.236785,27394,0
ARRD.DE,D,20170601,000000,19.181937,19.511026,19.102157,19.491081,26193,0
ARRD.DE,D,20170602,000000,19.496068,19.61075,18.543702,18.758109,90138,0
ARRD.DE,D,20170606,000000,18.458937,18.498826,18.104916,18.324309,121244,0
ARRD.DE,D,20170607,000000,18.264475,18.713233,18.179709,18.384144,37929,0
ARRD.DE,D,20170608,000000,18.498826,18.837888,18.294392,18.797999,60593,0
ARRD.DE,D,20170609,000000,18.982488,19.152019,18.872792,18.937613,63408,0
ARRD.DE,D,20170612,000000,18.947585,18.972516,18.658385,18.802985,68039,0
ARRD.DE,D,20170613,000000,18.793013,18.952571,18.723206,18.902709,20607,0
ARRD.DE,D,20170614,000000,19.186923,19.236785,18.523757,18.523757,66116,0
ARRD.DE,D,20170615,000000,18.473895,18.473895,17.775826,18.000206,86783,0
ARRD.DE,D,20170616,000000,18.109902,18.124861,17.720978,17.805744,106208,0
ARRD.DE,D,20170619,000000,18.114888,18.508799,18.114888,18.314337,41540,0
ARRD.DE,D,20170620,000000,18.463923,18.463923,17.66613,17.760868,56557,0
ARRD.DE,D,20170621,000000,17.730951,18.304364,17.701033,18.134833,53003,0
ARRD.DE,D,20170622,000000,17.950344,18.748137,17.850619,18.698275,93923,0
ARRD.DE,D,20170623,000000,18.698275,18.907695,18.568633,18.812957,50608,0
ARRD.DE,D,20170626,000000,19.087199,19.102157,18.763095,18.897723,33298,0
ARRD.DE,D,20170627,000000,19.201881,19.620723,19.161992,19.481109,89870,0
ARRD.DE,D,20170628,000000,19.426261,19.870033,19.206868,19.79524,60659,0
ARRD.DE,D,20170629,000000,20.283888,20.388599,19.580833,19.590806,67621,0
ARRD.DE,D,20170630,000000,19.535957,19.999674,19.281661,19.775295,52785,0
ARRD.DE,D,20170703,000000,20.199123,20.598019,20.199123,20.55813,36453,0
ARRD.DE,D,20170704,000000,20.348709,20.732647,20.343723,20.588047,15759,0
ARRD.DE,D,20170705,000000,20.817412,20.942068,20.243999,20.513254,51189,0
ARRD.DE,D,20170706,000000,20.283888,20.538185,20.154247,20.343723,13583,0
ARRD.DE,D,20170707,000000,20.18915,20.393585,19.805212,20.069481,30481,0
ARRD.DE,D,20170710,000000,20.224054,20.528212,19.93984,20.513254,16769,0
ARRD.DE,D,20170711,000000,20.737633,20.996916,20.682785,20.852316,47651,0
ARRD.DE,D,20170712,000000,20.986943,21.380854,20.917137,21.196364,68383,0
ARRD.DE,D,20170713,000000,21.545399,21.839585,21.321019,21.640136,107389,0
ARRD.DE,D,20170714,000000,21.899419,22.083909,21.839585,21.904405,66845,0
ARRD.DE,D,20170717,000000,22.078923,22.163688,21.909392,22.163688,27733,0
ARRD.DE,D,20170718,000000,22.188619,22.198592,21.729888,21.939309,45563,0
ARRD.DE,D,20170719,000000,22.118812,22.577543,22.103854,22.487792,46056,0
ARRD.DE,D,20170720,000000,22.607461,22.68724,21.934323,21.999143,39013,0
ARRD.DE,D,20170721,000000,21.969226,22.21355,21.500523,21.540412,39702,0
ARRD.DE,D,20170724,000000,21.565343,21.784736,21.380854,21.724902,54723,0
ARRD.DE,D,20170725,000000,21.96424,22.408012,21.949281,22.383081,29612,0
ARRD.DE,D,20170726,000000,22.348178,22.517709,21.949281,21.994157,45863,0
ARRD.DE,D,20170727,000000,21.734874,22.388067,21.610219,22.318261,91163,0
ARRD.DE,D,20170728,000000,22.014102,22.06895,21.849557,21.949281,27672,0
ARRD.DE,D,20170731,000000,22.323247,22.388067,22.058978,22.123798,34598,0
ARRD.DE,D,20170801,000000,22.098867,22.318261,21.92435,21.92435,60932,0
ARRD.DE,D,20170802,000000,21.864516,21.869502,21.151488,21.291102,75285,0
ARRD.DE,D,20170803,000000,21.196364,21.640136,20.947054,21.615205,42713,0
ARRD.DE,D,20170804,000000,21.590274,22.103854,21.575316,22.103854,41674,0
ARRD.DE,D,20170807,000000,22.672281,23.140985,22.632392,23.131012,69679,0
ARRD.DE,D,20170808,000000,22.931564,23.240709,22.826854,23.235723,34802,0
ARRD.DE,D,20170809,000000,23.165916,23.335447,22.841812,22.906633,48482,0
ARRD.DE,D,20170810,000000,22.767019,22.906633,22.617433,22.851785,26289,0
ARRD.DE,D,20170811,000000,22.039033,22.14873,21.694985,21.854543,80724,0
ARRD.DE,D,20170814,000000,22.128785,22.188619,21.879474,21.889447,17400,0
ARRD.DE,D,20170815,000000,21.85953,21.949281,21.650109,21.839585,27291,0
ARRD.DE,D,20170816,000000,22.034047,22.457874,22.014102,22.422971,46849,0
ARRD.DE,D,20170817,000000,22.393054,22.587516,22.00413,22.044019,27597,0
ARRD.DE,D,20170818,000000,21.77975,22.143743,21.77975,22.143743,48065,0
ARRD.DE,D,20170821,000000,22.403026,22.43793,22.063964,22.153716,34165,0
ARRD.DE,D,20170822,000000,22.188619,22.288343,21.96424,22.188619,45582,0
ARRD.DE,D,20170823,000000,22.088895,22.14873,21.849557,22.133771,18677,0
ARRD.DE,D,20170824,000000,22.178647,22.188619,22.009116,22.158702,15291,0
ARRD.DE,D,20170825,000000,22.238481,22.627405,22.238481,22.258426,27030,0
ARRD.DE,D,20170828,000000,22.128785,22.178647,22.034047,22.123798,8615,0
ARRD.DE,D,20170829,000000,21.899419,21.929336,21.34595,21.640136,50142,0
ARRD.DE,D,20170830,000000,22.009116,22.223523,21.929336,22.223523,16857,0
ARRD.DE,D,20170831,000000,22.487792,22.821867,22.338205,22.363136,27863,0
ARRD.DE,D,20170901,000000,22.752061,22.961481,22.642364,22.931564,17646,0
ARRD.DE,D,20170904,000000,22.722143,22.886688,22.572557,22.572557,27754,0
ARRD.DE,D,20170905,000000,22.692226,22.901647,22.43793,22.452888,56735,0
ARRD.DE,D,20170906,000000,22.318261,22.587516,22.238481,22.412998,43282,0
ARRD.DE,D,20170907,000000,22.442916,22.517709,22.283357,22.39804,26003,0
ARRD.DE,D,20170908,000000,22.198592,22.677267,22.10884,22.238481,41458,0
ARRD.DE,D,20170911,000000,22.457874,22.732116,22.452888,22.732116,24901,0
ARRD.DE,D,20170912,000000,22.697212,23.006357,22.697212,22.876716,34630,0
ARRD.DE,D,20170913,000000,22.846798,22.981426,22.776992,22.856771,31585,0
ARRD.DE,D,20170914,000000,22.627405,22.642364,22.482805,22.547626,14226,0
ARRD.DE,D,20170915,000000,22.403026,22.562585,22.288343,22.348178,15879,0
ARRD.DE,D,20170918,000000,22.522695,22.677267,22.417985,22.64735,15570,0
ARRD.DE,D,20170919,000000,22.527681,22.527681,22.193605,22.283357,10806,0
ARRD.DE,D,20170920,000000,22.567571,22.622419,22.427957,22.622419,36071,0
ARRD.DE,D,20170921,000000,22.373109,22.422971,21.839585,21.904405,55735,0
ARRD.DE,D,20170922,000000,21.435702,21.640136,21.086668,21.585288,72666,0
ARRD.DE,D,20170925,000000,21.38584,21.450661,20.937081,20.996916,23604,0
ARRD.DE,D,20170926,000000,21.046778,21.390826,21.046778,21.191378,32607,0
ARRD.DE,D,20170927,000000,21.321019,21.330992,21.191378,21.231268,3131,0
ARRD.DE,D,20170928,000000,21.28113,21.540412,21.191378,21.470605,18558,0
ARRD.DE,D,20170929,000000,21.53044,21.759805,21.520467,21.759805,14328,0
ARRD.DE,D,20171002,000000,21.799695,22.338205,21.799695,22.338205,37930,0
ARRD.DE,D,20171004,000000,22.537654,22.677267,22.353164,22.627405,28381,0
ARRD.DE,D,20171005,000000,22.567571,22.93655,22.527681,22.901647,20100,0
ARRD.DE,D,20171006,000000,22.941536,23.036274,22.662309,22.702198,20900,0
ARRD.DE,D,20171009,000000,22.622419,22.677267,22.422971,22.452888,41124,0
ARRD.DE,D,20171010,000000,22.283357,22.283357,22.098867,22.203578,10472,0
ARRD.DE,D,20171011,000000,22.223523,22.308288,22.128785,22.273385,35669,0
ARRD.DE,D,20171012,000000,22.43793,22.866743,22.363136,22.866743,22583,0
ARRD.DE,D,20171013,000000,23.036274,24.651805,23.026302,24.522164,220813,0
ARRD.DE,D,20171016,000000,25.130481,25.190316,24.477288,24.581998,142424,0
ARRD.DE,D,20171017,000000,24.447371,24.547095,24.282826,24.412467,40322,0
ARRD.DE,D,20171018,000000,24.407481,24.896129,24.332688,24.367591,26658,0
ARRD.DE,D,20171019,000000,24.562053,24.611916,23.993626,24.596957,52229,0
ARRD.DE,D,20171020,000000,25.10555,25.369819,24.901116,25.100564,65400,0
ARRD.DE,D,20171023,000000,25.359847,25.728826,25.225219,25.599184,34096,0
ARRD.DE,D,20171024,000000,25.564281,25.823564,25.329929,25.738798,21106,0
ARRD.DE,D,20171025,000000,25.753757,25.82855,25.324943,25.389764,27562,0
ARRD.DE,D,20171026,000000,25.504447,25.659019,25.130481,25.384778,68921,0
ARRD.DE,D,20171027,000000,25.030757,25.040729,24.691695,24.965936,56884,0
ARRD.DE,D,20171030,000000,24.975909,25.175357,24.836295,25.045716,29586,0
ARRD.DE,D,20171101,000000,24.96095,25.534364,24.96095,25.220233,48241,0
ARRD.DE,D,20171102,000000,25.329929,25.43464,25.21026,25.399736,22965,0
ARRD.DE,D,20171103,000000,25.519405,25.519405,25.015798,25.449598,19714,0
ARRD.DE,D,20171106,000000,25.53935,25.738798,25.309984,25.334916,46423,0
ARRD.DE,D,20171107,000000,25.529378,25.529378,25.180343,25.304998,28241,0
ARRD.DE,D,20171108,000000,25.304998,25.334916,25.020784,25.10555,64690,0
ARRD.DE,D,20171109,000000,24.651805,24.796405,24.113295,24.262881,87384,0
ARRD.DE,D,20171110,000000,24.716626,25.574253,24.716626,25.10555,132191,0
ARRD.DE,D,20171113,000000,24.891143,24.96095,24.467316,24.801391,65856,0
ARRD.DE,D,20171114,000000,24.656791,24.876185,23.509964,23.509964,54640,0
ARRD.DE,D,20171115,000000,23.140985,23.624647,22.841812,23.485033,131007,0
ARRD.DE,D,20171116,000000,23.734343,23.824095,23.445143,23.65955,24242,0
ARRD.DE,D,20171117,000000,23.814123,23.878943,23.385309,23.569798,24336,0
ARRD.DE,D,20171120,000000,23.47506,24.083378,23.230736,23.923819,69772,0
ARRD.DE,D,20171121,000000,24.13324,24.532136,24.068419,24.497233,32914,0
ARRD.DE,D,20171122,000000,24.591971,24.861226,24.282826,24.67175,36682,0
ARRD.DE,D,20171123,000000,24.492247,24.926047,24.392522,24.901116,25099,0
ARRD.DE,D,20171124,000000,24.791419,24.955964,24.67175,24.67175,33360,0
ARRD.DE,D,20171127,000000,24.517178,24.92106,24.507205,24.696681,21991,0
ARRD.DE,D,20171128,000000,24.851253,25.00084,24.786433,24.995853,23841,0
ARRD.DE,D,20171129,000000,25.245164,25.878412,25.240178,25.619129,34059,0
ARRD.DE,D,20171130,000000,25.599184,25.948219,25.29004,25.29004,41972,0
ARRD.DE,D,20171201,000000,25.529378,25.903343,25.150426,25.414695,46993,0
ARRD.DE,D,20171204,000000,26.037971,26.177584,26.027998,26.097805,49729,0
ARRD.DE,D,20171205,000000,25.993095,25.993095,25.534364,25.646553,30747,0
ARRD.DE,D,20171206,000000,25.140453,26.152653,25.140453,26.087833,29504,0
ARRD.DE,D,20171207,000000,25.813591,26.202515,25.798633,26.112764,26526,0
ARRD.DE,D,20171208,000000,26.337143,26.501688,26.297253,26.382019,32603,0
ARRD.DE,D,20171211,000000,26.461798,26.925515,26.461798,26.708615,51183,0
ARRD.DE,D,20171212,000000,26.84075,26.910557,26.516646,26.895598,39246,0
ARRD.DE,D,20171213,000000,26.895598,26.935488,26.780915,26.793381,25874,0
ARRD.DE,D,20171214,000000,26.80086,26.875653,26.546564,26.556536,37646,0
ARRD.DE,D,20171215,000000,26.307226,26.337143,25.883398,26.062902,46575,0
ARRD.DE,D,20171218,000000,26.377033,26.65626,26.26235,26.636315,28246,0
ARRD.DE,D,20171219,000000,26.810833,26.970391,26.726067,26.775929,23600,0
ARRD.DE,D,20171220,000000,26.825791,26.955433,26.59144,26.910557,30132,0
ARRD.DE,D,20171221,000000,26.925515,27.45904,26.850722,27.394219,48842,0
ARRD.DE,D,20171222,000000,27.439095,27.454053,27.31444,27.399205,33821,0
ARRD.DE,D,20171227,000000,27.493943,27.633557,27.389233,27.508902,42596,0
ARRD.DE,D,20171228,000000,27.518874,27.518874,27.154881,27.179812,15601,0
ARRD.DE,D,20171229,000000,27.159867,27.349343,27.124964,27.12995,15432,0
ARRD.DE,D,20180102,000000,26.950446,27.917771,26.810833,27.917771,68054,0
ARRD.DE,D,20180103,000000,28.182039,28.72055,27.962646,28.685646,57450,0
ARRD.DE,D,20180104,000000,28.944929,28.944929,28.506143,28.615839,17749,0
ARRD.DE,D,20180105,000000,28.556005,28.556005,28.251846,28.371515,39117,0
ARRD.DE,D,20180108,000000,28.725536,29.129419,28.725536,29.099501,37701,0
ARRD.DE,D,20180109,000000,29.29895,29.687874,29.29895,29.578177,50372,0
ARRD.DE,D,20180110,000000,29.65297,29.917239,29.388701,29.742722,46477,0
ARRD.DE,D,20180111,000000,29.912253,30.251315,29.872363,30.066826,68946,0
ARRD.DE,D,20180112,000000,30.585391,30.655198,30.37597,30.535529,30153,0
ARRD.DE,D,20180115,000000,30.470708,30.535529,30.221398,30.535529,32490,0
ARRD.DE,D,20180116,000000,30.191481,30.206439,29.922226,30.036908,72385,0
ARRD.DE,D,20180117,000000,29.772639,30.256301,29.667929,29.682888,51761,0
ARRD.DE,D,20180118,000000,30.046881,30.071812,29.608095,29.762667,31774,0
ARRD.DE,D,20180119,000000,29.777626,30.136632,29.747708,29.967101,56579,0
ARRD.DE,D,20180122,000000,30.041895,30.361012,29.812529,29.852419,35859,0
ARRD.DE,D,20180123,000000,29.917239,29.917239,28.915012,29.179281,146071,0
ARRD.DE,D,20180124,000000,29.204212,29.448536,29.054626,29.139391,50040,0
ARRD.DE,D,20180125,000000,29.149364,29.73275,29.054626,29.618067,44192,0
ARRD.DE,D,20180126,000000,29.682888,29.872363,29.448536,29.872363,35905,0
ARRD.DE,D,20180129,000000,29.972088,30.281232,29.907267,30.121674,38779,0
ARRD.DE,D,20180130,000000,29.87735,29.87735,29.224157,29.463495,54000,0
ARRD.DE,D,20180131,000000,29.563219,29.83746,28.531074,29.169308,221966,0
ARRD.DE,D,20180201,000000,29.852419,30.061839,28.740495,28.830246,110366,0
ARRD.DE,D,20180202,000000,28.86515,28.86515,27.623584,27.70835,89967,0
ARRD.DE,D,20180205,000000,27.483971,28.097274,27.229674,28.012508,57088,0
ARRD.DE,D,20180206,000000,27.214715,27.81306,26.746012,27.020253,148919,0
ARRD.DE,D,20180207,000000,27.334384,27.763198,27.040198,27.653502,76871,0
ARRD.DE,D,20180208,000000,27.329398,27.429122,26.411936,26.526619,32943,0
ARRD.DE,D,20180209,000000,26.377033,26.750998,25.958191,26.177584,73736,0
ARRD.DE,D,20180212,000000,26.930502,27.184798,26.69615,26.775929,69588,0
ARRD.DE,D,20180213,000000,26.870667,27.389233,26.795874,27.254605,36725,0
ARRD.DE,D,20180214,000000,27.439095,28.022481,26.935488,27.753226,66424,0
ARRD.DE,D,20180215,000000,28.251846,28.620826,27.872895,28.10226,40205,0
ARRD.DE,D,20180216,000000,28.361543,28.416391,27.942702,28.386474,34267,0
ARRD.DE,D,20180219,000000,29.079557,29.099501,28.446308,28.630798,27313,0
ARRD.DE,D,20180220,000000,28.880108,29.029695,28.620826,28.82526,32190,0
ARRD.DE,D,20180221,000000,28.381488,28.64077,28.281764,28.526088,12310,0
ARRD.DE,D,20180222,000000,28.052398,28.560991,28.002536,28.466253,11259,0
ARRD.DE,D,20180223,000000,28.560991,28.615839,28.087302,28.122205,11813,0
ARRD.DE,D,20180226,000000,28.416391,28.64077,28.406419,28.481212,13753,0
ARRD.DE,D,20180227,000000,28.605867,28.68066,28.416391,28.625812,9347,0
ARRD.DE,D,20180228,000000,28.371515,28.461267,28.182039,28.182039,10675,0
ARRD.DE,D,20180301,000000,28.127191,28.231902,27.558764,27.633557,75823,0
ARRD.DE,D,20180302,000000,27.015267,27.23466,26.22246,26.646288,89388,0
ARRD.DE,D,20180305,000000,26.372046,26.84075,26.082846,26.44684,22224,0
ARRD.DE,D,20180306,000000,26.825791,26.860695,26.476757,26.571495,20402,0
ARRD.DE,D,20180307,000000,26.15764,26.925515,26.008053,26.850722,28564,0
ARRD.DE,D,20180308,000000,27.055157,27.055157,26.232433,26.476757,42760,0
ARRD.DE,D,20180309,000000,26.172598,26.601412,26.112764,26.312212,27086,0
ARRD.DE,D,20180312,000000,26.237419,26.317198,26.032984,26.122736,25779,0
ARRD.DE,D,20180313,000000,26.217474,26.760971,26.217474,26.36706,16528,0
ARRD.DE,D,20180314,000000,26.40695,26.626343,26.202515,26.421909,6340,0
ARRD.DE,D,20180315,000000,26.332157,26.506674,26.187557,26.36706,23399,0
ARRD.DE,D,20180316,000000,26.396978,26.666233,26.347115,26.566509,9986,0
ARRD.DE,D,20180319,000000,26.232433,26.277309,25.589212,25.664005,16679,0
ARRD.DE,D,20180320,000000,25.778688,26.182571,25.713867,26.112764,20094,0
ARRD.DE,D,20180321,000000,26.023012,27.154881,26.003067,27.154881,25228,0
ARRD.DE,D,20180322,000000,27.060143,27.334384,25.68395,26.062902,36207,0
ARRD.DE,D,20180323,000000,25.654033,25.693922,25.080619,25.185329,39547,0
ARRD.DE,D,20180326,000000,25.339902,25.389764,24.791419,24.891143,25419,0
ARRD.DE,D,20180327,000000,25.364833,25.559295,25.125495,25.155412,15222,0
ARRD.DE,D,20180328,000000,24.751529,24.781447,24.312743,24.581998,16553,0
ARRD.DE,D,20180329,000000,24.995853,25.748771,24.970922,25.629102,32157,0
ARRD.DE,D,20180403,000000,25.414695,25.818578,25.095578,25.569267,17965,0
ARRD.DE,D,20180404,000000,25.364833,25.514419,24.532136,24.686709,18514,0
ARRD.DE,D,20180405,000000,25.329929,26.147667,25.329929,26.037971,21441,0
ARRD.DE,D,20180406,000000,25.778688,25.833536,25.295026,25.454584,24348,0
ARRD.DE,D,20180409,000000,25.664005,25.853481,25.055688,25.414695,18615,0
ARRD.DE,D,20180410,000000,26.267336,26.337143,26.102791,26.227446,21965,0
ARRD.DE,D,20180411,000000,26.127722,26.431881,25.848495,25.858467,29710,0
ARRD.DE,D,20180412,000000,25.793647,26.247391,25.668991,26.147667,10603,0
ARRD.DE,D,20180413,000000,26.616371,26.780915,26.342129,26.461798,15421,0
ARRD.DE,D,20180416,000000,26.372046,26.576481,26.332157,26.377033,6721,0
ARRD.DE,D,20180417,000000,26.65626,26.970391,26.546564,26.960419,8920,0
ARRD.DE,D,20180418,000000,27.284522,28.187026,27.214715,28.157108,41833,0
ARRD.DE,D,20180419,000000,28.461267,28.501157,27.763198,28.177053,28864,0
ARRD.DE,D,20180420,000000,28.097274,28.670688,28.097274,28.366529,19567,0
ARRD.DE,D,20180423,000000,28.670688,28.700605,28.047412,28.35157,2764,0
ARRD.DE,D,20180424,000000,28.291736,28.750467,28.28675,28.590908,10235,0
ARRD.DE,D,20180425,000000,28.107246,28.226915,27.52386,27.768184,19613,0
ARRD.DE,D,20180426,000000,27.773171,27.912784,27.364302,27.778157,34816,0
ARRD.DE,D,20180427,000000,28.002536,28.002536,27.478984,27.753226,21482,0
ARRD.DE,D,20180430,000000,27.922757,28.182039,27.912784,28.007522,15322,0
ARRD.DE,D,20180502,000000,28.067357,28.600881,28.067357,28.471239,15469,0
ARRD.DE,D,20180503,000000,28.28675,28.416391,28.06237,28.14215,5520,0
ARRD.DE,D,20180504,000000,28.28675,28.939943,28.196998,28.939943,5154,0
ARRD.DE,D,20180507,000000,29.159336,29.249088,29.039667,29.244101,14155,0
ARRD.DE,D,20180508,000000,29.249088,29.378729,28.989805,29.07457,7814,0
ARRD.DE,D,20180509,000000,28.999777,29.358784,28.999777,29.348812,28627,0
ARRD.DE,D,20180510,000000,29.413632,29.717791,29.234129,29.483439,11030,0
ARRD.DE,D,20180511,000000,30.60035,30.655198,29.872363,30.121674,46761,0
ARRD.DE,D,20180514,000000,29.932198,30.395915,29.817515,30.395915,8348,0
ARRD.DE,D,20180515,000000,30.306163,30.385943,29.94217,30.081784,4016,0
ARRD.DE,D,20180516,000000,30.395915,30.575419,30.286219,30.420846,15042,0
ARRD.DE,D,20180517,000000,30.655,30.75,30.305,30.605,11347,0
ARRD.DE,D,20180518,000000,30.495,30.58,30.095,30.235,10338,0
ARRD.DE,D,20180522,000000,29.21,30.175,29.015,30.13,56718,0
ARRD.DE,D,20180523,000000,29.535,29.65,28.62,28.7,62892,0
ARRD.DE,D,20180524,000000,28.94,28.99,28.3,28.52,11152,0
ARRD.DE,D,20180525,000000,28.705,28.705,28.2,28.475,38859,0
ARRD.DE,D,20180528,000000,28.5,28.59,27.5,27.5,30341,0
ARRD.DE,D,20180529,000000,27.905,28.105,27.395,27.745,47711,0
ARRD.DE,D,20180530,000000,27.56,27.72,27.34,27.61,34490,0
ARRD.DE,D,20180531,000000,27.64,28.065,27.46,27.655,29017,0
ARRD.DE,D,20180601,000000,28.02,28.465,27.98,27.98,21839,0
ARRD.DE,D,20180604,000000,28.385,28.435,28.1,28.295,5213,0
ARRD.DE,D,20180605,000000,28.14,28.735,28.14,28.625,13015,0
ARRD.DE,D,20180606,000000,29.015,29.465,28.865,29.465,6220,0
ARRD.DE,D,20180607,000000,29.585,29.66,28.74,28.77,37157,0
ARRD.DE,D,20180608,000000,28.03,28.245,27.88,28.015,21456,0
ARRD.DE,D,20180611,000000,28.095,28.78,27.96,28.615,31114,0
ARRD.DE,D,20180612,000000,28.815,28.815,28.29,28.335,15214,0
ARRD.DE,D,20180613,000000,28.495,28.92,28.495,28.785,19899,0
ARRD.DE,D,20180614,000000,28.635,29.095,28.275,29.06,21398,0
ARRD.DE,D,20180615,000000,29.085,29.12,27.955,28.035,13273,0
ARRD.DE,D,20180618,000000,27.83,28.195,27.63,28.145,22098,0
ARRD.DE,D,20180619,000000,27.18,27.44,26.89,27.14,21500,0
ARRD.DE,D,20180620,000000,27.49,27.745,27.2075,27.2075,4890,0
ARRD.DE,D,20180621,000000,27.495,27.52,26.895,27.01,13377,0
ARRD.DE,D,20180622,000000,27.125,27.475,26.97,27.375,4261,0
ARRD.DE,D,20180625,000000,27.175,27.245,25.995,25.995,57674,0
ARRD.DE,D,20180626,000000,26.27,26.33,25.625,25.71,15916,0
ARRD.DE,D,20180627,000000,25.655,26,25.01,25.725,26582,0
ARRD.DE,D,20180628,000000,25.615,25.615,24.825,25.26,14843,0
ARRD.DE,D,20180629,000000,25.905,25.96,25.09,25.09,19742,0
ARRD.DE,D,20180702,000000,24.205,24.82,24.13,24.63,41415,0
ARRD.DE,D,20180703,000000,24.6,24.875,24.345,24.49,26189,0
ARRD.DE,D,20180704,000000,24.735,24.82,24.13,24.82,13547,0
ARRD.DE,D,20180705,000000,24.5,25.29,24.485,25.24,17778,0
ARRD.DE,D,20180706,000000,25.79,26.035,25,25.485,28262,0
ARRD.DE,D,20180709,000000,25.995,25.995,25.31,25.795,14065,0
ARRD.DE,D,20180710,000000,25.875,25.9,25.475,25.68,17391,0
ARRD.DE,D,20180711,000000,25.035,25.17,24.67,24.73,12507,0
ARRD.DE,D,20180712,000000,25.14,25.45,24.955,25.425,9906,0
ARRD.DE,D,20180713,000000,25.57,25.715,25.34,25.445,12481,0
ARRD.DE,D,20180716,000000,25.24,25.315,25.075,25.125,8466,0
ARRD.DE,D,20180717,000000,25.275,25.75,25.055,25.715,10494,0
ARRD.DE,D,20180718,000000,26.05,26.55,26.025,26.505,20824,0
ARRD.DE,D,20180719,000000,26.71,26.74,25.65,25.69,16580,0
ARRD.DE,D,20180720,000000,25.575,25.82,24.755,25.14,12190,0
ARRD.DE,D,20180723,000000,25.08,25.325,25.05,25.29,2392,0
ARRD.DE,D,20180724,000000,25.71,26.865,25.625,26.625,27998,0
ARRD.DE,D,20180725,000000,26.325,26.44,26.11,26.19,10060,0
ARRD.DE,D,20180726,000000,26.81,26.83,26.31,26.53,23121,0
ARRD.DE,D,20180727,000000,27.155,27.28,26.865,27.025,12324,0
ARRD.DE,D,20180730,000000,26.66,27.14,26.605,27.07,6810,0
ARRD.DE,D,20180731,000000,27.02,27.66,26.765,27.485,22290,0
ARRD.DE,D,20180801,000000,28.085,28.215,27.755,28.15,33354,0
ARRD.DE,D,20180802,000000,27.82,27.82,26.915,27.315,48404,0
ARRD.DE,D,20180803,000000,27.465,27.845,27.245,27.735,8834,0
ARRD.DE,D,20180806,000000,27.845,27.845,27.05,27.25,10975,0
ARRD.DE,D,20180807,000000,27.68,28.175,27.565,28.035,17801,0
ARRD.DE,D,20180808,000000,27.855,27.885,27.58,27.62,9709,0
ARRD.DE,D,20180809,000000,27.49,27.645,27.345,27.455,4784,0
ARRD.DE,D,20180810,000000,26.91,26.99,26.215,26.695,21394,0
ARRD.DE,D,20180813,000000,26.375,26.53,26.16,26.295,9008,0
ARRD.DE,D,20180814,000000,26.56,26.56,25.935,26.155,8899,0
ARRD.DE,D,20180815,000000,25.8,26.005,24.63,24.92,24255,0
ARRD.DE,D,20180816,000000,25.35,25.35,25.095,25.2,8437,0
ARRD.DE,D,20180817,000000,25.045,25.18,24.545,24.985,6067,0
ARRD.DE,D,20180820,000000,25.585,25.845,25.475,25.655,4407,0
ARRD.DE,D,20180821,000000,25.675,26.045,25.565,26,3980,0
ARRD.DE,D,20180822,000000,25.82,26.065,25.7,25.98,17654,0
ARRD.DE,D,20180823,000000,25.795,25.805,25.595,25.595,12389,0
ARRD.DE,D,20180824,000000,25.675,26.17,25.665,26.15,2733,0
ARRD.DE,D,20180827,000000,26.295,26.38,25.9901,26.275,6824,0
ARRD.DE,D,20180828,000000,26.505,26.765,26.445,26.535,5468,0
ARRD.DE,D,20180829,000000,26.48,26.59,26.345,26.585,12268,0
ARRD.DE,D,20180830,000000,26.36,26.495,26.17,26.17,7398,0
ARRD.DE,D,20180831,000000,26.095,26.135,25.665,25.9,10037,0
ARRD.DE,D,20180903,000000,25.925,26.085,25.855,26.085,8821,0
ARRD.DE,D,20180904,000000,25.945,26.065,25.24,25.34,8211,0
ARRD.DE,D,20180905,000000,25.07,25.09,24.705,24.875,10830,0
ARRD.DE,D,20180906,000000,24.825,25.295,24.665,24.705,14085,0
ARRD.DE,D,20180907,000000,24.95,25.065,24.745,24.875,2817,0
ARRD.DE,D,20180910,000000,24.78,25.1,24.62,25.04,9434,0
ARRD.DE,D,20180911,000000,24.25,24.525,24.14,24.525,26702,0
ARRD.DE,D,20180912,000000,24.685,25.17,24.685,25.165,4819,0
ARRD.DE,D,20180913,000000,25.29,25.29,24.675,24.785,8703,0
ARRD.DE,D,20180914,000000,25.03,25.15,24.975,25.15,8853,0
ARRD.DE,D,20180917,000000,25.07,25.745,25.07,25.585,4003,0
ARRD.DE,D,20180918,000000,25.73,26.01,25.645,25.925,9909,0
ARRD.DE,D,20180919,000000,26.41,27.095,26.385,26.945,19068,0
ARRD.DE,D,20180920,000000,26.985,27.6,26.985,27.355,20458,0
ARRD.DE,D,20180921,000000,27.775,27.865,27.36,27.5,12474,0
ARRD.DE,D,20180924,000000,27.175,27.425,26.99,27.265,12593,0
ARRD.DE,D,20180925,000000,27.38,27.77,27.38,27.735,15853,0
ARRD.DE,D,20180926,000000,27.76,27.76,27.405,27.6,27340,0
ARRD.DE,D,20180927,000000,27.18,27.445,26.92,27.015,9472,0
ARRD.DE,D,20180928,000000,27.095,27.125,26.6,26.795,9898,0
ARRD.DE,D,20181001,000000,26.73,26.945,26.54,26.595,9484,0
ARRD.DE,D,20181002,000000,26.55,26.87,26.305,26.69,9716,0
ARRD.DE,D,20181004,000000,27.12,27.3,26.81,26.915,6894,0
ARRD.DE,D,20181005,000000,26.07,26.085,25.7,25.82,26384,0
ARRD.DE,D,20181008,000000,25.745,25.78,25.415,25.515,19199,0
ARRD.DE,D,20181009,000000,25.935,26.085,25.67,26.01,18211,0
ARRD.DE,D,20181010,000000,25.97,25.97,24.745,24.745,31857,0
ARRD.DE,D,20181011,000000,24.165,24.645,24.165,24.185,10667,0
ARRD.DE,D,20181012,000000,24.73,24.83,24.31,24.58,11355,0
ARRD.DE,D,20181015,000000,24.425,24.59,24.315,24.55,11602,0
ARRD.DE,D,20181016,000000,24.445,24.815,24.31,24.76,16246,0
ARRD.DE,D,20181017,000000,24.955,25.205,24.585,24.845,42491,0
ARRD.DE,D,20181018,000000,25,25.125,24.71,24.71,4810,0
ARRD.DE,D,20181019,000000,24.74,24.805,23.71,23.755,59035,0
ARRD.DE,D,20181022,000000,24.18,24.2,23.525,23.58,32759,0
ARRD.DE,D,20181023,000000,23.215,23.275,22.645,22.965,37509,0
ARRD.DE,D,20181024,000000,22.71,22.71,21.615,21.64,51635,0
ARRD.DE,D,20181025,000000,21.245,22.295,20.825,22.065,73535,0
ARRD.DE,D,20181026,000000,21.475,21.475,20.935,21.265,42270,0
ARRD.DE,D,20181029,000000,21.43,22.395,21.31,22.145,22767,0
ARRD.DE,D,20181030,000000,22.07,22.07,21.35,21.54,15506,0
ARRD.DE,D,20181031,000000,21.775,22.14,21.76,22.02,24199,0
ARRD.DE,D,20181101,000000,21.855,22.58,21.64,22.175,78682,0
ARRD.DE,D,20181102,000000,22.935,23.47,22.275,22.275,73015,0
ARRD.DE,D,20181105,000000,22.255,22.72,22.085,22.485,37668,0
ARRD.DE,D,20181106,000000,22.525,22.64,22.415,22.495,21226,0
ARRD.DE,D,20181107,000000,22.595,23.19,22.55,22.655,35390,0
ARRD.DE,D,20181108,000000,22.87,22.93,22.67,22.79,20558,0
ARRD.DE,D,20181109,000000,22.485,22.485,22.02,22.22,39790,0
ARRD.DE,D,20181112,000000,22.715,22.73,21.73,21.775,13425,0
ARRD.DE,D,20181113,000000,22,22.1,21.295,21.63,32169,0
ARRD.DE,D,20181114,000000,21.275,21.755,21.1,21.485,26567,0
ARRD.DE,D,20181115,000000,21.72,22.065,21.57,21.77,17057,0
ARRD.DE,D,20181116,000000,21.885,21.96,21.6,21.735,12340,0
ARRD.DE,D,20181119,000000,21.92,22.205,21.65,21.685,9374,0
ARRD.DE,D,20181120,000000,21.39,21.39,20.55,20.66,21636,0
ARRD.DE,D,20181121,000000,20.745,21.175,20.71,21.11,11348,0
ARRD.DE,D,20181122,000000,20.82,20.82,20.5,20.5,4428,0
ARRD.DE,D,20181123,000000,20.455,20.71,19.834,19.972,129777,0
ARRD.DE,D,20181126,000000,20.1,20.345,19.83,20.345,21875,0
ARRD.DE,D,20181127,000000,20.05,20.05,19.378,19.582,41648,0
ARRD.DE,D,20181128,000000,19.678,19.828,19.596,19.682,12181,0
ARRD.DE,D,20181129,000000,20.12,20.25,19.87,20.08,6426,0
ARRD.DE,D,20181130,000000,19.914,20.01,19.614,19.986,17704,0
ARRD.DE,D,20181203,000000,21.25,21.61,20.835,20.835,52813,0
ARRD.DE,D,20181204,000000,20.55,20.55,20.34,20.455,9301,0
ARRD.DE,D,20181205,000000,20.02,20.19,19.8719,20.1,32238,0
ARRD.DE,D,20181206,000000,19.34,19.34,19.002,19.014,21000,0
ARRD.DE,D,20181207,000000,19.34,19.548,19.024,19.326,30294,0
ARRD.DE,D,20181210,000000,18.91,19.08,18.568,18.604,41974,0
ARRD.DE,D,20181211,000000,19.058,19.368,18.932,19.23,17226,0
ARRD.DE,D,20181212,000000,19.304,19.81,19.208,19.722,16751,0
ARRD.DE,D,20181213,000000,19.9,19.972,19.52,19.562,12501,0
ARRD.DE,D,20181214,000000,19.23,19.424,18.898,19.394,6563,0
ARRD.DE,D,20181217,000000,19.376,19.612,19.11,19.432,12556,0
ARRD.DE,D,20181218,000000,19,19.514,18.97,19.124,28069,0
ARRD.DE,D,20181219,000000,19.162,19.546,19.162,19.41,26063,0
ARRD.DE,D,20181220,000000,18.872,18.88,18.6,18.654,28265,0
ARRD.DE,D,20181221,000000,18.426,18.636,18.366,18.448,85061,0
ARRD.DE,D,20181227,000000,18.5,18.532,17.638,17.792,71051,0
ARRD.DE,D,20181228,000000,17.972,18.222,17.894,18.078,26647,0
ARRD.DE,D,20190102,000000,17.688,17.702,17.058,17.702,109371,0
ARRD.DE,D,20190103,000000,17.352,17.596,17.28,17.34,44588,0
ARRD.DE,D,20190104,000000,17.626,18.538,17.626,18.432,78435,0
ARRD.DE,D,20190107,000000,18.966,18.966,18.604,18.758,23002,0
ARRD.DE,D,20190108,000000,19.124,19.476,19.008,19.182,93035,0
ARRD.DE,D,20190109,000000,19.502,20.06,19.448,19.62,59992,0
ARRD.DE,D,20190110,000000,19.224,19.422,19.062,19.422,58370,0
ARRD.DE,D,20190111,000000,19.456,19.53,19.102,19.21,19550,0
ARRD.DE,D,20190114,000000,18.852,19.408,18.816,19.3,14390,0
ARRD.DE,D,20190115,000000,19.76,19.852,19.142,19.24,8203,0
ARRD.DE,D,20190116,000000,19.298,19.298,19.018,19.294,13848,0
ARRD.DE,D,20190117,000000,19.064,19.366,18.944,19.366,23834,0
ARRD.DE,D,20190118,000000,19.68,20.055,19.68,20.005,49572,0
ARRD.DE,D,20190121,000000,20.205,20.205,19.75,19.75,10278,0
ARRD.DE,D,20190122,000000,19.55,19.622,18.88,18.952,24575,0
ARRD.DE,D,20190123,000000,18.904,19.024,18.604,18.654,31704,0
ARRD.DE,D,20190124,000000,18.76,19.03,18.648,19.03,10330,0
ARRD.DE,D,20190125,000000,19.43,20.04,19.428,20.025,34859,0
ARRD.DE,D,20190128,000000,20.195,20.445,20.08,20.14,7478,0
ARRD.DE,D,20190129,000000,20.025,20.275,19.946,19.978,6101,0
ARRD.DE,D,20190130,000000,20.31,20.42,20.185,20.29,8846,0
ARRD.DE,D,20190131,000000,20.24,20.51,19.974,20.185,34185,0
ARRD.DE,D,20190201,000000,20.245,20.91,20.245,20.91,33598,0
ARRD.DE,D,20190204,000000,20.605,20.645,20.365,20.645,6498,0
ARRD.DE,D,20190205,000000,20.875,20.88,20.55,20.635,1372,0
ARRD.DE,D,20190206,000000,20.595,21.225,20.595,21.225,6364,0
ARRD.DE,D,20190207,000000,21.54,21.54,20.22,20.22,45410,0
ARRD.DE,D,20190208,000000,20.055,20.155,19.128,19.238,93167,0
ARRD.DE,D,20190211,000000,19.5,19.694,18.99,19.014,19640,0
ARRD.DE,D,20190212,000000,19.336,19.352,19.148,19.278,7825,0
ARRD.DE,D,20190213,000000,19.472,19.998,19.378,19.906,16876,0
ARRD.DE,D,20190214,000000,20.095,20.115,19.494,19.494,3277,0
ARRD.DE,D,20190215,000000,19.352,20.405,19.282,20.17,11657,0
ARRD.DE,D,20190218,000000,20.405,20.405,19.552,19.552,1608,0
ARRD.DE,D,20190219,000000,19.918,19.918,19.814,19.852,2995,0
ARRD.DE,D,20190220,000000,20,20.345,19.6,20.28,4646,0
ARRD.DE,D,20190221,000000,20.215,20.5,20.155,20.285,5101,0
ARRD.DE,D,20190222,000000,20.555,21.02,20.51,20.51,31345,0
ARRD.DE,D,20190225,000000,20.96,21.1,20.83,20.845,27108,0
ARRD.DE,D,20190226,000000,20.615,20.73,20.53,20.63,9780,0
ARRD.DE,D,20190227,000000,20.45,20.53,20.34,20.45,3846,0
ARRD.DE,D,20190228,000000,20.315,20.36,20.125,20.215,5040,0
ARRD.DE,D,20190301,000000,20.365,20.575,20.32,20.32,17557,0
ARRD.DE,D,20190304,000000,20.42,20.485,20.365,20.365,1600,0
ARRD.DE,D,20190305,000000,20.29,20.29,19.946,20.07,41085,0
ARRD.DE,D,20190306,000000,19.866,19.972,19.846,19.952,2285,0
ARRD.DE,D,20190307,000000,19.61,19.688,19.112,19.356,7678,0
ARRD.DE,D,20190308,000000,19.064,19.064,18.64,18.716,38281,0
ARRD.DE,D,20190311,000000,18.828,18.958,18.524,18.948,5742,0
ARRD.DE,D,20190312,000000,19.33,19.37,19.158,19.27,26930,0
ARRD.DE,D,20190313,000000,19.248,19.35,19.172,19.28,11199,0
ARRD.DE,D,20190314,000000,19.318,19.45,18.866,18.87,20595,0
ARRD.DE,D,20190315,000000,18.934,19.094,18.86,19.094,3884,0
ARRD.DE,D,20190318,000000,19.23,19.662,19.23,19.578,45091,0
ARRD.DE,D,20190319,000000,19.52,20.055,19.52,19.95,5849,0
ARRD.DE,D,20190320,000000,19.638,19.71,19.344,19.344,3839,0
ARRD.DE,D,20190321,000000,19.684,19.684,19.36,19.37,4645,0
ARRD.DE,D,20190322,000000,19.436,19.436,18.316,18.37,20655,0
ARRD.DE,D,20190325,000000,18.066,18.312,17.838,18.236,55328,0
ARRD.DE,D,20190326,000000,18.1,18.188,17.886,17.972,10658,0
ARRD.DE,D,20190327,000000,18.082,18.082,17.838,17.952,3778,0
ARRD.DE,D,20190328,000000,17.97,18.008,17.754,17.778,5488,0
ARRD.DE,D,20190329,000000,18.098,18.306,17.982,18.054,9678,0
ARRD.DE,D,20190401,000000,18.618,19.15,18.564,19.102,74535,0
ARRD.DE,D,20190402,000000,19.196,19.484,19.174,19.29,14449,0
ARRD.DE,D,20190403,000000,19.844,20.28,19.816,19.862,34618,0
ARRD.DE,D,20190404,000000,19.594,19.86,19.472,19.78,17790,0
ARRD.DE,D,20190405,000000,20.035,20.175,19.864,19.954,4125,0
ARRD.DE,D,20190408,000000,20.14,20.15,19.772,19.856,2070,0
ARRD.DE,D,20190409,000000,20,20,19.636,19.644,677,0
ARRD.DE,D,20190410,000000,19.586,19.818,19.586,19.668,4609,0
ARRD.DE,D,20190411,000000,19.79,19.79,19.55,19.578,10001,0
ARRD.DE,D,20190412,000000,19.43,20.275,19.284,20.045,10401,0
ARRD.DE,D,20190415,000000,20.2,20.225,20.075,20.12,3917,0
ARRD.DE,D,20190416,000000,20.35,20.46,20.2,20.445,6467,0
ARRD.DE,D,20190417,000000,20.525,21.38,20.525,21.295,66679,0
ARRD.DE,D,20190418,000000,21.05,21.375,20.77,21.02,8129,0
ARRD.DE,D,20190423,000000,20.875,20.88,20.415,20.415,20979,0
ARRD.DE,D,20190424,000000,20.31,20.405,20.05,20.095,3551,0
ARRD.DE,D,20190425,000000,19.774,19.95,19.62,19.766,10670,0
ARRD.DE,D,20190426,000000,19.45,19.6,19.4,19.412,5699,0
ARRD.DE,D,20190429,000000,19.544,19.606,19.418,19.534,12772,0
ARRD.DE,D,20190430,000000,19.324,19.454,19.214,19.36,58543,0
ARRD.DE,D,20190502,000000,18.998,19.072,18.65,18.65,16793,0
ARRD.DE,D,20190503,000000,18.678,18.856,18.584,18.786,23259,0
ARRD.DE,D,20190506,000000,18.036,18.374,17.744,18.322,47409,0
ARRD.DE,D,20190507,000000,18.234,18.234,17.71,17.78,13830,0
ARRD.DE,D,20190508,000000,17.794,17.946,17.45,17.706,21182,0
ARRD.DE,D,20190509,000000,17.104,17.192,16.606,16.652,78260,0
ARRD.DE,D,20190510,000000,16.954,16.988,16.22,16.252,148108,0
ARRD.DE,D,20190513,000000,16.018,16.018,15.348,15.378,105747,0
ARRD.DE,D,20190514,000000,15.42,15.528,15.234,15.43,28375,0
ARRD.DE,D,20190515,000000,15.446,15.464,14.75,15.3,37523,0
ARRD.DE,D,20190516,000000,15.104,15.308,14.9,15.206,38513,0
ARRD.DE,D,20190517,000000,14.978,14.978,14.53,14.62,57752,0
ARRD.DE,D,20190520,000000,14.732,14.762,14.26,14.41,38204,0
ARRD.DE,D,20190521,000000,14.564,14.916,14.516,14.916,31219,0
ARRD.DE,D,20190522,000000,14.838,14.886,14.624,14.652,14123,0
ARRD.DE,D,20190523,000000,14.31,14.372,13.956,14.036,73639,0
ARRD.DE,D,20190524,000000,14.168,14.3,14.108,14.126,27236,0
ARRD.DE,D,20190527,000000,14.322,14.454,14.1,14.1,6436,0
ARRD.DE,D,20190528,000000,14.344,14.406,14.032,14.132,12136,0
ARRD.DE,D,20190529,000000,13.264,13.65,13.262,13.558,179666,0
ARRD.DE,D,20190530,000000,13.78,13.78,13.53,13.582,12847,0
ARRD.DE,D,20190531,000000,13.196,13.31,13.14,13.292,35635,0
ARRD.DE,D,20190603,000000,13.114,13.4,12.912,13.294,21526,0
ARRD.DE,D,20190604,000000,13.36,13.946,13.36,13.89,43668,0
ARRD.DE,D,20190605,000000,13.98,13.994,13.396,13.498,27823,0
ARRD.DE,D,20190606,000000,13.33,13.644,13.212,13.29,82049,0
ARRD.DE,D,20190607,000000,13.392,13.534,13.326,13.482,45605,0
ARRD.DE,D,20190611,000000,14.634,15.078,14.616,15.002,38948,0
ARRD.DE,D,20190612,000000,15.024,15.136,14.526,14.61,34588,0
ARRD.DE,D,20190613,000000,14.396,14.94,14.28,14.874,32699,0
ARRD.DE,D,20190614,000000,14.764,14.774,14.468,14.566,8291,0
ARRD.DE,D,20190617,000000,14.538,14.538,14.17,14.396,12416,0
ARRD.DE,D,20190618,000000,14.258,15.286,14.23,15.24,23769,0
ARRD.DE,D,20190619,000000,15.666,15.724,15.224,15.312,34580,0
ARRD.DE,D,20190620,000000,15.614,15.732,15.284,15.284,30619,0
ARRD.DE,D,20190621,000000,15.262,15.38,15.148,15.202,20776,0
ARRD.DE,D,20190624,000000,15.322,15.328,14.96,14.96,8659,0
ARRD.DE,D,20190625,000000,14.67,15.182,14.67,14.994,21441,0
ARRD.DE,D,20190626,000000,15.252,15.942,15.178,15.696,33031,0
ARRD.DE,D,20190627,000000,16.098,16.212,15.742,15.742,32364,0
ARRD.DE,D,20190628,000000,15.716,15.81,15.608,15.766,14698,0
ARRD.DE,D,20190701,000000,16.4,16.4,15.934,15.934,16624,0
ARRD.DE,D,20190702,000000,15.896,15.896,15.346,15.6,11384,0
ARRD.DE,D,20190703,000000,15.422,15.556,15.42,15.49,25108,0
ARRD.DE,D,20190704,000000,15.504,15.89,15.48,15.89,13494,0
ARRD.DE,D,20190705,000000,15.426,15.52,15.068,15.252,59103,0
ARRD.DE,D,20190708,000000,15.246,15.7,15.246,15.412,16824,0
ARRD.DE,D,20190709,000000,14.888,14.98,14.5,14.53,49976,0
ARRD.DE,D,20190710,000000,14.702,14.93,14.658,14.686,8648,0
ARRD.DE,D,20190711,000000,14.774,14.774,14.4,14.424,26361,0
ARRD.DE,D,20190712,000000,14.492,14.9,14.456,14.798,12653,0
ARRD.DE,D,20190715,000000,15.03,15.178,14.976,14.976,24765,0
ARRD.DE,D,20190716,000000,15.11,15.656,15.11,15.656,15542,0
ARRD.DE,D,20190717,000000,15.46,15.49,14.954,15.094,28191,0
ARRD.DE,D,20190718,000000,14.918,14.97,14.736,14.75,12175,0
ARRD.DE,D,20190719,000000,14.82,14.936,14.684,14.832,15220,0
ARRD.DE,D,20190722,000000,14.928,15.452,14.928,15.222,32581,0
ARRD.DE,D,20190723,000000,15.618,16.038,15.618,15.906,24687,0
ARRD.DE,D,20190724,000000,15.956,15.976,15.586,15.638,14698,0
ARRD.DE,D,20190725,000000,16.03,16.03,15.362,15.362,19249,0
ARRD.DE,D,20190726,000000,15.35,15.36,15.112,15.224,16934,0
ARRD.DE,D,20190729,000000,15.14,15.14,14.988,15.092,7081,0
ARRD.DE,D,20190730,000000,14.976,15.016,14.512,14.582,17344,0
ARRD.DE,D,20190731,000000,14.796,14.934,14.502,14.502,16850,0
ARRD.DE,D,20190801,000000,14.416,14.926,13.91,14.276,73062,0
ARRD.DE,D,20190802,000000,13.576,13.674,13.188,13.368,64503,0
ARRD.DE,D,20190805,000000,12.852,12.908,12.6,12.814,54138,0
ARRD.DE,D,20190806,000000,12.852,13.08,12.54,13.08,72316,0
ARRD.DE,D,20190807,000000,12.55,12.626,12.244,12.396,78292,0
ARRD.DE,D,20190808,000000,12.742,13,12.616,13,34806,0
ARRD.DE,D,20190809,000000,12.84,12.84,12.074,12.094,37248,0
ARRD.DE,D,20190812,000000,12.26,12.272,11.85,11.87,48188,0
ARRD.DE,D,20190813,000000,11.71,12.632,11.652,12.486,66417,0
ARRD.DE,D,20190814,000000,12.252,12.252,11.428,11.562,72724,0
ARRD.DE,D,20190815,000000,11.508,11.644,11.242,11.492,79957,0
ARRD.DE,D,20190816,000000,11.662,11.832,11.48,11.832,47937,0
ARRD.DE,D,20190819,000000,12.072,12.33,11.944,12.254,61145,0
ARRD.DE,D,20190820,000000,12.074,12.116,11.88,11.936,23926,0
ARRD.DE,D,20190821,000000,12.124,12.308,12.078,12.162,42204,0
ARRD.DE,D,20190822,000000,11.986,12.68,11.896,12.43,66307,0
ARRD.DE,D,20190823,000000,12.7,12.728,12.18,12.186,30367,0
ARRD.DE,D,20190826,000000,12.094,12.53,12.06,12.418,42641,0
ARRD.DE,D,20190827,000000,12.29,12.558,12.29,12.37,27229,0
ARRD.DE,D,20190828,000000,12.236,12.43,12.146,12.402,17060,0
ARRD.DE,D,20190829,000000,12.304,12.92,12.286,12.842,72868,0
ARRD.DE,D,20190830,000000,12.884,13.198,12.824,13.052,42203,0
ARRD.DE,D,20190902,000000,13.168,13.286,12.5,12.5,15352,0
ARRD.DE,D,20190903,000000,12.86,12.862,12.642,12.764,144895,0
ARRD.DE,D,20190904,000000,12.978,13.44,12.95,13.44,38817,0
ARRD.DE,D,20190905,000000,13.738,14,13.71,13.852,45404,0
ARRD.DE,D,20190906,000000,13.83,14.054,13.736,14.054,27334,0
ARRD.DE,D,20190909,000000,13.902,14.282,13.782,14.282,35671,0
ARRD.DE,D,20190910,000000,14.504,14.812,14.292,14.812,43065,0
ARRD.DE,D,20190911,000000,15.124,15.186,14.904,15.16,67064,0
ARRD.DE,D,20190912,000000,15.376,15.404,14.796,15.098,142519,0
ARRD.DE,D,20190913,000000,15.124,15.634,15.122,15.608,82695,0
ARRD.DE,D,20190916,000000,15.358,15.466,15.156,15.322,32441,0
ARRD.DE,D,20190917,000000,15.124,15.162,14.53,14.752,39286,0
ARRD.DE,D,20190918,000000,14.656,14.944,14.656,14.826,25637,0
ARRD.DE,D,20190919,000000,14.288,14.5,14.078,14.122,47112,0
ARRD.DE,D,20190920,000000,13.994,13.994,13.68,13.908,49923,0
ARRD.DE,D,20190923,000000,13.52,13.554,12.92,13.054,69428,0
ARRD.DE,D,20190924,000000,13.138,13.168,12.746,12.746,55191,0
ARRD.DE,D,20190925,000000,12.594,13.156,12.456,13.156,100728,0
ARRD.DE,D,20190926,000000,13.118,13.276,12.656,12.744,81410,0
ARRD.DE,D,20190927,000000,12.762,13.05,12.762,12.964,45640,0
ARRD.DE,D,20190930,000000,13.048,13.106,12.812,12.96,47251,0
ARRD.DE,D,20191001,000000,12.986,13.2,12.676,12.754,126749,0
ARRD.DE,D,20191002,000000,12.556,12.638,11.974,11.974,105398,0
ARRD.DE,D,20191004,000000,11.656,11.808,11.55,11.808,86109,0
ARRD.DE,D,20191007,000000,11.672,12.22,11.574,12.22,54552,0
ARRD.DE,D,20191008,000000,12.294,12.294,11.732,11.812,60612,0
ARRD.DE,D,20191009,000000,11.78,12.128,11.738,12.006,73668,0
ARRD.DE,D,20191010,000000,12.076,12.676,12.052,12.656,58389,0
ARRD.DE,D,20191011,000000,12.936,13.498,12.784,13.498,70770,0
ARRD.DE,D,20191014,000000,13.274,13.274,12.628,13.116,130222,0
ARRD.DE,D,20191015,000000,13.316,13.316,13.03,13.216,25898,0
ARRD.DE,D,20191016,000000,12.98,13.24,12.872,13.044,33090,0
ARRD.DE,D,20191017,000000,12.888,13.47,12.846,13.07,64291,0
ARRD.DE,D,20191018,000000,12.9,13.322,12.81,13.14,18577,0
ARRD.DE,D,20191021,000000,13.192,13.806,13.192,13.514,64949,0
ARRD.DE,D,20191022,000000,13.66,13.82,13.25,13.34,55316,0
ARRD.DE,D,20191023,000000,13.246,13.836,13.246,13.648,66180,0
ARRD.DE,D,20191024,000000,13.802,13.91,13.454,13.556,29890,0
ARRD.DE,D,20191025,000000,13.668,14.092,13.608,14.012,52358,0
ARRD.DE,D,20191028,000000,14.242,14.37,14.138,14.268,46329,0
ARRD.DE,D,20191029,000000,14.308,14.31,14.074,14.206,55580,0
ARRD.DE,D,20191030,000000,14.142,14.218,13.56,13.674,26941,0
ARRD.DE,D,20191031,000000,13.336,13.414,12.942,13.2,131774,0
ARRD.DE,D,20191101,000000,13.496,14.104,13.394,14.022,68551,0
ARRD.DE,D,20191104,000000,14.3,14.666,14.278,14.642,92082,0
ARRD.DE,D,20191105,000000,14.648,15,14.518,14.912,92747,0
ARRD.DE,D,20191106,000000,14.906,15.054,14.442,14.48,64142,0
ARRD.DE,D,20191107,000000,15.648,15.784,15.21,15.444,192143,0
ARRD.DE,D,20191108,000000,15.35,15.768,15.238,15.6,74476,0
ARRD.DE,D,20191111,000000,15.306,15.57,15.23,15.524,60042,0
ARRD.DE,D,20191112,000000,15.782,15.832,15.508,15.584,92028,0
ARRD.DE,D,20191113,000000,15.392,15.418,14.988,15.244,65651,0
ARRD.DE,D,20191114,000000,14.968,15.104,14.55,14.55,44069,0
ARRD.DE,D,20191115,000000,15.17,15.218,14.946,15.154,66781,0
ARRD.DE,D,20191118,000000,15.174,15.18,14.582,14.67,15056,0
ARRD.DE,D,20191119,000000,14.808,15,14.716,14.726,37336,0
ARRD.DE,D,20191120,000000,14.512,14.908,14.326,14.908,49379,0
ARRD.DE,D,20191121,000000,14.538,14.588,14.34,14.498,70747,0
ARRD.DE,D,20191122,000000,14.532,15.422,14.532,15.422,103966,0
ARRD.DE,D,20191125,000000,15.714,15.874,15.676,15.874,42741,0
ARRD.DE,D,20191126,000000,15.81,15.95,15.622,15.95,46908,0
ARRD.DE,D,20191127,000000,15.872,16,15.668,15.7,29453,0
ARRD.DE,D,20191128,000000,15.546,15.582,15.444,15.47,23082,0
ARRD.DE,D,20191129,000000,15.378,15.716,15.376,15.51,29896,0
ARRD.DE,D,20191202,000000,15.682,15.89,15.242,15.242,54431,0
ARRD.DE,D,20191203,000000,15.348,15.348,14.608,14.722,99021,0
ARRD.DE,D,20191204,000000,14.89,15.334,14.818,15.328,40207,0
ARRD.DE,D,20191205,000000,15.426,15.842,15.402,15.522,25402,0
ARRD.DE,D,20191206,000000,15.754,16.11,15.554,16.11,43617,0
ARRD.DE,D,20191209,000000,16.238,16.274,16.096,16.122,20551,0
ARRD.DE,D,20191210,000000,15.966,15.966,15.588,15.82,26691,0
ARRD.DE,D,20191211,000000,15.878,15.922,15.608,15.852,32152,0
ARRD.DE,D,20191212,000000,15.936,16.366,15.616,16.344,81021,0
ARRD.DE,D,20191213,000000,17.07,17.108,16.318,16.336,166241,0
ARRD.DE,D,20191216,000000,16.552,16.91,16.39,16.704,70456,0
ARRD.DE,D,20191217,000000,16.482,16.5,16.242,16.496,37873,0
ARRD.DE,D,20191218,000000,16.226,16.478,16.2,16.478,29637,0
ARRD.DE,D,20191219,000000,16.464,16.502,16.278,16.502,32245,0
ARRD.DE,D,20191220,000000,16.464,16.514,16.168,16.18,29359,0
ARRD.DE,D,20191223,000000,16.224,16.236,15.862,15.934,34951,0
ARRD.DE,D,20191227,000000,16.146,16.216,15.656,15.656,47428,0
ARRD.DE,D,20191230,000000,15.668,15.84,15.668,15.768,11480,0
ARRD.DE,D,20200102,000000,15.922,16.114,15.838,15.838,29364,0
ARRD.DE,D,20200103,000000,15.564,15.564,15.258,15.31,62560,0
ARRD.DE,D,20200106,000000,14.804,15.048,14.728,15.032,41850,0
ARRD.DE,D,20200107,000000,15.134,15.214,14.974,15.02,34755,0
ARRD.DE,D,20200108,000000,14.984,15.286,14.918,15.194,48152,0
ARRD.DE,D,20200109,000000,15.482,15.524,15.196,15.21,44283,0
ARRD.DE,D,20200110,000000,15.204,15.204,14.888,14.926,49993,0
ARRD.DE,D,20200113,000000,14.81,15.25,14.81,15.192,37857,0
ARRD.DE,D,20200114,000000,15.334,15.392,15.13,15.142,175879,0
ARRD.DE,D,20200115,000000,15.122,15.248,14.636,14.65,43451,0
ARRD.DE,D,20200116,000000,14.712,14.848,14.582,14.668,27722,0
ARRD.DE,D,20200117,000000,14.8,15.01,14.636,14.638,19944,0
ARRD.DE,D,20200120,000000,14.7,14.792,14.5,14.5,15552,0
ARRD.DE,D,20200121,000000,14.31,14.424,14.164,14.252,59278,0
ARRD.DE,D,20200122,000000,14.254,14.304,14.104,14.302,44887,0
ARRD.DE,D,20200123,000000,14.124,14.47,13.87,13.986,192848,0
ARRD.DE,D,20200124,000000,14.298,14.36,14.08,14.136,40638,0
ARRD.DE,D,20200127,000000,13.526,13.748,13.426,13.588,125392,0
ARRD.DE,D,20200128,000000,13.66,14.054,13.39,13.9,67090,0
ARRD.DE,D,20200129,000000,14.064,14.202,13.976,14.05,29902,0
ARRD.DE,D,20200130,000000,13.628,13.844,13.484,13.65,62875,0
ARRD.DE,D,20200131,000000,13.8,13.846,13.29,13.43,61254,0
ARRD.DE,D,20200203,000000,13.318,13.484,13.23,13.374,60710,0
ARRD.DE,D,20200204,000000,13.632,14.174,13.624,14.132,57461,0
ARRD.DE,D,20200205,000000,14.462,14.512,14.368,14.392,113589,0
ARRD.DE,D,20200206,000000,15.702,16.206,15.55,15.91,460363,0
ARRD.DE,D,20200207,000000,15.764,16.3,15.764,16.3,167556,0
ARRD.DE,D,20200210,000000,16.336,16.754,16.182,16.366,114401,0
ARRD.DE,D,20200211,000000,16.714,16.82,16.53,16.648,52230,0
ARRD.DE,D,20200212,000000,16.772,16.772,16.314,16.484,30245,0
ARRD.DE,D,20200213,000000,16.112,16.36,15.936,16.36,35403,0
ARRD.DE,D,20200214,000000,16.224,16.262,15.99,16.086,24413,0
ARRD.DE,D,20200217,000000,16.096,16.3,15.918,16.3,17659,0
ARRD.DE,D,20200218,000000,15.736,15.772,15.518,15.568,38158,0
ARRD.DE,D,20200219,000000,15.782,15.782,15.242,15.526,39359,0
ARRD.DE,D,20200220,000000,15.564,15.618,15.362,15.362,14218,0
ARRD.DE,D,20200221,000000,15.228,15.228,14.872,14.996,54133,0
ARRD.DE,D,20200224,000000,14.202,14.244,13.442,14.03,190753,0
ARRD.DE,D,20200225,000000,14.046,14.13,13.704,13.76,113940,0
ARRD.DE,D,20200226,000000,13.636,14.05,13.554,13.846,149708,0
ARRD.DE,D,20200227,000000,13.518,13.576,12.912,13.26,149611,0
ARRD.DE,D,20200228,000000,12.644,12.94,12.42,12.89,174099,0
ARRD.DE,D,20200302,000000,13.344,13.48,12.456,12.77,216079,0
ARRD.DE,D,20200303,000000,13.168,13.486,12.686,12.686,134597,0
ARRD.DE,D,20200304,000000,13.15,13.398,12.906,13.008,56517,0
ARRD.DE,D,20200305,000000,13.14,13.166,12.16,12.168,120078,0
ARRD.DE,D,20200306,000000,11.838,12.012,11.46,11.58,140322,0
ARRD.DE,D,20200309,000000,9.818,10.348,9.446,9.5,331454,0
ARRD.DE,D,20200310,000000,9.604,10.254,9.267,9.289,437704,0
ARRD.DE,D,20200311,000000,9.555,9.9,9.09,9.256,369953,0
ARRD.DE,D,20200312,000000,8.43,8.729,7.576,7.589,410280,0
ARRD.DE,D,20200313,000000,8.095,8.568,7.372,8.065,814179,0
ARRD.DE,D,20200316,000000,7.457,7.5,6.787,7.189,389060,0
ARRD.DE,D,20200317,000000,7.663,7.663,6.7,7.124,232549,0
ARRD.DE,D,20200318,000000,6.719,6.98,6.326,6.409,192106,0
ARRD.DE,D,20200319,000000,6.486,6.718,5.992,6.541,181047,0
ARRD.DE,D,20200320,000000,6.896,7.53,6.892,7.4,207211,0
ARRD.DE,D,20200323,000000,7.01,7.584,6.924,7.171,475449,0
ARRD.DE,D,20200324,000000,7.784,8.507,7.644,8.507,497676,0
ARRD.DE,D,20200325,000000,9,9.286,8.222,8.752,618933,0
ARRD.DE,D,20200326,000000,8.625,8.838,8.5,8.613,183973,0
ARRD.DE,D,20200327,000000,8.582,8.69,8.18,8.347,159533,0
ARRD.DE,D,20200330,000000,8.205,8.254,7.751,8.002,173948,0
ARRD.DE,D,20200331,000000,8.159,8.655,8.056,8.57,295362,0
ARRD.DE,D,20200401,000000,8.307,8.403,7.994,8.1,120287,0
ARRD.DE,D,20200402,000000,8.088,8.274,7.663,7.676,114029,0
ARRD.DE,D,20200403,000000,7.992,8.021,7.803,7.803,100671,0
ARRD.DE,D,20200406,000000,8.3,8.728,8.3,8.588,124897,0
ARRD.DE,D,20200407,000000,9.281,9.704,9.258,9.484,183447,0
ARRD.DE,D,20200408,000000,9.311,9.479,9.172,9.398,93671,0
ARRD.DE,D,20200409,000000,9.734,9.761,9.199,9.581,74415,0
ARRD.DE,D,20200414,000000,9.668,9.669,9.274,9.311,35445,0
ARRD.DE,D,20200415,000000,9.154,9.154,8.515,8.546,80882,0
ARRD.DE,D,20200416,000000,8.6,8.726,8.355,8.409,74055,0
ARRD.DE,D,20200417,000000,8.805,8.918,8.652,8.884,66457,0
ARRD.DE,D,20200420,000000,8.983,9.099,8.54,8.94,207954,0
ARRD.DE,D,20200421,000000,8.556,8.556,8.32,8.354,74200,0
ARRD.DE,D,20200422,000000,8.308,8.866,8.279,8.866,38107,0
ARRD.DE,D,20200423,000000,8.905,9.384,8.867,9.29,51587,0
ARRD.DE,D,20200424,000000,9.047,9.303,8.938,8.964,40799,0
ARRD.DE,D,20200427,000000,9.221,9.299,8.924,9.239,39330,0
ARRD.DE,D,20200428,000000,9.26,9.736,9.249,9.525,85758,0
ARRD.DE,D,20200429,000000,9.686,10.774,9.686,10.774,127675,0
ARRD.DE,D,20200430,000000,10.628,10.774,9.933,10,291459,0
ARRD.DE,D,20200504,000000,9.422,9.643,9.2,9.51,170645,0
ARRD.DE,D,20200505,000000,9.855,10.11,9.735,9.935,156841,0
ARRD.DE,D,20200506,000000,9.794,9.983,9.534,9.534,271909,0
ARRD.DE,D,20200507,000000,9.985,10.354,9.75,10.276,222262,0
ARRD.DE,D,20200508,000000,10.442,10.442,10.176,10.262,31067,0
ARRD.DE,D,20200511,000000,10.298,10.476,8.66,8.699,539122,0
ARRD.DE,D,20200512,000000,8.371,8.435,7.965,8.141,494333,0
ARRD.DE,D,20200513,000000,7.858,7.858,7.475,7.526,386716,0
ARRD.DE,D,20200514,000000,7.217,7.68,6.998,7.529,289612,0
ARRD.DE,D,20200515,000000,7.866,7.996,7.641,7.852,131179,0
ARRD.DE,D,20200518,000000,8.212,8.607,8.154,8.535,241216,0
ARRD.DE,D,20200519,000000,8.628,8.665,8.331,8.626,410459,0
ARRD.DE,D,20200520,000000,8.479,8.629,8.194,8.567,89832,0
ARRD.DE,D,20200521,000000,8.483,8.626,8.335,8.382,121658,0
ARRD.DE,D,20200522,000000,8.153,8.42,8.042,8.198,164323,0
ARRD.DE,D,20200525,000000,8.285,8.328,8.179,8.29,48076,0
ARRD.DE,D,20200526,000000,8.475,8.755,8.471,8.755,103813,0
ARRD.DE,D,20200527,000000,8.856,9.125,8.65,8.839,282352,0
ARRD.DE,D,20200528,000000,9.227,9.257,8.806,8.914,171598,0
ARRD.DE,D,20200529,000000,8.689,9.02,8.482,8.551,185895,0
ARRD.DE,D,20200602,000000,9.113,9.45,9.095,9.42,209335,0
ARRD.DE,D,20200603,000000,9.775,10.034,9.556,9.941,186368,0
ARRD.DE,D,20200604,000000,9.731,10.2,9.699,10.108,361368,0
ARRD.DE,D,20200605,000000,10.328,10.52,10.17,10.47,320995,0
ARRD.DE,D,20200608,000000,10.374,11.072,10.252,10.252,167849,0
ARRD.DE,D,20200609,000000,10.634,10.634,9.582,10.042,288088,0
ARRD.DE,D,20200610,000000,10.28,10.366,9.598,9.698,141900,0
ARRD.DE,D,20200611,000000,9.251,9.534,9.166,9.166,137412,0
ARRD.DE,D,20200612,000000,8.94,9.746,8.939,9.491,163372,0
ARRD.DE,D,20200615,000000,9.094,9.429,9.073,9.307,108486,0
ARRD.DE,D,20200616,000000,9.904,10.16,9.703,9.89,150860,0
ARRD.DE,D,20200617,000000,10.052,10.25,9.854,9.991,83381,0
ARRD.DE,D,20200618,000000,9.736,9.868,9.326,9.351,185401,0
ARRD.DE,D,20200619,000000,9.478,9.663,9.344,9.351,97270,0
ARRD.DE,D,20200622,000000,9.194,9.595,9.097,9.473,120519,0
ARRD.DE,D,20200623,000000,9.506,9.853,9.44,9.564,153727,0
ARRD.DE,D,20200624,000000,9.71,9.786,8.971,8.971,135850,0
ARRD.DE,D,20200625,000000,9.003,9.27,8.888,9.207,322159,0
ARRD.DE,D,20200626,000000,9.352,9.393,8.997,9.036,140875,0
ARRD.DE,D,20200629,000000,8.96,9.4,8.922,9.295,94328,0
ARRD.DE,D,20200630,000000,9.457,9.495,9.116,9.355,124034,0
ARRD.DE,D,20200701,000000,9.564,9.623,9.326,9.348,69838,0
ARRD.DE,D,20200702,000000,9.426,9.996,9.416,9.788,171708,0
ARRD.DE,D,20200703,000000,9.903,9.929,9.588,9.915,54385,0
ARRD.DE,D,20200706,000000,10.074,10.264,9.968,10.046,215105,0
ARRD.DE,D,20200707,000000,10.028,10.222,9.931,10.152,67936,0
ARRD.DE,D,20200708,000000,9.994,10.142,9.874,9.928,80990,0
ARRD.DE,D,20200709,000000,10.1,10.1,9.573,9.593,96117,0
ARRD.DE,D,20200710,000000,9.408,9.897,9.378,9.897,78765,0
ARRD.DE,D,20200713,000000,10.176,10.5,10.136,10.414,141708,0
ARRD.DE,D,20200714,000000,10.192,10.282,9.961,10.152,118355,0
ARRD.DE,D,20200715,000000,10.492,10.628,10.328,10.366,197519,0
ARRD.DE,D,20200716,000000,10.336,10.424,10.248,10.314,98562,0
ARRD.DE,D,20200717,000000,10.308,10.326,10.04,10.162,132272,0
ARRD.DE,D,20200720,000000,10.052,10.182,9.976,10.182,65061,0
ARRD.DE,D,20200721,000000,10.3,10.538,10.076,10.09,194083,0
ARRD.DE,D,20200722,000000,10.138,10.172,9.779,9.853,146508,0
ARRD.DE,D,20200723,000000,9.973,10.132,9.923,10.124,71018,0
ARRD.DE,D,20200724,000000,9.875,9.923,9.7,9.872,51252,0
ARRD.DE,D,20200727,000000,9.884,9.934,9.708,9.853,65137,0
ARRD.DE,D,20200728,000000,9.863,9.961,9.707,9.745,56093,0
ARRD.DE,D,20200729,000000,9.624,9.666,9.518,9.65,43529,0
ARRD.DE,D,20200730,000000,9.955,10.036,9.092,9.213,259481,0
ARRD.DE,D,20200731,000000,9.384,9.602,9.311,9.387,283502,0
ARRD.DE,D,20200803,000000,9.371,9.654,9.267,9.612,97278,0
ARRD.DE,D,20200804,000000,9.762,9.878,9.545,9.721,75431,0
ARRD.DE,D,20200805,000000,9.803,10.232,9.798,10.214,87363,0
ARRD.DE,D,20200806,000000,10.078,10.3,10.05,10.14,93298,0
ARRD.DE,D,20200807,000000,9.946,9.954,9.709,9.83,93147,0
ARRD.DE,D,20200810,000000,9.981,10.338,9.918,10.256,118766,0
ARRD.DE,D,20200811,000000,10.506,10.762,10.474,10.762,130679,0
ARRD.DE,D,20200812,000000,10.546,10.752,10.506,10.654,133774,0
ARRD.DE,D,20200813,000000,10.408,10.522,10.222,10.222,101746,0
ARRD.DE,D,20200814,000000,10.134,10.134,9.874,10.06,100864,0
ARRD.DE,D,20200817,000000,10.198,10.246,10.058,10.168,56954,0
ARRD.DE,D,20200818,000000,10.03,10.342,9.968,10.102,58808,0
ARRD.DE,D,20200819,000000,10.092,10.178,9.998,10.148,63136,0
ARRD.DE,D,20200820,000000,9.854,9.894,9.739,9.775,68157,0
ARRD.DE,D,20200821,000000,9.881,9.899,9.64,9.762,61281,0
ARRD.DE,D,20200824,000000,9.835,10.054,9.787,10.028,104209,0
ARRD.DE,D,20200825,000000,10.278,10.424,9.887,9.945,137112,0
ARRD.DE,D,20200826,000000,9.9,10.36,9.894,10.36,55262,0
ARRD.DE,D,20200827,000000,10.25,10.462,10.198,10.204,81485,0
ARRD.DE,D,20200828,000000,10.314,10.542,10.17,10.448,97835,0
ARRD.DE,D,20200831,000000,10.682,11.08,10.62,10.66,88832,0
ARRD.DE,D,20200901,000000,10.734,10.804,10.244,10.468,117598,0
ARRD.DE,D,20200902,000000,10.736,10.936,10.616,10.87,65091,0
ARRD.DE,D,20200903,000000,10.996,11.176,10.454,10.512,166610,0
ARRD.DE,D,20200904,000000,10.456,10.908,10.448,10.706,129794,0
ARRD.DE,D,20200907,000000,10.95,10.976,10.684,10.692,62419,0
ARRD.DE,D,20200908,000000,10.722,10.79,10.334,10.554,108004,0
ARRD.DE,D,20200909,000000,10.444,10.962,10.43,10.962,68114,0
ARRD.DE,D,20200910,000000,10.98,10.98,10.682,10.79,75145,0
ARRD.DE,D,20200911,000000,10.738,10.85,10.562,10.816,58482,0
ARRD.DE,D,20200914,000000,10.85,10.88,10.662,10.752,101977,0
ARRD.DE,D,20200915,000000,10.788,11,10.678,11,95651,0
ARRD.DE,D,20200916,000000,10.82,11.074,10.758,11.064,48926,0
ARRD.DE,D,20200917,000000,10.964,11.512,10.91,11.476,343832,0
ARRD.DE,D,20200918,000000,11.512,11.702,11.32,11.582,140956,0
ARRD.DE,D,20200921,000000,11.338,11.434,10.548,10.604,331100,0
ARRD.DE,D,20200922,000000,10.704,10.938,10.482,10.482,195590,0
ARRD.DE,D,20200923,000000,10.682,10.946,10.51,10.51,164496,0
ARRD.DE,D,20200924,000000,10.28,10.598,10.194,10.434,171578,0
ARRD.DE,D,20200925,000000,10.432,10.464,10.17,10.29,118565,0
ARRD.DE,D,20200928,000000,10.988,11.5,10.866,11.484,475831,0
ARRD.DE,D,20200929,000000,11.416,11.628,11.33,11.534,114204,0
ARRD.DE,D,20200930,000000,11.262,11.51,11.064,11.426,172471,0
ARRD.DE,D,20201001,000000,11.432,11.72,11.362,11.65,156698,0
ARRD.DE,D,20201002,000000,11.41,11.648,11.372,11.616,113595,0
ARRD.DE,D,20201005,000000,11.822,11.884,11.644,11.826,82611,0
ARRD.DE,D,20201006,000000,11.92,12,11.788,11.984,96546,0
ARRD.DE,D,20201007,000000,11.84,12.336,11.84,12.332,104683,0
ARRD.DE,D,20201008,000000,12.4,12.404,12.082,12.28,112395,0
ARRD.DE,D,20201009,000000,12.356,12.498,12.076,12.094,111961,0
ARRD.DE,D,20201012,000000,12.174,12.19,11.958,12.04,139790,0
ARRD.DE,D,20201013,000000,11.92,12.052,11.718,11.784,146649,0
ARRD.DE,D,20201014,000000,11.742,12.126,11.688,12.104,106627,0
ARRD.DE,D,20201015,000000,11.766,11.844,11.612,11.836,157625,0
ARRD.DE,D,20201016,000000,12.092,12.3,11.938,12.272,146939,0
ARRD.DE,D,20201019,000000,12.3,12.388,12.174,12.316,83297,0
ARRD.DE,D,20201020,000000,12.084,12.444,11.96,12.29,141100,0
ARRD.DE,D,20201021,000000,12.334,12.536,12.184,12.384,108649,0
ARRD.DE,D,20201022,000000,12.304,12.494,12.172,12.428,138721,0
ARRD.DE,D,20201023,000000,12.428,12.588,12.308,12.496,109394,0
ARRD.DE,D,20201026,000000,12.21,12.646,12.178,12.408,133118,0
ARRD.DE,D,20201027,000000,12.294,12.342,11.758,11.758,124521,0
ARRD.DE,D,20201028,000000,11.53,11.79,11.332,11.692,261845,0
ARRD.DE,D,20201029,000000,11.638,11.82,11.444,11.608,104317,0
ARRD.DE,D,20201030,000000,11.48,11.718,11.362,11.614,50179,0
ARRD.DE,D,20201102,000000,11.654,12.038,11.542,11.932,76401,0
ARRD.DE,D,20201103,000000,12.19,12.53,12.166,12.212,57026,0
ARRD.DE,D,20201104,000000,11.976,12.552,11.948,12.52,146951,0
ARRD.DE,D,20201105,000000,12.57,12.768,12.092,12.368,222155,0
ARRD.DE,D,20201106,000000,12.5,12.802,12.438,12.612,128308,0
ARRD.DE,D,20201109,000000,12.952,13.934,12.926,13.562,272020,0
ARRD.DE,D,20201110,000000,13.624,13.838,13.338,13.382,130709,0
ARRD.DE,D,20201111,000000,13.524,13.552,13.166,13.368,65205,0
ARRD.DE,D,20201112,000000,13.21,13.448,13.104,13.37,161168,0
ARRD.DE,D,20201113,000000,13.294,13.654,13.21,13.52,93316,0
ARRD.DE,D,20201116,000000,13.754,14.312,13.712,14.12,117379,0
ARRD.DE,D,20201117,000000,14.214,14.276,13.8,13.878,69608,0
ARRD.DE,D,20201118,000000,13.806,14.098,13.75,14.034,50252,0
ARRD.DE,D,20201119,000000,13.784,13.942,13.642,13.698,62797,0
ARRD.DE,D,20201120,000000,13.81,14.108,13.78,13.832,55243,0
ARRD.DE,D,20201123,000000,14.188,14.526,14.188,14.322,128336,0
ARRD.DE,D,20201124,000000,14.664,15.34,14.658,15.34,238807,0
ARRD.DE,D,20201125,000000,15.566,15.648,15.254,15.482,140737,0
ARRD.DE,D,20201126,000000,15.542,15.542,15.234,15.234,54934,0
ARRD.DE,D,20201127,000000,15.42,15.556,15.224,15.262,96178,0
ARRD.DE,D,20201130,000000,15.166,15.47,15.122,15.358,171575,0
ARRD.DE,D,20201201,000000,15.47,16.298,15.38,16.298,191165,0
ARRD.DE,D,20201202,000000,16.004,16.436,15.94,16.3,161269,0
ARRD.DE,D,20201203,000000,16.52,16.952,16.29,16.92,172072,0
ARRD.DE,D,20201204,000000,17.05,17.48,16.994,17.48,148559,0
ARRD.DE,D,20201207,000000,17.352,17.85,17.342,17.454,143088,0
ARRD.DE,D,20201208,000000,17.282,17.346,16.774,17.268,196874,0
ARRD.DE,D,20201209,000000,17.302,17.612,17.196,17.414,191692,0
ARRD.DE,D,20201210,000000,17.584,17.668,17.246,17.44,268042,0
ARRD.DE,D,20201211,000000,17.514,17.576,17.142,17.262,173334,0
ARRD.DE,D,20201214,000000,17.39,17.69,17.322,17.346,125600,0
ARRD.DE,D,20201215,000000,17.552,18.674,17.53,18.668,152034,0
ARRD.DE,D,20201216,000000,18.952,19.362,18.84,18.934,299015,0
ARRD.DE,D,20201217,000000,19.354,19.574,19.1,19.23,267487,0
ARRD.DE,D,20201218,000000,19.13,19.384,18.862,18.862,217092,0
ARRD.DE,D,20201221,000000,18.196,18.694,18.002,18.694,449944,0
ARRD.DE,D,20201222,000000,18.738,19.218,18.662,18.98,207312,0
ARRD.DE,D,20201223,000000,19.064,19.268,19.036,19.25,153147,0
ARRD.DE,D,20201228,000000,19.292,19.442,19.014,19.014,78398,0
ARRD.DE,D,20201229,000000,19.16,19.174,18.714,19.036,93237,0
ARRD.DE,D,20201230,000000,18.9,19.082,18.866,19.034,30561,0
ARRD.DE,D,20210104,000000,19.254,20.18,19.226,19.746,279309,0
ARRD.DE,D,20210105,000000,19.662,19.74,19.328,19.734,147058,0
ARRD.DE,D,20210106,000000,20.145,20.33,19.776,20.24,151835,0
ARRD.DE,D,20210107,000000,20.35,20.975,20.15,20.725,120698,0
ARRD.DE,D,20210108,000000,20.96,21.055,20.1,20.29,164963,0
ARRD.DE,D,20210111,000000,20.12,20.395,19.804,20.16,123135,0
ARRD.DE,D,20210112,000000,20.35,20.485,20.175,20.32,61195,0
ARRD.DE,D,20210113,000000,20.26,20.335,19.928,19.928,45177,0
ARRD.DE,D,20210114,000000,20.115,20.42,20.115,20.195,40917,0
ARRD.DE,D,20210115,000000,20.065,20.315,19.42,19.678,112065,0
ARRD.DE,D,20210118,000000,19.6,20.17,19.598,20.08,76161,0
ARRD.DE,D,20210119,000000,20.3,20.305,19.176,19.25,105925,0
ARRD.DE,D,20210120,000000,19.166,19.414,18.994,19.2,145283,0
ARRD.DE,D,20210121,000000,19.502,19.61,19.024,19.078,120382,0
ARRD.DE,D,20210122,000000,18.772,18.906,18.444,18.654,123422,0
ARRD.DE,D,20210125,000000,19.05,19.122,17.812,18.05,178694,0
ARRD.DE,D,20210126,000000,18.04,18.822,18.028,18.296,299555,0
ARRD.DE,D,20210127,000000,18.016,18.09,17.052,17.578,184387,0
ARRD.DE,D,20210128,000000,17.19,18.572,17.17,18.486,268482,0
ARRD.DE,D,20210129,000000,18.076,18.75,18.02,18.09,220384,0
ARRD.DE,D,20210201,000000,18.242,18.824,18.118,18.366,128485,0
ARRD.DE,D,20210202,000000,18.702,18.792,18.06,18.31,160714,0
ARRD.DE,D,20210203,000000,18.4,18.42,17.964,18.008,111648,0
ARRD.DE,D,20210204,000000,18.224,18.406,18.04,18.31,91716,0
ARRD.DE,D,20210205,000000,18.4,18.766,18.296,18.596,76434,0
ARRD.DE,D,20210208,000000,19.03,19.468,18.882,19.176,130979,0
ARRD.DE,D,20210209,000000,19.434,19.462,18.95,18.954,121299,0
ARRD.DE,D,20210210,000000,19.342,19.636,19.092,19.18,112147,0
ARRD.DE,D,20210211,000000,19.826,19.872,18.656,18.748,256740,0
ARRD.DE,D,20210212,000000,18.652,18.744,18.1,18.726,184551,0
ARRD.DE,D,20210215,000000,19.132,19.554,18.918,19.466,104332,0
ARRD.DE,D,20210216,000000,19.666,19.812,19.324,19.736,109796,0
ARRD.DE,D,20210217,000000,19.808,20.09,19.56,19.56,104504,0
ARRD.DE,D,20210218,000000,19.706,19.864,19.032,19.038,167591,0
ARRD.DE,D,20210219,000000,19.01,19.83,18.932,19.806,127649,0
ARRD.DE,D,20210222,000000,19.776,19.872,19.544,19.69,157022,0
ARRD.DE,D,20210223,000000,19.946,19.998,18.96,19.364,155716,0
ARRD.DE,D,20210224,000000,19.42,19.95,19.368,19.814,121317,0
ARRD.DE,D,20210225,000000,20.155,20.575,20.1,20.13,122678,0
ARRD.DE,D,20210226,000000,19.512,19.792,19.204,19.326,143029,0
ARRD.DE,D,20210301,000000,19.804,20.18,19.772,20.065,116935,0
ARRD.DE,D,20210302,000000,19.964,20.77,19.94,20.575,94780,0
ARRD.DE,D,20210303,000000,21.095,21.37,20.435,20.75,116174,0
ARRD.DE,D,20210304,000000,20.58,20.635,19.954,20.105,98631,0
ARRD.DE,D,20210305,000000,20,20.585,19.834,19.994,177638,0
ARRD.DE,D,20210308,000000,20.39,20.9,20.275,20.89,161376,0
ARRD.DE,D,20210309,000000,20.775,21.17,20.465,21.005,225942,0
ARRD.DE,D,20210310,000000,20.88,21.195,20.5,20.665,116291,0
ARRD.DE,D,20210311,000000,21.105,21.75,20.975,21.67,164168,0
ARRD.DE,D,20210312,000000,22.05,22.375,21.87,22.35,174522,0
ARRD.DE,D,20210315,000000,22.63,22.89,22.295,22.555,154558,0
ARRD.DE,D,20210316,000000,22.58,22.75,22.15,22.75,115371,0
ARRD.DE,D,20210317,000000,22.675,22.8,22.28,22.31,171615,0
ARRD.DE,D,20210318,000000,22.845,23.245,22.6,23.165,124771,0
ARRD.DE,D,20210319,000000,22.775,23.595,22.735,23.08,272249,0
ARRD.DE,D,20210322,000000,23.025,23.33,22.525,22.565,134270,0
ARRD.DE,D,20210323,000000,22.34,22.535,21.705,21.805,131021,0
ARRD.DE,D,20210324,000000,21.37,22.75,21.34,22.69,216474,0
ARRD.DE,D,20210325,000000,22.26,22.45,21.245,21.985,201740,0
ARRD.DE,D,20210326,000000,22.51,23.895,22.36,23.89,235365,0
ARRD.DE,D,20210329,000000,23.955,24.305,23.62,23.81,128111,0
ARRD.DE,D,20210330,000000,24.005,24.535,23.81,24.42,76699,0
ARRD.DE,D,20210331,000000,24.795,25.2,24.475,24.69,150576,0
ARRD.DE,D,20210401,000000,24.725,25.15,24.38,24.38,123338,0
ARRD.DE,D,20210406,000000,25.035,25.13,24.695,24.74,108732,0
ARRD.DE,D,20210407,000000,24.655,24.74,24.305,24.46,56440,0
ARRD.DE,D,20210408,000000,24.775,24.97,24.14,24.415,72425,0
ARRD.DE,D,20210409,000000,24.24,24.58,24.16,24.45,61980,0
ARRD.DE,D,20210412,000000,24.46,24.77,24.26,24.37,89060,0
ARRD.DE,D,20210413,000000,24.525,24.77,24.03,24.325,78219,0
ARRD.DE,D,20210414,000000,24.465,25,24.2,24.935,82701,0
ARRD.DE,D,20210415,000000,24.895,25.02,24.39,24.42,67157,0
ARRD.DE,D,20210416,000000,24.655,25.25,24.615,25.25,116409,0
ARRD.DE,D,20210419,000000,25.335,25.365,24.62,24.64,108491,0
ARRD.DE,D,20210420,000000,24.715,24.895,23.66,23.765,101406,0
ARRD.DE,D,20210421,000000,24.02,24.27,23.53,24.125,108061,0
ARRD.DE,D,20210422,000000,24.335,24.53,24,24.415,56703,0
ARRD.DE,D,20210423,000000,24.285,25.135,24.285,25.03,90655,0
ARRD.DE,D,20210426,000000,25.19,25.94,25.04,25.725,115634,0
ARRD.DE,D,20210427,000000,25.805,25.805,25.06,25.63,220230,0
ARRD.DE,D,20210428,000000,25.39,25.45,25.07,25.18,93270,0
ARRD.DE,D,20210429,000000,25.255,25.755,24.79,24.935,92111,0
ARRD.DE,D,20210430,000000,24.9,24.9,24.115,24.3,154373,0
ARRD.DE,D,20210503,000000,24.335,24.83,24.27,24.6,47198,0
ARRD.DE,D,20210504,000000,25.16,25.24,24.39,24.72,133508,0
ARRD.DE,D,20210505,000000,25.155,25.945,25.12,25.945,117516,0
ARRD.DE,D,20210506,000000,26.12,26.64,25.475,26.465,257377,0
ARRD.DE,D,20210507,000000,26.575,27.36,26.485,27.015,219952,0
ARRD.DE,D,20210510,000000,27.575,27.85,27.325,27.72,176123,0
ARRD.DE,D,20210511,000000,26.835,27.455,26.355,26.995,156144,0
ARRD.DE,D,20210512,000000,27.42,27.57,26.56,27.1,145313,0
ARRD.DE,D,20210513,000000,26.2,27.145,25.835,26.65,135034,0
ARRD.DE,D,20210514,000000,26.43,27,26.265,26.585,88849,0
ARRD.DE,D,20210517,000000,26.75,27.22,26.6,26.96,77920,0
ARRD.DE,D,20210518,000000,27.565,27.655,26.65,26.695,91552,0
ARRD.DE,D,20210519,000000,25.89,26.22,24.935,25.46,201431,0
ARRD.DE,D,20210520,000000,25.635,25.705,24.995,25.36,86246,0
ARRD.DE,D,20210521,000000,25.325,25.77,25.16,25.425,102949,0
ARRD.DE,D,20210525,000000,25.715,25.715,25.165,25.165,97660,0
ARRD.DE,D,20210526,000000,25.28,25.385,25.04,25.34,89060,0
ARRD.DE,D,20210527,000000,25.575,26.7,25.375,26.5,177070,0
ARRD.DE,D,20210528,000000,26.65,26.835,26.41,26.525,70574,0
ARRD.DE,D,20210531,000000,26.55,27.03,26.54,26.72,36310,0
ARRD.DE,D,20210601,000000,27.265,27.675,27.17,27.515,124878,0
ARRD.DE,D,20210602,000000,27.73,27.73,27.2,27.55,80575,0
ARRD.DE,D,20210603,000000,27.5,27.5,26.85,27.04,66040,0
ARRD.DE,D,20210604,000000,27.04,27.405,26.91,27.1,58194,0
ARRD.DE,D,20210607,000000,26.83,27.22,26.6,26.66,52884,0
ARRD.DE,D,20210608,000000,26.805,26.815,26.115,26.51,87423,0
ARRD.DE,D,20210609,000000,26.49,26.66,26.115,26.41,71530,0
ARRD.DE,D,20210610,000000,26.455,27.415,26.455,26.675,100013,0
ARRD.DE,D,20210611,000000,26.78,27.74,26.73,27.3,117266,0
ARRD.DE,D,20210614,000000,27.51,27.6,26.9,26.9,33947,0
ARRD.DE,D,20210615,000000,26.755,26.86,25.66,25.695,152752,0
ARRD.DE,D,20210616,000000,25.93,25.93,24.705,25.17,214139,0
ARRD.DE,D,20210617,000000,24.88,25.13,24.27,24.375,122456,0
ARRD.DE,D,20210618,000000,24.47,24.935,23.915,24.005,201974,0
ARRD.DE,D,20210621,000000,23.13,24.63,22.94,24.19,239178,0
ARRD.DE,D,20210622,000000,24.425,24.505,24.16,24.385,79249,0
ARRD.DE,D,20210623,000000,24.87,25.01,24.61,24.77,119034,0
ARRD.DE,D,20210624,000000,24.785,25.51,24.77,25.47,80370,0
ARRD.DE,D,20210625,000000,26.115,26.555,25.93,26.225,119214,0
ARRD.DE,D,20210628,000000,25.97,26.16,25.37,25.37,85079,0
ARRD.DE,D,20210629,000000,25.655,26.565,25.58,26.415,89245,0
ARRD.DE,D,20210630,000000,26.395,26.405,25.54,25.905,73068,0
ARRD.DE,D,20210701,000000,26.325,26.72,26.215,26.215,115612,0
ARRD.DE,D,20210702,000000,26.265,26.68,26.21,26.48,72563,0
ARRD.DE,D,20210705,000000,26.665,27.04,26.515,26.865,42275,0
ARRD.DE,D,20210706,000000,26.745,26.865,25.365,25.45,69484,0
ARRD.DE,D,20210707,000000,25.675,25.955,25.255,25.795,89767,0
ARRD.DE,D,20210708,000000,25.345,25.345,24.38,24.9,123537,0
ARRD.DE,D,20210709,000000,25.21,26.31,25.16,26.235,91188,0
ARRD.DE,D,20210712,000000,26.16,26.27,25.585,26.185,65884,0
ARRD.DE,D,20210713,000000,26.345,26.505,25.575,25.75,119092,0
ARRD.DE,D,20210714,000000,26.015,26.95,26.015,26.385,172822,0
ARRD.DE,D,20210715,000000,26.245,26.545,26.07,26.43,68723,0
ARRD.DE,D,20210716,000000,26.195,26.195,25.155,25.44,189879,0
ARRD.DE,D,20210719,000000,25.03,25.065,24.04,24.635,111131,0
ARRD.DE,D,20210720,000000,25.035,25.475,24.62,25.36,68559,0
ARRD.DE,D,20210721,000000,25.505,26.42,25.38,26.31,110989,0
ARRD.DE,D,20210722,000000,26.615,26.78,26.295,26.545,80333,0
ARRD.DE,D,20210723,000000,26.97,27.265,26.885,27.225,107805,0
ARRD.DE,D,20210726,000000,27.215,28.32,27.045,28.32,97039,0
ARRD.DE,D,20210727,000000,28.11,28.375,27.845,28.175,60377,0
ARRD.DE,D,20210728,000000,28.08,28.53,28.04,28.515,74317,0
ARRD.DE,D,20210729,000000,29.4,29.955,29.01,29.65,222640,0
ARRD.DE,D,20210730,000000,29.2,29.78,29.025,29.42,122228,0
ARRD.DE,D,20210802,000000,29.76,29.905,28.925,28.925,136268,0
ARRD.DE,D,20210803,000000,28.78,29.35,28.565,29.35,88300,0
ARRD.DE,D,20210804,000000,29.53,29.685,29.245,29.375,57906,0
ARRD.DE,D,20210805,000000,29,29.28,28.9,29.205,69294,0
ARRD.DE,D,20210806,000000,28.95,29.665,28.835,29.45,49274,0
ARRD.DE,D,20210809,000000,29.3,29.655,29.145,29.56,50558,0
ARRD.DE,D,20210810,000000,29.75,30.42,29.57,30.42,63512,0
ARRD.DE,D,20210811,000000,30.66,30.8,30.16,30.65,84291,0
ARRD.DE,D,20210812,000000,30.735,30.74,30.38,30.515,45713,0
ARRD.DE,D,20210813,000000,30.73,30.85,30.56,30.79,30043,0
ARRD.DE,D,20210816,000000,30.415,30.595,29.82,30.25,66563,0
ARRD.DE,D,20210817,000000,30.305,30.43,29.79,29.79,370719,0
ARRD.DE,D,20210818,000000,29.905,30.025,29.535,30.005,68129,0
ARRD.DE,D,20210819,000000,28.63,29.035,27.705,27.705,184360,0
ARRD.DE,D,20210820,000000,28.08,28.215,27.505,28.185,103616,0
ARRD.DE,D,20210823,000000,28.445,28.525,27.92,28.425,44707,0
ARRD.DE,D,20210824,000000,28.69,29.465,28.615,29.24,90452,0
