<TICKER>,<PER>,<DATE>,<TIME>,<OPEN>,<HIGH>,<LOW>,<CLOSE>,<VOL>,<OPENINT>
AT1.DE,D,20151126,000000,3.709469,3.709469,3.709469,3.709469,1000,0
AT1.DE,D,20151207,000000,3.691462,3.691462,3.691462,3.691462,4400,0
AT1.DE,D,20151208,000000,3.817512,3.817512,3.817512,3.817512,4000,0
AT1.DE,D,20151209,000000,3.790501,3.790501,3.790501,3.790501,1000,0
AT1.DE,D,20151210,000000,3.86253,3.86253,3.86253,3.86253,500,0
AT1.DE,D,20151216,000000,3.7878,3.7878,3.7878,3.7878,2000,0
AT1.DE,D,20151223,000000,3.682459,3.682459,3.682459,3.682459,2000,0
AT1.DE,D,20151230,000000,3.997583,4.501783,3.916551,3.916551,4900,0
AT1.DE,D,20160105,000000,3.882338,3.882338,3.882338,3.882338,2000,0
AT1.DE,D,20160113,000000,3.700466,3.700466,3.700466,3.700466,2000,0
AT1.DE,D,20160115,000000,3.691462,3.691462,3.691462,3.691462,2000,0
AT1.DE,D,20160122,000000,3.701366,3.701366,3.701366,3.701366,2000,0
AT1.DE,D,20160125,000000,3.745484,3.745484,3.745484,3.745484,2000,0
AT1.DE,D,20160126,000000,3.690562,3.691462,3.682459,3.682459,10000,0
AT1.DE,D,20160127,000000,3.656348,3.656348,3.601427,3.601427,4000,0
AT1.DE,D,20160129,000000,3.700466,3.701366,3.700466,3.701366,2100,0
AT1.DE,D,20160203,000000,3.616733,3.616733,3.616733,3.616733,499,0
AT1.DE,D,20160205,000000,3.601427,3.602327,3.601427,3.602327,4000,0
AT1.DE,D,20160208,000000,3.603227,3.650046,3.601427,3.650046,8000,0
AT1.DE,D,20160212,000000,3.582519,3.582519,3.582519,3.582519,2000,0
AT1.DE,D,20160215,000000,3.618533,3.618533,3.618533,3.618533,500,0
AT1.DE,D,20160216,000000,3.600526,3.622135,3.580718,3.622135,5469,0
AT1.DE,D,20160217,000000,3.608629,3.63564,3.608629,3.631138,2846,0
AT1.DE,D,20160218,000000,3.593323,3.593323,3.593323,3.593323,1064,0
AT1.DE,D,20160223,000000,3.548305,3.548305,3.548305,3.548305,460,0
AT1.DE,D,20160225,000000,3.588822,3.601427,3.588822,3.601427,9000,0
AT1.DE,D,20160301,000000,3.596925,3.596925,3.590622,3.590622,1500,0
AT1.DE,D,20160302,000000,3.570814,3.588822,3.569914,3.588822,3000,0
AT1.DE,D,20160303,000000,3.547405,3.547405,3.547405,3.547405,2000,0
AT1.DE,D,20160304,000000,3.547405,3.547405,3.547405,3.547405,300,0
AT1.DE,D,20160307,000000,3.548305,3.548305,3.548305,3.548305,200,0
AT1.DE,D,20160308,000000,3.550106,3.550106,3.520394,3.537501,3300,0
AT1.DE,D,20160309,000000,3.542003,3.542003,3.542003,3.542003,300,0
AT1.DE,D,20160310,000000,3.422256,3.494284,3.422256,3.494284,11250,0
AT1.DE,D,20160311,000000,3.50869,3.542903,3.50869,3.542903,10204,0
AT1.DE,D,20160314,000000,3.543804,3.571715,3.543804,3.565412,26000,0
AT1.DE,D,20160315,000000,3.596925,3.596925,3.594224,3.596925,39650,0
AT1.DE,D,20160316,000000,3.607729,3.607729,3.601427,3.601427,1000,0
AT1.DE,D,20160317,000000,3.60953,3.664452,3.601427,3.664452,8200,0
AT1.DE,D,20160318,000000,3.667153,3.695064,3.646444,3.695064,13000,0
AT1.DE,D,20160321,000000,3.68516,3.745484,3.682459,3.700466,10500,0
AT1.DE,D,20160322,000000,3.707669,3.707669,3.707669,3.707669,2004,0
AT1.DE,D,20160323,000000,3.775195,3.781498,3.763491,3.763491,2500,0
AT1.DE,D,20160324,000000,3.747284,3.747284,3.747284,3.747284,500,0
AT1.DE,D,20160329,000000,3.826516,3.86253,3.767993,3.784199,52822,0
AT1.DE,D,20160330,000000,3.834619,3.916551,3.799505,3.871534,119464,0
AT1.DE,D,20160331,000000,3.916551,3.934558,3.916551,3.934558,1250,0
AT1.DE,D,20160401,000000,3.916551,3.961569,3.916551,3.961569,700,0
AT1.DE,D,20160404,000000,4.006587,4.006587,3.960669,3.961569,8216,0
AT1.DE,D,20160405,000000,3.961569,3.961569,3.961569,3.961569,250,0
AT1.DE,D,20160406,000000,3.961569,4.051605,3.961569,4.051605,10000,0
AT1.DE,D,20160407,000000,4.006587,4.006587,3.961569,3.961569,1779,0
AT1.DE,D,20160408,000000,4.006587,4.006587,4.006587,4.006587,250,0
AT1.DE,D,20160411,000000,4.051605,4.066911,3.971473,3.971473,9282,0
AT1.DE,D,20160412,000000,4.000285,4.006587,3.990381,4.006587,10000,0
AT1.DE,D,20160413,000000,3.73648,3.781498,3.691462,3.781498,41008,0
AT1.DE,D,20160414,000000,3.751786,3.83732,3.745484,3.754487,53004,0
AT1.DE,D,20160415,000000,3.826516,3.826516,3.709469,3.728377,60396,0
AT1.DE,D,20160418,000000,3.797704,3.797704,3.788701,3.788701,1500,0
AT1.DE,D,20160419,000000,3.81121,3.81121,3.795003,3.795003,1000,0
AT1.DE,D,20160420,000000,3.840021,3.840021,3.835519,3.835519,1550,0
AT1.DE,D,20160421,000000,3.853526,3.885039,3.844523,3.885039,10518,0
AT1.DE,D,20160422,000000,3.835519,3.835519,3.835519,3.835519,500,0
AT1.DE,D,20160425,000000,3.885039,3.885039,3.885039,3.885039,200,0
AT1.DE,D,20160426,000000,3.884139,3.884139,3.884139,3.884139,207,0
AT1.DE,D,20160427,000000,3.853526,3.898544,3.853526,3.898544,3005,0
AT1.DE,D,20160428,000000,3.903046,3.98858,3.903046,3.98858,6800,0
AT1.DE,D,20160429,000000,3.952566,3.952566,3.952566,3.952566,2000,0
AT1.DE,D,20160502,000000,4.006587,4.006587,4.006587,4.006587,300,0
AT1.DE,D,20160503,000000,4.006587,4.006587,4.006587,4.006587,100,0
AT1.DE,D,20160504,000000,4.002085,4.002085,3.96337,3.96337,1100,0
AT1.DE,D,20160505,000000,3.96427,3.96427,3.924655,3.924655,1830,0
AT1.DE,D,20160506,000000,3.943562,3.943562,3.943562,3.943562,500,0
AT1.DE,D,20160509,000000,3.86253,3.86253,3.86253,3.86253,1000,0
AT1.DE,D,20160510,000000,3.835519,3.916551,3.835519,3.916551,1798,0
AT1.DE,D,20160511,000000,3.916551,3.916551,3.916551,3.916551,549,0
AT1.DE,D,20160512,000000,3.894042,3.894042,3.894042,3.894042,200,0
AT1.DE,D,20160513,000000,3.916551,3.918352,3.915651,3.915651,1882,0
AT1.DE,D,20160517,000000,3.915651,3.961569,3.915651,3.915651,5906,0
AT1.DE,D,20160518,000000,3.996683,3.996683,3.915651,3.915651,3125,0
AT1.DE,D,20160519,000000,3.979576,3.979576,3.979576,3.979576,200,0
AT1.DE,D,20160520,000000,3.889541,3.889541,3.889541,3.889541,100,0
AT1.DE,D,20160523,000000,3.990381,3.990381,3.990381,3.990381,100,0
AT1.DE,D,20160524,000000,3.970573,3.970573,3.970573,3.970573,200,0
AT1.DE,D,20160525,000000,4.015591,4.015591,4.015591,4.015591,100,0
AT1.DE,D,20160526,000000,3.916551,3.916551,3.916551,3.916551,600,0
AT1.DE,D,20160527,000000,3.930057,4.024594,3.930057,4.024594,3000,0
AT1.DE,D,20160530,000000,3.970573,4.087619,3.970573,4.087619,590,0
AT1.DE,D,20160531,000000,4.087619,4.087619,4.087619,4.087619,1560,0
AT1.DE,D,20160601,000000,4.051605,4.051605,4.051605,4.051605,100,0
AT1.DE,D,20160602,000000,4.11463,4.141641,4.11463,4.141641,200,0
AT1.DE,D,20160603,000000,4.060608,4.11463,4.060608,4.11463,1100,0
AT1.DE,D,20160606,000000,4.155146,4.155146,4.155146,4.155146,200,0
AT1.DE,D,20160607,000000,4.179455,4.182157,4.168651,4.182157,2300,0
AT1.DE,D,20160608,000000,4.227174,4.227174,4.227174,4.227174,100,0
AT1.DE,D,20160609,000000,4.210068,4.210068,4.210068,4.210068,100,0
AT1.DE,D,20160610,000000,4.234377,4.234377,4.234377,4.234377,100,0
AT1.DE,D,20160613,000000,4.231676,4.231676,4.180356,4.180356,2100,0
AT1.DE,D,20160614,000000,4.249683,4.249683,4.051605,4.051605,2100,0
AT1.DE,D,20160615,000000,4.132637,4.132637,4.085818,4.085818,250,0
AT1.DE,D,20160616,000000,4.110128,4.110128,3.959768,4.078616,500,0
AT1.DE,D,20160617,000000,4.123633,4.123633,4.123633,4.123633,100,0
AT1.DE,D,20160620,000000,4.141641,4.141641,4.141641,4.141641,100,0
AT1.DE,D,20160621,000000,4.087619,4.087619,4.087619,4.087619,400,0
AT1.DE,D,20160622,000000,4.132637,4.132637,4.132637,4.132637,150,0
AT1.DE,D,20160623,000000,4.051605,4.132637,4.051605,4.132637,750,0
AT1.DE,D,20160624,000000,4.096623,4.096623,4.096623,4.096623,1000,0
AT1.DE,D,20160627,000000,4.105626,4.105626,3.916551,3.916551,6100,0
AT1.DE,D,20160628,000000,4.006587,4.006587,4.006587,4.006587,100,0
AT1.DE,D,20160629,000000,4.006587,4.033598,3.98858,4.033598,11400,0
AT1.DE,D,20160630,000000,4.123633,4.123633,4.078616,4.123633,2300,0
AT1.DE,D,20160701,000000,4.109228,4.109228,4.084018,4.084018,2225,0
AT1.DE,D,20160704,000000,4.087619,4.097523,4.087619,4.097523,100,0
AT1.DE,D,20160705,000000,4.083117,4.096623,4.0381,4.096623,2350,0
AT1.DE,D,20160706,000000,4.132637,4.132637,4.132637,4.132637,100,0
AT1.DE,D,20160707,000000,4.118231,4.118231,4.118231,4.118231,2000,0
AT1.DE,D,20160711,000000,4.119132,4.186658,4.119132,4.186658,6504,0
AT1.DE,D,20160712,000000,4.249683,4.249683,4.249683,4.249683,2000,0
AT1.DE,D,20160713,000000,4.321712,4.321712,4.258687,4.258687,2200,0
AT1.DE,D,20160714,000000,4.204665,4.204665,4.204665,4.204665,500,0
AT1.DE,D,20160718,000000,4.26589,4.26589,4.26589,4.26589,200,0
AT1.DE,D,20160719,000000,4.13984,4.13984,4.13984,4.13984,1050,0
AT1.DE,D,20160720,000000,4.141641,4.168651,4.141641,4.168651,1710,0
AT1.DE,D,20160721,000000,4.11463,4.11463,4.11463,4.11463,650,0
AT1.DE,D,20160722,000000,4.24068,4.24068,4.24068,4.24068,200,0
AT1.DE,D,20160725,000000,4.26589,4.26589,4.26589,4.26589,500,0
AT1.DE,D,20160726,000000,4.348723,4.348723,4.222673,4.222673,3744,0
AT1.DE,D,20160727,000000,4.339719,4.339719,4.141641,4.141641,5385,0
AT1.DE,D,20160728,000000,4.26769,4.26769,4.26769,4.26769,250,0
AT1.DE,D,20160729,000000,4.141641,4.141641,4.141641,4.141641,3004,0
AT1.DE,D,20160801,000000,4.168651,4.168651,4.168651,4.168651,800,0
AT1.DE,D,20160802,000000,4.195662,4.195662,4.161448,4.161448,2250,0
AT1.DE,D,20160804,000000,4.181256,4.181256,4.181256,4.181256,220,0
AT1.DE,D,20160808,000000,4.051605,4.051605,4.006587,4.051605,10614,0
AT1.DE,D,20160810,000000,4.106527,4.106527,4.106527,4.106527,100,0
AT1.DE,D,20160811,000000,4.141641,4.231676,4.078616,4.222673,15201,0
AT1.DE,D,20160812,000000,4.231676,4.231676,4.159648,4.159648,1020,0
AT1.DE,D,20160815,000000,4.150644,4.186658,4.145242,4.186658,2960,0
AT1.DE,D,20160817,000000,4.168651,4.204665,4.168651,4.204665,6120,0
AT1.DE,D,20160818,000000,4.177655,4.177655,4.177655,4.177655,1000,0
AT1.DE,D,20160822,000000,4.163249,4.163249,4.163249,4.163249,403,0
AT1.DE,D,20160823,000000,4.159648,4.159648,4.159648,4.159648,1000,0
AT1.DE,D,20160824,000000,4.186658,4.285698,4.069612,4.285698,3700,0
AT1.DE,D,20160825,000000,4.270392,4.270392,4.270392,4.270392,2000,0
AT1.DE,D,20160826,000000,4.249683,4.249683,4.249683,4.249683,75,0
AT1.DE,D,20160829,000000,4.274893,4.274893,4.274893,4.274893,200,0
AT1.DE,D,20160830,000000,4.276694,4.276694,4.276694,4.276694,750,0
AT1.DE,D,20160831,000000,4.2911,4.36673,4.2911,4.36673,2500,0
AT1.DE,D,20160901,000000,4.351424,4.351424,4.351424,4.351424,2000,0
AT1.DE,D,20160905,000000,4.365829,4.460367,4.365829,4.411748,8008,0
AT1.DE,D,20160906,000000,4.436057,4.436057,4.436057,4.436057,200,0
AT1.DE,D,20160907,000000,4.451363,4.451363,4.451363,4.451363,250,0
AT1.DE,D,20160908,000000,4.436057,4.447762,4.436057,4.447762,3000,0
AT1.DE,D,20160909,000000,4.432456,4.432456,4.36673,4.36673,15000,0
AT1.DE,D,20160912,000000,4.231676,4.231676,4.231676,4.231676,13000,0
AT1.DE,D,20160913,000000,4.294701,4.303705,4.294701,4.303705,4000,0
AT1.DE,D,20160914,000000,4.303705,4.303705,4.231676,4.231676,17200,0
AT1.DE,D,20160916,000000,4.21727,4.21727,4.096623,4.096623,4050,0
AT1.DE,D,20160919,000000,4.110128,4.213669,4.096623,4.096623,11900,0
AT1.DE,D,20160920,000000,4.132637,4.132637,4.132637,4.132637,1000,0
AT1.DE,D,20160922,000000,4.118231,4.141641,4.118231,4.141641,3000,0
AT1.DE,D,20160923,000000,4.156046,4.156046,4.123633,4.141641,310,0
AT1.DE,D,20160926,000000,4.127235,4.127235,4.051605,4.051605,28000,0
AT1.DE,D,20160927,000000,4.06511,4.06511,4.006587,4.006587,7950,0
AT1.DE,D,20160928,000000,4.006587,4.006587,3.961569,3.961569,3500,0
AT1.DE,D,20160929,000000,3.961569,3.961569,3.961569,3.961569,24000,0
AT1.DE,D,20160930,000000,3.961569,3.961569,3.961569,3.961569,801,0
AT1.DE,D,20161004,000000,3.975075,3.975075,3.975075,3.975075,900,0
AT1.DE,D,20161005,000000,3.98858,3.98858,3.961569,3.961569,30699,0
AT1.DE,D,20161006,000000,3.948064,3.979576,3.86253,3.979576,4000,0
AT1.DE,D,20161007,000000,3.993082,3.993082,3.993082,3.993082,200,0
AT1.DE,D,20161010,000000,4.119132,4.119132,3.961569,3.961569,30035,0
AT1.DE,D,20161012,000000,3.934558,3.934558,3.844523,3.844523,1100,0
AT1.DE,D,20161014,000000,3.950765,3.950765,3.950765,3.950765,100,0
AT1.DE,D,20161017,000000,3.916551,3.916551,3.916551,3.916551,500,0
AT1.DE,D,20161019,000000,3.871534,3.871534,3.871534,3.871534,100,0
AT1.DE,D,20161021,000000,3.997583,3.997583,3.997583,3.997583,300,0
AT1.DE,D,20161024,000000,4.024594,4.024594,3.979576,3.979576,2200,0
AT1.DE,D,20161026,000000,3.997583,3.997583,3.997583,3.997583,3000,0
AT1.DE,D,20161027,000000,3.984078,3.984078,3.984078,3.984078,2000,0
AT1.DE,D,20161028,000000,3.867032,3.867032,3.867032,3.867032,2000,0
AT1.DE,D,20161031,000000,3.845423,3.845423,3.845423,3.845423,100,0
AT1.DE,D,20161101,000000,3.871534,3.871534,3.871534,3.871534,100,0
AT1.DE,D,20161102,000000,3.849025,3.849025,3.849025,3.849025,100,0
AT1.DE,D,20161103,000000,3.871534,3.871534,3.871534,3.871534,500,0
AT1.DE,D,20161107,000000,3.826516,3.826516,3.826516,3.826516,100,0
AT1.DE,D,20161108,000000,3.839121,3.839121,3.839121,3.839121,2000,0
AT1.DE,D,20161110,000000,3.825615,3.825615,3.825615,3.825615,100,0
AT1.DE,D,20161111,000000,3.81211,3.81211,3.763491,3.763491,1479,0
AT1.DE,D,20161114,000000,3.749985,3.749985,3.628437,3.628437,5900,0
AT1.DE,D,20161115,000000,3.641042,3.641042,3.601427,3.601427,17500,0
AT1.DE,D,20161116,000000,3.691462,3.691462,3.691462,3.691462,100,0
AT1.DE,D,20161121,000000,3.677056,3.677056,3.677056,3.677056,75,0
AT1.DE,D,20161124,000000,3.78373,3.78373,3.78373,3.78373,100,0
AT1.DE,D,20161125,000000,3.770966,3.770966,3.770966,3.770966,2000,0
AT1.DE,D,20161128,000000,3.747261,3.747261,3.747261,3.747261,1000,0
AT1.DE,D,20161129,000000,3.78373,3.811083,3.78373,3.811083,11592,0
AT1.DE,D,20161130,000000,3.811083,3.811083,3.811083,3.811083,200,0
AT1.DE,D,20161201,000000,3.811083,3.811083,3.811083,3.811083,100,0
AT1.DE,D,20161202,000000,3.811083,3.811083,3.811083,3.811083,100,0
AT1.DE,D,20161205,000000,3.865787,3.865787,3.738143,3.829317,14358,0
AT1.DE,D,20161206,000000,3.838435,3.847552,3.838435,3.847552,8288,0
AT1.DE,D,20161207,000000,3.847552,3.847552,3.801965,3.847552,7300,0
AT1.DE,D,20161208,000000,3.847552,3.849376,3.847552,3.847552,3800,0
AT1.DE,D,20161209,000000,3.847552,3.847552,3.847552,3.847552,400,0
AT1.DE,D,20161212,000000,3.849376,3.849376,3.738143,3.738143,19292,0
AT1.DE,D,20161213,000000,3.801965,3.801965,3.656086,3.756378,6320,0
AT1.DE,D,20161214,000000,3.738143,3.738143,3.683439,3.683439,1848,0
AT1.DE,D,20161215,000000,3.646969,3.774613,3.601382,3.646969,16285,0
AT1.DE,D,20161219,000000,3.665204,3.8202,3.665204,3.8202,2080,0
AT1.DE,D,20161220,000000,3.78373,3.801965,3.78373,3.801965,1048,0
AT1.DE,D,20161221,000000,3.78373,3.829317,3.78373,3.829317,1040,0
AT1.DE,D,20161222,000000,3.738143,3.756378,3.738143,3.756378,12000,0
AT1.DE,D,20161223,000000,3.743614,3.743614,3.743614,3.743614,869,0
AT1.DE,D,20161227,000000,3.829317,3.829317,3.829317,3.829317,3689,0
AT1.DE,D,20161228,000000,3.849376,3.849376,3.849376,3.849376,900,0
AT1.DE,D,20161229,000000,3.849376,3.849376,3.849376,3.849376,70,0
AT1.DE,D,20170102,000000,3.849376,3.849376,3.829317,3.829317,1822,0
AT1.DE,D,20170103,000000,3.884022,3.884022,3.738143,3.738143,1530,0
AT1.DE,D,20170105,000000,3.693468,3.801965,3.693468,3.801965,101,0
AT1.DE,D,20170106,000000,3.738143,3.738143,3.738143,3.738143,2750,0
AT1.DE,D,20170110,000000,3.855758,3.855758,3.855758,3.855758,105,0
AT1.DE,D,20170111,000000,3.901345,3.901345,3.901345,3.901345,50,0
AT1.DE,D,20170112,000000,3.91958,3.91958,3.773701,3.773701,1023,0
AT1.DE,D,20170116,000000,3.738143,3.738143,3.738143,3.738143,325,0
AT1.DE,D,20170118,000000,3.819288,3.819288,3.819288,3.819288,100,0
AT1.DE,D,20170119,000000,3.78373,3.79376,3.756378,3.756378,11600,0
AT1.DE,D,20170120,000000,3.738143,3.738143,3.719908,3.719908,2110,0
AT1.DE,D,20170123,000000,3.738143,3.751819,3.738143,3.751819,3390,0
AT1.DE,D,20170124,000000,3.72082,3.72082,3.719908,3.719908,836,0
AT1.DE,D,20170125,000000,3.710791,3.729026,3.692556,3.692556,3370,0
AT1.DE,D,20170130,000000,3.647881,3.647881,3.647881,3.647881,100,0
AT1.DE,D,20170131,000000,3.647881,3.774613,3.647881,3.774613,101,0
AT1.DE,D,20170201,000000,3.646969,3.646969,3.632381,3.632381,5170,0
AT1.DE,D,20170202,000000,3.656086,3.656086,3.656086,3.656086,300,0
AT1.DE,D,20170203,000000,3.656086,3.656086,3.656086,3.656086,300,0
AT1.DE,D,20170206,000000,3.556707,3.556707,3.556707,3.556707,1966,0
AT1.DE,D,20170207,000000,3.68435,3.68435,3.68435,3.68435,100,0
AT1.DE,D,20170208,000000,3.692556,3.692556,3.692556,3.692556,4000,0
AT1.DE,D,20170209,000000,3.738143,3.738143,3.738143,3.738143,600,0
AT1.DE,D,20170213,000000,3.747261,3.747261,3.747261,3.747261,2000,0
AT1.DE,D,20170214,000000,3.801965,3.801965,3.78373,3.78373,13000,0
AT1.DE,D,20170215,000000,3.78373,3.78373,3.78373,3.78373,300,0
AT1.DE,D,20170217,000000,3.792848,3.792848,3.792848,3.792848,125,0
AT1.DE,D,20170220,000000,3.920492,3.920492,3.874905,3.874905,26004,0
AT1.DE,D,20170221,000000,3.874905,3.874905,3.874905,3.874905,5000,0
AT1.DE,D,20170223,000000,3.874905,3.874905,3.874905,3.874905,100,0
AT1.DE,D,20170224,000000,3.984314,3.984314,3.984314,3.984314,8775,0
AT1.DE,D,20170228,000000,3.929609,4.011666,3.929609,4.011666,8004,0
AT1.DE,D,20170302,000000,3.874905,3.874905,3.874905,3.874905,4000,0
AT1.DE,D,20170306,000000,3.78373,3.78373,3.647881,3.647881,132,0
AT1.DE,D,20170307,000000,3.692556,3.947844,3.692556,3.947844,288,0
AT1.DE,D,20170308,000000,3.8202,3.8202,3.811083,3.811083,4004,0
AT1.DE,D,20170313,000000,3.855758,3.855758,3.855758,3.855758,130,0
AT1.DE,D,20170320,000000,3.916845,3.925962,3.916845,3.925962,4004,0
AT1.DE,D,20170321,000000,3.925962,3.925962,3.798318,3.798318,5200,0
AT1.DE,D,20170330,000000,3.829317,3.829317,3.829317,3.829317,5270,0
AT1.DE,D,20170331,000000,3.956961,4.130192,3.956961,4.130192,6224,0
AT1.DE,D,20170403,000000,4.130192,4.194014,4.130192,4.194014,435,0
AT1.DE,D,20170404,000000,4.239601,4.239601,4.06637,4.06637,240,0
AT1.DE,D,20170405,000000,4.194014,4.194014,4.067282,4.067282,502,0
AT1.DE,D,20170406,000000,4.194926,4.285189,4.194926,4.285189,6904,0
AT1.DE,D,20170407,000000,4.284277,4.284277,4.284277,4.284277,500,0
AT1.DE,D,20170410,000000,4.130192,4.320747,4.130192,4.20769,45928,0
AT1.DE,D,20170413,000000,4.263307,4.263307,4.263307,4.263307,400,0
AT1.DE,D,20170418,000000,4.390039,4.390039,4.285189,4.390039,3245,0
AT1.DE,D,20170419,000000,4.285189,4.285189,4.285189,4.285189,300,0
AT1.DE,D,20170420,000000,4.266954,4.411921,4.266954,4.411921,343,0
AT1.DE,D,20170421,000000,4.240513,4.240513,4.240513,4.240513,55,0
AT1.DE,D,20170424,000000,4.285189,4.285189,4.285189,4.285189,1680,0
AT1.DE,D,20170425,000000,4.239601,4.285189,4.239601,4.285189,1422,0
AT1.DE,D,20170426,000000,4.285189,4.285189,4.285189,4.285189,30000,0
AT1.DE,D,20170427,000000,4.376363,4.376363,4.376363,4.376363,10650,0
AT1.DE,D,20170428,000000,4.376363,4.376363,4.349011,4.375451,3400,0
AT1.DE,D,20170502,000000,4.376363,4.376363,4.248719,4.248719,36720,0
AT1.DE,D,20170503,000000,4.376363,4.466625,4.376363,4.421038,1050,0
AT1.DE,D,20170504,000000,4.421038,4.421038,4.285189,4.285189,22500,0
AT1.DE,D,20170508,000000,4.376363,4.376363,4.376363,4.376363,2050,0
AT1.DE,D,20170509,000000,4.330776,4.330776,4.330776,4.330776,4350,0
AT1.DE,D,20170510,000000,4.248719,4.330776,4.203132,4.266954,5140,0
AT1.DE,D,20170515,000000,4.329864,4.329864,4.257836,4.257836,11550,0
AT1.DE,D,20170516,000000,4.284277,4.284277,4.284277,4.284277,130,0
AT1.DE,D,20170517,000000,4.248719,4.284277,4.212249,4.212249,8500,0
AT1.DE,D,20170518,000000,4.085517,4.085517,4.085517,4.085517,1360,0
AT1.DE,D,20170523,000000,4.284277,4.284277,4.284277,4.284277,110,0
AT1.DE,D,20170524,000000,4.275159,4.275159,4.275159,4.275159,141,0
AT1.DE,D,20170526,000000,4.276071,4.276071,4.266954,4.276071,11185,0
AT1.DE,D,20170529,000000,4.285189,4.285189,4.285189,4.285189,30934,0
AT1.DE,D,20170530,000000,4.239601,4.266954,4.239601,4.266954,20000,0
AT1.DE,D,20170531,000000,4.266954,4.266954,4.266954,4.266954,500,0
AT1.DE,D,20170601,000000,4.230484,4.230484,4.230484,4.230484,52500,0
AT1.DE,D,20170602,000000,4.212249,4.321658,4.212249,4.256925,4566,0
AT1.DE,D,20170606,000000,4.256925,4.256925,4.248719,4.248719,5508,0
AT1.DE,D,20170607,000000,4.355393,4.355393,4.194014,4.194014,46134,0
AT1.DE,D,20170608,000000,4.239601,4.239601,4.17578,4.17578,19912,0
AT1.DE,D,20170609,000000,4.248719,4.257836,4.230484,4.230484,11855,0
AT1.DE,D,20170612,000000,4.212249,4.239601,4.204044,4.23869,2859,0
AT1.DE,D,20170613,000000,4.230484,4.258748,4.230484,4.257836,24761,0
AT1.DE,D,20170614,000000,4.303423,4.303423,4.266954,4.266954,28304,0
AT1.DE,D,20170615,000000,4.257836,4.257836,4.257836,4.257836,7400,0
AT1.DE,D,20170616,000000,4.266954,4.375451,4.266954,4.375451,6525,0
AT1.DE,D,20170619,000000,4.285189,4.419215,4.285189,4.376363,31769,0
AT1.DE,D,20170620,000000,4.421038,4.549594,4.412832,4.549594,16293,0
AT1.DE,D,20170621,000000,4.467537,4.530447,4.38548,4.530447,33028,0
AT1.DE,D,20170622,000000,4.510389,4.511301,4.388215,4.394598,17200,0
AT1.DE,D,20170623,000000,4.377275,4.38548,4.330776,4.349011,15664,0
AT1.DE,D,20170626,000000,4.349011,4.349011,4.348099,4.348099,11120,0
AT1.DE,D,20170627,000000,4.339893,4.403715,4.303423,4.321658,74100,0
AT1.DE,D,20170628,000000,4.321658,4.330776,4.303423,4.330776,93500,0
AT1.DE,D,20170629,000000,4.321658,4.321658,4.284277,4.284277,21200,0
AT1.DE,D,20170630,000000,4.275159,4.356304,4.275159,4.312541,71366,0
AT1.DE,D,20170703,000000,4.321658,4.349011,4.321658,4.349011,186500,0
AT1.DE,D,20170704,000000,4.349011,4.358128,4.330776,4.349011,71117,0
AT1.DE,D,20170705,000000,4.349011,4.376363,4.339893,4.376363,93080,0
AT1.DE,D,20170706,000000,4.376363,4.390951,4.329864,4.358128,128030,0
AT1.DE,D,20170707,000000,4.321658,4.42195,4.321658,4.35904,250828,0
AT1.DE,D,20170710,000000,4.381833,4.449302,4.381833,4.431067,344324,0
AT1.DE,D,20170711,000000,4.446567,4.446567,4.371804,4.371804,16898,0
AT1.DE,D,20170712,000000,4.367245,4.38548,4.354481,4.38548,140968,0
AT1.DE,D,20170713,000000,4.394598,4.403715,4.367245,4.367245,44000,0
AT1.DE,D,20170714,000000,4.412832,4.42195,4.394598,4.42195,107399,0
AT1.DE,D,20170717,000000,4.42195,4.45842,4.403715,4.417391,253000,0
AT1.DE,D,20170718,000000,4.412832,4.42195,4.403715,4.42195,147177,0
AT1.DE,D,20170719,000000,4.412832,4.42195,4.394598,4.403715,110860,0
AT1.DE,D,20170720,000000,4.402803,4.431979,4.38548,4.388215,262700,0
AT1.DE,D,20170721,000000,4.38548,4.394598,4.361775,4.380922,82803,0
AT1.DE,D,20170724,000000,4.380922,4.430156,4.380922,4.42195,286929,0
AT1.DE,D,20170725,000000,4.431067,4.490331,4.431067,4.456596,456575,0
AT1.DE,D,20170726,000000,4.467537,4.513124,4.467537,4.508565,174684,0
AT1.DE,D,20170727,000000,4.513124,4.558711,4.513124,4.558711,294673,0
AT1.DE,D,20170728,000000,4.567829,4.595181,4.513124,4.545035,357948,0
AT1.DE,D,20170731,000000,4.549594,4.576946,4.545035,4.572387,204457,0
AT1.DE,D,20170801,000000,4.581505,4.741971,4.576946,4.721913,434504,0
AT1.DE,D,20170802,000000,4.731942,4.78847,4.721913,4.750177,255009,0
AT1.DE,D,20170803,000000,4.777529,4.777529,4.750177,4.752001,240725,0
AT1.DE,D,20170804,000000,4.758383,4.777529,4.754736,4.772971,675895,0
AT1.DE,D,20170807,000000,4.772059,4.773882,4.752001,4.759295,189038,0
AT1.DE,D,20170808,000000,4.750177,4.759295,4.714619,4.72556,182069,0
AT1.DE,D,20170809,000000,4.731942,4.74106,4.715531,4.728295,233780,0
AT1.DE,D,20170810,000000,4.729207,4.765677,4.723737,4.724648,458081,0
AT1.DE,D,20170811,000000,4.731942,4.731942,4.659915,4.663562,878578,0
AT1.DE,D,20170814,000000,4.759295,4.777529,4.722825,4.763853,388309,0
AT1.DE,D,20170815,000000,4.764765,4.795764,4.763853,4.787559,425393,0
AT1.DE,D,20170816,000000,4.786647,4.877821,4.786647,4.849557,507329,0
AT1.DE,D,20170817,000000,4.857763,4.940731,4.823117,4.923408,1915194,0
AT1.DE,D,20170818,000000,4.914291,4.922496,4.853204,4.870527,293394,0
AT1.DE,D,20170821,000000,4.888762,4.896056,4.813999,4.841351,210363,0
AT1.DE,D,20170822,000000,4.841351,4.855027,4.804882,4.855027,282823,0
AT1.DE,D,20170823,000000,4.855027,4.880556,4.834969,4.844998,331144,0
AT1.DE,D,20170824,000000,4.848645,4.881468,4.848645,4.874174,226900,0
AT1.DE,D,20170825,000000,4.883291,4.896056,4.876909,4.885115,300087,0
AT1.DE,D,20170828,000000,4.896056,4.923408,4.886938,4.893321,245726,0
AT1.DE,D,20170829,000000,4.896968,4.912467,4.832234,4.905173,406277,0
AT1.DE,D,20170830,000000,4.996348,5.112139,4.996348,5.105757,698387,0
AT1.DE,D,20170831,000000,5.105757,5.133109,5.087522,5.123991,411850,0
AT1.DE,D,20170901,000000,5.131285,5.215166,5.131285,5.178696,227594,0
AT1.DE,D,20170904,000000,5.179608,5.215166,5.178696,5.192372,245310,0
AT1.DE,D,20170905,000000,5.196931,5.206048,5.045582,5.061993,281810,0
AT1.DE,D,20170906,000000,5.078404,5.154079,5.076581,5.153167,238396,0
AT1.DE,D,20170907,000000,5.196931,5.255282,5.142226,5.151344,512081,0
AT1.DE,D,20170908,000000,5.169579,5.196019,5.139491,5.144962,304638,0
AT1.DE,D,20170911,000000,5.148608,5.178696,5.141315,5.169579,94445,0
AT1.DE,D,20170912,000000,5.178696,5.206048,5.169579,5.196931,134787,0
AT1.DE,D,20170913,000000,5.205137,5.291752,5.193284,5.291752,198061,0
AT1.DE,D,20170914,000000,5.297222,5.424866,5.297222,5.373809,442859,0
AT1.DE,D,20170915,000000,5.44766,5.44766,5.315457,5.443101,1707142,0
AT1.DE,D,20170918,000000,5.397514,5.497806,5.370162,5.415749,498537,0
AT1.DE,D,20170919,000000,5.430337,5.516041,5.410279,5.452219,360776,0
AT1.DE,D,20170920,000000,5.455866,5.4741,5.397514,5.433984,569391,0
AT1.DE,D,20170921,000000,5.443101,5.461336,5.415749,5.433984,850700,0
AT1.DE,D,20170922,000000,5.437631,5.462248,5.420308,5.452219,255204,0
AT1.DE,D,20170925,000000,5.46316,5.493247,5.452219,5.479571,329146,0
AT1.DE,D,20170926,000000,5.479571,5.592627,5.470454,5.55251,920603,0
AT1.DE,D,20170927,000000,5.540658,5.561628,5.497806,5.516041,189420,0
AT1.DE,D,20170928,000000,5.516041,5.516041,5.387485,5.452219,330344,0
AT1.DE,D,20170929,000000,5.443101,5.525158,5.424866,5.525158,297604,0
AT1.DE,D,20171002,000000,5.506923,5.561628,5.452219,5.561628,392036,0
AT1.DE,D,20171004,000000,5.598097,5.69383,5.535187,5.643685,575026,0
AT1.DE,D,20171005,000000,5.689272,5.798681,5.62545,5.762211,992715,0
AT1.DE,D,20171006,000000,5.762211,5.816004,5.673772,5.771328,4878289,0
AT1.DE,D,20171009,000000,5.764035,5.888943,5.725741,5.880738,576402,0
AT1.DE,D,20171010,000000,5.863414,5.889855,5.821474,5.889855,788527,0
AT1.DE,D,20171011,000000,5.898972,5.90809,5.878914,5.90809,373888,0
AT1.DE,D,20171012,000000,5.90809,5.912648,5.853385,5.898061,802717,0
AT1.DE,D,20171013,000000,5.889855,5.898972,5.797769,5.797769,308185,0
AT1.DE,D,20171016,000000,5.815092,5.83515,5.781358,5.820563,200243,0
AT1.DE,D,20171017,000000,5.807798,5.860679,5.802328,5.813269,210271,0
AT1.DE,D,20171018,000000,5.824209,5.853385,5.824209,5.827856,148205,0
AT1.DE,D,20171019,000000,5.831503,5.83515,5.662831,5.680154,468649,0
AT1.DE,D,20171020,000000,5.543393,5.579863,5.497806,5.509658,2144242,0
AT1.DE,D,20171023,000000,5.513305,5.528805,5.455866,5.523335,768958,0
AT1.DE,D,20171024,000000,5.543393,5.590803,5.525158,5.543393,776189,0
AT1.DE,D,20171025,000000,5.554334,5.554334,5.478659,5.497806,550974,0
AT1.DE,D,20171026,000000,5.501453,5.538834,5.444013,5.538834,610587,0
AT1.DE,D,20171027,000000,5.535187,5.579863,5.486865,5.521511,787180,0
AT1.DE,D,20171030,000000,5.53154,5.545216,5.479571,5.508747,660930,0
AT1.DE,D,20171101,000000,5.507835,5.581686,5.487777,5.570745,683890,0
AT1.DE,D,20171102,000000,5.584421,5.682889,5.557981,5.664655,1295619,0
AT1.DE,D,20171103,000000,5.683801,5.700213,5.623626,5.664655,643783,0
AT1.DE,D,20171106,000000,5.680154,5.680154,5.607215,5.637302,291826,0
AT1.DE,D,20171107,000000,5.644596,5.678331,5.62545,5.663743,436768,0
AT1.DE,D,20171108,000000,5.673772,5.673772,5.632744,5.643685,348185,0
AT1.DE,D,20171109,000000,5.64642,5.655537,5.579863,5.62545,368169,0
AT1.DE,D,20171110,000000,5.629097,5.652802,5.603568,5.640038,398541,0
AT1.DE,D,20171113,000000,5.617244,5.645508,5.579863,5.623626,317309,0
AT1.DE,D,20171114,000000,5.63092,5.663743,5.588068,5.607215,753397,0
AT1.DE,D,20171115,000000,5.608127,5.615421,5.488688,5.497806,445016,0
AT1.DE,D,20171116,000000,5.4896,5.543393,5.4896,5.511482,333867,0
AT1.DE,D,20171117,000000,5.514217,5.522423,5.435807,5.479571,751665,0
AT1.DE,D,20171120,000000,5.488688,5.493247,5.433984,5.456777,405086,0
AT1.DE,D,20171121,000000,5.466807,5.545216,5.434896,5.511482,536690,0
AT1.DE,D,20171122,000000,5.516952,5.572569,5.516952,5.547952,377557,0
AT1.DE,D,20171123,000000,5.525158,5.542481,5.461336,5.496894,217949,0
AT1.DE,D,20171124,000000,5.518776,5.525158,5.488688,5.508747,344856,0
AT1.DE,D,20171127,000000,5.55251,5.607215,5.542481,5.556157,943577,0
AT1.DE,D,20171128,000000,5.564363,5.665566,5.564363,5.665566,789679,0
AT1.DE,D,20171129,000000,5.679242,5.811445,5.677419,5.76677,1119771,0
AT1.DE,D,20171130,000000,5.770417,5.798681,5.712065,5.780446,1185346,0
AT1.DE,D,20171201,000000,5.789563,5.816004,5.746711,5.782269,647368,0
AT1.DE,D,20171204,000000,5.867061,5.898972,5.853385,5.898972,1590610,0
AT1.DE,D,20171205,000000,5.912648,6.035734,5.883473,5.971,1392514,0
AT1.DE,D,20171206,000000,5.962794,5.990147,5.915384,5.971912,1246795,0
AT1.DE,D,20171207,000000,5.9555,5.962794,5.838797,5.884384,881284,0
AT1.DE,D,20171208,000000,5.874355,5.903531,5.82968,5.862503,1208515,0
AT1.DE,D,20171211,000000,5.870708,5.870708,5.753094,5.83515,1160660,0
AT1.DE,D,20171212,000000,5.94087,5.941805,5.706977,5.83515,1161703,0
AT1.DE,D,20171213,000000,5.849184,5.866024,5.799599,5.825795,1428402,0
AT1.DE,D,20171214,000000,5.819246,5.884736,5.806148,5.869766,1318613,0
AT1.DE,D,20171215,000000,5.880058,5.910932,5.80989,5.842635,2195967,0
AT1.DE,D,20171218,000000,5.851991,6.015715,5.848248,5.94087,1786094,0
AT1.DE,D,20171219,000000,5.950226,6.043783,5.941805,6.012909,2075752,0
AT1.DE,D,20171220,000000,6.026007,6.041911,5.931514,5.947419,1218575,0
AT1.DE,D,20171221,000000,5.950226,5.959581,5.878187,5.950226,1073924,0
AT1.DE,D,20171222,000000,5.951161,5.959581,5.905318,5.935256,959851,0
AT1.DE,D,20171227,000000,5.950226,5.997004,5.925901,5.997004,852183,0
AT1.DE,D,20171228,000000,5.997004,6.005424,5.925901,6.001682,1220985,0
AT1.DE,D,20171229,000000,5.997004,6.00636,5.968937,6.002617,935148,0
AT1.DE,D,20180102,000000,6.001682,6.127984,5.987648,6.127984,1577582,0
AT1.DE,D,20180103,000000,6.13734,6.193474,6.081205,6.081205,1222139,0
AT1.DE,D,20180104,000000,6.062494,6.132662,5.968937,6.081205,1378330,0
AT1.DE,D,20180105,000000,6.085883,6.165407,6.057816,6.118628,1548791,0
AT1.DE,D,20180108,000000,6.13734,6.17944,6.067172,6.099917,2007584,0
AT1.DE,D,20180109,000000,6.090561,6.156051,6.090561,6.127984,1610362,0
AT1.DE,D,20180110,000000,6.109272,6.17944,6.062494,6.170084,2155458,0
AT1.DE,D,20180111,000000,6.184118,6.277675,6.099917,6.132662,2828732,0
AT1.DE,D,20180112,000000,6.146695,6.207507,6.081205,6.095239,1610918,0
AT1.DE,D,20180115,000000,6.118628,6.118628,6.034427,6.081205,1748140,0
AT1.DE,D,20180116,000000,6.081205,6.170084,5.997004,6.109272,1279463,0
AT1.DE,D,20180117,000000,6.109272,6.287031,6.095239,6.249608,2697910,0
AT1.DE,D,20180118,000000,6.268319,6.268319,6.123306,6.142017,1262804,0
AT1.DE,D,20180119,000000,6.156051,6.315098,6.13734,6.216863,3914896,0
AT1.DE,D,20180122,000000,6.235574,6.263641,6.151373,6.165407,1489846,0
AT1.DE,D,20180123,000000,6.188796,6.202829,6.156051,6.17944,2104450,0
AT1.DE,D,20180124,000000,6.193474,6.305742,6.184118,6.240252,2259512,0
AT1.DE,D,20180125,000000,6.226219,6.291709,6.13734,6.165407,1534943,0
AT1.DE,D,20180126,000000,6.160729,6.230897,6.146695,6.221541,1425178,0
AT1.DE,D,20180129,000000,6.240252,6.240252,6.057816,6.062494,1886945,0
AT1.DE,D,20180130,000000,6.053138,6.076527,5.926836,5.936192,2218533,0
AT1.DE,D,20180131,000000,5.936192,6.076527,5.912803,6.067172,2485516,0
AT1.DE,D,20180201,000000,6.090561,6.095239,5.973615,5.992326,2325765,0
AT1.DE,D,20180202,000000,5.992326,6.07185,5.795856,5.80989,2336644,0
AT1.DE,D,20180205,000000,5.795856,5.795856,5.622776,5.721011,2584092,0
AT1.DE,D,20180206,000000,5.50583,5.739722,5.459051,5.674232,3147366,0
AT1.DE,D,20180207,000000,5.702299,5.828601,5.63681,5.814568,2957165,0
AT1.DE,D,20180208,000000,5.800534,5.80989,5.650843,5.683588,2622953,0
AT1.DE,D,20180209,000000,5.683588,5.772467,5.627454,5.735044,2620668,0
AT1.DE,D,20180212,000000,5.767789,5.842635,5.716333,5.791179,2974741,0
AT1.DE,D,20180213,000000,5.80989,5.823924,5.683588,5.706977,1755869,0
AT1.DE,D,20180214,000000,5.739722,5.823924,5.641487,5.655521,3196764,0
AT1.DE,D,20180215,000000,5.692944,5.725689,5.599387,5.627454,2373032,0
AT1.DE,D,20180216,000000,5.646165,5.767789,5.63681,5.767789,2067111,0
AT1.DE,D,20180219,000000,5.758434,5.791179,5.721011,5.753756,1032509,0
AT1.DE,D,20180220,000000,5.739722,5.823924,5.711655,5.786501,1414906,0
AT1.DE,D,20180221,000000,5.805212,5.828601,5.67891,5.814568,1396582,0
AT1.DE,D,20180222,000000,5.791179,5.819246,5.674232,5.791179,1767309,0
AT1.DE,D,20180223,000000,5.814568,5.842635,5.758434,5.800534,2046113,0
AT1.DE,D,20180226,000000,5.823924,5.954903,5.772467,5.908125,1731070,0
AT1.DE,D,20180227,000000,5.894091,5.908125,5.758434,5.856669,1726274,0
AT1.DE,D,20180228,000000,5.87538,5.87538,5.781823,5.851991,1958708,0
AT1.DE,D,20180301,000000,5.847313,5.861346,5.721011,5.767789,1557635,0
AT1.DE,D,20180302,000000,5.767789,5.931514,5.753756,5.795856,5001895,0
AT1.DE,D,20180305,000000,5.80989,6.011038,5.786501,5.922158,4499885,0
AT1.DE,D,20180306,000000,5.987648,6.062494,5.954903,6.001682,4293206,0
AT1.DE,D,20180307,000000,6.001682,6.07185,5.987648,6.057816,3690068,0
AT1.DE,D,20180308,000000,6.07185,6.212185,6.062494,6.212185,3695825,0
AT1.DE,D,20180309,000000,5.94087,5.98297,5.823924,5.917481,17611848,0
AT1.DE,D,20180312,000000,5.959581,5.959581,5.828601,5.847313,6825285,0
AT1.DE,D,20180313,000000,5.842635,5.842635,5.711655,5.814568,6515609,0
AT1.DE,D,20180314,000000,5.800534,5.884736,5.800534,5.800534,5369890,0
AT1.DE,D,20180315,000000,5.814568,5.884736,5.800534,5.828601,5757187,0
AT1.DE,D,20180316,000000,5.833279,5.866024,5.777145,5.819246,38646268,0
AT1.DE,D,20180319,000000,5.823924,5.842635,5.777145,5.800534,4034450,0
AT1.DE,D,20180320,000000,5.800534,5.828601,5.763112,5.828601,2848160,0
AT1.DE,D,20180321,000000,5.837957,5.837957,5.781823,5.791179,2181161,0
AT1.DE,D,20180322,000000,5.781823,5.805212,5.692944,5.753756,3414507,0
AT1.DE,D,20180323,000000,5.735044,5.735044,5.618098,5.683588,3046699,0
AT1.DE,D,20180326,000000,5.702299,5.721011,5.641487,5.660199,2564807,0
AT1.DE,D,20180327,000000,5.688266,5.791179,5.641487,5.772467,4513959,0
AT1.DE,D,20180328,000000,5.800534,5.87538,5.772467,5.800534,6495253,0
AT1.DE,D,20180329,000000,5.772467,5.931514,5.772467,5.894091,4506229,0
AT1.DE,D,20180403,000000,5.903447,5.917481,5.833279,5.851991,4586274,0
AT1.DE,D,20180404,000000,5.870702,5.954903,5.791179,5.856669,5161873,0
AT1.DE,D,20180405,000000,5.87538,5.959581,5.847313,5.922158,3026134,0
AT1.DE,D,20180406,000000,5.94087,5.978293,5.912803,5.950226,2577583,0
AT1.DE,D,20180409,000000,5.992326,6.011038,5.936192,5.950226,2390430,0
AT1.DE,D,20180410,000000,6.034427,6.043783,5.945548,5.968937,3146554,0
AT1.DE,D,20180411,000000,5.968937,5.968937,5.870702,5.894091,2269118,0
AT1.DE,D,20180412,000000,5.884736,5.950226,5.866024,5.945548,2484265,0
AT1.DE,D,20180413,000000,5.964259,5.978293,5.922158,5.959581,1864872,0
AT1.DE,D,20180416,000000,5.978293,5.997004,5.908125,5.926836,3339809,0
AT1.DE,D,20180417,000000,5.945548,5.978293,5.922158,5.922158,2249718,0
AT1.DE,D,20180418,000000,5.978293,6.001682,5.931514,5.973615,2749529,0
AT1.DE,D,20180419,000000,5.978293,5.98297,5.94087,5.959581,1796773,0
AT1.DE,D,20180420,000000,5.968937,5.987648,5.917481,5.931514,2055182,0
AT1.DE,D,20180423,000000,5.945548,6.015715,5.926836,5.992326,2772497,0
AT1.DE,D,20180424,000000,6.011038,6.04846,5.987648,6.015715,2249105,0
AT1.DE,D,20180425,000000,6.001682,6.090561,5.98297,6.090561,3720056,0
AT1.DE,D,20180426,000000,6.104595,6.13734,6.043783,6.13734,2316649,0
AT1.DE,D,20180427,000000,6.156051,6.24493,6.142017,6.212185,3064847,0
AT1.DE,D,20180430,000000,6.230897,6.272997,6.174762,6.193474,2521866,0
AT1.DE,D,20180502,000000,6.207507,6.263641,6.170084,6.249608,2711898,0
AT1.DE,D,20180503,000000,6.230897,6.263641,6.212185,6.226219,2715136,0
AT1.DE,D,20180504,000000,6.230897,6.268319,6.216863,6.263641,2248613,0
AT1.DE,D,20180507,000000,6.291709,6.450755,6.282353,6.37591,3225053,0
AT1.DE,D,20180508,000000,6.385266,6.418011,6.347843,6.403977,2302498,0
AT1.DE,D,20180509,000000,6.418011,6.450755,6.366554,6.450755,2862525,0
AT1.DE,D,20180510,000000,6.455433,6.544313,6.455433,6.488178,3155117,0
AT1.DE,D,20180511,000000,6.50689,6.553668,6.474145,6.478823,6275720,0
AT1.DE,D,20180514,000000,6.511568,6.525601,6.432044,6.4414,2611919,0
AT1.DE,D,20180515,000000,6.403977,6.455433,6.324454,6.37591,3719594,0
AT1.DE,D,20180516,000000,6.366554,6.394621,6.352521,6.371232,2030173,0
AT1.DE,D,20180517,000000,6.37591,6.455433,6.357198,6.436722,1909372,0
AT1.DE,D,20180518,000000,6.455433,6.50689,6.446078,6.469467,1864602,0
AT1.DE,D,20180522,000000,6.502212,6.516245,6.450755,6.455433,2549736,0
AT1.DE,D,20180523,000000,6.450755,6.450755,6.352521,6.394621,1616178,0
AT1.DE,D,20180524,000000,6.37591,6.432044,6.357198,6.408655,2668256,0
AT1.DE,D,20180525,000000,6.436722,6.530279,6.413333,6.520923,2207080,0
AT1.DE,D,20180528,000000,6.530279,6.539635,6.446078,6.464789,1597836,0
AT1.DE,D,20180529,000000,6.530279,6.563024,6.371232,6.525601,4879414,0
AT1.DE,D,20180530,000000,6.544313,6.642547,6.525601,6.628514,3586105,0
AT1.DE,D,20180531,000000,6.647225,6.694004,6.609802,6.656581,3393746,0
AT1.DE,D,20180601,000000,6.689326,6.806272,6.656581,6.675292,5154847,0
AT1.DE,D,20180604,000000,6.759494,6.960641,6.754816,6.923218,5602645,0
AT1.DE,D,20180605,000000,6.969997,6.969997,6.890473,6.923218,3659083,0
AT1.DE,D,20180606,000000,6.913863,6.951285,6.871762,6.895151,2993169,0
AT1.DE,D,20180607,000000,6.913863,6.923218,6.848373,6.87644,2744545,0
AT1.DE,D,20180608,000000,6.843695,6.94193,6.820306,6.923218,2611863,0
AT1.DE,D,20180611,000000,6.969997,6.988708,6.778205,6.824984,3084619,0
AT1.DE,D,20180612,000000,6.853051,6.857728,6.764171,6.787561,2673419,0
AT1.DE,D,20180613,000000,6.792239,6.801594,6.722071,6.726749,4382369,0
AT1.DE,D,20180614,000000,6.726749,6.834339,6.694004,6.792239,4875440,0
AT1.DE,D,20180615,000000,6.792239,6.867084,6.792239,6.829661,5858222,0
AT1.DE,D,20180618,000000,6.824984,6.834339,6.764171,6.782883,1839622,0
AT1.DE,D,20180619,000000,6.74546,6.801594,6.689326,6.759494,2535979,0
AT1.DE,D,20180620,000000,6.792239,6.857728,6.787561,6.834339,1799853,0
AT1.DE,D,20180621,000000,6.857728,6.899829,6.736104,6.750138,2287379,0
AT1.DE,D,20180622,000000,6.731427,6.778205,6.703359,6.768849,2013683,0
AT1.DE,D,20180625,000000,6.768849,6.778205,6.665937,6.708037,2029747,0
AT1.DE,D,20180626,000000,6.740782,6.74546,6.689326,6.708037,1525314,0
AT1.DE,D,20180627,000000,6.712715,6.806272,6.665937,6.712715,3007461,0
AT1.DE,D,20180628,000000,6.710199,6.74404,6.661854,6.686026,3221760,0
AT1.DE,D,20180629,000000,6.715033,6.845563,6.686026,6.802053,2923211,0
AT1.DE,D,20180702,000000,6.773046,6.845563,6.734371,6.811722,2592997,0
AT1.DE,D,20180703,000000,6.840728,6.903576,6.826225,6.889073,2670769,0
AT1.DE,D,20180704,000000,6.893907,6.918079,6.797219,6.87457,2906231,0
AT1.DE,D,20180705,000000,6.87457,6.87457,6.739205,6.748874,3279434,0
AT1.DE,D,20180706,000000,6.753709,6.864901,6.734371,6.821391,2773826,0
AT1.DE,D,20180709,000000,6.864901,6.879404,6.802053,6.83106,2038786,0
AT1.DE,D,20180710,000000,6.850397,6.860066,6.78755,6.850397,2418281,0
AT1.DE,D,20180711,000000,6.83106,6.87457,6.763377,6.860066,2103894,0
AT1.DE,D,20180712,000000,6.855232,6.884238,6.821391,6.860066,1179275,0
AT1.DE,D,20180713,000000,6.869735,6.903576,6.83106,6.893907,1109714,0
AT1.DE,D,20180716,000000,6.893907,6.956755,6.87457,6.893907,1630366,0
AT1.DE,D,20180717,000000,6.903576,6.913245,6.811722,6.889073,1752311,0
AT1.DE,D,20180718,000000,6.879404,6.927748,6.835894,6.893907,1845482,0
AT1.DE,D,20180719,000000,6.889073,6.932583,6.826225,6.922914,2279138,0
AT1.DE,D,20180720,000000,6.927748,6.956755,6.850397,6.932583,1772081,0
AT1.DE,D,20180723,000000,6.942252,6.971258,6.840728,6.850397,1069092,0
AT1.DE,D,20180724,000000,6.869735,7.000265,6.835894,6.898742,2364117,0
AT1.DE,D,20180725,000000,6.913245,6.966424,6.893907,6.942252,1835681,0
AT1.DE,D,20180726,000000,6.961589,7.014768,6.937417,6.985762,1962768,0
AT1.DE,D,20180727,000000,7.005099,7.024437,6.980927,7.000265,1654502,0
AT1.DE,D,20180730,000000,7.000265,7.000265,6.893907,6.966424,1425808,0
AT1.DE,D,20180731,000000,6.961589,6.980927,6.898742,6.903576,1882004,0
AT1.DE,D,20180801,000000,6.913245,6.932583,6.835894,6.884238,1645125,0
AT1.DE,D,20180802,000000,6.864901,6.980927,6.821391,6.942252,3351638,0
AT1.DE,D,20180803,000000,6.956755,7.005099,6.927748,7.000265,1515625,0
AT1.DE,D,20180806,000000,7.029272,7.053444,6.918079,6.951921,1619930,0
AT1.DE,D,20180807,000000,6.980927,6.980927,6.840728,6.850397,2063705,0
AT1.DE,D,20180808,000000,6.864901,6.893907,6.628013,6.821391,2439944,0
AT1.DE,D,20180809,000000,6.840728,6.850397,6.773046,6.811722,1789005,0
AT1.DE,D,20180810,000000,6.806887,7.096954,6.758543,6.884238,2278698,0
AT1.DE,D,20180813,000000,6.87457,6.966424,6.816556,6.956755,1808910,0
AT1.DE,D,20180814,000000,6.942252,6.956755,6.758543,6.782715,2825341,0
AT1.DE,D,20180815,000000,6.802053,6.893907,6.773046,6.860066,2071112,0
AT1.DE,D,20180816,000000,6.850397,6.908411,6.826225,6.884238,1594366,0
AT1.DE,D,20180817,000000,6.898742,6.903576,6.811722,6.855232,1658017,0
AT1.DE,D,20180820,000000,6.850397,6.884238,6.826225,6.855232,936428,0
AT1.DE,D,20180821,000000,6.855232,6.942252,6.835894,6.893907,1266536,0
AT1.DE,D,20180822,000000,6.913245,7.043775,6.903576,7.014768,1899155,0
AT1.DE,D,20180823,000000,7.024437,7.179139,6.985762,7.154967,2443998,0
AT1.DE,D,20180824,000000,7.188808,7.324172,7.188808,7.237152,3088477,0
AT1.DE,D,20180827,000000,7.314503,7.367682,7.275828,7.348344,2401358,0
AT1.DE,D,20180828,000000,7.38702,7.43053,7.324172,7.34351,2996637,0
AT1.DE,D,20180829,000000,7.483709,7.503046,7.391854,7.488543,3994116,0
AT1.DE,D,20180830,000000,7.483709,7.483709,7.280662,7.329007,3523068,0
AT1.DE,D,20180831,000000,7.34351,7.459536,7.329007,7.43053,2726414,0
AT1.DE,D,20180903,000000,7.435364,7.527219,7.416026,7.420861,2957302,0
AT1.DE,D,20180904,000000,7.459536,7.459536,7.348344,7.372517,2605961,0
AT1.DE,D,20180905,000000,7.358013,7.425695,7.280662,7.367682,2828097,0
AT1.DE,D,20180906,000000,7.353179,7.411192,7.309669,7.324172,2596379,0
AT1.DE,D,20180907,000000,7.338675,7.338675,7.3,7.338675,2019388,0
AT1.DE,D,20180910,000000,7.348344,7.416026,7.329007,7.367682,2571746,0
AT1.DE,D,20180911,000000,7.382185,7.464371,7.358013,7.435364,3194211,0
AT1.DE,D,20180912,000000,7.459536,7.594901,7.425695,7.580397,2379339,0
AT1.DE,D,20180913,000000,7.580397,7.648079,7.56106,7.590066,3246499,0
AT1.DE,D,20180914,000000,7.599735,7.599735,7.536887,7.56106,2599685,0
AT1.DE,D,20180917,000000,7.580397,7.585232,7.536887,7.546556,1631335,0
AT1.DE,D,20180918,000000,7.570728,7.628742,7.522384,7.585232,2512275,0
AT1.DE,D,20180919,000000,7.585232,7.594901,7.478874,7.56106,3003696,0
AT1.DE,D,20180920,000000,7.556225,7.570728,7.527219,7.541722,2570931,0
AT1.DE,D,20180921,000000,7.56106,7.580397,7.396689,7.56106,36822876,0
AT1.DE,D,20180924,000000,7.546556,7.570728,7.416026,7.416026,3958024,0
AT1.DE,D,20180925,000000,7.449868,7.454702,7.377351,7.391854,4116088,0
AT1.DE,D,20180926,000000,7.406358,7.440199,7.367682,7.411192,3567197,0
AT1.DE,D,20180927,000000,7.401523,7.464371,7.382185,7.459536,3396610,0
AT1.DE,D,20180928,000000,7.459536,7.551391,7.348344,7.406358,4414605,0
AT1.DE,D,20181001,000000,7.420861,7.51755,7.406358,7.478874,3441404,0
AT1.DE,D,20181002,000000,7.464371,7.47404,7.377351,7.391854,2760619,0
AT1.DE,D,20181004,000000,7.401523,7.401523,7.159801,7.159801,4417445,0
AT1.DE,D,20181005,000000,7.179139,7.183974,7.03894,7.121126,3244465,0
AT1.DE,D,20181008,000000,7.101788,7.222649,7.063113,7.154967,3818943,0
AT1.DE,D,20181009,000000,7.179139,7.237152,7.121126,7.188808,3996053,0
AT1.DE,D,20181010,000000,7.21298,7.21298,6.99543,7.005099,3148891,0
AT1.DE,D,20181011,000000,6.893907,6.961589,6.840825,6.884238,4429892,0
AT1.DE,D,20181012,000000,6.922914,6.976093,6.840728,6.855232,3651244,0
AT1.DE,D,20181015,000000,6.87457,6.898742,6.806887,6.83106,2480854,0
AT1.DE,D,20181016,000000,6.835894,7.03894,6.835894,7.009934,2978969,0
AT1.DE,D,20181017,000000,7.03894,7.222649,6.99543,7.164636,4072555,0
AT1.DE,D,20181018,000000,7.145298,7.25649,7.135629,7.154967,4515287,0
AT1.DE,D,20181019,000000,7.174305,7.217815,7.106623,7.159801,4830754,0
AT1.DE,D,20181022,000000,7.188808,7.222649,7.130795,7.183974,3227429,0
AT1.DE,D,20181023,000000,7.145298,7.154967,7.019603,7.029272,2981304,0
AT1.DE,D,20181024,000000,7.019603,7.116291,7.000265,7.009934,2663583,0
AT1.DE,D,20181025,000000,6.956755,7.067947,6.932583,7.067947,3647190,0
AT1.DE,D,20181026,000000,7.043775,7.183974,6.99543,7.164636,3658055,0
AT1.DE,D,20181029,000000,7.154967,7.217815,7.077616,7.092119,2660489,0
AT1.DE,D,20181030,000000,7.116291,7.154967,6.971258,6.990596,2987753,0
AT1.DE,D,20181031,000000,7.053444,7.111457,6.990596,7.087285,3272537,0
AT1.DE,D,20181101,000000,7.067947,7.121126,7.043775,7.08245,2282556,0
AT1.DE,D,20181102,000000,7.121126,7.154967,6.884238,6.908411,4356146,0
AT1.DE,D,20181105,000000,6.932583,6.961589,6.860066,6.87457,2591701,0
AT1.DE,D,20181106,000000,6.893907,6.971258,6.879404,6.971258,2350201,0
AT1.DE,D,20181107,000000,6.980927,7.092119,6.971258,7.092119,2885915,0
AT1.DE,D,20181108,000000,7.12596,7.208146,7.116291,7.183974,2889781,0
AT1.DE,D,20181109,000000,7.164636,7.261325,7.150132,7.237152,6083099,0
AT1.DE,D,20181112,000000,7.261325,7.266159,7.164636,7.25649,2827998,0
AT1.DE,D,20181113,000000,7.280662,7.34351,7.25649,7.329007,2529784,0
AT1.DE,D,20181114,000000,7.329007,7.546556,7.314503,7.416026,9248598,0
AT1.DE,D,20181115,000000,7.454702,7.575563,7.319338,7.382185,4881436,0
AT1.DE,D,20181116,000000,7.38702,7.464371,7.319338,7.449868,5077126,0
AT1.DE,D,20181119,000000,7.493377,7.527219,7.270993,7.285497,2324587,0
AT1.DE,D,20181120,000000,7.261325,7.270993,6.840728,7.077616,6517566,0
AT1.DE,D,20181121,000000,7.096954,7.16947,7.000265,7.067947,4580952,0
AT1.DE,D,20181122,000000,7.08245,7.203311,7.03894,7.08245,4569308,0
AT1.DE,D,20181123,000000,7.067947,7.164636,7.029272,7.130795,3670674,0
AT1.DE,D,20181126,000000,7.16947,7.290331,7.140464,7.183974,4350921,0
AT1.DE,D,20181127,000000,7.208146,7.232318,7.048609,7.048609,4646664,0
AT1.DE,D,20181128,000000,7.406358,7.406358,7.08245,7.145298,6972945,0
AT1.DE,D,20181129,000000,7.309669,7.47404,7.227483,7.25649,6029116,0
AT1.DE,D,20181130,000000,7.266159,7.309669,7.072781,7.304834,81010032,0
AT1.DE,D,20181203,000000,7.377351,7.512715,7.188808,7.193642,4318287,0
AT1.DE,D,20181204,000000,7.21298,7.3,7.145298,7.154967,4341964,0
AT1.DE,D,20181205,000000,7.154967,7.290331,7.140464,7.159801,3733574,0
AT1.DE,D,20181206,000000,7.12596,7.12596,6.927748,6.961589,5593600,0
AT1.DE,D,20181207,000000,7.048609,7.092119,6.99543,7.000265,3701526,0
AT1.DE,D,20181210,000000,6.976093,7.005099,6.850397,6.87457,3733895,0
AT1.DE,D,20181211,000000,6.932583,6.951921,6.850397,6.864901,3056254,0
AT1.DE,D,20181212,000000,6.87457,7.08245,6.87457,7.043775,4083227,0
AT1.DE,D,20181213,000000,7.03894,7.106623,6.971258,7.106623,4295345,0
AT1.DE,D,20181214,000000,7.072781,7.246821,7.058181,7.237152,4876530,0
AT1.DE,D,20181217,000000,7.237152,7.275828,7.154967,7.174305,3984625,0
AT1.DE,D,20181218,000000,7.16947,7.203311,7.087285,7.174305,3305782,0
AT1.DE,D,20181219,000000,7.183974,7.280662,7.16947,7.237152,3727694,0
AT1.DE,D,20181220,000000,7.164636,7.198477,7.067947,7.179139,3673046,0
AT1.DE,D,20181221,000000,7.140464,7.198477,7.111457,7.179139,11041765,0
AT1.DE,D,20181227,000000,7.154967,7.154967,6.869735,6.879404,3384632,0
AT1.DE,D,20181228,000000,6.893907,6.985762,6.855232,6.980927,1960370,0
AT1.DE,D,20190102,000000,7.000265,7.101788,6.913245,6.951921,3258461,0
AT1.DE,D,20190103,000000,6.947086,7.029272,6.908411,7.019603,2424149,0
AT1.DE,D,20190104,000000,7.048609,7.101788,7.009934,7.101788,2192392,0
AT1.DE,D,20190107,000000,7.130795,7.145298,7.019603,7.140464,2295948,0
AT1.DE,D,20190108,000000,7.145298,7.198477,7.111457,7.159801,2959555,0
AT1.DE,D,20190109,000000,7.174305,7.174305,7.053444,7.116291,3019318,0
AT1.DE,D,20190110,000000,7.140464,7.203311,7.096954,7.130795,2255062,0
AT1.DE,D,20190111,000000,7.135629,7.217815,7.111457,7.208146,3909872,0
AT1.DE,D,20190114,000000,7.203311,7.217815,7.096954,7.130795,1618880,0
AT1.DE,D,20190115,000000,7.188808,7.208146,7.111457,7.193642,2051512,0
AT1.DE,D,20190116,000000,7.188808,7.21298,7.140464,7.183974,1994700,0
AT1.DE,D,20190117,000000,7.159801,7.188808,7.12596,7.174305,2496243,0
AT1.DE,D,20190118,000000,7.21298,7.290331,7.203311,7.270993,2981798,0
AT1.DE,D,20190121,000000,7.290331,7.3,7.241987,7.280662,1649488,0
AT1.DE,D,20190122,000000,7.280662,7.309669,7.227483,7.237152,2530947,0
AT1.DE,D,20190123,000000,7.232318,7.309669,7.217815,7.309669,3545016,0
AT1.DE,D,20190124,000000,7.309669,7.367682,7.25649,7.333841,3193993,0
AT1.DE,D,20190125,000000,7.338675,7.367682,7.280662,7.280662,2514389,0
AT1.DE,D,20190128,000000,7.280662,7.309669,7.261325,7.285497,2670045,0
AT1.DE,D,20190129,000000,7.275828,7.47404,7.275828,7.425695,4337409,0
AT1.DE,D,20190130,000000,7.449868,7.51755,7.411192,7.512715,1797808,0
AT1.DE,D,20190131,000000,7.541722,7.590066,7.440199,7.464371,2690645,0
AT1.DE,D,20190201,000000,7.464371,7.507881,7.435364,7.464371,1697165,0
AT1.DE,D,20190204,000000,7.498212,7.546556,7.47404,7.527219,2367720,0
AT1.DE,D,20190205,000000,7.541722,7.546556,7.469205,7.512715,2321106,0
AT1.DE,D,20190206,000000,7.536887,7.541722,7.43053,7.445033,2630465,0
AT1.DE,D,20190207,000000,7.445033,7.51755,7.425695,7.425695,1645114,0
AT1.DE,D,20190208,000000,7.411192,7.454702,7.304834,7.329007,2152919,0
AT1.DE,D,20190211,000000,7.358013,7.382185,7.324172,7.358013,1507388,0
AT1.DE,D,20190212,000000,7.411192,7.435364,7.348344,7.396689,1947409,0
AT1.DE,D,20190213,000000,7.420861,7.425695,7.34351,7.358013,2438949,0
AT1.DE,D,20190214,000000,7.382185,7.420861,7.333841,7.353179,2706839,0
AT1.DE,D,20190215,000000,7.358013,7.396689,7.319338,7.333841,1969629,0
AT1.DE,D,20190218,000000,7.329007,7.362848,7.290331,7.362848,1214027,0
AT1.DE,D,20190219,000000,7.34351,7.362848,7.266159,7.290331,1945440,0
AT1.DE,D,20190220,000000,7.285497,7.295166,7.193642,7.222649,1412898,0
AT1.DE,D,20190221,000000,7.237152,7.34351,7.217815,7.324172,3277837,0
AT1.DE,D,20190222,000000,7.329007,7.329007,7.241987,7.241987,1659099,0
AT1.DE,D,20190225,000000,7.246821,7.266159,7.193642,7.222649,1400689,0
AT1.DE,D,20190226,000000,7.222649,7.309669,7.193642,7.309669,2088491,0
AT1.DE,D,20190227,000000,7.304834,7.304834,7.217815,7.237152,1557817,0
AT1.DE,D,20190228,000000,7.21298,7.217815,7.154967,7.154967,3480464,0
AT1.DE,D,20190301,000000,7.174305,7.183974,7.024437,7.072781,3137707,0
AT1.DE,D,20190304,000000,7.116291,7.116291,7.009934,7.019603,3081303,0
AT1.DE,D,20190305,000000,7.024437,7.106623,7.024437,7.087285,2063628,0
AT1.DE,D,20190306,000000,7.106623,7.12596,7.043775,7.121126,2315717,0
AT1.DE,D,20190307,000000,7.135629,7.295166,7.121126,7.270993,2788483,0
AT1.DE,D,20190308,000000,7.275828,7.43053,7.275828,7.367682,3234127,0
AT1.DE,D,20190311,000000,7.391854,7.401523,7.319338,7.362848,2361218,0
AT1.DE,D,20190312,000000,7.391854,7.420861,7.34351,7.367682,3327142,0
AT1.DE,D,20190313,000000,7.362848,7.377351,7.25649,7.285497,4507410,0
AT1.DE,D,20190314,000000,7.3,7.38702,7.275828,7.348344,4309027,0
AT1.DE,D,20190315,000000,7.348344,7.372517,7.198477,7.275828,9551730,0
AT1.DE,D,20190318,000000,7.270993,7.420861,7.246821,7.362848,4301211,0
AT1.DE,D,20190319,000000,7.362848,7.406358,7.353179,7.377351,2557900,0
AT1.DE,D,20190320,000000,7.38702,7.411192,7.34351,7.34351,2263732,0
AT1.DE,D,20190321,000000,7.348344,7.478874,7.319338,7.459536,2914884,0
AT1.DE,D,20190322,000000,7.488543,7.56106,7.459536,7.51755,2968582,0
AT1.DE,D,20190325,000000,7.51755,7.585232,7.488543,7.556225,2510806,0
AT1.DE,D,20190326,000000,7.575563,7.652914,7.551391,7.585232,2989620,0
AT1.DE,D,20190327,000000,7.614238,7.623907,7.51755,7.609404,3397620,0
AT1.DE,D,20190328,000000,7.464371,7.51755,7.087285,7.232318,7806205,0
AT1.DE,D,20190329,000000,7.241987,7.275828,7.063113,7.106623,7304654,0
AT1.DE,D,20190401,000000,7.153033,7.203311,7.073748,7.203311,4012058,0
AT1.DE,D,20190402,000000,7.232318,7.251656,7.058278,7.081483,4519808,0
AT1.DE,D,20190403,000000,7.089219,7.160768,7.048609,7.160768,4003455,0
AT1.DE,D,20190404,000000,7.116291,7.149166,7.048609,7.066013,2630500,0
AT1.DE,D,20190405,000000,7.058278,7.062146,6.978993,7.000265,3321609,0
AT1.DE,D,20190408,000000,6.990596,7.004132,6.895841,6.901642,3520452,0
AT1.DE,D,20190409,000000,6.884238,6.915179,6.81849,6.878437,2985553,0
AT1.DE,D,20190410,000000,6.870702,6.973192,6.864901,6.955788,4917297,0
AT1.DE,D,20190411,000000,6.928715,6.961589,6.886172,6.89004,1743381,0
AT1.DE,D,20190412,000000,6.895841,6.917113,6.837828,6.872636,1649597,0
AT1.DE,D,20190415,000000,6.87457,6.909377,6.84943,6.84943,1805281,0
AT1.DE,D,20190416,000000,6.837828,6.876503,6.801086,6.861033,2968820,0
AT1.DE,D,20190417,000000,6.841695,6.90551,6.748874,6.901642,3130215,0
AT1.DE,D,20190418,000000,6.891974,6.924848,6.824291,6.903576,2566303,0
AT1.DE,D,20190423,000000,6.884238,7.071815,6.884238,7.037007,2745837,0
AT1.DE,D,20190424,000000,7.056344,7.151099,6.982861,7.087285,3122466,0
AT1.DE,D,20190425,000000,7.067947,7.104689,6.982861,6.982861,2083068,0
AT1.DE,D,20190426,000000,6.982861,7.013801,6.932583,6.934517,2049881,0
AT1.DE,D,20190429,000000,6.951921,7.040874,6.924848,6.980927,1595947,0
AT1.DE,D,20190430,000000,6.965457,7.050543,6.961589,6.986728,2503588,0
AT1.DE,D,20190502,000000,6.998331,7.067947,6.955788,7.006066,1797601,0
AT1.DE,D,20190503,000000,7.019603,7.046675,6.965457,6.965457,1288075,0
AT1.DE,D,20190506,000000,6.926781,6.961589,6.880371,6.955788,489583,0
AT1.DE,D,20190507,000000,6.949987,7.170437,6.949987,7.09502,2905434,0
AT1.DE,D,20190508,000000,7.066013,7.139497,7.048609,7.106623,2361074,0
AT1.DE,D,20190509,000000,7.067947,7.245854,7.060212,7.216848,2872669,0
AT1.DE,D,20190510,000000,7.249722,7.292265,7.189775,7.241987,5204208,0
AT1.DE,D,20190513,000000,7.185907,7.214914,7.066013,7.158834,2141444,0
AT1.DE,D,20190514,000000,7.164636,7.234252,7.139497,7.174305,1583074,0
AT1.DE,D,20190515,000000,7.216848,7.247788,7.174305,7.247788,1902339,0
AT1.DE,D,20190516,000000,7.218781,7.327073,7.195576,7.327073,1828798,0
AT1.DE,D,20190517,000000,7.311603,7.336742,7.247788,7.259391,1325134,0
AT1.DE,D,20190520,000000,7.28453,7.340609,7.263258,7.294199,1092424,0
AT1.DE,D,20190521,000000,7.296132,7.340609,7.224583,7.336742,2011559,0
AT1.DE,D,20190522,000000,7.288397,7.325139,7.207179,7.240053,1790640,0
AT1.DE,D,20190523,000000,7.220715,7.292265,7.162702,7.201377,1597207,0
AT1.DE,D,20190524,000000,7.203311,7.305801,7.187841,7.247788,1874660,0
AT1.DE,D,20190527,000000,7.255523,7.332874,7.249722,7.251656,439070,0
AT1.DE,D,20190528,000000,7.232318,7.28453,7.133695,7.133695,4912078,0
AT1.DE,D,20190529,000000,7.251656,7.47404,7.249722,7.466305,3788959,0
AT1.DE,D,20190530,000000,7.485642,7.485642,7.340609,7.340609,1522678,0
AT1.DE,D,20190531,000000,7.319338,7.41796,7.251656,7.350278,2747458,0
AT1.DE,D,20190603,000000,7.38702,7.516583,7.344477,7.510781,2130418,0
AT1.DE,D,20190604,000000,7.512715,7.533987,7.410225,7.431497,3182277,0
AT1.DE,D,20190605,000000,7.470172,7.497245,7.375417,7.493377,2192756,0
AT1.DE,D,20190606,000000,7.462437,7.491444,7.325139,7.404424,2696762,0
AT1.DE,D,20190607,000000,7.385086,7.385086,7.22845,7.251656,2951296,0
AT1.DE,D,20190611,000000,7.396689,7.427629,7.272927,7.348344,2334550,0
AT1.DE,D,20190612,000000,7.319338,7.38702,7.265192,7.38702,2936645,0
AT1.DE,D,20190613,000000,7.385086,7.485642,7.334808,7.448901,2108230,0
AT1.DE,D,20190614,000000,7.419894,7.470172,7.396689,7.429563,1457934,0
AT1.DE,D,20190617,000000,7.412159,7.491444,7.412159,7.421828,1509073,0
AT1.DE,D,20190618,000000,7.454702,7.508848,7.408291,7.497245,2075385,0
AT1.DE,D,20190619,000000,7.483709,7.510781,7.377351,7.429563,2222211,0
AT1.DE,D,20190620,000000,7.448901,7.481775,7.396689,7.396689,2358857,0
AT1.DE,D,20190621,000000,7.396689,7.441166,7.38702,7.396689,4611304,0
AT1.DE,D,20190624,000000,7.419894,7.483709,7.367682,7.369616,2680981,0
AT1.DE,D,20190625,000000,7.367682,7.452768,7.340609,7.452768,2721054,0
AT1.DE,D,20190626,000000,7.439232,7.439232,7.280662,7.3,3805999,0
AT1.DE,D,20190627,000000,7.342,7.342,7.18,7.188,3152806,0
AT1.DE,D,20190628,000000,7.202,7.246,7.152,7.246,3063282,0
AT1.DE,D,20190701,000000,7.268,7.372,7.268,7.324,2203531,0
AT1.DE,D,20190702,000000,7.33,7.388,7.24,7.366,2350687,0
AT1.DE,D,20190703,000000,7.394,7.526,7.374,7.522,1844592,0
AT1.DE,D,20190704,000000,7.532,7.662,7.53,7.628,1923926,0
AT1.DE,D,20190705,000000,7.65,7.762,7.596,7.682,1990501,0
AT1.DE,D,20190708,000000,7.706,7.782,7.684,7.742,2273089,0
AT1.DE,D,20190709,000000,7.73,7.764,7.664,7.74,2155791,0
AT1.DE,D,20190710,000000,7.696,7.744,7.646,7.72,1728196,0
AT1.DE,D,20190711,000000,7.732,7.784,7.604,7.644,2845110,0
AT1.DE,D,20190712,000000,7.62,7.654,7.57,7.57,2339133,0
AT1.DE,D,20190715,000000,7.592,7.644,7.468,7.5,2002460,0
AT1.DE,D,20190716,000000,7.3,7.39,7.224,7.39,8673464,0
AT1.DE,D,20190717,000000,7.368,7.424,7.284,7.336,2984411,0
AT1.DE,D,20190718,000000,7.36,7.39,7.3,7.304,7217673,0
AT1.DE,D,20190719,000000,7.334,7.392,7.296,7.328,3486645,0
AT1.DE,D,20190722,000000,7.272,7.34,7.242,7.272,9307816,0
AT1.DE,D,20190723,000000,7.294,7.324,7.238,7.27,2943294,0
AT1.DE,D,20190724,000000,7.292,7.346,7.256,7.274,2082420,0
AT1.DE,D,20190725,000000,7.296,7.334,7.232,7.27,2199221,0
AT1.DE,D,20190726,000000,7.292,7.318,7.194,7.218,2035234,0
AT1.DE,D,20190729,000000,7.212,7.314,7.212,7.28,1014390,0
AT1.DE,D,20190730,000000,7.29,7.298,7.236,7.25,1540943,0
AT1.DE,D,20190731,000000,7.24,7.25,7.182,7.232,3628249,0
AT1.DE,D,20190801,000000,7.204,7.286,7.186,7.286,2328223,0
AT1.DE,D,20190802,000000,7.25,7.366,7.248,7.284,2346427,0
AT1.DE,D,20190805,000000,7.26,7.312,7.248,7.248,2687278,0
AT1.DE,D,20190806,000000,7.27,7.356,7.238,7.238,2386884,0
AT1.DE,D,20190807,000000,7.266,7.322,7.212,7.226,1523953,0
AT1.DE,D,20190808,000000,7.282,7.326,7.206,7.212,1893456,0
AT1.DE,D,20190809,000000,7.234,7.26,7.186,7.236,1565904,0
AT1.DE,D,20190812,000000,7.25,7.324,7.218,7.306,1863893,0
AT1.DE,D,20190813,000000,7.308,7.344,7.19,7.212,2018682,0
AT1.DE,D,20190814,000000,7.216,7.232,7.112,7.136,1361644,0
AT1.DE,D,20190815,000000,7.134,7.182,7.026,7.092,1700165,0
AT1.DE,D,20190816,000000,7.09,7.168,7.09,7.162,1642751,0
AT1.DE,D,20190819,000000,7.2,7.27,7.172,7.258,2105368,0
AT1.DE,D,20190820,000000,7.268,7.306,7.136,7.2,2406000,0
AT1.DE,D,20190821,000000,7.202,7.308,7.158,7.308,2802146,0
AT1.DE,D,20190822,000000,7.292,7.338,7.274,7.338,2750173,0
AT1.DE,D,20190823,000000,7.312,7.466,7.288,7.32,2932382,0
AT1.DE,D,20190826,000000,7.28,7.344,7.226,7.324,1260886,0
AT1.DE,D,20190827,000000,7.342,7.47,7.328,7.47,4243127,0
AT1.DE,D,20190828,000000,7.36,7.532,7.35,7.43,3719350,0
AT1.DE,D,20190829,000000,7.42,7.508,7.346,7.346,2992646,0
AT1.DE,D,20190830,000000,7.364,7.616,7.34,7.566,4651271,0
AT1.DE,D,20190902,000000,7.92,7.95,7.238,7.322,5976686,0
AT1.DE,D,20190903,000000,7.32,7.39,7.3,7.36,3246923,0
AT1.DE,D,20190904,000000,7.362,7.416,7.294,7.3,2902418,0
AT1.DE,D,20190905,000000,7.518,7.552,7.2,7.2,2958734,0
AT1.DE,D,20190906,000000,7.216,7.234,7.068,7.1,3087692,0
AT1.DE,D,20190909,000000,7.1,7.144,7.01,7.05,2953532,0
AT1.DE,D,20190910,000000,7.046,7.058,6.872,7.024,3785748,0
AT1.DE,D,20190911,000000,6.94,7.032,6.9,6.952,3016231,0
AT1.DE,D,20190912,000000,6.962,7,6.89,6.912,3014486,0
AT1.DE,D,20190913,000000,6.93,6.95,6.88,6.894,2839703,0
AT1.DE,D,20190916,000000,6.9,6.948,6.862,6.862,2819160,0
AT1.DE,D,20190917,000000,6.878,6.922,6.854,6.898,4236129,0
AT1.DE,D,20190918,000000,6.9,7.108,6.896,7.08,4807616,0
AT1.DE,D,20190919,000000,7.064,7.212,7.062,7.188,3146485,0
AT1.DE,D,20190920,000000,7.198,7.284,7.112,7.284,20143822,0
AT1.DE,D,20190923,000000,7.278,7.312,7.218,7.24,2275353,0
AT1.DE,D,20190924,000000,7.25,7.288,7.206,7.264,2168243,0
AT1.DE,D,20190925,000000,7.28,7.304,7.232,7.256,2023555,0
AT1.DE,D,20190926,000000,7.254,7.474,7.248,7.43,3202929,0
AT1.DE,D,20190927,000000,7.442,7.484,7.416,7.446,2822476,0
AT1.DE,D,20190930,000000,7.438,7.538,7.384,7.504,3595316,0
AT1.DE,D,20191001,000000,7.522,7.53,7.396,7.412,2255440,0
AT1.DE,D,20191002,000000,7.422,7.442,7.296,7.304,2301340,0
AT1.DE,D,20191004,000000,7.504,7.522,7.306,7.49,3711233,0
AT1.DE,D,20191007,000000,7.478,7.536,7.468,7.51,1494830,0
AT1.DE,D,20191008,000000,7.488,7.528,7.42,7.432,1846644,0
AT1.DE,D,20191009,000000,7.428,7.502,7.406,7.442,1587226,0
AT1.DE,D,20191010,000000,7.424,7.44,7.36,7.4,2312698,0
AT1.DE,D,20191011,000000,7.424,7.448,7.324,7.364,2030356,0
AT1.DE,D,20191014,000000,7.356,7.394,7.294,7.376,1603158,0
AT1.DE,D,20191015,000000,7.384,7.518,7.384,7.504,1806526,0
AT1.DE,D,20191016,000000,7.49,7.562,7.466,7.5,2720862,0
AT1.DE,D,20191017,000000,7.472,7.548,7.442,7.458,3472335,0
AT1.DE,D,20191018,000000,7.412,7.516,7.322,7.418,2253420,0
AT1.DE,D,20191021,000000,7.434,7.464,7.356,7.412,1552005,0
AT1.DE,D,20191022,000000,7.412,7.504,7.402,7.41,2624261,0
AT1.DE,D,20191023,000000,7.398,7.406,7.314,7.392,2146984,0
AT1.DE,D,20191024,000000,7.386,7.494,7.366,7.4,2094961,0
AT1.DE,D,20191025,000000,7.392,7.422,7.354,7.414,1500838,0
AT1.DE,D,20191028,000000,7.414,7.446,7.324,7.39,2787399,0
AT1.DE,D,20191029,000000,7.414,7.488,7.364,7.474,3944052,0
AT1.DE,D,20191030,000000,7.45,7.506,7.44,7.5,2169393,0
AT1.DE,D,20191031,000000,7.52,7.574,7.502,7.566,2723589,0
AT1.DE,D,20191101,000000,7.54,7.632,7.522,7.534,1256476,0
AT1.DE,D,20191104,000000,7.554,7.666,7.512,7.65,2333054,0
AT1.DE,D,20191105,000000,7.634,7.69,7.598,7.69,2704926,0
AT1.DE,D,20191106,000000,7.654,7.764,7.648,7.732,3491488,0
AT1.DE,D,20191107,000000,7.728,7.774,7.66,7.702,2268019,0
AT1.DE,D,20191108,000000,7.702,7.734,7.616,7.664,3681816,0
AT1.DE,D,20191111,000000,7.684,7.688,7.608,7.646,1799766,0
AT1.DE,D,20191112,000000,7.638,7.64,7.56,7.61,2262215,0
AT1.DE,D,20191113,000000,7.616,7.644,7.586,7.63,1947851,0
AT1.DE,D,20191114,000000,7.62,7.658,7.606,7.622,1982765,0
AT1.DE,D,20191115,000000,7.638,7.664,7.592,7.612,1525388,0
AT1.DE,D,20191118,000000,7.636,7.688,7.618,7.682,1696595,0
AT1.DE,D,20191119,000000,7.664,7.844,7.616,7.798,5325913,0
AT1.DE,D,20191120,000000,7.816,7.868,7.734,7.768,4104507,0
AT1.DE,D,20191121,000000,7.75,7.766,7.612,7.63,2943681,0
AT1.DE,D,20191122,000000,7.646,7.646,7.51,7.53,2207943,0
AT1.DE,D,20191125,000000,7.568,7.574,7.48,7.524,2414433,0
AT1.DE,D,20191126,000000,7.522,7.65,7.484,7.65,6155190,0
AT1.DE,D,20191127,000000,7.9,7.974,7.79,7.826,6210674,0
AT1.DE,D,20191128,000000,7.826,8.018,7.792,7.924,4507937,0
AT1.DE,D,20191129,000000,7.89,7.986,7.854,7.882,3052005,0
AT1.DE,D,20191202,000000,7.9,7.918,7.814,7.838,2789309,0
AT1.DE,D,20191203,000000,7.85,7.902,7.794,7.842,3102717,0
AT1.DE,D,20191204,000000,7.842,7.904,7.776,7.846,4537537,0
AT1.DE,D,20191205,000000,7.85,7.882,7.738,7.756,2311817,0
AT1.DE,D,20191206,000000,7.726,7.822,7.714,7.78,1963224,0
AT1.DE,D,20191209,000000,7.77,7.782,7.65,7.78,2023691,0
AT1.DE,D,20191210,000000,7.784,7.842,7.716,7.818,3150678,0
AT1.DE,D,20191211,000000,7.832,7.836,7.728,7.782,3030972,0
AT1.DE,D,20191212,000000,7.796,7.804,7.738,7.738,2047500,0
AT1.DE,D,20191213,000000,7.78,7.82,7.75,7.808,3051203,0
AT1.DE,D,20191216,000000,7.832,7.874,7.816,7.852,2500106,0
AT1.DE,D,20191217,000000,7.868,7.89,7.762,7.844,3381763,0
AT1.DE,D,20191218,000000,7.828,7.872,7.798,7.868,2802854,0
AT1.DE,D,20191219,000000,7.886,7.924,7.81,7.916,2596445,0
AT1.DE,D,20191220,000000,7.934,8,7.924,7.98,4756417,0
AT1.DE,D,20191223,000000,7.998,8.042,7.906,7.922,2127822,0
AT1.DE,D,20191227,000000,7.934,8.01,7.906,8.01,3177105,0
AT1.DE,D,20191230,000000,7.998,8.016,7.952,7.984,1114360,0
AT1.DE,D,20200102,000000,7.956,7.984,7.884,7.974,2845513,0
AT1.DE,D,20200103,000000,7.94,7.996,7.89,7.996,2794582,0
AT1.DE,D,20200106,000000,7.986,7.996,7.858,7.972,2888673,0
AT1.DE,D,20200107,000000,7.968,7.972,7.868,7.9,3906502,0
AT1.DE,D,20200108,000000,7.892,7.932,7.81,7.924,4368447,0
AT1.DE,D,20200109,000000,7.938,7.94,7.874,7.94,3681920,0
AT1.DE,D,20200110,000000,7.94,7.97,7.886,7.948,2239249,0
AT1.DE,D,20200113,000000,7.96,8.09,7.938,8.09,3650733,0
AT1.DE,D,20200114,000000,8.1,8.146,8.032,8.05,2673367,0
AT1.DE,D,20200115,000000,8.056,8.06,7.924,7.95,4306556,0
AT1.DE,D,20200116,000000,7.968,7.968,7.848,7.926,5008402,0
AT1.DE,D,20200117,000000,7.93,8.04,7.914,8.04,4080344,0
AT1.DE,D,20200120,000000,8.06,8.154,8.03,8.12,2607435,0
AT1.DE,D,20200121,000000,8.128,8.166,8.07,8.166,1986634,0
AT1.DE,D,20200122,000000,8.198,8.224,8.168,8.2,2885555,0
AT1.DE,D,20200123,000000,8.22,8.24,8.168,8.206,2213965,0
AT1.DE,D,20200124,000000,8.224,8.266,8.196,8.252,2737426,0
AT1.DE,D,20200127,000000,8.224,8.25,8.142,8.158,2302687,0
AT1.DE,D,20200128,000000,8.19,8.264,8.168,8.254,3892029,0
AT1.DE,D,20200129,000000,8.288,8.42,8.258,8.386,10294911,0
AT1.DE,D,20200130,000000,8.364,8.496,8.344,8.42,3316383,0
AT1.DE,D,20200131,000000,8.43,8.578,8.4,8.536,4579765,0
AT1.DE,D,20200203,000000,8.618,8.622,8.52,8.546,3362791,0
AT1.DE,D,20200204,000000,8.54,8.656,8.498,8.566,3510163,0
AT1.DE,D,20200205,000000,8.456,8.616,8.45,8.616,6471365,0
AT1.DE,D,20200206,000000,8.652,8.746,8.644,8.744,4494794,0
AT1.DE,D,20200207,000000,8.748,8.782,8.548,8.548,25648328,0
AT1.DE,D,20200210,000000,8.534,8.63,8.424,8.58,3700546,0
AT1.DE,D,20200211,000000,8.582,8.656,8.546,8.584,3434317,0
AT1.DE,D,20200212,000000,8.58,8.616,8.516,8.53,2615528,0
AT1.DE,D,20200213,000000,8.526,8.63,8.524,8.592,3174291,0
AT1.DE,D,20200214,000000,8.61,8.78,8.592,8.78,3677051,0
AT1.DE,D,20200217,000000,8.798,8.864,8.72,8.794,6471003,0
AT1.DE,D,20200218,000000,8.76,8.844,8.732,8.774,3263045,0
AT1.DE,D,20200219,000000,8.832,8.882,8.772,8.812,6757793,0
AT1.DE,D,20200220,000000,8.81,8.858,8.706,8.706,2698704,0
AT1.DE,D,20200221,000000,8.726,8.804,8.67,8.778,2762459,0
AT1.DE,D,20200224,000000,8.716,8.748,8.64,8.67,3644809,0
AT1.DE,D,20200225,000000,8.692,8.782,8.528,8.528,4323582,0
AT1.DE,D,20200226,000000,8.48,8.48,8.172,8.37,8563532,0
AT1.DE,D,20200227,000000,8.292,8.332,8.04,8.106,4471593,0
AT1.DE,D,20200228,000000,7.8,7.95,7.692,7.828,10631817,0
AT1.DE,D,20200302,000000,7.844,7.956,7.688,7.77,5492425,0
AT1.DE,D,20200303,000000,7.858,7.948,7.758,7.764,5540329,0
AT1.DE,D,20200304,000000,7.802,7.898,7.74,7.898,4941940,0
AT1.DE,D,20200305,000000,7.962,8.028,7.82,7.992,5638909,0
AT1.DE,D,20200306,000000,7.9,7.948,7.558,7.642,5709767,0
AT1.DE,D,20200309,000000,7.202,7.346,6.934,7.008,8893093,0
AT1.DE,D,20200310,000000,7.004,7.21,6.828,6.828,6317008,0
AT1.DE,D,20200311,000000,6.89,7.026,6.668,6.67,7217403,0
AT1.DE,D,20200312,000000,6.2,6.376,5.674,5.7,9728200,0
AT1.DE,D,20200313,000000,5.788,5.96,5.27,5.438,13492744,0
AT1.DE,D,20200316,000000,5.22,5.222,4.35,4.88,10816136,0
AT1.DE,D,20200317,000000,5.04,5.064,2.884,4.27,18766214,0
AT1.DE,D,20200318,000000,4.128,4.277,3.519,3.839,11178447,0
AT1.DE,D,20200319,000000,3.81,4.356,3.8,4.321,13694328,0
AT1.DE,D,20200320,000000,4.585,4.749,4.333,4.479,16903312,0
AT1.DE,D,20200323,000000,4.169,4.331,3.98,4.105,6753619,0
AT1.DE,D,20200324,000000,4.32,4.365,3.97,4.323,9488464,0
AT1.DE,D,20200325,000000,4.71,4.751,4.201,4.417,7623797,0
AT1.DE,D,20200326,000000,4.336,4.712,4.1,4.712,8828791,0
AT1.DE,D,20200327,000000,4.645,4.645,4.324,4.494,4942446,0
AT1.DE,D,20200330,000000,4.523,4.523,4.218,4.315,5161567,0
AT1.DE,D,20200331,000000,4.441,4.588,4.361,4.554,11947376,0
AT1.DE,D,20200401,000000,4.436,4.466,4.251,4.284,5148394,0
AT1.DE,D,20200402,000000,4.306,4.364,4.101,4.261,6340727,0
AT1.DE,D,20200403,000000,4.214,4.337,4.151,4.229,6060146,0
AT1.DE,D,20200406,000000,4.423,4.599,4.354,4.509,5657976,0
AT1.DE,D,20200407,000000,4.66,5.058,4.63,4.862,7093492,0
AT1.DE,D,20200408,000000,4.859,5.382,4.801,5.168,6285573,0
AT1.DE,D,20200409,000000,5.304,5.454,5.01,5.256,6815887,0
AT1.DE,D,20200414,000000,5.39,5.46,5.052,5.104,8556182,0
AT1.DE,D,20200415,000000,5.15,5.164,4.9,4.9,8055164,0
AT1.DE,D,20200416,000000,4.936,5.122,4.8,4.821,8138554,0
AT1.DE,D,20200417,000000,4.97,5.086,4.869,4.909,5886324,0
AT1.DE,D,20200420,000000,4.99,5.048,4.821,4.9,2488680,0
AT1.DE,D,20200421,000000,4.863,4.885,4.711,4.728,5895324,0
AT1.DE,D,20200422,000000,4.761,4.969,4.757,4.802,5337898,0
AT1.DE,D,20200423,000000,4.85,4.886,4.765,4.819,3520212,0
AT1.DE,D,20200424,000000,4.751,4.809,4.65,4.759,4989773,0
AT1.DE,D,20200427,000000,4.858,4.979,4.8,4.83,3095603,0
AT1.DE,D,20200428,000000,4.878,4.978,4.792,4.892,4373703,0
AT1.DE,D,20200429,000000,4.94,5.118,4.92,5.106,2518362,0
AT1.DE,D,20200430,000000,5.166,5.19,4.903,4.91,5242094,0
AT1.DE,D,20200504,000000,4.865,4.865,4.66,4.752,4943547,0
AT1.DE,D,20200505,000000,4.8,4.927,4.722,4.839,5849623,0
AT1.DE,D,20200506,000000,4.87,4.875,4.78,4.818,7315676,0
AT1.DE,D,20200507,000000,4.861,5.106,4.855,5.092,4717581,0
AT1.DE,D,20200508,000000,5.11,5.15,5.048,5.074,5634718,0
AT1.DE,D,20200511,000000,5.122,5.144,4.902,5.014,3159860,0
AT1.DE,D,20200512,000000,4.996,4.996,4.855,4.855,4037538,0
AT1.DE,D,20200513,000000,4.81,4.823,4.676,4.676,4573779,0
AT1.DE,D,20200514,000000,4.621,4.621,4.405,4.518,5527290,0
AT1.DE,D,20200515,000000,4.566,4.63,4.5,4.59,2999004,0
AT1.DE,D,20200518,000000,4.676,4.795,4.637,4.772,3104142,0
AT1.DE,D,20200519,000000,4.81,4.841,4.686,4.738,4408865,0
AT1.DE,D,20200520,000000,4.739,4.739,4.486,4.618,5129401,0
AT1.DE,D,20200521,000000,4.6,4.663,4.464,4.594,3804787,0
AT1.DE,D,20200522,000000,4.563,4.633,4.435,4.6,3535913,0
AT1.DE,D,20200525,000000,4.648,4.858,4.637,4.77,2568942,0
AT1.DE,D,20200526,000000,4.818,4.97,4.799,4.84,4112940,0
AT1.DE,D,20200527,000000,5.05,5.19,4.954,5.024,5414121,0
AT1.DE,D,20200528,000000,5.084,5.218,5.04,5.214,3935948,0
AT1.DE,D,20200529,000000,5.124,5.138,4.924,4.942,16637442,0
AT1.DE,D,20200602,000000,5.1,5.74,5.044,5.506,19312484,0
AT1.DE,D,20200603,000000,5.7,5.738,5.506,5.65,11946840,0
AT1.DE,D,20200604,000000,5.8,5.806,5.438,5.568,10947993,0
AT1.DE,D,20200605,000000,5.65,6.134,5.65,5.954,10147225,0
AT1.DE,D,20200608,000000,6.05,6.076,5.826,5.834,6538743,0
AT1.DE,D,20200609,000000,5.85,5.914,5.55,5.7,8962640,0
AT1.DE,D,20200610,000000,5.762,5.882,5.71,5.752,5717635,0
AT1.DE,D,20200611,000000,5.62,5.624,5.42,5.42,6580566,0
AT1.DE,D,20200612,000000,5.4,5.648,5.33,5.496,4972001,0
AT1.DE,D,20200615,000000,5.4,5.532,5.264,5.452,4151522,0
AT1.DE,D,20200616,000000,5.614,5.682,5.462,5.546,3733566,0
AT1.DE,D,20200617,000000,5.55,5.658,5.504,5.536,2892888,0
AT1.DE,D,20200618,000000,5.502,5.626,5.436,5.584,3073422,0
AT1.DE,D,20200619,000000,5.59,5.612,5.45,5.45,7744676,0
AT1.DE,D,20200622,000000,5.43,5.464,5.33,5.38,3730450,0
AT1.DE,D,20200623,000000,5.432,5.46,5.28,5.32,4592505,0
AT1.DE,D,20200624,000000,5.31,5.39,5.18,5.188,6021328,0
AT1.DE,D,20200625,000000,5.15,5.198,5.022,5.054,6524266,0
AT1.DE,D,20200626,000000,5.098,5.18,5.02,5.116,3867199,0
AT1.DE,D,20200629,000000,5.08,5.224,5.042,5.1,3458986,0
AT1.DE,D,20200630,000000,5.12,5.278,5.042,5.098,4717857,0
AT1.DE,D,20200701,000000,5.148,5.2,5.022,5.172,4801549,0
AT1.DE,D,20200702,000000,5.2,5.408,5.2,5.27,4346647,0
AT1.DE,D,20200703,000000,5.258,5.302,5.196,5.25,1709716,0
AT1.DE,D,20200706,000000,5.324,5.406,5.3,5.398,2514588,0
AT1.DE,D,20200707,000000,5.374,5.388,5.236,5.33,3722393,0
AT1.DE,D,20200708,000000,5.322,5.334,5.184,5.222,4997091,0
AT1.DE,D,20200709,000000,5.236,5.274,5.124,5.13,4676880,0
AT1.DE,D,20200710,000000,5.12,5.222,5.098,5.2,3062838,0
AT1.DE,D,20200713,000000,5.256,5.31,5.218,5.218,2860919,0
AT1.DE,D,20200714,000000,5.182,5.272,5.126,5.26,3826489,0
AT1.DE,D,20200715,000000,5.284,5.302,5.19,5.234,2574668,0
AT1.DE,D,20200716,000000,5.218,5.284,5.136,5.136,2226578,0
AT1.DE,D,20200717,000000,5.132,5.148,5.036,5.122,2570786,0
AT1.DE,D,20200720,000000,5.128,5.2,5.07,5.086,2488786,0
AT1.DE,D,20200721,000000,5.16,5.27,5.136,5.19,3136087,0
AT1.DE,D,20200722,000000,5.166,5.226,5.086,5.186,3168315,0
AT1.DE,D,20200723,000000,5.162,5.166,5.002,5.062,5806458,0
AT1.DE,D,20200724,000000,5.038,5.058,4.903,4.937,5198960,0
AT1.DE,D,20200727,000000,5,5.018,4.77,4.77,4746540,0
AT1.DE,D,20200728,000000,4.9,4.986,4.815,4.98,4415839,0
AT1.DE,D,20200729,000000,4.96,5.188,4.956,5.17,3829531,0
AT1.DE,D,20200730,000000,5.176,5.176,5.016,5.066,3547630,0
AT1.DE,D,20200731,000000,5.082,5.272,5.076,5.108,3717871,0
AT1.DE,D,20200803,000000,5.03,5.046,4.818,4.933,5599835,0
AT1.DE,D,20200804,000000,4.957,5.046,4.891,5.026,4866276,0
AT1.DE,D,20200805,000000,5.028,5.218,5.012,5.168,4509254,0
AT1.DE,D,20200806,000000,5.186,5.202,5.092,5.126,2826670,0
AT1.DE,D,20200807,000000,5.13,5.178,5.062,5.17,2522926,0
AT1.DE,D,20200810,000000,5.19,5.264,5.138,5.2,2566602,0
AT1.DE,D,20200811,000000,5.23,5.348,5.166,5.194,4266178,0
AT1.DE,D,20200812,000000,5.202,5.202,5.03,5.14,3800867,0
AT1.DE,D,20200813,000000,5.116,5.176,5.1,5.104,3343311,0
AT1.DE,D,20200814,000000,5.1,5.118,4.976,5.104,2856378,0
AT1.DE,D,20200817,000000,5.1,5.132,5.004,5.092,2537149,0
AT1.DE,D,20200818,000000,5.076,5.166,5.018,5.018,3638759,0
AT1.DE,D,20200819,000000,5.02,5.1,4.927,4.927,5239854,0
AT1.DE,D,20200820,000000,4.92,5.126,4.885,5.088,4974056,0
AT1.DE,D,20200821,000000,5.112,5.188,5.058,5.16,3857624,0
AT1.DE,D,20200824,000000,5.17,5.182,5.082,5.148,2881289,0
AT1.DE,D,20200825,000000,5.158,5.212,4.871,4.871,5384918,0
AT1.DE,D,20200826,000000,4.95,5.306,4.929,4.971,7260247,0
AT1.DE,D,20200827,000000,4.92,4.927,4.549,4.629,11802317,0
AT1.DE,D,20200828,000000,4.653,4.768,4.619,4.674,6144742,0
AT1.DE,D,20200831,000000,4.71,4.744,4.582,4.582,5795324,0
AT1.DE,D,20200901,000000,4.75,4.755,4.6,4.655,8878585,0
AT1.DE,D,20200902,000000,4.71,4.751,4.658,4.72,8776359,0
AT1.DE,D,20200903,000000,4.725,4.846,4.705,4.712,6290894,0
AT1.DE,D,20200904,000000,4.68,4.733,4.667,4.702,6321918,0
AT1.DE,D,20200907,000000,4.739,4.824,4.681,4.811,4785976,0
AT1.DE,D,20200908,000000,4.8,4.875,4.762,4.818,5540696,0
AT1.DE,D,20200909,000000,4.825,4.932,4.8,4.911,5489037,0
AT1.DE,D,20200910,000000,4.91,4.962,4.848,4.944,5997974,0
AT1.DE,D,20200911,000000,4.939,4.961,4.852,4.865,6049297,0
AT1.DE,D,20200914,000000,4.889,4.902,4.774,4.85,4747405,0
AT1.DE,D,20200915,000000,4.87,4.884,4.797,4.843,5294956,0
AT1.DE,D,20200916,000000,4.84,4.908,4.778,4.9,4544529,0
AT1.DE,D,20200917,000000,4.851,4.851,4.688,4.688,5717794,0
AT1.DE,D,20200918,000000,4.7,4.7,4.339,4.339,30546572,0
AT1.DE,D,20200921,000000,4.315,4.343,4.086,4.251,12162213,0
AT1.DE,D,20200922,000000,4.264,4.37,4.244,4.3,6004145,0
AT1.DE,D,20200923,000000,4.323,4.325,4.159,4.159,8269633,0
AT1.DE,D,20200924,000000,4.15,4.289,4.124,4.222,4999188,0
AT1.DE,D,20200925,000000,4.199,4.218,4.028,4.117,8543948,0
AT1.DE,D,20200928,000000,4.16,4.326,4.146,4.326,16729502,0
AT1.DE,D,20200929,000000,4.3,4.312,4.2,4.2,3746427,0
AT1.DE,D,20200930,000000,4.149,4.344,4.131,4.29,5820775,0
AT1.DE,D,20201001,000000,4.295,4.353,4.256,4.323,3125969,0
AT1.DE,D,20201002,000000,4.31,4.331,4.256,4.299,3237156,0
AT1.DE,D,20201005,000000,4.341,4.485,4.339,4.44,4645821,0
AT1.DE,D,20201006,000000,4.46,4.596,4.447,4.567,3244450,0
AT1.DE,D,20201007,000000,4.54,4.592,4.452,4.452,4050574,0
AT1.DE,D,20201008,000000,4.495,4.655,4.479,4.601,3490601,0
AT1.DE,D,20201009,000000,4.619,4.658,4.576,4.596,3105632,0
AT1.DE,D,20201012,000000,4.589,4.633,4.53,4.629,3625253,0
AT1.DE,D,20201013,000000,4.619,4.622,4.475,4.557,3822920,0
AT1.DE,D,20201014,000000,4.552,4.592,4.474,4.48,3730054,0
AT1.DE,D,20201015,000000,4.452,4.54,4.341,4.524,5280422,0
AT1.DE,D,20201016,000000,4.533,4.546,4.364,4.379,4393995,0
AT1.DE,D,20201019,000000,4.39,4.496,4.387,4.473,3540304,0
AT1.DE,D,20201020,000000,4.444,4.579,4.381,4.518,3784180,0
AT1.DE,D,20201021,000000,4.545,4.545,4.297,4.297,3738751,0
AT1.DE,D,20201022,000000,4.28,4.328,4.141,4.313,6222443,0
AT1.DE,D,20201023,000000,4.291,4.45,4.283,4.43,4884763,0
AT1.DE,D,20201026,000000,4.372,4.372,4.242,4.264,5093745,0
AT1.DE,D,20201027,000000,4.225,4.251,4.162,4.162,5028216,0
AT1.DE,D,20201028,000000,4.15,4.167,3.861,3.933,8597885,0
AT1.DE,D,20201029,000000,3.9,4.095,3.886,4.049,6098010,0
AT1.DE,D,20201030,000000,4.04,4.142,4.01,4.117,4768140,0
AT1.DE,D,20201102,000000,4.159,4.209,4.091,4.169,5365927,0
AT1.DE,D,20201103,000000,4.219,4.275,4.146,4.222,3249408,0
AT1.DE,D,20201104,000000,4.2,4.244,4.123,4.239,3490594,0
AT1.DE,D,20201105,000000,4.265,4.304,4.222,4.24,3113998,0
AT1.DE,D,20201106,000000,4.22,4.305,4.187,4.211,3761074,0
AT1.DE,D,20201109,000000,4.271,5.036,4.255,4.74,12591150,0
AT1.DE,D,20201110,000000,4.747,5.236,4.738,5.236,13706431,0
AT1.DE,D,20201111,000000,5.2,5.406,5.186,5.362,6764300,0
AT1.DE,D,20201112,000000,5.306,5.388,5.102,5.17,7472560,0
AT1.DE,D,20201113,000000,5.122,5.282,5.11,5.198,9223667,0
AT1.DE,D,20201116,000000,5.25,5.602,5.23,5.568,7322846,0
AT1.DE,D,20201117,000000,5.56,5.588,5.448,5.516,2662589,0
AT1.DE,D,20201118,000000,5.504,5.636,5.486,5.59,3226467,0
AT1.DE,D,20201119,000000,5.51,5.544,5.458,5.524,3490772,0
AT1.DE,D,20201120,000000,5.516,5.552,5.462,5.49,1659346,0
AT1.DE,D,20201123,000000,5.52,5.63,5.518,5.548,2437682,0
AT1.DE,D,20201124,000000,5.56,5.85,5.56,5.85,4492364,0
AT1.DE,D,20201125,000000,5.85,5.95,5.55,5.932,5210413,0
AT1.DE,D,20201126,000000,5.95,6.068,5.928,6.04,4608543,0
AT1.DE,D,20201127,000000,6.02,6.072,5.982,6,3286472,0
AT1.DE,D,20201130,000000,5.99,6.004,5.818,5.818,9388080,0
AT1.DE,D,20201201,000000,5.878,5.968,5.85,5.918,3090237,0
AT1.DE,D,20201202,000000,5.946,5.996,5.868,5.932,3930441,0
AT1.DE,D,20201203,000000,5.928,5.978,5.862,5.978,3236150,0
AT1.DE,D,20201204,000000,5.998,6.108,5.93,6.098,3860449,0
AT1.DE,D,20201207,000000,6.076,6.288,5.97,6.248,4163135,0
AT1.DE,D,20201208,000000,6.248,6.27,6.096,6.12,3429024,0
AT1.DE,D,20201209,000000,6.144,6.41,6.134,6.294,4446082,0
AT1.DE,D,20201210,000000,6.328,6.328,6.12,6.156,6395974,0
AT1.DE,D,20201211,000000,6.2,6.214,6.006,6.162,3735875,0
AT1.DE,D,20201214,000000,6.19,6.282,6.148,6.188,3941218,0
AT1.DE,D,20201215,000000,6.248,6.326,6.1,6.162,5062187,0
AT1.DE,D,20201216,000000,6.068,6.182,5.984,6.1,3819040,0
AT1.DE,D,20201217,000000,6.078,6.146,6.046,6.072,2733683,0
AT1.DE,D,20201218,000000,6.052,6.134,5.968,5.968,8401507,0
AT1.DE,D,20201221,000000,5.922,5.922,5.656,5.89,4523622,0
AT1.DE,D,20201222,000000,5.914,5.992,5.844,5.962,2243264,0
AT1.DE,D,20201223,000000,5.97,6.132,5.97,6.12,1504387,0
AT1.DE,D,20201228,000000,6.15,6.168,6.042,6.072,1472784,0
AT1.DE,D,20201229,000000,6.094,6.28,6.094,6.168,1526518,0
AT1.DE,D,20201230,000000,6.156,6.186,6.12,6.12,958584,0
AT1.DE,D,20210104,000000,6.2,6.226,5.988,6.044,2871989,0
AT1.DE,D,20210105,000000,6.02,6.098,5.956,6.038,2218758,0
AT1.DE,D,20210106,000000,6.034,6.06,5.944,5.944,2852736,0
AT1.DE,D,20210107,000000,5.952,5.998,5.92,5.944,2442042,0
AT1.DE,D,20210108,000000,5.98,5.98,5.85,5.852,2832626,0
AT1.DE,D,20210111,000000,5.838,5.862,5.706,5.728,3794662,0
AT1.DE,D,20210112,000000,5.73,5.906,5.72,5.868,3418325,0
AT1.DE,D,20210113,000000,5.874,6.05,5.868,5.988,2652179,0
AT1.DE,D,20210114,000000,5.984,6.2,5.976,6.2,3593165,0
AT1.DE,D,20210115,000000,6.18,6.186,5.946,5.976,2929521,0
AT1.DE,D,20210118,000000,5.938,5.986,5.918,5.95,1317548,0
AT1.DE,D,20210119,000000,5.998,6.058,5.896,5.944,2583198,0
AT1.DE,D,20210120,000000,5.92,6.026,5.918,5.972,1780852,0
AT1.DE,D,20210121,000000,5.99,6.018,5.79,5.8,2059859,0
AT1.DE,D,20210122,000000,5.822,5.868,5.784,5.828,2348177,0
AT1.DE,D,20210125,000000,5.87,5.876,5.586,5.624,4026812,0
AT1.DE,D,20210126,000000,5.63,5.762,5.598,5.726,2082355,0
AT1.DE,D,20210127,000000,5.712,5.792,5.6,5.72,2825244,0
AT1.DE,D,20210128,000000,5.66,5.776,5.538,5.702,3260109,0
AT1.DE,D,20210129,000000,5.652,5.756,5.56,5.736,2551035,0
AT1.DE,D,20210201,000000,5.796,5.856,5.742,5.852,2428728,0
AT1.DE,D,20210202,000000,5.888,5.946,5.856,5.932,2177037,0
AT1.DE,D,20210203,000000,5.95,6.028,5.922,5.932,1365707,0
AT1.DE,D,20210204,000000,5.956,5.976,5.886,5.922,1992299,0
AT1.DE,D,20210205,000000,5.896,5.946,5.87,5.924,1517035,0
AT1.DE,D,20210208,000000,5.94,5.94,5.816,5.842,1675435,0
AT1.DE,D,20210209,000000,5.852,5.904,5.78,5.86,1190519,0
AT1.DE,D,20210210,000000,5.878,5.934,5.828,5.866,1459008,0
AT1.DE,D,20210211,000000,5.902,5.928,5.82,5.928,1998444,0
AT1.DE,D,20210212,000000,5.87,5.892,5.786,5.816,2056605,0
AT1.DE,D,20210215,000000,5.828,5.912,5.822,5.886,1230787,0
AT1.DE,D,20210216,000000,5.84,5.998,5.84,5.89,1914750,0
AT1.DE,D,20210217,000000,5.922,6.008,5.87,5.894,2478273,0
AT1.DE,D,20210218,000000,5.884,5.936,5.83,5.83,1396206,0
AT1.DE,D,20210219,000000,5.842,5.858,5.792,5.838,2150009,0
AT1.DE,D,20210222,000000,5.802,5.916,5.702,5.904,1514418,0
AT1.DE,D,20210223,000000,5.882,6.05,5.88,6,2503510,0
AT1.DE,D,20210224,000000,5.98,6.092,5.94,5.984,1871340,0
AT1.DE,D,20210225,000000,5.99,6.152,5.964,6.108,2263466,0
AT1.DE,D,20210226,000000,6.03,6.102,5.972,6.014,2424225,0
AT1.DE,D,20210301,000000,6.066,6.246,6.064,6.23,2202337,0
AT1.DE,D,20210302,000000,6.202,6.306,6.184,6.306,2557814,0
AT1.DE,D,20210303,000000,6.318,6.344,6.114,6.146,2249582,0
AT1.DE,D,20210304,000000,6.112,6.166,5.926,6.166,3207759,0
AT1.DE,D,20210305,000000,6.134,6.134,6.01,6.018,2305841,0
AT1.DE,D,20210308,000000,6.056,6.238,6.006,6.19,2170373,0
AT1.DE,D,20210309,000000,6.2,6.268,6.166,6.216,2009144,0
AT1.DE,D,20210310,000000,6.162,6.272,6.118,6.196,1922609,0
AT1.DE,D,20210311,000000,6.228,6.274,6.138,6.272,1714797,0
AT1.DE,D,20210312,000000,6.238,6.328,6.238,6.328,1324596,0
AT1.DE,D,20210315,000000,6.342,6.372,6.236,6.254,1893463,0
AT1.DE,D,20210316,000000,6.276,6.402,6.272,6.316,2106267,0
AT1.DE,D,20210317,000000,6.316,6.334,6.212,6.224,1956045,0
AT1.DE,D,20210318,000000,6.252,6.306,6.162,6.186,2216119,0
AT1.DE,D,20210319,000000,6.16,6.252,6.092,6.21,6150723,0
AT1.DE,D,20210322,000000,6.21,6.26,6.11,6.134,1474861,0
AT1.DE,D,20210323,000000,6.12,6.162,6.068,6.154,2171629,0
AT1.DE,D,20210324,000000,6.1,6.222,6.08,6.222,2563789,0
AT1.DE,D,20210325,000000,6.198,6.198,5.836,5.874,4544913,0
AT1.DE,D,20210326,000000,5.92,5.994,5.91,5.948,2644758,0
AT1.DE,D,20210329,000000,5.93,6.036,5.9,5.972,1870033,0
AT1.DE,D,20210330,000000,6,6.154,5.988,6.114,2047329,0
AT1.DE,D,20210331,000000,6.1,6.186,6.07,6.07,2343945,0
AT1.DE,D,20210401,000000,6.09,6.292,6.078,6.254,2426580,0
AT1.DE,D,20210406,000000,6.264,6.398,6.26,6.358,3635087,0
AT1.DE,D,20210407,000000,6.372,6.53,6.372,6.426,3273758,0
AT1.DE,D,20210408,000000,6.47,6.512,6.384,6.478,2800678,0
AT1.DE,D,20210409,000000,6.486,6.49,6.314,6.336,2008075,0
AT1.DE,D,20210412,000000,6.346,6.382,6.296,6.304,1706353,0
AT1.DE,D,20210413,000000,6.31,6.35,6.256,6.3,2902290,0
AT1.DE,D,20210414,000000,6.302,6.442,6.278,6.406,1943333,0
AT1.DE,D,20210415,000000,6.402,6.548,6.374,6.39,3090150,0
AT1.DE,D,20210416,000000,6.396,6.49,6.348,6.448,2441610,0
AT1.DE,D,20210419,000000,6.45,6.472,6.376,6.394,1819853,0
AT1.DE,D,20210420,000000,6.342,6.412,6.316,6.332,3018926,0
AT1.DE,D,20210421,000000,6.354,6.366,6.148,6.196,4319675,0
AT1.DE,D,20210422,000000,6.2,6.282,5.96,6.282,3838673,0
AT1.DE,D,20210423,000000,6.234,6.278,6.132,6.194,2683630,0
AT1.DE,D,20210426,000000,6.2,6.332,6.138,6.328,3526852,0
AT1.DE,D,20210427,000000,6.32,6.412,6.228,6.39,2937807,0
AT1.DE,D,20210428,000000,6.434,6.556,6.416,6.526,3299006,0
AT1.DE,D,20210429,000000,6.542,6.592,6.438,6.47,2636873,0
AT1.DE,D,20210430,000000,6.464,6.518,6.404,6.404,3137670,0
AT1.DE,D,20210503,000000,6.434,6.526,6.42,6.514,1619729,0
AT1.DE,D,20210504,000000,6.512,6.604,6.452,6.452,2297682,0
AT1.DE,D,20210505,000000,6.496,6.524,6.414,6.516,2936229,0
AT1.DE,D,20210506,000000,6.526,6.57,6.442,6.56,3255727,0
AT1.DE,D,20210507,000000,6.598,6.63,6.544,6.62,2515620,0
AT1.DE,D,20210510,000000,6.656,6.724,6.57,6.676,2481952,0
AT1.DE,D,20210511,000000,6.624,6.64,6.502,6.502,2694068,0
AT1.DE,D,20210512,000000,6.514,6.61,6.488,6.58,2206070,0
AT1.DE,D,20210513,000000,6.53,6.58,6.416,6.536,1789247,0
AT1.DE,D,20210514,000000,6.59,6.71,6.588,6.702,3805896,0
AT1.DE,D,20210517,000000,6.72,6.756,6.598,6.63,1498059,0
AT1.DE,D,20210518,000000,6.64,6.738,6.62,6.72,1531511,0
AT1.DE,D,20210519,000000,6.674,6.7,6.594,6.632,2518284,0
AT1.DE,D,20210520,000000,6.67,6.688,6.608,6.644,2129411,0
AT1.DE,D,20210521,000000,6.658,6.676,6.608,6.65,1373058,0
AT1.DE,D,20210525,000000,6.7,6.842,6.698,6.74,2178312,0
AT1.DE,D,20210526,000000,6.754,6.808,6.74,6.808,1375125,0
AT1.DE,D,20210527,000000,6.83,6.91,6.8,6.832,3722047,0
AT1.DE,D,20210528,000000,6.858,6.954,6.842,6.926,2531375,0
AT1.DE,D,20210531,000000,6.92,6.938,6.81,6.866,1230131,0
AT1.DE,D,20210601,000000,6.85,6.946,6.85,6.922,1264558,0
AT1.DE,D,20210602,000000,6.932,6.962,6.818,6.876,1688056,0
AT1.DE,D,20210603,000000,6.898,6.918,6.822,6.842,1633538,0
AT1.DE,D,20210604,000000,6.848,6.886,6.818,6.88,987846,0
AT1.DE,D,20210607,000000,6.9,6.992,6.842,6.98,1485391,0
AT1.DE,D,20210608,000000,6.98,7.04,6.958,7.03,2075117,0
AT1.DE,D,20210609,000000,7.02,7.158,6.986,7.108,2338649,0
AT1.DE,D,20210610,000000,7.114,7.156,7.042,7.058,2332252,0
AT1.DE,D,20210611,000000,7.052,7.088,7.014,7.07,1617261,0
AT1.DE,D,20210614,000000,7.06,7.112,7.054,7.074,1389736,0
AT1.DE,D,20210615,000000,7.076,7.076,6.992,7.068,1460291,0
AT1.DE,D,20210616,000000,7.078,7.108,7.012,7.072,2006845,0
AT1.DE,D,20210617,000000,7.04,7.064,6.978,7.042,2074875,0
AT1.DE,D,20210618,000000,7.044,7.106,6.842,6.874,5314373,0
AT1.DE,D,20210621,000000,6.844,6.964,6.772,6.916,1678896,0
AT1.DE,D,20210622,000000,6.942,7,6.924,6.942,2367395,0
AT1.DE,D,20210623,000000,6.952,6.986,6.896,6.896,1582771,0
AT1.DE,D,20210624,000000,6.926,6.928,6.804,6.888,2473513,0
AT1.DE,D,20210625,000000,6.906,6.912,6.736,6.794,3182569,0
AT1.DE,D,20210628,000000,6.8,6.826,6.652,6.652,3233120,0
AT1.DE,D,20210629,000000,6.644,6.744,6.596,6.596,3258120,0
AT1.DE,D,20210630,000000,6.6,6.638,6.522,6.58,2815306,0
AT1.DE,D,20210701,000000,6.5,6.56,6.438,6.5,2395478,0
AT1.DE,D,20210702,000000,6.514,6.634,6.482,6.634,2372425,0
AT1.DE,D,20210705,000000,6.624,6.64,6.538,6.588,1683326,0
AT1.DE,D,20210706,000000,6.576,6.596,6.526,6.534,2457214,0
AT1.DE,D,20210707,000000,6.542,6.636,6.52,6.572,1985661,0
AT1.DE,D,20210708,000000,6.542,6.586,6.474,6.51,2161470,0
AT1.DE,D,20210709,000000,6.524,6.688,6.52,6.664,1983526,0
AT1.DE,D,20210712,000000,6.67,6.766,6.594,6.752,2805043,0
AT1.DE,D,20210713,000000,6.758,6.77,6.552,6.552,3273447,0
AT1.DE,D,20210714,000000,6.532,6.546,6.43,6.462,2207417,0
AT1.DE,D,20210715,000000,6.472,6.48,6.384,6.434,2486365,0
AT1.DE,D,20210716,000000,6.374,6.552,6.374,6.5,2388429,0
AT1.DE,D,20210719,000000,6.448,6.448,6.232,6.238,2445382,0
AT1.DE,D,20210720,000000,6.244,6.382,6.228,6.336,2014759,0
AT1.DE,D,20210721,000000,6.374,6.608,6.374,6.562,2492319,0
AT1.DE,D,20210722,000000,6.586,6.666,6.508,6.508,1900675,0
AT1.DE,D,20210723,000000,6.538,6.628,6.534,6.582,1714641,0
AT1.DE,D,20210726,000000,6.542,6.626,6.516,6.592,1276424,0
AT1.DE,D,20210727,000000,6.592,6.604,6.498,6.576,1390817,0
AT1.DE,D,20210728,000000,6.588,6.744,6.588,6.678,1799525,0
AT1.DE,D,20210729,000000,6.71,6.712,6.612,6.624,1407311,0
AT1.DE,D,20210730,000000,6.576,6.69,6.576,6.606,2724465,0
AT1.DE,D,20210802,000000,6.636,6.778,6.636,6.736,1804965,0
AT1.DE,D,20210803,000000,6.762,6.786,6.69,6.718,2157767,0
AT1.DE,D,20210804,000000,6.754,6.796,6.724,6.788,1347225,0
AT1.DE,D,20210805,000000,6.774,6.88,6.754,6.856,2230035,0
AT1.DE,D,20210806,000000,6.842,6.898,6.822,6.896,1452545,0
AT1.DE,D,20210809,000000,6.878,6.892,6.828,6.83,1150144,0
AT1.DE,D,20210810,000000,6.868,6.916,6.816,6.852,1315786,0
AT1.DE,D,20210811,000000,6.868,6.944,6.854,6.906,1205261,0
AT1.DE,D,20210812,000000,6.864,6.964,6.864,6.888,1323960,0
AT1.DE,D,20210813,000000,6.888,7.018,6.87,6.958,1680914,0
AT1.DE,D,20210816,000000,6.948,7,6.872,6.888,1765104,0
AT1.DE,D,20210817,000000,6.882,6.888,6.776,6.78,2300162,0
AT1.DE,D,20210818,000000,6.786,6.836,6.772,6.822,1414513,0
AT1.DE,D,20210819,000000,6.774,6.778,6.726,6.754,1379833,0
AT1.DE,D,20210820,000000,6.76,6.87,6.736,6.846,1322416,0
AT1.DE,D,20210823,000000,6.898,6.898,6.714,6.748,1518044,0
AT1.DE,D,20210824,000000,6.802,6.802,6.718,6.748,881516,0
