<TICKER>,<PER>,<DATE>,<TIME>,<OPEN>,<HIGH>,<LOW>,<CLOSE>,<VOL>,<OPENINT>
BNXG.DE,D,20190318,000000,36.24,36.5,36.24,36.5,1,0
BNXG.DE,D,20190319,000000,36.445,36.76,36.445,36.76,77,0
BNXG.DE,D,20190320,000000,36.65,36.685,36.3,36.3,268,0
BNXG.DE,D,20190321,000000,36.37,36.565,36.255,36.565,269,0
BNXG.DE,D,20190322,000000,36.505,36.695,36.235,36.235,674,0
BNXG.DE,D,20190325,000000,35.885,36.05,35.885,36.05,185,0
BNXG.DE,D,20190326,000000,36.075,36.21,36.075,36.14,0,0
BNXG.DE,D,20190327,000000,36.35,36.35,35.895,35.895,136,0
BNXG.DE,D,20190328,000000,36.19,36.295,36.19,36.205,224,0
BNXG.DE,D,20190329,000000,36.465,36.61,36.45,36.5,1809,0
BNXG.DE,D,20190401,000000,36.69,36.835,36.665,36.835,570,0
BNXG.DE,D,20190402,000000,37.31,37.61,37.31,37.575,188,0
BNXG.DE,D,20190403,000000,37.9,38.18,37.81,38.055,135,0
BNXG.DE,D,20190404,000000,38.07,38.07,37.81,37.81,110,0
BNXG.DE,D,20190405,000000,37.905,38.04,37.785,37.93,240,0
BNXG.DE,D,20190408,000000,38.035,38.09,38,38.07,225,0
BNXG.DE,D,20190409,000000,37.955,38.03,37.65,37.65,3099,0
BNXG.DE,D,20190410,000000,37.545,37.73,37.545,37.605,644,0
BNXG.DE,D,20190411,000000,37.585,37.595,37.45,37.45,0,0
BNXG.DE,D,20190412,000000,37.135,37.36,37.135,37.34,125,0
BNXG.DE,D,20190415,000000,37.63,37.74,37.63,37.645,318,0
BNXG.DE,D,20190416,000000,37.59,37.8,37.59,37.715,430,0
BNXG.DE,D,20190417,000000,38.135,38.275,38.1,38.1,2285,0
BNXG.DE,D,20190418,000000,37.825,38.15,37.825,38.145,358,0
BNXG.DE,D,20190423,000000,38.31,38.535,38.26,38.535,1463,0
BNXG.DE,D,20190424,000000,38.565,38.65,38.48,38.555,8606,0
BNXG.DE,D,20190425,000000,38.525,38.595,38.225,38.395,483,0
BNXG.DE,D,20190426,000000,38.055,38.14,37.94,37.94,260,0
BNXG.DE,D,20190429,000000,37.94,38.105,37.89,37.89,582,0
BNXG.DE,D,20190430,000000,37.76,37.765,37.635,37.635,246,0
BNXG.DE,D,20190502,000000,37.31,37.455,37.23,37.235,229,0
BNXG.DE,D,20190503,000000,37.555,37.8,37.5,37.725,5756,0
BNXG.DE,D,20190506,000000,37.095,37.34,36.89,37.29,2918,0
BNXG.DE,D,20190507,000000,37.395,37.455,37,37,678,0
BNXG.DE,D,20190508,000000,36.935,36.935,36.665,36.775,4093,0
BNXG.DE,D,20190509,000000,36.225,36.27,35.825,35.825,693,0
BNXG.DE,D,20190510,000000,36.505,36.57,36.01,36.01,213,0
BNXG.DE,D,20190513,000000,36.625,36.635,36.145,36.145,750,0
BNXG.DE,D,20190514,000000,36.285,36.585,36.27,36.585,119,0
BNXG.DE,D,20190515,000000,36.715,36.715,36.42,36.66,4085,0
BNXG.DE,D,20190516,000000,36.725,37.03,36.725,37.03,2565,0
BNXG.DE,D,20190517,000000,36.865,36.865,36.63,36.805,840,0
BNXG.DE,D,20190520,000000,36.795,36.8,36.34,36.34,5991,0
BNXG.DE,D,20190521,000000,36.47,36.625,36.37,36.53,527,0
BNXG.DE,D,20190522,000000,36.705,36.835,36.665,36.695,455,0
BNXG.DE,D,20190523,000000,36.27,36.27,35.815,35.915,1875,0
BNXG.DE,D,20190524,000000,36.29,36.38,36.09,36.09,913,0
BNXG.DE,D,20190527,000000,36.405,36.605,36.29,36.36,146,0
BNXG.DE,D,20190528,000000,36.54,36.67,36.52,36.62,72,0
BNXG.DE,D,20190529,000000,36.17,36.17,36.055,36.055,65,0
BNXG.DE,D,20190530,000000,36.225,36.315,36.19,36.19,34,0
BNXG.DE,D,20190531,000000,36.01,36.01,35.765,35.975,267,0
BNXG.DE,D,20190603,000000,35.705,35.775,35.62,35.69,108,0
BNXG.DE,D,20190604,000000,35,35.52,35,35.49,342,0
BNXG.DE,D,20190605,000000,35.64,35.965,35.64,35.71,469,0
BNXG.DE,D,20190606,000000,35.76,35.89,35.59,35.59,413,0
BNXG.DE,D,20190607,000000,35.825,35.875,35.79,35.79,205,0
BNXG.DE,D,20190611,000000,36.425,36.77,36.425,36.61,121,0
BNXG.DE,D,20190612,000000,36.435,36.435,36.285,36.285,851,0
BNXG.DE,D,20190613,000000,36.29,36.495,36.29,36.32,257,0
BNXG.DE,D,20190614,000000,36.485,36.485,36.405,36.435,994,0
BNXG.DE,D,20190617,000000,36.715,36.735,36.57,36.57,302,0
BNXG.DE,D,20190618,000000,36.385,37.07,36.385,36.97,185,0
BNXG.DE,D,20190619,000000,37.14,37.14,36.97,36.97,401,0
BNXG.DE,D,20190620,000000,37.405,37.65,37.395,37.445,212,0
BNXG.DE,D,20190621,000000,37.485,37.545,37.32,37.545,33,0
BNXG.DE,D,20190624,000000,37.745,37.745,37.535,37.535,261,0
BNXG.DE,D,20190625,000000,37.33,37.485,37.245,37.34,265,0
BNXG.DE,D,20190626,000000,37.3,37.575,37.3,37.37,210,0
BNXG.DE,D,20190627,000000,37.575,37.575,37.24,37.4,1764,0
BNXG.DE,D,20190628,000000,37.355,37.41,37.32,37.32,588,0
BNXG.DE,D,20190701,000000,38.025,38.025,37.765,37.765,328,0
BNXG.DE,D,20190702,000000,37.87,37.87,37.83,37.85,55,0
BNXG.DE,D,20190703,000000,37.965,38.145,37.96,38.145,689,0
BNXG.DE,D,20190704,000000,38.175,38.48,38.175,38.465,41,0
BNXG.DE,D,20190705,000000,38.4,38.4,38.245,38.245,489,0
BNXG.DE,D,20190708,000000,38.26,38.37,38.26,38.305,54,0
BNXG.DE,D,20190709,000000,38.01,38.31,38.01,38.31,860,0
BNXG.DE,D,20190710,000000,38.585,38.785,38.535,38.74,180,0
BNXG.DE,D,20190711,000000,38.84,38.93,38.77,38.795,673,0
BNXG.DE,D,20190712,000000,38.65,38.81,38.6,38.81,228,0
BNXG.DE,D,20190715,000000,38.8,38.97,38.8,38.835,453,0
BNXG.DE,D,20190716,000000,38.735,38.915,38.735,38.85,253,0
BNXG.DE,D,20190717,000000,38.55,38.555,38.375,38.375,501,0
BNXG.DE,D,20190718,000000,38.2,38.445,38.2,38.37,930,0
BNXG.DE,D,20190719,000000,38.665,38.86,38.655,38.7,353,0
BNXG.DE,D,20190722,000000,38.74,38.85,38.63,38.735,983,0
BNXG.DE,D,20190723,000000,38.975,39.105,38.91,39.04,453,0
BNXG.DE,D,20190724,000000,39.27,39.27,39.035,39.09,593,0
BNXG.DE,D,20190725,000000,39.68,39.695,39.295,39.295,1807,0
BNXG.DE,D,20190726,000000,39.565,39.68,39.56,39.58,661,0
BNXG.DE,D,20190729,000000,39.435,39.48,39.34,39.36,173,0
BNXG.DE,D,20190730,000000,39.28,39.28,39.115,39.175,3499,0
BNXG.DE,D,20190731,000000,39.215,39.275,39.075,39.075,350,0
BNXG.DE,D,20190801,000000,39.06,39.385,39.06,39.365,491,0
BNXG.DE,D,20190802,000000,38.49,38.49,38.045,38.055,514,0
BNXG.DE,D,20190805,000000,37.375,37.375,36.71,36.71,3740,0
BNXG.DE,D,20190806,000000,36.78,36.99,36.63,36.63,688,0
BNXG.DE,D,20190807,000000,36.995,37.17,36.6,36.745,826,0
BNXG.DE,D,20190808,000000,37.29,37.505,37.235,37.505,25,0
BNXG.DE,D,20190809,000000,37.625,37.625,37.355,37.375,509,0
BNXG.DE,D,20190812,000000,37.95,37.95,37.255,37.255,109,0
BNXG.DE,D,20190813,000000,37.295,37.685,37.265,37.605,7,0
BNXG.DE,D,20190814,000000,37.5,37.5,36.79,36.895,179,0
BNXG.DE,D,20190815,000000,36.715,36.935,36.335,36.85,2380,0
BNXG.DE,D,20190816,000000,37.09,37.28,37.09,37.23,1024,0
BNXG.DE,D,20190819,000000,37.635,37.73,37.51,37.715,30,0
BNXG.DE,D,20190820,000000,37.955,38.05,37.815,37.855,1348,0
BNXG.DE,D,20190821,000000,37.86,38.035,37.86,38.035,37,0
BNXG.DE,D,20190822,000000,38.01,38.01,37.885,37.885,3,0
BNXG.DE,D,20190823,000000,38.115,38.155,37.33,37.33,252,0
BNXG.DE,D,20190826,000000,37.33,37.525,37.195,37.27,3038,0
BNXG.DE,D,20190827,000000,37.32,37.535,37.27,37.475,57,0
BNXG.DE,D,20190828,000000,37.56,37.56,37.43,37.51,61,0
BNXG.DE,D,20190829,000000,37.355,37.865,37.355,37.865,219,0
BNXG.DE,D,20190830,000000,38.09,38.43,38.09,38.34,280,0
BNXG.DE,D,20190902,000000,38.53,38.66,38.495,38.58,253,0
BNXG.DE,D,20190903,000000,38.525,38.595,38.45,38.5,1352,0
BNXG.DE,D,20190904,000000,38.835,38.885,38.71,38.84,354,0
BNXG.DE,D,20190905,000000,39.105,39.29,38.98,39.265,1126,0
BNXG.DE,D,20190906,000000,39.14,39.31,39.14,39.275,789,0
BNXG.DE,D,20190909,000000,39.535,39.57,39.39,39.445,752,0
BNXG.DE,D,20190910,000000,39.365,39.365,39.265,39.265,301,0
BNXG.DE,D,20190911,000000,39.41,39.775,39.4,39.74,6448,0
BNXG.DE,D,20190912,000000,39.695,39.95,39.53,39.55,997,0
BNXG.DE,D,20190913,000000,39.615,39.785,39.6,39.665,199,0
BNXG.DE,D,20190916,000000,39.44,39.67,39.41,39.515,562,0
BNXG.DE,D,20190917,000000,39.365,39.365,39.22,39.255,405,0
BNXG.DE,D,20190918,000000,39.535,39.66,39.37,39.37,420,0
BNXG.DE,D,20190919,000000,39.33,39.775,39.33,39.775,26,0
BNXG.DE,D,20190920,000000,39.85,40.09,39.82,40.05,816,0
BNXG.DE,D,20190923,000000,39.83,39.83,39.655,39.655,646,0
BNXG.DE,D,20190924,000000,39.76,39.835,39.66,39.66,188,0
BNXG.DE,D,20190925,000000,39.15,39.295,39.005,39.295,676,0
BNXG.DE,D,20190926,000000,39.625,39.81,39.625,39.65,370,0
BNXG.DE,D,20190927,000000,39.52,39.6,39.375,39.375,669,0
BNXG.DE,D,20191001,000000,39.625,39.625,39.17,39.17,537,0
BNXG.DE,D,20191002,000000,38.905,38.905,38.235,38.235,310,0
BNXG.DE,D,20191004,000000,38.675,38.955,38.555,38.955,823,0
BNXG.DE,D,20191007,000000,38.99,39.2,38.99,39.19,354,0
BNXG.DE,D,20191008,000000,39.33,39.33,38.92,38.92,3536,0
BNXG.DE,D,20191009,000000,38.825,39.135,38.82,39.065,752,0
BNXG.DE,D,20191010,000000,38.845,39.235,38.765,39.235,311,0
BNXG.DE,D,20191011,000000,39.16,39.62,39.16,39.62,404,0
BNXG.DE,D,20191014,000000,39.56,39.56,39.285,39.44,1593,0
BNXG.DE,D,20191015,000000,39.445,39.7,39.445,39.65,650,0
BNXG.DE,D,20191016,000000,39.41,39.49,39.38,39.38,307,0
BNXG.DE,D,20191017,000000,39.175,39.32,39.11,39.11,566,0
BNXG.DE,D,20191018,000000,39.07,39.15,39.01,39.01,1346,0
BNXG.DE,D,20191021,000000,39.15,39.37,39.085,39.3,391,0
BNXG.DE,D,20191022,000000,39.41,39.455,39.35,39.37,594,0
BNXG.DE,D,20191023,000000,39.145,39.265,39.145,39.265,46,0
BNXG.DE,D,20191024,000000,39.255,39.405,39.245,39.405,77,0
BNXG.DE,D,20191025,000000,39.35,39.615,39.31,39.615,25,0
BNXG.DE,D,20191028,000000,39.805,40.01,39.8,39.905,1769,0
BNXG.DE,D,20191029,000000,40.01,40.04,39.915,39.915,9473,0
BNXG.DE,D,20191030,000000,39.695,39.815,39.67,39.675,142,0
BNXG.DE,D,20191031,000000,39.82,39.82,39.49,39.5,2617,0
BNXG.DE,D,20191101,000000,39.735,39.925,39.735,39.855,156,0
BNXG.DE,D,20191104,000000,40.135,40.37,40.135,40.33,1397,0
BNXG.DE,D,20191105,000000,40.5,40.715,40.5,40.64,1576,0
BNXG.DE,D,20191106,000000,40.59,40.655,40.585,40.64,723,0
BNXG.DE,D,20191107,000000,40.995,41.3,40.995,41.195,5037,0
BNXG.DE,D,20191108,000000,40.915,40.995,40.915,40.95,203,0
BNXG.DE,D,20191111,000000,40.65,40.715,40.495,40.645,925,0
BNXG.DE,D,20191112,000000,40.905,40.92,40.84,40.84,472,0
BNXG.DE,D,20191113,000000,40.915,40.96,40.685,40.915,1636,0
BNXG.DE,D,20191114,000000,40.85,41.185,40.82,41.03,18288,0
BNXG.DE,D,20191115,000000,41.215,41.215,41.07,41.11,3350,0
BNXG.DE,D,20191118,000000,41.265,41.265,41.075,41.1,822,0
BNXG.DE,D,20191119,000000,41.3,41.465,41.17,41.18,740,0
BNXG.DE,D,20191120,000000,41.1,41.27,41.1,41.215,30,0
BNXG.DE,D,20191121,000000,40.885,41.015,40.885,40.955,120,0
BNXG.DE,D,20191122,000000,41.095,41.265,41.08,41.11,370,0
BNXG.DE,D,20191125,000000,41.42,41.62,41.4,41.59,801,0
BNXG.DE,D,20191126,000000,41.55,41.56,41.46,41.46,664,0
BNXG.DE,D,20191127,000000,41.64,41.73,41.53,41.57,2595,0
BNXG.DE,D,20191128,000000,41.415,41.44,41.395,41.43,1535,0
BNXG.DE,D,20191129,000000,41.32,41.44,41.285,41.295,588,0
BNXG.DE,D,20191202,000000,41.265,41.335,40.5,40.515,765,0
BNXG.DE,D,20191203,000000,40.77,40.815,40.3,40.305,877,0
BNXG.DE,D,20191204,000000,40.55,40.895,40.55,40.88,650,0
BNXG.DE,D,20191205,000000,40.785,40.805,40.58,40.58,343,0
BNXG.DE,D,20191206,000000,40.745,41.275,40.745,41.25,734,0
BNXG.DE,D,20191209,000000,41.03,41.12,40.95,40.995,8256,0
BNXG.DE,D,20191210,000000,41.01,41.1,40.78,41.02,633,0
BNXG.DE,D,20191211,000000,41.005,41.07,40.915,41.01,1111,0
BNXG.DE,D,20191212,000000,41.095,41.57,41.01,41.495,573,0
BNXG.DE,D,20191213,000000,41.555,41.555,41.25,41.25,3003,0
BNXG.DE,D,20191216,000000,41.485,41.81,41.485,41.8,1517,0
BNXG.DE,D,20191217,000000,41.69,41.69,41.535,41.56,875,0
BNXG.DE,D,20191218,000000,41.505,41.73,41.48,41.655,484,0
BNXG.DE,D,20191219,000000,41.545,41.7,41.51,41.7,101,0
BNXG.DE,D,20191220,000000,41.78,42.19,41.78,42.175,230,0
BNXG.DE,D,20191223,000000,41.97,42.07,41.945,41.97,511,0
BNXG.DE,D,20191227,000000,42.23,42.23,41.93,41.93,827,0
BNXG.DE,D,20191230,000000,41.815,41.835,41.75,41.765,1733,0
BNXG.DE,D,20200102,000000,41.88,42.145,41.805,42.055,2222,0
BNXG.DE,D,20200103,000000,41.825,41.84,41.61,41.8,1507,0
BNXG.DE,D,20200106,000000,41.75,41.815,41.355,41.75,389,0
BNXG.DE,D,20200107,000000,42.045,42.335,42.045,42.27,321,0
BNXG.DE,D,20200108,000000,42.18,42.415,42.04,42.415,1503,0
BNXG.DE,D,20200109,000000,42.925,42.965,42.85,42.9,2644,0
BNXG.DE,D,20200110,000000,42.975,43.06,42.885,42.89,10118,0
BNXG.DE,D,20200113,000000,42.965,43.055,42.905,42.94,1278,0
BNXG.DE,D,20200114,000000,42.92,43.135,42.815,43.135,679,0
BNXG.DE,D,20200115,000000,43.2,43.26,43.075,43.16,1666,0
BNXG.DE,D,20200116,000000,43.21,43.25,43.105,43.22,438,0
BNXG.DE,D,20200117,000000,43.24,43.53,43.22,43.395,4379,0
BNXG.DE,D,20200120,000000,43.365,43.41,43.26,43.385,2643,0
BNXG.DE,D,20200121,000000,43.06,43.27,42.905,43.215,2248,0
BNXG.DE,D,20200122,000000,43.595,43.63,43.415,43.415,1714,0
BNXG.DE,D,20200123,000000,43.24,43.25,42.945,43.07,1684,0
BNXG.DE,D,20200124,000000,43.405,43.535,43.275,43.315,967,0
BNXG.DE,D,20200127,000000,42.6,42.6,42.2,42.28,2189,0
BNXG.DE,D,20200128,000000,42.535,42.815,42.305,42.815,1197,0
BNXG.DE,D,20200129,000000,42.91,43.04,42.745,42.875,1562,0
BNXG.DE,D,20200130,000000,42.105,42.285,42,42.055,502,0
BNXG.DE,D,20200131,000000,42.38,42.38,41.615,41.615,838,0
BNXG.DE,D,20200203,000000,41.81,41.875,41.615,41.78,650,0
BNXG.DE,D,20200204,000000,42.305,42.69,42.305,42.59,263,0
BNXG.DE,D,20200205,000000,42.955,43.13,42.8,42.8,1841,0
BNXG.DE,D,20200206,000000,43.095,43.095,42.8,43.015,336,0
BNXG.DE,D,20200207,000000,42.975,43.03,42.85,42.93,1538,0
BNXG.DE,D,20200210,000000,42.92,43.09,42.8,43.04,1610,0
BNXG.DE,D,20200211,000000,43.635,43.78,43.515,43.765,1569,0
BNXG.DE,D,20200212,000000,43.815,44.355,43.745,44.355,761,0
BNXG.DE,D,20200213,000000,44.7,44.7,44.5,44.67,773,0
BNXG.DE,D,20200214,000000,44.865,44.99,44.65,44.905,1409,0
BNXG.DE,D,20200217,000000,44.86,44.86,44.75,44.765,1257,0
BNXG.DE,D,20200218,000000,44.47,44.525,44.3,44.35,247,0
BNXG.DE,D,20200219,000000,44.66,44.8,44.5,44.775,1384,0
BNXG.DE,D,20200220,000000,44.65,44.65,44.035,44.035,1452,0
BNXG.DE,D,20200221,000000,44.065,44.065,43.7,43.87,953,0
BNXG.DE,D,20200224,000000,42.99,42.99,42.22,42.515,11306,0
BNXG.DE,D,20200225,000000,43.025,43.06,42.245,42.245,1938,0
BNXG.DE,D,20200226,000000,41.93,42.385,41.355,42.22,8254,0
BNXG.DE,D,20200227,000000,41.23,41.45,40.285,40.555,10543,0
BNXG.DE,D,20200228,000000,40.26,40.26,38.745,39.22,22853,0
BNXG.DE,D,20200302,000000,40.07,40.07,38.785,39.515,8501,0
BNXG.DE,D,20200303,000000,40.04,40.42,39.915,39.915,1567,0
BNXG.DE,D,20200304,000000,40.125,40.68,40.1,40.24,5367,0
BNXG.DE,D,20200305,000000,40.56,40.56,39.665,39.915,6692,0
BNXG.DE,D,20200306,000000,39.405,39.405,38.27,38.44,521,0
BNXG.DE,D,20200309,000000,38.4,38.4,35.31,35.66,5427,0
BNXG.DE,D,20200310,000000,36.085,37.125,35.7,35.725,1441,0
BNXG.DE,D,20200311,000000,36.055,36.085,35.655,35.81,5366,0
BNXG.DE,D,20200312,000000,36,36,31.72,32.1,711,0
BNXG.DE,D,20200313,000000,33.095,33.54,32.045,32.59,328,0
BNXG.DE,D,20200316,000000,31.81,37.1,29.585,37.1,501,0
BNXG.DE,D,20200317,000000,30.915,32,30.375,31.915,861,0
BNXG.DE,D,20200318,000000,30.815,31.195,30.2,30.575,1883,0
BNXG.DE,D,20200319,000000,30.605,31.5,30.25,31.23,241,0
BNXG.DE,D,20200320,000000,33.13,33.15,31.85,32.965,1587,0
BNXG.DE,D,20200323,000000,30.895,31.415,30.485,30.69,167,0
BNXG.DE,D,20200324,000000,32.745,33.865,32.745,33.865,418,0
BNXG.DE,D,20200325,000000,34.59,34.59,33.46,34.34,1097,0
BNXG.DE,D,20200326,000000,33.45,34.99,33.27,34.715,1459,0
BNXG.DE,D,20200327,000000,34.49,34.49,33.67,33.67,220,0
BNXG.DE,D,20200330,000000,33.56,34.43,33.35,34.43,1380,0
BNXG.DE,D,20200331,000000,34.69,35,34.45,34.855,1086,0
BNXG.DE,D,20200401,000000,33.75,34.275,33.6,33.795,234,0
BNXG.DE,D,20200402,000000,34.065,34.475,34,34.28,1376,0
BNXG.DE,D,20200403,000000,34.395,34.395,34.145,34.165,448,0
BNXG.DE,D,20200406,000000,35.23,35.835,35.23,35.725,230,0
BNXG.DE,D,20200407,000000,37.08,37.435,36.545,36.82,2610,0
BNXG.DE,D,20200408,000000,36.345,36.74,35.975,36.74,377,0
BNXG.DE,D,20200409,000000,37.98,37.98,36.985,37.52,1102,0
BNXG.DE,D,20200414,000000,39.39,39.39,38.595,38.93,2497,0
BNXG.DE,D,20200415,000000,39.05,39.055,38.3,38.305,2242,0
BNXG.DE,D,20200416,000000,39.02,39.245,38.4,39.15,993,0
BNXG.DE,D,20200417,000000,40.24,40.46,39.715,39.83,1247,0
BNXG.DE,D,20200420,000000,40.195,40.475,39.8,40.475,1032,0
BNXG.DE,D,20200421,000000,39.905,39.915,38.75,38.75,2214,0
BNXG.DE,D,20200422,000000,39.23,39.64,39.17,39.605,643,0
BNXG.DE,D,20200423,000000,40.135,40.495,40.095,40.44,1118,0
BNXG.DE,D,20200424,000000,40.95,40.95,39.965,39.965,557,0
BNXG.DE,D,20200427,000000,40.005,41.725,40.005,41.035,1447,0
BNXG.DE,D,20200428,000000,41.49,42.11,41.3,41.52,1759,0
BNXG.DE,D,20200429,000000,41.8,42.575,41.8,42.495,6466,0
BNXG.DE,D,20200430,000000,42.425,42.425,41.58,41.685,1823,0
BNXG.DE,D,20200504,000000,40.395,40.955,40.39,40.955,2823,0
BNXG.DE,D,20200505,000000,41.55,42.33,41.55,42.33,3082,0
BNXG.DE,D,20200506,000000,42.67,42.755,42.3,42.45,714,0
BNXG.DE,D,20200507,000000,42.855,43.405,42.855,43.31,6700,0
BNXG.DE,D,20200508,000000,43.485,43.7,43.405,43.66,963,0
BNXG.DE,D,20200511,000000,44.05,44.08,43.33,43.635,1565,0
BNXG.DE,D,20200512,000000,43.605,44.215,43.605,44.115,1404,0
BNXG.DE,D,20200513,000000,43.82,44.15,43.79,43.815,1840,0
BNXG.DE,D,20200514,000000,43.47,43.63,42.6,43.335,3559,0
BNXG.DE,D,20200515,000000,44.13,44.13,43.165,43.165,1137,0
BNXG.DE,D,20200518,000000,43.76,44.23,43.635,44.14,2589,0
BNXG.DE,D,20200519,000000,43.54,43.65,43.02,43.605,1292,0
BNXG.DE,D,20200520,000000,43.725,44.145,43.65,44.08,1579,0
BNXG.DE,D,20200521,000000,43.85,44.075,43.67,43.67,765,0
BNXG.DE,D,20200522,000000,43.385,43.94,43.365,43.71,1626,0
BNXG.DE,D,20200525,000000,44.48,44.895,44.4,44.895,4235,0
BNXG.DE,D,20200526,000000,44.97,44.97,44.255,44.255,3679,0
BNXG.DE,D,20200527,000000,44.17,44.36,43.22,43.42,2650,0
BNXG.DE,D,20200528,000000,43.93,44.025,43.845,43.88,1001,0
BNXG.DE,D,20200529,000000,43.405,43.485,43.215,43.265,2251,0
BNXG.DE,D,20200602,000000,44.11,44.45,44.11,44.37,1163,0
BNXG.DE,D,20200603,000000,44.65,44.79,44.5,44.79,4406,0
BNXG.DE,D,20200604,000000,44.73,44.98,44.445,44.49,659,0
BNXG.DE,D,20200605,000000,44.51,45.17,44.51,45.05,1008,0
BNXG.DE,D,20200608,000000,44.82,45.155,44.74,45.065,1624,0
BNXG.DE,D,20200609,000000,45.19,45.205,44.74,45.045,1247,0
BNXG.DE,D,20200610,000000,45.435,45.595,45.27,45.335,2589,0
BNXG.DE,D,20200611,000000,44.6,44.73,43.62,43.62,2359,0
BNXG.DE,D,20200612,000000,43.45,44.16,43.385,43.805,3645,0
BNXG.DE,D,20200615,000000,43,43.175,42.355,43.175,3998,0
BNXG.DE,D,20200616,000000,44.145,45.11,43.99,44.655,1524,0
BNXG.DE,D,20200617,000000,44.705,45.06,44.705,45.06,346,0
BNXG.DE,D,20200618,000000,44.86,45.095,44.755,44.915,4281,0
BNXG.DE,D,20200619,000000,45.135,45.34,45.135,45.34,1268,0
BNXG.DE,D,20200622,000000,45.43,45.695,45.325,45.695,700,0
BNXG.DE,D,20200623,000000,46.35,46.6,46.155,46.285,3908,0
BNXG.DE,D,20200624,000000,45.99,46.165,45.32,45.32,408,0
BNXG.DE,D,20200625,000000,45.465,46.07,45.225,45.84,468,0
BNXG.DE,D,20200626,000000,46.175,46.22,45.4,45.61,234,0
BNXG.DE,D,20200629,000000,45.615,45.7,45.535,45.65,90,0
BNXG.DE,D,20200630,000000,45.73,45.9,45.485,45.875,1906,0
BNXG.DE,D,20200701,000000,45.895,46.095,45.71,45.97,1860,0
BNXG.DE,D,20200702,000000,46.78,47.615,46.76,47.115,1792,0
BNXG.DE,D,20200703,000000,47.83,47.965,47.74,47.825,38546,0
BNXG.DE,D,20200706,000000,48.91,49.455,48.695,49.455,35677,0
BNXG.DE,D,20200707,000000,49.53,50.52,49.35,50.23,1080,0
BNXG.DE,D,20200708,000000,50.51,50.83,49.82,49.82,1690,0
BNXG.DE,D,20200709,000000,50.86,51.1,50.22,50.36,1535,0
BNXG.DE,D,20200710,000000,50.44,51.3,50.44,51.17,1364,0
BNXG.DE,D,20200713,000000,51.76,51.86,51.54,51.56,3987,0
BNXG.DE,D,20200714,000000,50.36,50.36,49.08,49.895,4148,0
BNXG.DE,D,20200715,000000,50.52,50.6,50.21,50.23,4715,0
BNXG.DE,D,20200716,000000,49.965,49.965,49.5,49.645,3766,0
BNXG.DE,D,20200717,000000,50.07,50.1,49.75,49.885,643,0
BNXG.DE,D,20200720,000000,49.94,51.03,49.775,51.02,1860,0
BNXG.DE,D,20200721,000000,51.92,52.19,51.57,51.57,1549,0
BNXG.DE,D,20200722,000000,51.56,51.58,51.04,51.46,478,0
BNXG.DE,D,20200723,000000,51.96,51.96,51.59,51.71,1843,0
BNXG.DE,D,20200724,000000,50.43,50.61,49.735,50.47,1068,0
BNXG.DE,D,20200727,000000,51.01,51.64,51.01,51.31,1645,0
BNXG.DE,D,20200728,000000,52.09,52.25,51.74,52.15,4259,0
BNXG.DE,D,20200729,000000,51.93,52.01,51.75,52.01,4329,0
BNXG.DE,D,20200730,000000,52.4,53.72,51.9,53.72,8206,0
BNXG.DE,D,20200731,000000,53.57,54.25,53.4,53.41,5749,0
BNXG.DE,D,20200803,000000,54.64,55.41,54.4,55.34,3695,0
BNXG.DE,D,20200804,000000,55.82,55.82,55.22,55.4,35432,0
BNXG.DE,D,20200805,000000,56.24,56.73,56.09,56.44,8331,0
BNXG.DE,D,20200806,000000,56.58,56.58,55.99,55.99,8836,0
BNXG.DE,D,20200807,000000,56.34,56.75,56.22,56.75,3850,0
BNXG.DE,D,20200810,000000,56.95,57.14,56.56,56.56,19214,0
BNXG.DE,D,20200811,000000,56.34,56.71,56.3,56.69,2912,0
BNXG.DE,D,20200812,000000,56.09,56.33,55.92,56.21,4403,0
BNXG.DE,D,20200813,000000,56.02,56.14,55.68,56.12,2741,0
BNXG.DE,D,20200814,000000,56.33,56.33,55.75,56.05,2979,0
BNXG.DE,D,20200817,000000,56.3,56.86,56.05,56.85,2951,0
BNXG.DE,D,20200818,000000,57.08,57.39,56.7,57.03,4601,0
BNXG.DE,D,20200819,000000,57,57.41,56.8,57.35,5641,0
BNXG.DE,D,20200820,000000,56.32,56.6,56.24,56.51,5181,0
BNXG.DE,D,20200821,000000,56.83,57.05,56.75,56.95,3353,0
BNXG.DE,D,20200824,000000,57.55,57.72,57.26,57.41,5986,0
BNXG.DE,D,20200825,000000,58.07,58.07,57.07,57.08,8019,0
BNXG.DE,D,20200826,000000,57.44,57.69,57.3,57.67,8054,0
BNXG.DE,D,20200827,000000,57.72,57.72,57.25,57.25,1814,0
BNXG.DE,D,20200828,000000,56.66,56.91,56.15,56.63,3367,0
BNXG.DE,D,20200831,000000,56.85,56.85,56,56.03,10612,0
BNXG.DE,D,20200901,000000,56.66,56.8,56.36,56.71,5356,0
BNXG.DE,D,20200902,000000,57.43,57.82,57.12,57.12,6412,0
BNXG.DE,D,20200903,000000,57.78,57.79,55.9,56.14,3546,0
BNXG.DE,D,20200904,000000,55.59,56.05,54.33,54.78,7249,0
BNXG.DE,D,20200907,000000,54.92,55.41,54.83,55.27,1278,0
BNXG.DE,D,20200908,000000,55.62,55.7,54.64,54.95,6081,0
BNXG.DE,D,20200909,000000,54.62,55.33,54.58,55.33,5778,0
BNXG.DE,D,20200910,000000,55.68,55.68,55.17,55.36,992,0
BNXG.DE,D,20200911,000000,55.78,55.78,55.28,55.28,2319,0
BNXG.DE,D,20200914,000000,55.89,55.89,55.2,55.64,12256,0
BNXG.DE,D,20200915,000000,55.94,56.65,55.81,56.65,3464,0
BNXG.DE,D,20200916,000000,56.77,56.91,56.63,56.91,1865,0
BNXG.DE,D,20200917,000000,56.26,56.39,56,56.13,650,0
BNXG.DE,D,20200918,000000,56.43,56.53,56,56.06,3609,0
BNXG.DE,D,20200921,000000,56.01,56.01,55.19,55.34,8412,0
BNXG.DE,D,20200922,000000,55.47,55.89,55.45,55.46,2916,0
BNXG.DE,D,20200923,000000,56.66,56.87,56.35,56.35,1392,0
BNXG.DE,D,20200924,000000,55.36,55.6,55.01,55.6,3009,0
BNXG.DE,D,20200925,000000,55.75,55.81,55.3,55.81,3338,0
BNXG.DE,D,20200928,000000,56.74,56.96,56.65,56.84,2059,0
BNXG.DE,D,20200929,000000,56.84,56.84,56.39,56.39,2042,0
BNXG.DE,D,20200930,000000,56.04,56.75,56.03,56.6,4321,0
BNXG.DE,D,20201001,000000,56.76,57,56.59,56.9,3969,0
BNXG.DE,D,20201002,000000,56.49,56.98,56.28,56.86,3411,0
BNXG.DE,D,20201005,000000,57.2,57.41,56.98,57.31,2260,0
BNXG.DE,D,20201006,000000,57.39,57.64,57.22,57.42,2627,0
BNXG.DE,D,20201007,000000,57.65,57.9,57.41,57.82,916,0
BNXG.DE,D,20201008,000000,58.18,58.66,58.18,58.47,6156,0
BNXG.DE,D,20201009,000000,58.56,58.56,58.33,58.41,3723,0
BNXG.DE,D,20201012,000000,58.47,58.71,58.34,58.7,4816,0
BNXG.DE,D,20201013,000000,58.83,58.98,58.65,58.86,2964,0
BNXG.DE,D,20201014,000000,59.03,59.19,58.75,58.85,3006,0
BNXG.DE,D,20201015,000000,58.13,58.13,57.49,57.68,30609,0
BNXG.DE,D,20201016,000000,58,58,57.7,57.88,6377,0
BNXG.DE,D,20201019,000000,58.14,58.14,57.4,57.48,2230,0
BNXG.DE,D,20201020,000000,57.39,57.4,56.9,56.97,976,0
BNXG.DE,D,20201021,000000,57.29,57.32,56.83,57,1784,0
BNXG.DE,D,20201022,000000,56.51,57.05,56.5,56.73,1957,0
BNXG.DE,D,20201023,000000,56.96,57.38,56.95,57.03,4351,0
BNXG.DE,D,20201026,000000,56.36,56.55,55.73,55.89,15017,0
BNXG.DE,D,20201027,000000,56.26,56.26,55.89,55.95,6273,0
BNXG.DE,D,20201028,000000,55.89,55.9,54.97,55.06,5270,0
BNXG.DE,D,20201029,000000,55.36,55.92,55.29,55.57,1741,0
BNXG.DE,D,20201030,000000,54.71,55.03,54.34,54.91,3071,0
BNXG.DE,D,20201102,000000,54.99,55.31,54.68,55.22,3685,0
BNXG.DE,D,20201103,000000,55.34,55.81,55.29,55.81,2935,0
BNXG.DE,D,20201104,000000,56.01,57,55.75,56.9,14686,0
BNXG.DE,D,20201105,000000,57.69,58.15,57.4,58.03,9797,0
BNXG.DE,D,20201106,000000,58.37,58.37,57.66,58.11,4356,0
BNXG.DE,D,20201109,000000,59.32,60.55,59.32,59.82,20125,0
BNXG.DE,D,20201110,000000,58.7,58.72,58.1,58.48,3876,0
BNXG.DE,D,20201111,000000,58.75,59.55,58.7,59.5,6317,0
BNXG.DE,D,20201112,000000,59.3,59.37,59,59.21,1965,0
BNXG.DE,D,20201113,000000,59.65,59.9,59.58,59.81,3739,0
BNXG.DE,D,20201116,000000,60.69,61.72,60.55,61.67,8466,0
BNXG.DE,D,20201117,000000,61.14,61.36,60.75,61.12,5051,0
BNXG.DE,D,20201118,000000,61.94,62.38,61.7,62.32,6830,0
BNXG.DE,D,20201119,000000,61.86,62.24,61.41,62.16,4847,0
BNXG.DE,D,20201120,000000,62.4,63.47,62.4,63.46,12253,0
BNXG.DE,D,20201123,000000,64.06,65.42,64.05,64.77,22282,0
BNXG.DE,D,20201124,000000,66.06,67.09,66.01,66.91,22385,0
BNXG.DE,D,20201125,000000,66.81,67.82,66.1,67.82,23943,0
BNXG.DE,D,20201126,000000,67.98,68,67.5,67.56,13281,0
BNXG.DE,D,20201127,000000,67.72,68.13,66.68,66.78,19437,0
BNXG.DE,D,20201130,000000,66.89,68.99,66.32,67.37,23579,0
BNXG.DE,D,20201201,000000,68.49,68.92,67.66,67.68,19374,0
BNXG.DE,D,20201202,000000,67.11,67.67,66.38,66.82,23508,0
BNXG.DE,D,20201203,000000,66.6,67.12,66.26,66.67,13404,0
BNXG.DE,D,20201204,000000,67.31,67.63,67.23,67.63,7544,0
BNXG.DE,D,20201207,000000,67.56,68.02,67.13,67.99,10234,0
BNXG.DE,D,20201208,000000,67.89,67.99,67.1,67.66,8753,0
BNXG.DE,D,20201209,000000,67.35,67.45,66.8,66.95,7685,0
BNXG.DE,D,20201210,000000,66.2,66.49,65.28,66.31,5778,0
BNXG.DE,D,20201211,000000,66.53,66.53,65.75,65.84,5598,0
BNXG.DE,D,20201214,000000,66.25,66.75,66.08,66.36,12172,0
BNXG.DE,D,20201215,000000,66.11,66.7,66.11,66.6,5576,0
BNXG.DE,D,20201216,000000,67.5,68.48,67.13,68.43,16151,0
BNXG.DE,D,20201217,000000,69.89,70.85,69.55,70.84,26400,0
BNXG.DE,D,20201218,000000,70.28,70.57,69.5,69.72,14728,0
BNXG.DE,D,20201221,000000,70.28,70.31,68.42,70.31,22341,0
BNXG.DE,D,20201222,000000,69.85,70.64,69.28,70.3,18099,0
BNXG.DE,D,20201223,000000,71.41,71.84,70.77,70.84,25230,0
BNXG.DE,D,20201228,000000,70.47,74.1,70.45,72.08,66800,0
BNXG.DE,D,20201229,000000,71.86,72.2,70.59,70.83,25488,0
BNXG.DE,D,20201230,000000,72.62,72.69,72.06,72.52,11306,0
BNXG.DE,D,20210104,000000,76.52,77.8,74.95,75.45,75812,0
BNXG.DE,D,20210105,000000,75.69,75.79,74.36,74.74,37965,0
BNXG.DE,D,20210106,000000,75.9,77.04,75.05,77.03,31493,0
BNXG.DE,D,20210107,000000,78.55,80.46,78,80.46,48691,0
BNXG.DE,D,20210108,000000,81.84,82.4,81,81.85,51542,0
BNXG.DE,D,20210111,000000,81.67,81.79,77,78.53,47714,0
BNXG.DE,D,20210112,000000,79.51,80.31,79.02,80.26,35846,0
BNXG.DE,D,20210113,000000,80.54,80.56,79.07,79.07,24559,0
BNXG.DE,D,20210114,000000,81.3,82.91,81,82.6,24330,0
BNXG.DE,D,20210115,000000,81.99,82.16,79.54,80.21,23580,0
BNXG.DE,D,20210118,000000,79.77,80.34,79.47,80.27,16787,0
BNXG.DE,D,20210119,000000,81.24,81.29,80.56,81.01,21860,0
BNXG.DE,D,20210120,000000,80.67,81.05,79,79.64,26807,0
BNXG.DE,D,20210121,000000,80.77,80.77,76.4,77.94,42061,0
BNXG.DE,D,20210122,000000,77.34,78.86,76.84,78.86,23106,0
BNXG.DE,D,20210125,000000,79.81,81.2,79.01,79.71,50423,0
BNXG.DE,D,20210126,000000,80.24,80.98,79.25,79.95,23870,0
BNXG.DE,D,20210127,000000,79.78,79.83,77.1,78.29,12447,0
BNXG.DE,D,20210128,000000,77.48,79.32,76.37,79.24,23099,0
BNXG.DE,D,20210129,000000,78.5,81.48,77.84,81.04,18161,0
BNXG.DE,D,20210201,000000,80.03,80.53,79.02,79.57,13288,0
BNXG.DE,D,20210202,000000,81.98,83.28,81.69,82.83,24483,0
BNXG.DE,D,20210203,000000,84.99,85.82,84.78,85.8,34810,0
BNXG.DE,D,20210204,000000,86.94,87.61,86.4,87,41051,0
BNXG.DE,D,20210205,000000,88.47,88.97,87.92,88.66,58325,0
BNXG.DE,D,20210208,000000,90.14,94,90.14,93.77,82415,0
BNXG.DE,D,20210209,000000,97.18,98.98,96.27,98.01,64225,0
BNXG.DE,D,20210210,000000,98.8,100.5,93.3,94.9,69933,0
BNXG.DE,D,20210211,000000,96.03,99.54,95.74,98.81,58819,0
BNXG.DE,D,20210212,000000,98.98,100,98.39,100,34716,0
BNXG.DE,D,20210215,000000,104.04,105.58,103.18,105.58,59805,0
BNXG.DE,D,20210216,000000,106.82,109.3,106,107.8,58867,0
BNXG.DE,D,20210217,000000,109.56,113,106.52,106.98,101344,0
BNXG.DE,D,20210218,000000,109.22,109.62,102,106.42,65041,0
BNXG.DE,D,20210219,000000,106.58,113.84,106.58,113.5,47257,0
BNXG.DE,D,20210222,000000,117.36,117.36,108.02,113.12,102857,0
BNXG.DE,D,20210223,000000,109.88,110.06,97.29,104,159001,0
BNXG.DE,D,20210224,000000,105.24,107.98,103.54,105.86,56394,0
BNXG.DE,D,20210225,000000,106.52,108.32,105,106.04,28179,0
BNXG.DE,D,20210226,000000,96.66,101.12,95.05,99.84,69221,0
BNXG.DE,D,20210301,000000,101.14,106.88,100,106.46,40105,0
BNXG.DE,D,20210302,000000,107.7,108.96,107.2,108.1,61493,0
BNXG.DE,D,20210303,000000,108.48,111.74,107.14,109.4,38470,0
BNXG.DE,D,20210304,000000,105.2,105.98,101.08,102.5,37117,0
BNXG.DE,D,20210305,000000,99.26,101.96,92.4,92.93,49855,0
BNXG.DE,D,20210308,000000,99.49,103.06,97.43,102.52,45313,0
BNXG.DE,D,20210309,000000,102.38,106.26,102.08,106.22,28955,0
BNXG.DE,D,20210310,000000,106.78,110.96,106.52,107.38,37840,0
BNXG.DE,D,20210311,000000,107.1,110.38,107.02,109.7,20302,0
BNXG.DE,D,20210312,000000,111.18,113,108.14,113,46274,0
BNXG.DE,D,20210315,000000,114.2,114.72,110.92,113.5,76025,0
BNXG.DE,D,20210316,000000,113.28,114.22,112.16,113.24,22784,0
BNXG.DE,D,20210317,000000,111.9,111.9,107.36,109.5,26351,0
BNXG.DE,D,20210318,000000,114.64,116.32,112.9,115.9,42097,0
BNXG.DE,D,20210319,000000,112.46,114.12,110.9,113.76,15635,0
BNXG.DE,D,20210322,000000,112.84,113.18,110.56,111.36,23949,0
BNXG.DE,D,20210323,000000,107.12,109.2,106.12,108.06,26123,0
BNXG.DE,D,20210324,000000,106.1,108.58,105.06,105.06,22537,0
BNXG.DE,D,20210325,000000,100.82,101.02,96.83,100.78,84193,0
BNXG.DE,D,20210326,000000,104.26,105.1,103.4,104.34,21313,0
BNXG.DE,D,20210329,000000,104.06,107.12,103.36,104.74,17766,0
BNXG.DE,D,20210330,000000,104.86,106.24,104.38,106.24,20022,0
BNXG.DE,D,20210331,000000,108.04,109,106.56,108.92,21283,0
BNXG.DE,D,20210401,000000,109.88,112.44,109.02,111,33138,0
BNXG.DE,D,20210406,000000,112.34,112.8,110.42,111.38,30752,0
BNXG.DE,D,20210407,000000,111.82,111.98,109.58,109.8,19643,0
BNXG.DE,D,20210408,000000,110.26,110.68,109.5,110.68,15365,0
BNXG.DE,D,20210409,000000,111.52,111.9,110.52,111.16,22143,0
BNXG.DE,D,20210412,000000,112.48,113.64,110.36,110.72,41644,0
BNXG.DE,D,20210413,000000,110.06,112.4,109.84,111.7,37847,0
BNXG.DE,D,20210414,000000,112.94,113.42,108.68,109.5,113045,0
BNXG.DE,D,20210415,000000,108.92,109.06,107,107.14,21450,0
BNXG.DE,D,20210416,000000,107.16,107.48,105.76,106.88,34684,0
BNXG.DE,D,20210419,000000,104.3,104.9,101.56,102.28,37209,0
BNXG.DE,D,20210420,000000,101.12,101.88,99.54,100.4,23928,0
BNXG.DE,D,20210421,000000,99.99,102.1,98.95,101.98,26608,0
BNXG.DE,D,20210422,000000,101.24,102,100.18,101.22,10899,0
BNXG.DE,D,20210423,000000,96.95,99.01,96.06,98.53,32860,0
BNXG.DE,D,20210426,000000,100.72,102.38,100.72,102.06,29891,0
BNXG.DE,D,20210427,000000,103.76,103.76,102.08,103.22,13506,0
BNXG.DE,D,20210428,000000,101.98,102.68,101.72,102,8619,0
BNXG.DE,D,20210429,000000,102.28,102.7,100.66,100.94,15257,0
BNXG.DE,D,20210430,000000,100.92,101.98,100.2,101.88,10642,0
BNXG.DE,D,20210503,000000,102.5,103.46,101.8,102.18,34796,0
BNXG.DE,D,20210504,000000,101.82,102,97.77,97.96,19321,0
BNXG.DE,D,20210505,000000,100.02,101.98,100.02,101.7,13165,0
BNXG.DE,D,20210506,000000,100.56,100.82,98.27,99.06,20931,0
BNXG.DE,D,20210507,000000,99.06,100.28,98.28,99.77,20258,0
BNXG.DE,D,20210510,000000,100.98,101.28,100.02,100.34,18526,0
BNXG.DE,D,20210511,000000,96.99,96.99,94.22,96.69,22032,0
BNXG.DE,D,20210512,000000,96.56,97.28,95.48,96.05,7780,0
BNXG.DE,D,20210513,000000,91.25,93.7,90.41,92.18,35172,0
BNXG.DE,D,20210514,000000,91.01,93.76,90.68,93.76,11639,0
BNXG.DE,D,20210517,000000,91.28,91.28,89.78,90.41,39967,0
BNXG.DE,D,20210518,000000,91.99,92.37,90.49,91.43,9222,0
BNXG.DE,D,20210519,000000,88.55,88.57,82.51,87.02,33314,0
BNXG.DE,D,20210520,000000,88.24,91.22,88.14,91.22,16651,0
BNXG.DE,D,20210521,000000,91.29,92.47,89.61,90.5,17117,0
BNXG.DE,D,20210525,000000,91.16,91.78,89.2,90.14,11075,0
BNXG.DE,D,20210526,000000,92.65,92.65,91.8,92.35,12234,0
BNXG.DE,D,20210527,000000,92.43,94.15,92.06,93.93,9846,0
BNXG.DE,D,20210528,000000,93.68,93.88,92.3,93.7,13434,0
BNXG.DE,D,20210531,000000,92.05,93.41,92.05,93.06,4393,0
BNXG.DE,D,20210601,000000,93.99,94.17,92.88,93.23,15597,0
BNXG.DE,D,20210602,000000,93.99,95,93.88,94.25,10031,0
BNXG.DE,D,20210603,000000,94.89,94.89,93.64,93.96,8365,0
BNXG.DE,D,20210604,000000,92.82,93.37,92.26,93.14,9978,0
BNXG.DE,D,20210607,000000,93.34,93.78,92.45,92.66,14404,0
BNXG.DE,D,20210608,000000,92.13,92.67,90.3,90.62,26358,0
BNXG.DE,D,20210609,000000,91.78,92.8,91.59,92.8,8692,0
BNXG.DE,D,20210610,000000,93.4,94,92.48,93.17,4890,0
BNXG.DE,D,20210611,000000,92.74,93.91,92.55,92.76,11184,0
BNXG.DE,D,20210614,000000,94.36,95.7,94,95.56,17973,0
BNXG.DE,D,20210615,000000,96.19,96.19,94,94,38977,0
BNXG.DE,D,20210616,000000,95.32,95.37,94.29,95.19,8405,0
BNXG.DE,D,20210617,000000,95.12,96.13,94.81,95.93,8499,0
BNXG.DE,D,20210618,000000,96.62,96.62,94.65,95.37,5890,0
BNXG.DE,D,20210621,000000,93.07,93.57,92.53,93.5,7002,0
BNXG.DE,D,20210622,000000,93.39,93.39,90,92.9,17415,0
BNXG.DE,D,20210623,000000,94.02,94.48,93.67,94.02,8503,0
BNXG.DE,D,20210624,000000,93.87,95.01,93.21,94.79,5253,0
BNXG.DE,D,20210625,000000,94.7,94.78,93.7,94.35,11082,0
BNXG.DE,D,20210628,000000,94.98,95.2,94.22,94.79,9490,0
BNXG.DE,D,20210629,000000,95.82,97.3,95.43,97.3,11881,0
BNXG.DE,D,20210630,000000,96.51,97.02,95.65,96.52,6058,0
BNXG.DE,D,20210701,000000,96.89,96.91,95.52,95.75,10000,0
BNXG.DE,D,20210702,000000,96.99,97.2,96.2,96.58,34479,0
BNXG.DE,D,20210705,000000,97.33,97.42,96.37,96.66,7991,0
BNXG.DE,D,20210706,000000,96.09,96.9,95.47,95.89,32916,0
BNXG.DE,D,20210707,000000,96.4,97,95.29,95.74,8116,0
BNXG.DE,D,20210708,000000,95.18,95.56,92.22,93,13791,0
BNXG.DE,D,20210709,000000,93.99,95.59,93.83,95.55,5676,0
BNXG.DE,D,20210712,000000,95.54,95.99,95.08,95.5,6279,0
BNXG.DE,D,20210713,000000,95.61,95.94,94.83,95.18,4126,0
BNXG.DE,D,20210714,000000,94.82,95.29,94.15,94.15,2414,0
BNXG.DE,D,20210715,000000,93.09,93.1,92.04,92.82,7691,0
BNXG.DE,D,20210716,000000,92,92.17,90.83,91.4,7916,0
BNXG.DE,D,20210719,000000,90.23,90.23,87.51,89.47,14204,0
BNXG.DE,D,20210720,000000,88.01,89.2,87.41,89.2,8810,0
BNXG.DE,D,20210721,000000,89.77,92.17,89.55,92.17,7372,0
BNXG.DE,D,20210722,000000,92.28,92.83,91.59,92.72,7252,0
BNXG.DE,D,20210723,000000,92.65,92.66,91.56,92.66,5983,0
BNXG.DE,D,20210726,000000,94.49,95,93.34,94.43,19485,0
BNXG.DE,D,20210727,000000,94.08,94.2,92.24,92.24,10928,0
BNXG.DE,D,20210728,000000,92.64,94.03,92.24,93.76,13357,0
BNXG.DE,D,20210729,000000,94.01,94.21,93.54,93.91,3162,0
BNXG.DE,D,20210730,000000,92.15,92.58,91.35,92.54,3817,0
BNXG.DE,D,20210802,000000,93.87,94.43,92.75,93.83,8535,0
BNXG.DE,D,20210803,000000,93.2,93.32,92.2,92.66,7890,0
BNXG.DE,D,20210804,000000,93.13,94.99,92.55,94.82,8570,0
BNXG.DE,D,20210805,000000,94.6,95.89,93.71,95.82,8070,0
BNXG.DE,D,20210806,000000,95.99,97.48,95.79,97.4,6678,0
BNXG.DE,D,20210809,000000,98,101.8,98,100.82,15201,0
BNXG.DE,D,20210810,000000,101.66,101.98,99.76,100.28,5238,0
BNXG.DE,D,20210811,000000,101.22,102.32,100.24,101.18,8753,0
BNXG.DE,D,20210812,000000,100.8,101.06,98.36,98.7,6124,0
BNXG.DE,D,20210813,000000,99.36,100.46,99.21,99.3,2990,0
BNXG.DE,D,20210816,000000,98.97,99.18,96.66,96.68,8037,0
BNXG.DE,D,20210817,000000,96.21,96.5,94.5,95.75,9315,0
BNXG.DE,D,20210818,000000,94.39,95.83,93.69,95.06,5051,0
BNXG.DE,D,20210819,000000,92.93,93.79,92,93.31,7091,0
BNXG.DE,D,20210820,000000,93.29,95.25,92.52,95.04,4817,0
BNXG.DE,D,20210823,000000,95.99,97.19,95.57,95.65,9503,0
BNXG.DE,D,20210824,000000,96.78,96.87,95.46,95.76,3545,0
