<TICKER>,<PER>,<DATE>,<TIME>,<OPEN>,<HIGH>,<LOW>,<CLOSE>,<VOL>,<OPENINT>
CEMR.DE,D,20150921,000000,5.36,5.36,5.36,5.36,0,0
CEMR.DE,D,20150922,000000,5.195,5.195,5.195,5.195,0,0
CEMR.DE,D,20150923,000000,5.2,5.2,5.2,5.2,0,0
CEMR.DE,D,20150924,000000,5.185,5.185,5.09,5.09,105,0
CEMR.DE,D,20150925,000000,5.255,5.255,5.255,5.255,0,0
CEMR.DE,D,20150928,000000,5.16,5.16,5.16,5.16,0,0
CEMR.DE,D,20150929,000000,5.085,5.085,5.085,5.085,0,0
CEMR.DE,D,20150930,000000,5.193,5.193,5.193,5.193,0,0
CEMR.DE,D,20151001,000000,5.255,5.255,5.2,5.2,3277,0
CEMR.DE,D,20151002,000000,5.21,5.21,5.21,5.21,0,0
CEMR.DE,D,20151005,000000,5.34,5.34,5.34,5.34,0,0
CEMR.DE,D,20151006,000000,5.363,5.363,5.363,5.363,0,0
CEMR.DE,D,20151007,000000,5.305,5.305,5.305,5.305,0,0
CEMR.DE,D,20151008,000000,5.3,5.3,5.3,5.3,0,0
CEMR.DE,D,20151009,000000,5.27,5.27,5.27,5.27,0,0
CEMR.DE,D,20151012,000000,5.27,5.27,5.27,5.27,0,0
CEMR.DE,D,20151013,000000,5.25,5.25,5.25,5.25,0,0
CEMR.DE,D,20151014,000000,5.195,5.195,5.195,5.195,0,0
CEMR.DE,D,20151015,000000,5.26,5.275,5.26,5.275,96036,0
CEMR.DE,D,20151016,000000,5.348,5.348,5.348,5.348,0,0
CEMR.DE,D,20151019,000000,5.378,5.378,5.378,5.378,0,0
CEMR.DE,D,20151020,000000,5.353,5.353,5.353,5.353,0,0
CEMR.DE,D,20151021,000000,5.353,5.353,5.353,5.353,0,0
CEMR.DE,D,20151022,000000,5.345,5.428,5.345,5.428,10850,0
CEMR.DE,D,20151023,000000,5.538,5.538,5.538,5.538,0,0
CEMR.DE,D,20151026,000000,5.525,5.528,5.3,5.528,2146,0
CEMR.DE,D,20151027,000000,5.525,5.525,5.488,5.488,3571,0
CEMR.DE,D,20151028,000000,5.52,5.533,5.52,5.533,1000,0
CEMR.DE,D,20151029,000000,5.533,5.533,5.533,5.533,0,0
CEMR.DE,D,20151030,000000,5.533,5.533,5.533,5.533,0,0
CEMR.DE,D,20151102,000000,5.55,5.553,5.55,5.553,1550,0
CEMR.DE,D,20151103,000000,5.533,5.533,5.533,5.533,0,0
CEMR.DE,D,20151104,000000,5.523,5.523,5.523,5.523,0,0
CEMR.DE,D,20151105,000000,5.548,5.548,5.548,5.548,0,0
CEMR.DE,D,20151106,000000,5.55,5.603,5.55,5.603,19000,0
CEMR.DE,D,20151109,000000,5.535,5.535,5.535,5.535,0,0
CEMR.DE,D,20151110,000000,5.55,5.553,5.55,5.553,4000,0
CEMR.DE,D,20151111,000000,5.583,5.583,5.583,5.583,0,0
CEMR.DE,D,20151112,000000,5.513,5.513,5.513,5.513,0,0
CEMR.DE,D,20151113,000000,5.47,5.473,5.47,5.473,40091,0
CEMR.DE,D,20151116,000000,5.5,5.5,5.483,5.483,60000,0
CEMR.DE,D,20151117,000000,5.575,5.613,5.575,5.613,3,0
CEMR.DE,D,20151118,000000,5.598,5.598,5.598,5.598,0,0
CEMR.DE,D,20151119,000000,5.618,5.618,5.618,5.618,0,0
CEMR.DE,D,20151120,000000,5.628,5.628,5.628,5.628,0,0
CEMR.DE,D,20151123,000000,5.618,5.618,5.618,5.618,0,0
CEMR.DE,D,20151124,000000,5.533,5.533,5.533,5.533,0,0
CEMR.DE,D,20151125,000000,5.613,5.613,5.613,5.613,0,0
CEMR.DE,D,20151126,000000,5.653,5.653,5.653,5.653,0,0
CEMR.DE,D,20151127,000000,5.655,5.655,5.655,5.655,0,0
CEMR.DE,D,20151130,000000,5.688,5.688,5.688,5.688,0,0
CEMR.DE,D,20151201,000000,5.675,5.675,5.673,5.673,10000,0
CEMR.DE,D,20151202,000000,5.693,5.693,5.693,5.693,0,0
CEMR.DE,D,20151203,000000,5.72,5.75,5.528,5.528,1274,0
CEMR.DE,D,20151204,000000,5.52,5.528,5.475,5.528,1000,0
CEMR.DE,D,20151207,000000,5.598,5.598,5.598,5.598,0,0
CEMR.DE,D,20151208,000000,5.575,5.575,5.513,5.513,1901,0
CEMR.DE,D,20151209,000000,5.458,5.458,5.458,5.458,0,0
CEMR.DE,D,20151210,000000,5.443,5.443,5.443,5.443,0,0
CEMR.DE,D,20151211,000000,5.353,5.353,5.353,5.353,0,0
CEMR.DE,D,20151214,000000,5.375,5.375,5.28,5.28,2,0
CEMR.DE,D,20151215,000000,5.423,5.423,5.423,5.423,0,0
CEMR.DE,D,20151216,000000,5.423,5.423,5.423,5.423,0,0
CEMR.DE,D,20151217,000000,5.508,5.508,5.508,5.508,0,0
CEMR.DE,D,20151218,000000,5.448,5.448,5.448,5.448,0,0
CEMR.DE,D,20151221,000000,5.373,5.373,5.373,5.373,0,0
CEMR.DE,D,20151222,000000,5.373,5.373,5.373,5.373,0,0
CEMR.DE,D,20151223,000000,5.45,5.463,5.45,5.463,540,0
CEMR.DE,D,20151228,000000,5.425,5.443,5.425,5.443,2000,0
CEMR.DE,D,20151229,000000,5.505,5.548,5.505,5.548,9000,0
CEMR.DE,D,20151230,000000,5.525,5.525,5.523,5.523,115,0
CEMR.DE,D,20160104,000000,5.39,5.39,5.363,5.363,7014,0
CEMR.DE,D,20160105,000000,5.35,5.403,5.35,5.403,200,0
CEMR.DE,D,20160106,000000,5.348,5.348,5.348,5.348,0,0
CEMR.DE,D,20160107,000000,5.243,5.243,5.243,5.243,0,0
CEMR.DE,D,20160108,000000,5.175,5.175,5.175,5.175,0,0
CEMR.DE,D,20160111,000000,5.173,5.173,5.173,5.173,0,0
CEMR.DE,D,20160112,000000,5.243,5.243,5.243,5.243,0,0
CEMR.DE,D,20160113,000000,5.315,5.315,5.265,5.265,659,0
CEMR.DE,D,20160114,000000,5.145,5.145,5.145,5.145,0,0
CEMR.DE,D,20160115,000000,5.03,5.03,5.03,5.03,0,0
CEMR.DE,D,20160119,000000,5.08,5.113,5.08,5.113,400,0
CEMR.DE,D,20160120,000000,4.961,4.961,4.961,4.961,0,0
CEMR.DE,D,20160121,000000,5.038,5.038,5.038,5.038,0,0
CEMR.DE,D,20160122,000000,5.153,5.153,5.153,5.153,0,0
CEMR.DE,D,20160125,000000,5.205,5.205,5.18,5.18,1600,0
CEMR.DE,D,20160126,000000,5.193,5.193,5.193,5.193,0,0
CEMR.DE,D,20160127,000000,5.235,5.235,5.19,5.233,7356,0
CEMR.DE,D,20160128,000000,5.133,5.133,5.133,5.133,0,0
CEMR.DE,D,20160129,000000,5.27,5.27,5.27,5.27,0,0
CEMR.DE,D,20160201,000000,5.295,5.295,5.295,5.295,0,0
CEMR.DE,D,20160202,000000,5.26,5.26,5.215,5.215,378,0
CEMR.DE,D,20160203,000000,5.125,5.125,5.125,5.125,0,0
CEMR.DE,D,20160204,000000,5.05,5.05,5.05,5.05,0,0
CEMR.DE,D,20160205,000000,4.998,4.998,4.961,4.961,500,0
CEMR.DE,D,20160208,000000,4.972,4.972,4.782,4.782,605,0
CEMR.DE,D,20160209,000000,4.728,4.728,4.728,4.728,0,0
CEMR.DE,D,20160210,000000,4.847,4.847,4.836,4.836,4802,0
CEMR.DE,D,20160211,000000,4.723,4.723,4.695,4.695,400,0
CEMR.DE,D,20160212,000000,4.789,4.789,4.789,4.789,0,0
CEMR.DE,D,20160215,000000,4.928,4.928,4.928,4.928,0,0
CEMR.DE,D,20160216,000000,4.951,4.951,4.924,4.924,1200,0
CEMR.DE,D,20160217,000000,4.93,5.025,4.93,5.025,116708,0
CEMR.DE,D,20160218,000000,5.055,5.055,5.055,5.055,0,0
CEMR.DE,D,20160219,000000,5.048,5.048,5.048,5.048,0,0
CEMR.DE,D,20160222,000000,5.12,5.12,5.093,5.093,1100,0
CEMR.DE,D,20160223,000000,5.095,5.095,5.073,5.073,580,0
CEMR.DE,D,20160224,000000,5.025,5.025,4.969,4.988,29454,0
CEMR.DE,D,20160225,000000,5.075,5.075,5.075,5.075,1500,0
CEMR.DE,D,20160226,000000,5.125,5.125,5.125,5.125,0,0
CEMR.DE,D,20160229,000000,5.075,5.153,5.075,5.153,400,0
CEMR.DE,D,20160301,000000,5.205,5.243,5.205,5.243,976,0
CEMR.DE,D,20160302,000000,5.213,5.213,5.213,5.213,0,0
CEMR.DE,D,20160303,000000,5.173,5.173,5.173,5.173,0,0
CEMR.DE,D,20160304,000000,5.203,5.203,5.203,5.203,0,0
CEMR.DE,D,20160307,000000,5.183,5.183,5.183,5.183,0,0
CEMR.DE,D,20160308,000000,5.148,5.148,5.148,5.148,0,0
CEMR.DE,D,20160309,000000,5.18,5.18,5.175,5.175,626,0
CEMR.DE,D,20160310,000000,5.118,5.118,5.118,5.118,0,0
CEMR.DE,D,20160311,000000,5.218,5.218,5.218,5.218,0,0
CEMR.DE,D,20160314,000000,5.265,5.265,5.26,5.26,401,0
CEMR.DE,D,20160315,000000,5.23,5.23,5.228,5.228,2175,0
CEMR.DE,D,20160316,000000,5.24,5.24,5.228,5.228,1500,0
CEMR.DE,D,20160317,000000,5.208,5.208,5.208,5.208,0,0
CEMR.DE,D,20160318,000000,5.205,5.215,5.2,5.215,1125,0
CEMR.DE,D,20160321,000000,5.213,5.213,5.213,5.213,0,0
CEMR.DE,D,20160322,000000,5.17,5.218,5.17,5.218,3000,0
CEMR.DE,D,20160323,000000,5.225,5.233,5.225,5.233,200,0
CEMR.DE,D,20160324,000000,5.18,5.18,5.163,5.163,1500,0
CEMR.DE,D,20160329,000000,5.208,5.208,5.208,5.208,0,0
CEMR.DE,D,20160330,000000,5.26,5.26,5.255,5.255,190,0
CEMR.DE,D,20160331,000000,5.213,5.213,5.213,5.213,0,0
CEMR.DE,D,20160401,000000,5.16,5.16,5.16,5.16,0,0
CEMR.DE,D,20160404,000000,5.19,5.19,5.19,5.19,0,0
CEMR.DE,D,20160405,000000,5.123,5.123,5.123,5.123,0,0
CEMR.DE,D,20160406,000000,5.115,5.158,5.115,5.158,1000,0
CEMR.DE,D,20160407,000000,5.125,5.125,5.125,5.125,0,0
CEMR.DE,D,20160408,000000,5.138,5.138,5.138,5.138,0,0
CEMR.DE,D,20160411,000000,5.145,5.145,5.145,5.145,0,0
CEMR.DE,D,20160412,000000,5.115,5.158,5.115,5.158,611,0
CEMR.DE,D,20160413,000000,5.235,5.248,5.23,5.248,66420,0
CEMR.DE,D,20160414,000000,5.25,5.255,5.235,5.255,10990,0
CEMR.DE,D,20160415,000000,5.235,5.235,5.235,5.235,0,0
CEMR.DE,D,20160418,000000,5.253,5.253,5.253,5.253,0,0
CEMR.DE,D,20160419,000000,5.315,5.315,5.315,5.315,0,0
CEMR.DE,D,20160420,000000,5.285,5.313,5.285,5.313,600,0
CEMR.DE,D,20160421,000000,5.23,5.258,5.23,5.258,175,0
CEMR.DE,D,20160422,000000,5.255,5.255,5.225,5.24,3580,0
CEMR.DE,D,20160425,000000,5.19,5.245,5.19,5.245,1600,0
CEMR.DE,D,20160426,000000,5.24,5.24,5.24,5.24,0,0
CEMR.DE,D,20160427,000000,5.265,5.265,5.265,5.265,0,0
CEMR.DE,D,20160428,000000,5.235,5.273,5.235,5.273,190,0
CEMR.DE,D,20160429,000000,5.18,5.18,5.18,5.18,0,0
CEMR.DE,D,20160502,000000,5.198,5.198,5.198,5.198,0,0
CEMR.DE,D,20160503,000000,5.13,5.145,5.13,5.145,2400,0
CEMR.DE,D,20160504,000000,5.11,5.11,5.11,5.11,0,0
CEMR.DE,D,20160505,000000,5.125,5.125,5.125,5.125,0,0
CEMR.DE,D,20160506,000000,5.11,5.118,5.11,5.118,30000,0
CEMR.DE,D,20160509,000000,5.13,5.175,5.12,5.17,165000,0
CEMR.DE,D,20160510,000000,5.225,5.225,5.208,5.208,15000,0
CEMR.DE,D,20160511,000000,5.18,5.18,5.18,5.18,0,0
CEMR.DE,D,20160512,000000,5.165,5.165,5.165,5.165,0,0
CEMR.DE,D,20160513,000000,5.185,5.185,5.185,5.185,0,0
CEMR.DE,D,20160517,000000,5.17,5.17,5.17,5.17,0,0
CEMR.DE,D,20160518,000000,5.205,5.205,5.205,5.205,0,0
CEMR.DE,D,20160519,000000,5.17,5.17,5.17,5.17,0,0
CEMR.DE,D,20160520,000000,5.245,5.245,5.245,5.245,0,0
CEMR.DE,D,20160523,000000,5.223,5.223,5.223,5.223,0,0
CEMR.DE,D,20160524,000000,5.333,5.333,5.333,5.333,0,0
CEMR.DE,D,20160525,000000,5.37,5.37,5.37,5.37,0,0
CEMR.DE,D,20160526,000000,5.39,5.39,5.39,5.39,0,0
CEMR.DE,D,20160527,000000,5.408,5.408,5.408,5.408,0,0
CEMR.DE,D,20160530,000000,5.418,5.418,5.418,5.418,0,0
CEMR.DE,D,20160531,000000,5.42,5.42,5.4,5.4,580,0
CEMR.DE,D,20160601,000000,5.368,5.368,5.368,5.368,0,0
CEMR.DE,D,20160602,000000,5.38,5.38,5.37,5.37,19075,0
CEMR.DE,D,20160603,000000,5.35,5.35,5.35,5.35,0,0
CEMR.DE,D,20160606,000000,5.36,5.36,5.36,5.36,0,0
CEMR.DE,D,20160607,000000,5.41,5.41,5.41,5.41,0,0
CEMR.DE,D,20160608,000000,5.388,5.388,5.388,5.388,0,0
CEMR.DE,D,20160609,000000,5.353,5.353,5.353,5.353,0,0
CEMR.DE,D,20160610,000000,5.248,5.248,5.248,5.248,0,0
CEMR.DE,D,20160613,000000,5.153,5.153,5.153,5.153,0,0
CEMR.DE,D,20160614,000000,5.08,5.08,5.08,5.08,0,0
CEMR.DE,D,20160615,000000,5.113,5.113,5.113,5.113,0,0
CEMR.DE,D,20160616,000000,5.08,5.08,5.08,5.08,0,0
CEMR.DE,D,20160617,000000,5.115,5.115,5.113,5.113,30000,0
CEMR.DE,D,20160620,000000,5.298,5.298,5.298,5.298,0,0
CEMR.DE,D,20160621,000000,5.318,5.318,5.318,5.318,0,0
CEMR.DE,D,20160622,000000,5.315,5.315,5.315,5.315,0,0
CEMR.DE,D,20160623,000000,5.383,5.383,5.383,5.383,0,0
CEMR.DE,D,20160624,000000,5.125,5.125,5.115,5.115,108,0
CEMR.DE,D,20160627,000000,5.105,5.105,4.986,4.986,400,0
CEMR.DE,D,20160628,000000,5.1,5.1,5.1,5.1,0,0
CEMR.DE,D,20160629,000000,5.255,5.255,5.255,5.255,0,0
CEMR.DE,D,20160630,000000,5.313,5.313,5.313,5.313,0,0
CEMR.DE,D,20160701,000000,5.36,5.36,5.36,5.36,0,0
CEMR.DE,D,20160704,000000,5.338,5.338,5.338,5.338,0,0
CEMR.DE,D,20160705,000000,5.28,5.28,5.28,5.28,0,0
CEMR.DE,D,20160706,000000,5.215,5.223,5.215,5.223,470,0
CEMR.DE,D,20160707,000000,5.295,5.295,5.26,5.26,2217,0
CEMR.DE,D,20160708,000000,5.305,5.305,5.305,5.305,0,0
CEMR.DE,D,20160711,000000,5.37,5.393,5.37,5.393,510,0
CEMR.DE,D,20160712,000000,5.41,5.41,5.41,5.41,0,0
CEMR.DE,D,20160713,000000,5.395,5.395,5.395,5.395,0,0
CEMR.DE,D,20160714,000000,5.435,5.435,5.415,5.415,640,0
CEMR.DE,D,20160715,000000,5.395,5.413,5.395,5.413,200,0
CEMR.DE,D,20160718,000000,5.423,5.423,5.423,5.423,0,0
CEMR.DE,D,20160719,000000,5.385,5.41,5.385,5.41,19999,0
CEMR.DE,D,20160720,000000,5.43,5.468,5.43,5.468,3733,0
CEMR.DE,D,20160721,000000,5.45,5.45,5.45,5.45,0,0
CEMR.DE,D,20160722,000000,5.445,5.463,5.445,5.463,470,0
CEMR.DE,D,20160725,000000,5.47,5.47,5.47,5.47,0,0
CEMR.DE,D,20160726,000000,5.495,5.495,5.493,5.493,44650,0
CEMR.DE,D,20160727,000000,5.485,5.485,5.485,5.485,0,0
CEMR.DE,D,20160728,000000,5.458,5.458,5.458,5.458,0,0
CEMR.DE,D,20160729,000000,5.45,5.488,5.45,5.488,170000,0
CEMR.DE,D,20160801,000000,5.458,5.458,5.458,5.458,0,0
CEMR.DE,D,20160802,000000,5.43,5.43,5.43,5.43,0,0
CEMR.DE,D,20160803,000000,5.425,5.425,5.405,5.405,2500,0
CEMR.DE,D,20160804,000000,5.443,5.443,5.443,5.443,0,0
CEMR.DE,D,20160805,000000,5.445,5.485,5.445,5.485,285,0
CEMR.DE,D,20160808,000000,5.471,5.471,5.471,5.471,0,0
CEMR.DE,D,20160809,000000,5.499,5.499,5.499,5.499,0,0
CEMR.DE,D,20160810,000000,5.478,5.478,5.478,5.478,0,0
CEMR.DE,D,20160811,000000,5.557,5.557,5.557,5.557,0,0
CEMR.DE,D,20160812,000000,5.528,5.528,5.528,5.528,0,0
CEMR.DE,D,20160815,000000,5.523,5.523,5.523,5.523,0,0
CEMR.DE,D,20160816,000000,5.54,5.54,5.504,5.504,9650,0
CEMR.DE,D,20160817,000000,5.493,5.493,5.461,5.461,15200,0
CEMR.DE,D,20160818,000000,5.51,5.51,5.51,5.51,0,0
CEMR.DE,D,20160819,000000,5.467,5.467,5.467,5.467,0,0
CEMR.DE,D,20160822,000000,5.454,5.454,5.454,5.454,0,0
CEMR.DE,D,20160823,000000,5.499,5.499,5.482,5.482,7700,0
CEMR.DE,D,20160824,000000,5.489,5.489,5.489,5.489,0,0
CEMR.DE,D,20160825,000000,5.459,5.459,5.459,5.459,0,0
CEMR.DE,D,20160826,000000,5.488,5.488,5.488,5.488,0,0
CEMR.DE,D,20160829,000000,5.463,5.478,5.463,5.478,1700,0
CEMR.DE,D,20160830,000000,5.455,5.466,5.455,5.466,370,0
CEMR.DE,D,20160831,000000,5.466,5.466,5.412,5.412,17327,0
CEMR.DE,D,20160901,000000,5.419,5.419,5.419,5.419,0,0
CEMR.DE,D,20160902,000000,5.55,5.55,5.55,5.55,0,0
CEMR.DE,D,20160905,000000,5.58,5.58,5.568,5.568,73570,0
CEMR.DE,D,20160906,000000,5.54,5.54,5.54,5.54,0,0
CEMR.DE,D,20160907,000000,5.55,5.55,5.55,5.55,0,0
CEMR.DE,D,20160908,000000,5.51,5.51,5.51,5.51,0,0
CEMR.DE,D,20160909,000000,5.47,5.47,5.411,5.411,1000,0
CEMR.DE,D,20160912,000000,5.379,5.389,5.379,5.389,424,0
CEMR.DE,D,20160913,000000,5.326,5.326,5.326,5.326,0,0
CEMR.DE,D,20160914,000000,5.331,5.331,5.331,5.331,0,0
CEMR.DE,D,20160915,000000,5.359,5.393,5.359,5.393,400,0
CEMR.DE,D,20160916,000000,5.405,5.405,5.364,5.364,5525,0
CEMR.DE,D,20160919,000000,5.41,5.428,5.41,5.428,1240,0
CEMR.DE,D,20160920,000000,5.433,5.433,5.433,5.433,0,0
CEMR.DE,D,20160921,000000,5.433,5.433,5.424,5.424,360,0
CEMR.DE,D,20160922,000000,5.529,5.529,5.529,5.529,0,0
CEMR.DE,D,20160923,000000,5.504,5.504,5.504,5.504,0,0
CEMR.DE,D,20160926,000000,5.45,5.45,5.439,5.439,5100,0
CEMR.DE,D,20160927,000000,5.457,5.457,5.457,5.457,0,0
CEMR.DE,D,20160928,000000,5.51,5.51,5.493,5.493,733,0
CEMR.DE,D,20160929,000000,5.529,5.529,5.529,5.529,0,0
CEMR.DE,D,20160930,000000,5.535,5.535,5.535,5.535,0,0
CEMR.DE,D,20161004,000000,5.586,5.586,5.586,5.586,0,0
CEMR.DE,D,20161005,000000,5.525,5.525,5.502,5.502,540,0
CEMR.DE,D,20161006,000000,5.503,5.503,5.474,5.474,27,0
CEMR.DE,D,20161007,000000,5.45,5.45,5.427,5.427,4543,0
CEMR.DE,D,20161010,000000,5.478,5.478,5.478,5.478,0,0
CEMR.DE,D,20161011,000000,5.426,5.426,5.426,5.426,0,0
CEMR.DE,D,20161012,000000,5.421,5.421,5.421,5.421,0,0
CEMR.DE,D,20161013,000000,5.387,5.387,5.387,5.387,0,0
CEMR.DE,D,20161014,000000,5.432,5.432,5.432,5.432,0,0
CEMR.DE,D,20161017,000000,5.384,5.384,5.384,5.384,0,0
CEMR.DE,D,20161018,000000,5.453,5.453,5.453,5.453,0,0
CEMR.DE,D,20161019,000000,5.478,5.478,5.478,5.478,0,0
CEMR.DE,D,20161020,000000,5.461,5.477,5.448,5.477,256010,0
CEMR.DE,D,20161021,000000,5.488,5.488,5.471,5.471,350,0
CEMR.DE,D,20161024,000000,5.438,5.438,5.438,5.438,0,0
CEMR.DE,D,20161025,000000,5.478,5.478,5.446,5.446,626,0
CEMR.DE,D,20161026,000000,5.406,5.406,5.406,5.406,0,0
CEMR.DE,D,20161027,000000,5.435,5.435,5.405,5.405,4075,0
CEMR.DE,D,20161028,000000,5.367,5.392,5.367,5.392,10137,0
CEMR.DE,D,20161031,000000,5.39,5.39,5.387,5.387,3424,0
CEMR.DE,D,20161101,000000,5.321,5.321,5.321,5.321,0,0
CEMR.DE,D,20161102,000000,5.305,5.315,5.277,5.277,800,0
CEMR.DE,D,20161103,000000,5.26,5.26,5.253,5.253,2929,0
CEMR.DE,D,20161104,000000,5.208,5.208,5.208,5.208,0,0
CEMR.DE,D,20161107,000000,5.283,5.283,5.283,5.283,0,0
CEMR.DE,D,20161108,000000,5.28,5.308,5.28,5.308,800,0
CEMR.DE,D,20161109,000000,5.33,5.389,5.33,5.389,2097,0
CEMR.DE,D,20161110,000000,5.308,5.308,5.308,5.308,0,0
CEMR.DE,D,20161111,000000,5.268,5.268,5.268,5.268,0,0
CEMR.DE,D,20161114,000000,5.31,5.31,5.257,5.257,14540,0
CEMR.DE,D,20161115,000000,5.27,5.277,5.27,5.277,1202,0
CEMR.DE,D,20161116,000000,5.293,5.293,5.293,5.293,0,0
CEMR.DE,D,20161117,000000,5.31,5.338,5.305,5.338,80046,0
CEMR.DE,D,20161118,000000,5.313,5.313,5.313,5.313,0,0
CEMR.DE,D,20161121,000000,5.364,5.364,5.364,5.364,0,0
CEMR.DE,D,20161122,000000,5.39,5.39,5.379,5.379,942,0
CEMR.DE,D,20161123,000000,5.402,5.402,5.402,5.402,0,0
CEMR.DE,D,20161124,000000,5.429,5.429,5.429,5.429,0,0
CEMR.DE,D,20161125,000000,5.435,5.436,5.42,5.436,42080,0
CEMR.DE,D,20161128,000000,5.411,5.411,5.411,5.411,0,0
CEMR.DE,D,20161129,000000,5.385,5.413,5.385,5.413,3559,0
CEMR.DE,D,20161130,000000,5.431,5.431,5.431,5.431,0,0
CEMR.DE,D,20161201,000000,5.397,5.397,5.397,5.397,0,0
CEMR.DE,D,20161202,000000,5.382,5.382,5.382,5.382,0,0
CEMR.DE,D,20161205,000000,5.45,5.45,5.412,5.412,17135,0
CEMR.DE,D,20161206,000000,5.418,5.42,5.416,5.416,19479,0
CEMR.DE,D,20161207,000000,5.455,5.455,5.455,5.455,0,0
CEMR.DE,D,20161208,000000,5.542,5.542,5.542,5.542,0,0
CEMR.DE,D,20161209,000000,5.582,5.582,5.582,5.582,0,0
CEMR.DE,D,20161212,000000,5.58,5.58,5.557,5.557,22451,0
CEMR.DE,D,20161213,000000,5.587,5.587,5.587,5.587,0,0
CEMR.DE,D,20161214,000000,5.569,5.569,5.569,5.569,0,0
CEMR.DE,D,20161215,000000,5.594,5.594,5.594,5.594,0,0
CEMR.DE,D,20161216,000000,5.585,5.602,5.585,5.602,200,0
CEMR.DE,D,20161219,000000,5.585,5.606,5.585,5.606,5730,0
CEMR.DE,D,20161220,000000,5.627,5.627,5.627,5.627,0,0
CEMR.DE,D,20161221,000000,5.624,5.624,5.624,5.624,0,0
CEMR.DE,D,20161222,000000,5.604,5.604,5.604,5.604,0,0
CEMR.DE,D,20161223,000000,5.597,5.597,5.597,5.597,0,0
CEMR.DE,D,20161227,000000,5.596,5.596,5.596,5.596,0,0
CEMR.DE,D,20161228,000000,5.615,5.65,5.615,5.65,115,0
CEMR.DE,D,20161229,000000,5.63,5.63,5.619,5.619,9538,0
CEMR.DE,D,20161230,000000,5.634,5.634,5.634,5.634,0,0
CEMR.DE,D,20170102,000000,5.659,5.666,5.659,5.666,34378,0
CEMR.DE,D,20170103,000000,5.7,5.71,5.678,5.678,35005,0
CEMR.DE,D,20170104,000000,5.66,5.66,5.64,5.658,7947,0
CEMR.DE,D,20170105,000000,5.659,5.659,5.659,5.659,0,0
CEMR.DE,D,20170106,000000,5.635,5.647,5.635,5.647,800,0
CEMR.DE,D,20170109,000000,5.63,5.63,5.628,5.628,45000,0
CEMR.DE,D,20170110,000000,5.645,5.65,5.645,5.65,2400,0
CEMR.DE,D,20170111,000000,5.659,5.69,5.659,5.679,35900,0
CEMR.DE,D,20170112,000000,5.69,5.69,5.661,5.661,18150,0
CEMR.DE,D,20170113,000000,5.685,5.706,5.675,5.706,38200,0
CEMR.DE,D,20170116,000000,5.686,5.695,5.681,5.685,28450,0
CEMR.DE,D,20170117,000000,5.66,5.66,5.652,5.652,2800,0
CEMR.DE,D,20170118,000000,5.66,5.683,5.66,5.683,2000,0
CEMR.DE,D,20170119,000000,5.68,5.686,5.68,5.686,3600,0
CEMR.DE,D,20170120,000000,5.685,5.695,5.68,5.695,10388,0
CEMR.DE,D,20170123,000000,5.665,5.702,5.665,5.688,19800,0
CEMR.DE,D,20170124,000000,5.705,5.724,5.705,5.724,880,0
CEMR.DE,D,20170125,000000,5.765,5.785,5.765,5.785,173,0
CEMR.DE,D,20170126,000000,5.8,5.801,5.8,5.801,2532,0
CEMR.DE,D,20170127,000000,5.795,5.801,5.772,5.801,6748,0
CEMR.DE,D,20170130,000000,5.755,5.755,5.737,5.737,174,0
CEMR.DE,D,20170131,000000,5.698,5.698,5.698,5.698,0,0
CEMR.DE,D,20170201,000000,5.765,5.765,5.754,5.754,70432,0
CEMR.DE,D,20170202,000000,5.754,5.775,5.754,5.758,2721,0
CEMR.DE,D,20170203,000000,5.775,5.775,5.763,5.763,78000,0
CEMR.DE,D,20170206,000000,5.775,5.775,5.73,5.73,23825,0
CEMR.DE,D,20170207,000000,5.764,5.764,5.764,5.764,0,0
CEMR.DE,D,20170208,000000,5.79,5.79,5.77,5.776,25962,0
CEMR.DE,D,20170209,000000,5.805,5.812,5.805,5.812,162,0
CEMR.DE,D,20170210,000000,5.845,5.848,5.83,5.848,5225,0
CEMR.DE,D,20170213,000000,5.865,5.898,5.865,5.898,5960,0
CEMR.DE,D,20170214,000000,5.88,5.88,5.877,5.877,10000,0
CEMR.DE,D,20170215,000000,5.895,5.895,5.89,5.891,17723,0
CEMR.DE,D,20170216,000000,5.872,5.872,5.872,5.872,0,0
CEMR.DE,D,20170217,000000,5.879,5.879,5.879,5.879,0,0
CEMR.DE,D,20170220,000000,5.913,5.913,5.893,5.893,1,0
CEMR.DE,D,20170221,000000,5.92,5.945,5.92,5.937,6400,0
CEMR.DE,D,20170222,000000,5.942,5.942,5.942,5.942,0,0
CEMR.DE,D,20170223,000000,5.95,5.96,5.948,5.948,36600,0
CEMR.DE,D,20170224,000000,5.92,5.92,5.875,5.89,3664,0
CEMR.DE,D,20170227,000000,5.895,5.895,5.892,5.892,338,0
CEMR.DE,D,20170228,000000,5.886,5.886,5.886,5.886,0,0
CEMR.DE,D,20170301,000000,5.976,5.976,5.976,5.976,0,0
CEMR.DE,D,20170302,000000,5.972,5.99,5.972,5.99,17627,0
CEMR.DE,D,20170303,000000,5.953,5.953,5.953,5.953,0,0
CEMR.DE,D,20170306,000000,5.905,5.925,5.905,5.91,2590,0
CEMR.DE,D,20170307,000000,5.9,5.9,5.9,5.9,0,0
CEMR.DE,D,20170308,000000,5.91,5.91,5.91,5.91,0,0
CEMR.DE,D,20170309,000000,5.87,5.896,5.87,5.881,24699,0
CEMR.DE,D,20170310,000000,5.905,5.905,5.871,5.871,1700,0
CEMR.DE,D,20170313,000000,5.91,5.928,5.91,5.916,16012,0
CEMR.DE,D,20170314,000000,5.903,5.903,5.903,5.903,0,0
CEMR.DE,D,20170315,000000,5.941,5.941,5.941,5.941,0,0
CEMR.DE,D,20170316,000000,6.01,6.01,6.01,6.01,300,0
CEMR.DE,D,20170317,000000,6.005,6.005,5.998,6.003,4300,0
CEMR.DE,D,20170320,000000,5.994,5.994,5.994,5.994,0,0
CEMR.DE,D,20170321,000000,6.005,6.005,5.949,5.949,3758,0
CEMR.DE,D,20170322,000000,5.91,5.93,5.91,5.93,3600,0
CEMR.DE,D,20170323,000000,5.959,5.959,5.959,5.959,0,0
CEMR.DE,D,20170324,000000,5.956,5.956,5.956,5.956,0,0
CEMR.DE,D,20170327,000000,5.899,5.91,5.899,5.91,21000,0
CEMR.DE,D,20170328,000000,5.947,5.947,5.947,5.947,0,0
CEMR.DE,D,20170329,000000,5.981,5.981,5.981,5.981,0,0
CEMR.DE,D,20170330,000000,6.01,6.043,6.01,6.043,90,0
CEMR.DE,D,20170331,000000,6.025,6.041,6.015,6.041,16703,0
CEMR.DE,D,20170403,000000,6.05,6.055,6.015,6.015,29159,0
CEMR.DE,D,20170404,000000,6.024,6.039,6.024,6.039,49378,0
CEMR.DE,D,20170405,000000,6.055,6.07,6.053,6.053,16505,0
CEMR.DE,D,20170406,000000,6.055,6.055,6.055,6.055,0,0
CEMR.DE,D,20170407,000000,6.04,6.087,6.04,6.087,200,0
CEMR.DE,D,20170410,000000,6.101,6.101,6.087,6.087,38969,0
CEMR.DE,D,20170411,000000,6.105,6.105,6.105,6.105,0,0
CEMR.DE,D,20170412,000000,6.117,6.117,6.101,6.101,258,0
CEMR.DE,D,20170413,000000,6.091,6.091,6.091,6.091,0,0
CEMR.DE,D,20170418,000000,6.09,6.09,6.006,6.006,663,0
CEMR.DE,D,20170419,000000,6.015,6.015,5.993,5.993,50922,0
CEMR.DE,D,20170420,000000,6,6.004,5.999,5.999,25150,0
CEMR.DE,D,20170421,000000,6.007,6.007,5.997,5.997,258,0
CEMR.DE,D,20170424,000000,6.07,6.08,6.07,6.075,21134,0
CEMR.DE,D,20170425,000000,6.068,6.091,6.068,6.091,3000,0
CEMR.DE,D,20170426,000000,6.09,6.126,6.09,6.126,29809,0
CEMR.DE,D,20170427,000000,6.095,6.114,6.095,6.099,45272,0
CEMR.DE,D,20170428,000000,6.103,6.103,6.103,6.103,0,0
CEMR.DE,D,20170502,000000,6.105,6.128,6.105,6.128,87,0
CEMR.DE,D,20170503,000000,6.113,6.113,6.1,6.107,5425,0
CEMR.DE,D,20170504,000000,6.12,6.12,6.095,6.114,1692,0
CEMR.DE,D,20170505,000000,6.11,6.147,6.11,6.147,7000,0
CEMR.DE,D,20170508,000000,6.155,6.166,6.155,6.166,6500,0
CEMR.DE,D,20170509,000000,6.184,6.217,6.184,6.217,1888,0
CEMR.DE,D,20170510,000000,6.217,6.237,6.217,6.235,1140,0
CEMR.DE,D,20170511,000000,6.225,6.23,6.216,6.23,1292,0
CEMR.DE,D,20170512,000000,6.23,6.23,6.218,6.218,3850,0
CEMR.DE,D,20170515,000000,6.232,6.232,6.232,6.232,0,0
CEMR.DE,D,20170516,000000,6.22,6.236,6.22,6.236,100,0
CEMR.DE,D,20170517,000000,6.173,6.173,6.173,6.173,0,0
CEMR.DE,D,20170518,000000,6.155,6.155,6.155,6.155,0,0
CEMR.DE,D,20170519,000000,6.17,6.17,6.17,6.17,0,0
CEMR.DE,D,20170522,000000,6.185,6.185,6.167,6.167,4365,0
CEMR.DE,D,20170523,000000,6.14,6.168,6.14,6.168,880,0
CEMR.DE,D,20170524,000000,6.176,6.176,6.176,6.176,0,0
CEMR.DE,D,20170525,000000,6.175,6.175,6.175,6.175,0,0
CEMR.DE,D,20170526,000000,6.157,6.157,6.157,6.157,0,0
CEMR.DE,D,20170529,000000,6.17,6.17,6.168,6.168,2385,0
CEMR.DE,D,20170530,000000,6.188,6.188,6.188,6.188,0,0
CEMR.DE,D,20170531,000000,6.19,6.197,6.161,6.161,264965,0
CEMR.DE,D,20170601,000000,6.2,6.2,6.2,6.2,0,0
CEMR.DE,D,20170602,000000,6.24,6.25,6.225,6.225,34543,0
CEMR.DE,D,20170606,000000,6.204,6.204,6.174,6.174,4062,0
CEMR.DE,D,20170607,000000,6.191,6.191,6.191,6.191,0,0
CEMR.DE,D,20170608,000000,6.21,6.21,6.21,6.21,0,0
CEMR.DE,D,20170609,000000,6.247,6.247,6.246,6.246,18000,0
CEMR.DE,D,20170612,000000,6.148,6.148,6.148,6.148,0,0
CEMR.DE,D,20170613,000000,6.19,6.19,6.185,6.185,1520,0
CEMR.DE,D,20170614,000000,6.22,6.229,6.157,6.157,4090,0
CEMR.DE,D,20170615,000000,6.148,6.148,6.148,6.148,0,0
CEMR.DE,D,20170616,000000,6.191,6.193,6.175,6.193,28508,0
CEMR.DE,D,20170619,000000,6.262,6.262,6.262,6.262,0,0
CEMR.DE,D,20170620,000000,6.275,6.275,6.218,6.218,80,0
CEMR.DE,D,20170621,000000,6.179,6.214,6.179,6.214,500,0
CEMR.DE,D,20170622,000000,6.208,6.208,6.208,6.208,0,0
CEMR.DE,D,20170623,000000,6.17,6.192,6.17,6.192,7000,0
CEMR.DE,D,20170626,000000,6.227,6.227,6.204,6.204,50,0
CEMR.DE,D,20170627,000000,6.19,6.19,6.16,6.16,4440,0
CEMR.DE,D,20170628,000000,6.156,6.156,6.156,6.156,0,0
CEMR.DE,D,20170629,000000,6.05,6.05,6.05,6.05,0,0
CEMR.DE,D,20170630,000000,6.1,6.1,6.047,6.047,400,0
CEMR.DE,D,20170703,000000,6.1,6.117,6.1,6.101,8400,0
CEMR.DE,D,20170704,000000,6.096,6.096,6.087,6.096,4525,0
CEMR.DE,D,20170705,000000,6.127,6.132,6.127,6.127,1000,0
CEMR.DE,D,20170707,000000,6.088,6.088,6.088,6.088,0,0
CEMR.DE,D,20170710,000000,6.104,6.116,6.104,6.116,6440,0
CEMR.DE,D,20170711,000000,6.132,6.132,6.081,6.081,38093,0
CEMR.DE,D,20170712,000000,6.174,6.174,6.103,6.173,321831,0
CEMR.DE,D,20170713,000000,6.211,6.211,6.2,6.2,1000,0
CEMR.DE,D,20170714,000000,6.208,6.208,6.208,6.208,0,0
CEMR.DE,D,20170717,000000,6.203,6.206,6.201,6.202,14520,0
CEMR.DE,D,20170718,000000,6.18,6.185,6.128,6.128,4128,0
CEMR.DE,D,20170719,000000,6.156,6.174,6.156,6.174,166,0
CEMR.DE,D,20170720,000000,6.17,6.17,6.159,6.159,1000,0
CEMR.DE,D,20170721,000000,6.085,6.085,6.085,6.085,0,0
CEMR.DE,D,20170724,000000,6.074,6.074,6.074,6.074,0,0
CEMR.DE,D,20170725,000000,6.115,6.115,6.11,6.11,15,0
CEMR.DE,D,20170726,000000,6.146,6.146,6.146,6.146,0,0
CEMR.DE,D,20170727,000000,6.128,6.128,6.128,6.128,0,0
CEMR.DE,D,20170728,000000,6.107,6.107,6.069,6.069,3936,0
CEMR.DE,D,20170731,000000,6.059,6.059,6.059,6.059,0,0
CEMR.DE,D,20170801,000000,6.114,6.114,6.114,6.114,0,0
CEMR.DE,D,20170802,000000,6.067,6.067,6.067,6.067,0,0
CEMR.DE,D,20170803,000000,6.097,6.097,6.082,6.082,90,0
CEMR.DE,D,20170804,000000,6.093,6.154,6.092,6.147,17199,0
CEMR.DE,D,20170807,000000,6.145,6.153,6.145,6.153,10195,0
CEMR.DE,D,20170808,000000,6.153,6.165,6.153,6.165,2500,0
CEMR.DE,D,20170809,000000,6.104,6.104,6.104,6.104,0,0
CEMR.DE,D,20170810,000000,6.061,6.061,6.026,6.026,6000,0
CEMR.DE,D,20170811,000000,5.974,5.974,5.971,5.971,588,0
CEMR.DE,D,20170814,000000,6.04,6.04,6.04,6.04,0,0
CEMR.DE,D,20170815,000000,6.048,6.048,6.048,6.048,0,0
CEMR.DE,D,20170816,000000,6.099,6.099,6.099,6.099,0,0
CEMR.DE,D,20170817,000000,6.092,6.092,6.057,6.057,4991,0
CEMR.DE,D,20170818,000000,6.015,6.015,6.015,6.015,0,0
CEMR.DE,D,20170821,000000,6.009,6.009,5.996,5.996,160,0
CEMR.DE,D,20170822,000000,6.035,6.059,6.035,6.059,430,0
CEMR.DE,D,20170824,000000,6.045,6.045,6.045,6.045,0,0
CEMR.DE,D,20170825,000000,6.043,6.043,6.043,6.043,0,0
CEMR.DE,D,20170828,000000,6,6,6,6,0,0
CEMR.DE,D,20170829,000000,5.93,5.946,5.93,5.946,800,0
CEMR.DE,D,20170830,000000,5.997,5.997,5.997,5.997,0,0
CEMR.DE,D,20170831,000000,6.054,6.054,6.054,6.054,0,0
CEMR.DE,D,20170901,000000,6.11,6.11,6.11,6.11,0,0
CEMR.DE,D,20170904,000000,6.084,6.084,6.084,6.084,0,0
CEMR.DE,D,20170905,000000,6.113,6.113,6.065,6.065,2869,0
CEMR.DE,D,20170906,000000,6.059,6.059,6.059,6.059,0,0
CEMR.DE,D,20170907,000000,6.072,6.072,6.072,6.072,0,0
CEMR.DE,D,20170908,000000,6.087,6.091,6.087,6.091,180,0
CEMR.DE,D,20170911,000000,6.148,6.17,6.148,6.17,7130,0
CEMR.DE,D,20170912,000000,6.204,6.204,6.192,6.192,35492,0
CEMR.DE,D,20170913,000000,6.204,6.204,6.204,6.204,0,0
CEMR.DE,D,20170914,000000,6.201,6.201,6.201,6.201,0,0
CEMR.DE,D,20170915,000000,6.191,6.191,6.187,6.187,4362,0
CEMR.DE,D,20170918,000000,6.227,6.227,6.227,6.227,0,0
CEMR.DE,D,20170919,000000,6.229,6.229,6.221,6.222,1045,0
CEMR.DE,D,20170920,000000,6.218,6.218,6.215,6.215,10000,0
CEMR.DE,D,20170921,000000,6.243,6.243,6.238,6.238,1009,0
CEMR.DE,D,20170922,000000,6.248,6.248,6.248,6.248,0,0
CEMR.DE,D,20170925,000000,6.271,6.271,6.236,6.236,5023,0
CEMR.DE,D,20170926,000000,6.234,6.234,6.234,6.234,0,0
CEMR.DE,D,20170927,000000,6.28,6.29,6.28,6.29,1208,0
CEMR.DE,D,20170928,000000,6.31,6.31,6.31,6.31,0,0
CEMR.DE,D,20170929,000000,6.319,6.335,6.319,6.335,6195,0
CEMR.DE,D,20171002,000000,6.359,6.38,6.354,6.38,12250,0
CEMR.DE,D,20171004,000000,6.387,6.393,6.38,6.386,7263,0
CEMR.DE,D,20171005,000000,6.384,6.406,6.384,6.397,8942,0
CEMR.DE,D,20171006,000000,6.36,6.369,6.36,6.369,10000,0
CEMR.DE,D,20171009,000000,6.392,6.392,6.384,6.384,5700,0
CEMR.DE,D,20171010,000000,6.396,6.396,6.385,6.385,34248,0
CEMR.DE,D,20171011,000000,6.381,6.383,6.381,6.383,74957,0
CEMR.DE,D,20171012,000000,6.388,6.397,6.388,6.397,70650,0
CEMR.DE,D,20171013,000000,6.406,6.408,6.406,6.408,3200,0
CEMR.DE,D,20171016,000000,6.408,6.408,6.401,6.401,72,0
CEMR.DE,D,20171017,000000,6.401,6.401,6.39,6.39,41600,0
CEMR.DE,D,20171018,000000,6.418,6.418,6.417,6.417,1500,0
CEMR.DE,D,20171019,000000,6.348,6.361,6.348,6.361,1150,0
CEMR.DE,D,20171020,000000,6.377,6.377,6.377,6.377,0,0
CEMR.DE,D,20171023,000000,6.392,6.392,6.389,6.389,5629,0
CEMR.DE,D,20171024,000000,6.392,6.392,6.388,6.388,2564,0
CEMR.DE,D,20171025,000000,6.393,6.393,6.393,6.393,0,0
CEMR.DE,D,20171026,000000,6.495,6.495,6.495,6.495,0,0
CEMR.DE,D,20171027,000000,6.523,6.53,6.523,6.53,1500,0
CEMR.DE,D,20171030,000000,6.53,6.53,6.524,6.524,3000,0
CEMR.DE,D,20171101,000000,6.575,6.575,6.575,6.575,0,0
CEMR.DE,D,20171102,000000,6.555,6.555,6.537,6.537,10,0
CEMR.DE,D,20171103,000000,6.554,6.56,6.554,6.56,7140,0
CEMR.DE,D,20171106,000000,6.548,6.551,6.541,6.551,3304,0
CEMR.DE,D,20171107,000000,6.548,6.548,6.523,6.523,330,0
CEMR.DE,D,20171108,000000,6.507,6.507,6.505,6.507,1125,0
CEMR.DE,D,20171109,000000,6.459,6.459,6.413,6.413,5782,0
CEMR.DE,D,20171110,000000,6.407,6.407,6.399,6.399,400,0
CEMR.DE,D,20171113,000000,6.366,6.366,6.356,6.356,79,0
CEMR.DE,D,20171114,000000,6.313,6.319,6.313,6.319,18,0
CEMR.DE,D,20171115,000000,6.3,6.3,6.244,6.286,4385,0
CEMR.DE,D,20171116,000000,6.343,6.343,6.343,6.343,0,0
CEMR.DE,D,20171117,000000,6.311,6.311,6.311,6.311,0,0
CEMR.DE,D,20171120,000000,6.316,6.365,6.316,6.359,22245,0
CEMR.DE,D,20171121,000000,6.408,6.408,6.4,6.4,3400,0
CEMR.DE,D,20171122,000000,6.397,6.397,6.348,6.348,6280,0
CEMR.DE,D,20171123,000000,6.353,6.353,6.353,6.353,0,0
CEMR.DE,D,20171124,000000,6.37,6.37,6.357,6.357,8484,0
CEMR.DE,D,20171127,000000,6.336,6.336,6.321,6.321,2115,0
CEMR.DE,D,20171128,000000,6.33,6.332,6.324,6.332,6378,0
CEMR.DE,D,20171129,000000,6.316,6.316,6.316,6.316,0,0
CEMR.DE,D,20171130,000000,6.326,6.326,6.289,6.289,1710,0
CEMR.DE,D,20171201,000000,6.281,6.281,6.206,6.206,3745,0
CEMR.DE,D,20171204,000000,6.2825,6.2825,6.2825,6.2825,0,0
CEMR.DE,D,20171205,000000,6.25,6.304,6.25,6.2905,8796,0
CEMR.DE,D,20171206,000000,6.2775,6.2775,6.2775,6.2775,0,0
CEMR.DE,D,20171207,000000,6.2775,6.2775,6.2775,6.2775,0,0
CEMR.DE,D,20171208,000000,6.312,6.322,6.308,6.316,5365,0
CEMR.DE,D,20171211,000000,6.311,6.311,6.3015,6.3015,640,0
CEMR.DE,D,20171212,000000,6.326,6.342,6.326,6.342,3828,0
CEMR.DE,D,20171213,000000,6.325,6.325,6.325,6.325,0,0
CEMR.DE,D,20171214,000000,6.3015,6.3015,6.3015,6.3015,0,0
CEMR.DE,D,20171215,000000,6.291,6.291,6.2905,6.2905,600,0
CEMR.DE,D,20171218,000000,6.391,6.391,6.391,6.391,0,0
CEMR.DE,D,20171219,000000,6.393,6.395,6.355,6.355,25060,0
CEMR.DE,D,20171220,000000,6.355,6.355,6.308,6.308,450,0
CEMR.DE,D,20171221,000000,6.321,6.328,6.321,6.328,2000,0
CEMR.DE,D,20171222,000000,6.327,6.327,6.319,6.319,81,0
CEMR.DE,D,20171227,000000,6.305,6.324,6.302,6.324,5800,0
CEMR.DE,D,20171228,000000,6.321,6.321,6.293,6.293,12423,0
CEMR.DE,D,20171229,000000,6.281,6.281,6.281,6.281,0,0
CEMR.DE,D,20180102,000000,6.244,6.244,6.244,6.244,0,0
CEMR.DE,D,20180103,000000,6.279,6.306,6.279,6.306,6730,0
CEMR.DE,D,20180104,000000,6.359,6.386,6.359,6.386,7054,0
CEMR.DE,D,20180105,000000,6.456,6.456,6.456,6.456,0,0
CEMR.DE,D,20180108,000000,6.469,6.469,6.469,6.469,0,0
CEMR.DE,D,20180109,000000,6.496,6.508,6.488,6.498,22128,0
CEMR.DE,D,20180110,000000,6.49,6.49,6.47,6.487,1014,0
CEMR.DE,D,20180111,000000,6.5,6.5,6.473,6.473,6000,0
CEMR.DE,D,20180112,000000,6.48,6.484,6.474,6.484,3001,0
CEMR.DE,D,20180115,000000,6.474,6.474,6.472,6.472,1228,0
CEMR.DE,D,20180116,000000,6.492,6.505,6.49,6.494,21018,0
CEMR.DE,D,20180117,000000,6.498,6.509,6.498,6.509,3800,0
CEMR.DE,D,20180118,000000,6.526,6.538,6.526,6.538,780,0
CEMR.DE,D,20180119,000000,6.59,6.591,6.584,6.589,10421,0
CEMR.DE,D,20180122,000000,6.595,6.595,6.584,6.584,155,0
CEMR.DE,D,20180123,000000,6.603,6.603,6.577,6.58,2939,0
CEMR.DE,D,20180124,000000,6.562,6.577,6.521,6.521,4554,0
CEMR.DE,D,20180222,000000,6.22,6.242,6.202,6.242,4112,0
CEMR.DE,D,20180223,000000,6.238,6.249,6.236,6.249,32704,0
CEMR.DE,D,20180226,000000,6.275,6.288,6.266,6.27,11025,0
CEMR.DE,D,20180227,000000,6.273,6.273,6.265,6.265,13000,0
CEMR.DE,D,20180228,000000,6.238,6.238,6.227,6.227,10000,0
CEMR.DE,D,20180301,000000,6.161,6.161,6.127,6.13,15751,0
CEMR.DE,D,20180302,000000,6.046,6.046,5.983,5.983,6561,0
CEMR.DE,D,20180305,000000,5.99,6.068,5.99,6.068,1202,0
CEMR.DE,D,20180306,000000,6.099,6.099,6.099,6.099,0,0
CEMR.DE,D,20180307,000000,6.099,6.127,6.099,6.127,510,0
CEMR.DE,D,20180308,000000,6.203,6.203,6.203,6.203,0,0
CEMR.DE,D,20180309,000000,6.21,6.247,6.21,6.247,279,0
CEMR.DE,D,20180312,000000,6.277,6.277,6.257,6.257,13740,0
CEMR.DE,D,20180313,000000,6.255,6.264,6.193,6.193,35639,0
CEMR.DE,D,20180314,000000,6.21,6.218,6.185,6.191,1770,0
CEMR.DE,D,20180315,000000,6.204,6.251,6.204,6.251,8890,0
CEMR.DE,D,20180316,000000,6.263,6.263,6.251,6.251,4822,0
CEMR.DE,D,20180319,000000,6.243,6.243,6.177,6.177,2877,0
CEMR.DE,D,20180320,000000,6.211,6.241,6.211,6.241,9349,0
CEMR.DE,D,20180321,000000,6.225,6.236,6.221,6.236,10742,0
CEMR.DE,D,20180322,000000,6.177,6.177,6.121,6.121,3353,0
CEMR.DE,D,20180323,000000,6.028,6.059,6.028,6.046,8629,0
CEMR.DE,D,20180326,000000,6.084,6.086,6.012,6.012,24000,0
CEMR.DE,D,20180327,000000,6.092,6.092,6.092,6.092,0,0
CEMR.DE,D,20180328,000000,6.003,6.086,6.003,6.086,200,0
CEMR.DE,D,20180329,000000,6.114,6.131,6.1,6.131,4612,0
CEMR.DE,D,20180403,000000,6.058,6.103,6.058,6.095,57762,0
CEMR.DE,D,20180404,000000,6.003,6.003,6.003,6.003,0,0
CEMR.DE,D,20180405,000000,6.109,6.168,6.103,6.168,12055,0
CEMR.DE,D,20180406,000000,6.136,6.156,6.134,6.138,14193,0
CEMR.DE,D,20180409,000000,6.148,6.154,6.138,6.154,1999,0
CEMR.DE,D,20180410,000000,6.222,6.233,6.222,6.233,6195,0
CEMR.DE,D,20180411,000000,6.232,6.235,6.173,6.188,174317,0
CEMR.DE,D,20180412,000000,6.226,6.248,6.184,6.247,173105,0
CEMR.DE,D,20180413,000000,6.268,6.282,6.245,6.245,162181,0
CEMR.DE,D,20180416,000000,6.252,6.266,6.232,6.232,136063,0
CEMR.DE,D,20180417,000000,6.27,6.327,6.27,6.314,209357,0
CEMR.DE,D,20180418,000000,6.325,6.34,6.312,6.323,125811,0
CEMR.DE,D,20180419,000000,6.339,6.344,6.315,6.318,217985,0
CEMR.DE,D,20180420,000000,6.312,6.332,6.301,6.313,354391,0
CEMR.DE,D,20180423,000000,6.313,6.341,6.312,6.341,122405,0
CEMR.DE,D,20180424,000000,6.346,6.346,6.321,6.324,5671,0
CEMR.DE,D,20180425,000000,6.269,6.283,6.269,6.271,3155,0
CEMR.DE,D,20180426,000000,6.345,6.345,6.345,6.345,0,0
CEMR.DE,D,20180427,000000,6.381,6.381,6.375,6.375,610,0
CEMR.DE,D,20180430,000000,6.383,6.384,6.37,6.37,11913,0
CEMR.DE,D,20180502,000000,6.429,6.439,6.429,6.435,604,0
CEMR.DE,D,20180503,000000,6.433,6.433,6.399,6.399,10827,0
CEMR.DE,D,20180504,000000,6.425,6.436,6.425,6.436,3675,0
CEMR.DE,D,20180507,000000,6.457,6.503,6.453,6.497,46310,0
CEMR.DE,D,20180508,000000,6.479,6.509,6.479,6.509,3080,0
CEMR.DE,D,20180509,000000,6.513,6.53,6.513,6.53,51115,0
CEMR.DE,D,20180510,000000,6.546,6.563,6.541,6.563,3225,0
CEMR.DE,D,20180511,000000,6.57,6.575,6.57,6.574,102175,0
CEMR.DE,D,20180514,000000,6.557,6.559,6.529,6.559,5000,0
CEMR.DE,D,20180515,000000,6.55,6.581,6.55,6.581,3582,0
CEMR.DE,D,20180516,000000,6.59,6.62,6.579,6.62,3573,0
CEMR.DE,D,20180517,000000,6.6,6.65,6.6,6.65,14112,0
CEMR.DE,D,20180518,000000,6.651,6.651,6.627,6.636,6192,0
CEMR.DE,D,20180522,000000,6.696,6.711,6.692,6.692,3876,0
CEMR.DE,D,20180523,000000,6.648,6.648,6.579,6.606,25146,0
CEMR.DE,D,20180524,000000,6.606,6.606,6.557,6.574,3476,0
CEMR.DE,D,20180525,000000,6.622,6.622,6.569,6.599,4836,0
CEMR.DE,D,20180528,000000,6.644,6.644,6.577,6.577,12000,0
CEMR.DE,D,20180529,000000,6.483,6.499,6.481,6.499,9480,0
CEMR.DE,D,20180530,000000,6.511,6.511,6.511,6.511,0,0
CEMR.DE,D,20180531,000000,6.532,6.541,6.501,6.501,25536,0
CEMR.DE,D,20180601,000000,6.535,6.558,6.535,6.545,86137,0
CEMR.DE,D,20180604,000000,6.562,6.562,6.559,6.559,26702,0
CEMR.DE,D,20180605,000000,6.569,6.597,6.569,6.57,12383,0
CEMR.DE,D,20180606,000000,6.557,6.573,6.553,6.573,12678,0
CEMR.DE,D,20180607,000000,6.59,6.59,6.544,6.544,6160,0
CEMR.DE,D,20180608,000000,6.545,6.545,6.545,6.545,0,0
CEMR.DE,D,20180611,000000,6.567,6.584,6.556,6.583,19417,0
CEMR.DE,D,20180612,000000,6.577,6.577,6.577,6.577,0,0
CEMR.DE,D,20180613,000000,6.599,6.607,6.592,6.601,6370,0
CEMR.DE,D,20180614,000000,6.574,6.687,6.573,6.687,22862,0
CEMR.DE,D,20180615,000000,6.71,6.725,6.609,6.609,106010,0
CEMR.DE,D,20180618,000000,6.566,6.576,6.541,6.576,158917,0
CEMR.DE,D,20180619,000000,6.455,6.508,6.451,6.493,85613,0
CEMR.DE,D,20180620,000000,6.523,6.523,6.4895,6.4895,3305,0
CEMR.DE,D,20180621,000000,6.516,6.516,6.4275,6.4275,35891,0
CEMR.DE,D,20180622,000000,6.458,6.4895,6.458,6.4895,15178,0
CEMR.DE,D,20180625,000000,6.444,6.444,6.339,6.339,17824,0
CEMR.DE,D,20180626,000000,6.376,6.383,6.3665,6.3665,1630,0
CEMR.DE,D,20180627,000000,6.418,6.433,6.418,6.433,4680,0
CEMR.DE,D,20180628,000000,6.431,6.432,6.358,6.3705,15193,0
CEMR.DE,D,20180629,000000,6.488,6.488,6.4315,6.4315,6940,0
CEMR.DE,D,20180702,000000,6.376,6.376,6.3555,6.3555,9210,0
CEMR.DE,D,20180703,000000,6.4,6.412,6.4,6.4015,51699,0
CEMR.DE,D,20180704,000000,6.388,6.4,6.388,6.3905,40222,0
CEMR.DE,D,20180705,000000,6.423,6.462,6.422,6.4365,32508,0
CEMR.DE,D,20180706,000000,6.43,6.4545,6.417,6.4545,12215,0
CEMR.DE,D,20180709,000000,6.502,6.5145,6.501,6.5145,69336,0
CEMR.DE,D,20180710,000000,6.558,6.5785,6.558,6.5785,32020,0
CEMR.DE,D,20180711,000000,6.522,6.522,6.4925,6.4925,22999,0
CEMR.DE,D,20180712,000000,6.51,6.544,6.51,6.544,3060,0
CEMR.DE,D,20180713,000000,6.573,6.576,6.5705,6.5705,10317,0
CEMR.DE,D,20180716,000000,6.586,6.586,6.544,6.544,915,0
CEMR.DE,D,20180717,000000,6.565,6.568,6.565,6.568,8000,0
CEMR.DE,D,20180718,000000,6.636,6.636,6.617,6.617,13573,0
CEMR.DE,D,20180719,000000,6.592,6.592,6.592,6.592,0,0
CEMR.DE,D,20180720,000000,6.559,6.559,6.559,6.559,0,0
CEMR.DE,D,20180723,000000,6.541,6.541,6.541,6.541,0,0
CEMR.DE,D,20180724,000000,6.594,6.622,6.594,6.604,21941,0
CEMR.DE,D,20180725,000000,6.615,6.629,6.596,6.596,52536,0
CEMR.DE,D,20180726,000000,6.643,6.643,6.608,6.621,28460,0
CEMR.DE,D,20180727,000000,6.616,6.616,6.616,6.616,0,0
CEMR.DE,D,20180730,000000,6.613,6.625,6.585,6.585,6669,0
CEMR.DE,D,20180731,000000,6.588,6.613,6.588,6.613,23945,0
CEMR.DE,D,20180801,000000,6.574,6.589,6.564,6.564,40861,0
CEMR.DE,D,20180802,000000,6.54,6.543,6.524,6.529,3441,0
CEMR.DE,D,20180803,000000,6.559,6.578,6.559,6.574,23101,0
CEMR.DE,D,20180806,000000,6.583,6.583,6.567,6.569,42881,0
CEMR.DE,D,20180807,000000,6.62,6.62,6.596,6.596,330,0
CEMR.DE,D,20180808,000000,6.578,6.593,6.578,6.593,3660,0
CEMR.DE,D,20180809,000000,6.58,6.616,6.58,6.616,38494,0
CEMR.DE,D,20180810,000000,6.567,6.567,6.538,6.548,875,0
CEMR.DE,D,20180813,000000,6.541,6.559,6.538,6.559,5662,0
CEMR.DE,D,20180814,000000,6.576,6.59,6.552,6.552,13101,0
CEMR.DE,D,20180815,000000,6.542,6.542,6.423,6.423,9745,0
CEMR.DE,D,20180816,000000,6.457,6.487,6.457,6.487,26892,0
CEMR.DE,D,20180817,000000,6.479,6.49,6.444,6.472,29848,0
CEMR.DE,D,20180820,000000,6.522,6.523,6.522,6.523,350,0
CEMR.DE,D,20180821,000000,6.531,6.531,6.531,6.531,0,0
CEMR.DE,D,20180822,000000,6.525,6.54,6.525,6.54,50,0
CEMR.DE,D,20180823,000000,6.545,6.545,6.545,6.545,0,0
CEMR.DE,D,20180824,000000,6.58,6.58,6.565,6.567,1582,0
CEMR.DE,D,20180827,000000,6.592,6.622,6.592,6.622,9284,0
CEMR.DE,D,20180828,000000,6.636,6.646,6.632,6.638,25515,0
CEMR.DE,D,20180829,000000,6.65,6.662,6.65,6.662,6600,0
CEMR.DE,D,20180830,000000,6.64,6.653,6.64,6.648,7184,0
CEMR.DE,D,20180831,000000,6.631,6.631,6.589,6.589,15103,0
CEMR.DE,D,20180903,000000,6.59,6.612,6.59,6.607,16998,0
CEMR.DE,D,20180904,000000,6.605,6.605,6.533,6.533,335,0
CEMR.DE,D,20180905,000000,6.512,6.512,6.426,6.426,9541,0
CEMR.DE,D,20180906,000000,6.438,6.452,6.394,6.394,333340,0
CEMR.DE,D,20180907,000000,6.411,6.438,6.411,6.436,265441,0
CEMR.DE,D,20180910,000000,6.446,6.456,6.435,6.435,19319,0
CEMR.DE,D,20180911,000000,6.421,6.458,6.421,6.458,397,0
CEMR.DE,D,20180912,000000,6.502,6.502,6.502,6.502,0,0
CEMR.DE,D,20180913,000000,6.522,6.522,6.486,6.486,19580,0
CEMR.DE,D,20180914,000000,6.521,6.525,6.517,6.522,47974,0
CEMR.DE,D,20180917,000000,6.489,6.513,6.489,6.508,101,0
CEMR.DE,D,20180918,000000,6.527,6.527,6.527,6.527,0,0
CEMR.DE,D,20180919,000000,6.539,6.554,6.539,6.554,50340,0
CEMR.DE,D,20180920,000000,6.559,6.585,6.559,6.585,19808,0
CEMR.DE,D,20180921,000000,6.62,6.622,6.616,6.622,22444,0
CEMR.DE,D,20180924,000000,6.624,6.631,6.624,6.631,7304,0
CEMR.DE,D,20180925,000000,6.686,6.689,6.686,6.689,1506,0
CEMR.DE,D,20180926,000000,6.689,6.698,6.679,6.695,3701,0
CEMR.DE,D,20180927,000000,6.686,6.71,6.686,6.71,7203,0
CEMR.DE,D,20180928,000000,6.703,6.703,6.668,6.668,27516,0
CEMR.DE,D,20181001,000000,6.698,6.711,6.691,6.691,85537,0
CEMR.DE,D,20181002,000000,6.623,6.65,6.623,6.648,15436,0
CEMR.DE,D,20181004,000000,6.629,6.629,6.562,6.562,19840,0
CEMR.DE,D,20181005,000000,6.562,6.562,6.493,6.493,12233,0
CEMR.DE,D,20181008,000000,6.388,6.388,6.388,6.388,0,0
CEMR.DE,D,20181009,000000,6.419,6.442,6.41,6.437,21970,0
CEMR.DE,D,20181010,000000,6.213,6.213,6.213,6.213,0,0
CEMR.DE,D,20181011,000000,6.128,6.153,6.1,6.1,17828,0
CEMR.DE,D,20181012,000000,6.164,6.167,6.116,6.116,30152,0
CEMR.DE,D,20181015,000000,6.06,6.105,6.06,6.105,8599,0
CEMR.DE,D,20181016,000000,6.176,6.223,6.176,6.223,17651,0
CEMR.DE,D,20181017,000000,6.294,6.294,6.215,6.215,83418,0
CEMR.DE,D,20181018,000000,6.164,6.164,6.164,6.164,0,0
CEMR.DE,D,20181019,000000,6.146,6.163,6.146,6.161,6310,0
CEMR.DE,D,20181022,000000,6.186,6.209,6.145,6.145,61147,0
CEMR.DE,D,20181023,000000,6.069,6.069,5.993,5.993,1300,0
CEMR.DE,D,20181024,000000,6.045,6.045,5.988,5.988,6305,0
CEMR.DE,D,20181025,000000,5.95,6.07,5.95,6.07,99527,0
CEMR.DE,D,20181026,000000,6.001,6.024,5.971,6.024,53339,0
CEMR.DE,D,20181029,000000,6.099,6.112,6.051,6.051,25925,0
CEMR.DE,D,20181030,000000,6.066,6.066,6.003,6.047,16968,0
CEMR.DE,D,20181031,000000,6.133,6.182,6.133,6.18,31412,0
CEMR.DE,D,20181101,000000,6.19,6.192,6.162,6.192,14716,0
CEMR.DE,D,20181102,000000,6.28,6.3,6.231,6.231,54733,0
CEMR.DE,D,20181105,000000,6.205,6.245,6.205,6.209,242506,0
CEMR.DE,D,20181106,000000,6.2,6.202,6.2,6.202,3000,0
CEMR.DE,D,20181107,000000,6.264,6.278,6.264,6.269,7537,0
CEMR.DE,D,20181108,000000,6.271,6.271,6.258,6.258,5000,0
CEMR.DE,D,20181109,000000,6.191,6.224,6.191,6.213,103657,0
CEMR.DE,D,20181112,000000,6.265,6.265,6.166,6.166,4316,0
CEMR.DE,D,20181113,000000,6.201,6.201,6.201,6.201,0,0
CEMR.DE,D,20181114,000000,6.1,6.171,6.1,6.137,20332,0
CEMR.DE,D,20181115,000000,6.141,6.141,6.079,6.082,13200,0
CEMR.DE,D,20181116,000000,6.076,6.078,6.051,6.078,8200,0
CEMR.DE,D,20181119,000000,6.084,6.084,6,6,43165,0
CEMR.DE,D,20181120,000000,5.94,5.94,5.855,5.887,4428,0
CEMR.DE,D,20181121,000000,5.912,5.971,5.912,5.971,807,0
CEMR.DE,D,20181122,000000,5.942,5.942,5.921,5.921,2000,0
CEMR.DE,D,20181123,000000,5.928,5.928,5.922,5.922,199,0
CEMR.DE,D,20181126,000000,5.98,5.98,5.973,5.973,9440,0
CEMR.DE,D,20181127,000000,5.96,5.96,5.926,5.946,23416,0
CEMR.DE,D,20181128,000000,5.96,5.96,5.944,5.944,380,0
CEMR.DE,D,20181129,000000,5.963,5.981,5.963,5.973,21809,0
CEMR.DE,D,20181130,000000,5.973,5.973,5.935,5.948,1465876,0
CEMR.DE,D,20181203,000000,6.051,6.051,5.993,5.995,33900,0
CEMR.DE,D,20181204,000000,5.987,6,5.976,5.983,8000,0
CEMR.DE,D,20181205,000000,5.923,5.923,5.889,5.889,9400,0
CEMR.DE,D,20181206,000000,5.843,5.843,5.73,5.73,1600,0
CEMR.DE,D,20181207,000000,5.776,5.819,5.765,5.765,1364700,0
CEMR.DE,D,20181210,000000,5.743,5.744,5.681,5.681,9115,0
CEMR.DE,D,20181211,000000,5.739,5.804,5.739,5.769,24014,0
CEMR.DE,D,20181212,000000,5.794,5.855,5.794,5.855,31100,0
CEMR.DE,D,20181213,000000,5.868,5.868,5.828,5.846,50,0
CEMR.DE,D,20181214,000000,5.796,5.81,5.796,5.809,6356,0
CEMR.DE,D,20181217,000000,5.793,5.905,5.736,5.74,390924,0
CEMR.DE,D,20181218,000000,5.719,5.719,5.679,5.679,2800,0
CEMR.DE,D,20181219,000000,5.681,5.71,5.681,5.696,12315,0
CEMR.DE,D,20181220,000000,5.617,5.647,5.611,5.613,151990,0
CEMR.DE,D,20181221,000000,5.613,5.613,5.565,5.611,27094,0
CEMR.DE,D,20181227,000000,5.622,5.622,5.507,5.507,21824,0
CEMR.DE,D,20181228,000000,5.545,5.607,5.544,5.607,9332,0
CEMR.DE,D,20190102,000000,5.564,5.644,5.55,5.644,15157,0
CEMR.DE,D,20190103,000000,5.596,5.606,5.592,5.601,3615,0
CEMR.DE,D,20190104,000000,5.644,5.728,5.644,5.725,10000,0
CEMR.DE,D,20190107,000000,5.733,5.733,5.69,5.718,59381,0
CEMR.DE,D,20190108,000000,5.729,5.794,5.729,5.763,13820,0
CEMR.DE,D,20190109,000000,5.801,5.82,5.801,5.803,70836,0
CEMR.DE,D,20190110,000000,5.767,5.831,5.767,5.831,40652,0
CEMR.DE,D,20190111,000000,5.839,5.857,5.82,5.824,106340,0
CEMR.DE,D,20190114,000000,5.787,5.787,5.775,5.775,16956,0
CEMR.DE,D,20190115,000000,5.815,5.823,5.797,5.823,11500,0
CEMR.DE,D,20190116,000000,5.841,5.841,5.819,5.82,0,0
CEMR.DE,D,20190117,000000,5.793,5.832,5.793,5.832,1522,0
CEMR.DE,D,20190118,000000,5.875,5.916,5.871,5.916,5670,0
CEMR.DE,D,20190121,000000,5.9,5.922,5.9,5.922,0,0
CEMR.DE,D,20190122,000000,5.896,5.909,5.896,5.897,0,0
CEMR.DE,D,20190123,000000,5.865,5.932,5.865,5.895,7875,0
CEMR.DE,D,20190124,000000,5.899,5.915,5.899,5.915,2170,0
CEMR.DE,D,20190125,000000,5.944,5.944,5.921,5.921,6800,0
CEMR.DE,D,20190128,000000,5.903,5.903,5.865,5.865,0,0
CEMR.DE,D,20190129,000000,5.873,5.926,5.873,5.925,250,0
CEMR.DE,D,20190130,000000,5.933,5.953,5.933,5.949,0,0
CEMR.DE,D,20190131,000000,5.98,5.994,5.98,5.994,0,0
CEMR.DE,D,20190201,000000,6.008,6.009,5.991,5.991,3570,0
CEMR.DE,D,20190204,000000,6.007,6.025,6.007,6.025,3400,0
CEMR.DE,D,20190205,000000,6.04,6.115,6.04,6.115,6250,0
CEMR.DE,D,20190206,000000,6.106,6.123,6.1,6.119,1320,0
CEMR.DE,D,20190207,000000,6.111,6.123,6.048,6.048,84000,0
CEMR.DE,D,20190208,000000,6.053,6.066,6.035,6.043,29000,0
CEMR.DE,D,20190211,000000,6.066,6.093,6.066,6.081,12090,0
CEMR.DE,D,20190212,000000,6.11,6.11,6.088,6.088,8629,0
CEMR.DE,D,20190213,000000,6.11,6.123,6.103,6.122,326,0
CEMR.DE,D,20190214,000000,6.171,6.19,6.139,6.139,4974,0
CEMR.DE,D,20190215,000000,6.144,6.205,6.144,6.205,0,0
CEMR.DE,D,20190218,000000,6.215,6.219,6.208,6.217,13280,0
CEMR.DE,D,20190219,000000,6.22,6.22,6.2,6.212,3269,0
CEMR.DE,D,20190220,000000,6.205,6.23,6.205,6.222,4660,0
CEMR.DE,D,20190221,000000,6.229,6.229,6.213,6.213,0,0
CEMR.DE,D,20190222,000000,6.206,6.242,6.206,6.241,20,0
CEMR.DE,D,20190225,000000,6.271,6.271,6.233,6.246,446428,0
CEMR.DE,D,20190226,000000,6.234,6.272,6.233,6.272,50028,0
CEMR.DE,D,20190227,000000,6.244,6.245,6.23,6.245,163016,0
CEMR.DE,D,20190228,000000,6.218,6.244,6.214,6.235,36222,0
CEMR.DE,D,20190301,000000,6.265,6.274,6.249,6.265,23085,0
CEMR.DE,D,20190304,000000,6.299,6.301,6.287,6.292,5061,0
CEMR.DE,D,20190305,000000,6.279,6.311,6.278,6.311,15957,0
CEMR.DE,D,20190306,000000,6.313,6.32,6.307,6.307,1887,0
CEMR.DE,D,20190307,000000,6.293,6.315,6.293,6.315,1839,0
CEMR.DE,D,20190308,000000,6.281,6.288,6.273,6.273,48437,0
CEMR.DE,D,20190311,000000,6.292,6.315,6.273,6.315,20363,0
CEMR.DE,D,20190312,000000,6.329,6.329,6.298,6.308,8152,0
CEMR.DE,D,20190313,000000,6.306,6.354,6.306,6.354,69245,0
CEMR.DE,D,20190314,000000,6.376,6.404,6.37,6.404,140666,0
CEMR.DE,D,20190315,000000,6.395,6.434,6.395,6.434,161194,0
CEMR.DE,D,20190318,000000,6.438,6.45,6.424,6.45,227345,0
CEMR.DE,D,20190319,000000,6.458,6.5,6.458,6.476,614398,0
CEMR.DE,D,20190320,000000,6.452,6.471,6.44,6.44,1090715,0
CEMR.DE,D,20190321,000000,6.432,6.458,6.424,6.454,841801,0
CEMR.DE,D,20190322,000000,6.473,6.473,6.392,6.392,775514,0
CEMR.DE,D,20190325,000000,6.361,6.385,6.361,6.374,540278,0
CEMR.DE,D,20190326,000000,6.39,6.464,6.386,6.459,340018,0
CEMR.DE,D,20190327,000000,6.473,6.473,6.42,6.445,220868,0
CEMR.DE,D,20190328,000000,6.446,6.482,6.446,6.454,223435,0
CEMR.DE,D,20190329,000000,6.471,6.483,6.453,6.483,321740,0
CEMR.DE,D,20190401,000000,6.52,6.53,6.52,6.53,366148,0
CEMR.DE,D,20190402,000000,6.524,6.55,6.524,6.545,218168,0
CEMR.DE,D,20190403,000000,6.568,6.578,6.543,6.571,355115,0
CEMR.DE,D,20190404,000000,6.552,6.552,6.524,6.527,836178,0
CEMR.DE,D,20190405,000000,6.532,6.56,6.53,6.556,253086,0
CEMR.DE,D,20190408,000000,6.549,6.57,6.549,6.56,73529,0
CEMR.DE,D,20190409,000000,6.543,6.57,6.506,6.521,108382,0
CEMR.DE,D,20190410,000000,6.537,6.547,6.536,6.545,1165516,0
CEMR.DE,D,20190411,000000,6.544,6.561,6.52,6.528,1738301,0
CEMR.DE,D,20190412,000000,6.521,6.521,6.494,6.507,1689136,0
CEMR.DE,D,20190415,000000,6.498,6.512,6.487,6.504,442832,0
CEMR.DE,D,20190416,000000,6.511,6.518,6.503,6.511,661916,0
CEMR.DE,D,20190417,000000,6.493,6.493,6.465,6.483,1283967,0
CEMR.DE,D,20190418,000000,6.473,6.5,6.473,6.489,301639,0
CEMR.DE,D,20190423,000000,6.499,6.555,6.453,6.555,143732,0
CEMR.DE,D,20190424,000000,6.553,6.573,6.55,6.554,145329,0
CEMR.DE,D,20190425,000000,6.552,6.552,6.521,6.546,55235,0
CEMR.DE,D,20190426,000000,6.564,6.564,6.54,6.559,50609,0
CEMR.DE,D,20190429,000000,6.56,6.56,6.539,6.553,66352,0
CEMR.DE,D,20190430,000000,6.543,6.568,6.543,6.568,101588,0
CEMR.DE,D,20190502,000000,6.544,6.544,6.515,6.515,52519,0
CEMR.DE,D,20190503,000000,6.515,6.559,6.515,6.553,31912,0
CEMR.DE,D,20190506,000000,6.447,6.49,6.43,6.49,76588,0
CEMR.DE,D,20190507,000000,6.507,6.507,6.43,6.439,144674,0
CEMR.DE,D,20190508,000000,6.451,6.47,6.429,6.47,46430,0
CEMR.DE,D,20190509,000000,6.444,6.458,6.392,6.392,61273,0
CEMR.DE,D,20190510,000000,6.429,6.439,6.384,6.403,52356,0
CEMR.DE,D,20190513,000000,6.433,6.433,6.343,6.353,21608,0
CEMR.DE,D,20190514,000000,6.382,6.442,6.382,6.442,25718,0
CEMR.DE,D,20190515,000000,6.445,6.479,6.42,6.479,12317,0
CEMR.DE,D,20190516,000000,6.484,6.576,6.484,6.576,61151,0
CEMR.DE,D,20190517,000000,6.562,6.581,6.547,6.574,73113,0
CEMR.DE,D,20190520,000000,6.579,6.579,6.518,6.521,31768,0
CEMR.DE,D,20190521,000000,6.546,6.566,6.545,6.551,20914,0
CEMR.DE,D,20190522,000000,6.574,6.577,6.534,6.571,163485,0
CEMR.DE,D,20190523,000000,6.548,6.548,6.498,6.498,27147,0
CEMR.DE,D,20190524,000000,6.518,6.552,6.518,6.541,23476,0
CEMR.DE,D,20190527,000000,6.588,6.59,6.539,6.556,64394,0
CEMR.DE,D,20190528,000000,6.567,6.567,6.524,6.529,57223,0
CEMR.DE,D,20190529,000000,6.489,6.499,6.419,6.434,56132,0
CEMR.DE,D,20190530,000000,6.444,6.476,6.444,6.476,7170,0
CEMR.DE,D,20190531,000000,6.421,6.43,6.393,6.43,64935,0
CEMR.DE,D,20190603,000000,6.401,6.467,6.394,6.467,88442,0
CEMR.DE,D,20190604,000000,6.424,6.463,6.405,6.453,96078,0
CEMR.DE,D,20190605,000000,6.455,6.508,6.455,6.507,95244,0
CEMR.DE,D,20190606,000000,6.509,6.555,6.509,6.51,430001,0
CEMR.DE,D,20190607,000000,6.538,6.596,6.538,6.586,52441,0
CEMR.DE,D,20190611,000000,6.602,6.65,6.602,6.624,277353,0
CEMR.DE,D,20190612,000000,6.602,6.638,6.602,6.638,400521,0
CEMR.DE,D,20190613,000000,6.633,6.665,6.633,6.657,368287,0
CEMR.DE,D,20190614,000000,6.63,6.641,6.605,6.641,581609,0
CEMR.DE,D,20190617,000000,6.646,6.65,6.633,6.649,464980,0
CEMR.DE,D,20190618,000000,6.654,6.775,6.654,6.766,542090,0
CEMR.DE,D,20190619,000000,6.756,6.756,6.719,6.731,541179,0
CEMR.DE,D,20190620,000000,6.787,6.811,6.787,6.793,25178,0
CEMR.DE,D,20190621,000000,6.796,6.796,6.756,6.767,330433,0
CEMR.DE,D,20190624,000000,6.769,6.787,6.76,6.775,80665,0
CEMR.DE,D,20190625,000000,6.76,6.78,6.76,6.773,201844,0
CEMR.DE,D,20190626,000000,6.752,6.767,6.72,6.72,198490,0
CEMR.DE,D,20190627,000000,6.712,6.712,6.686,6.691,178809,0
CEMR.DE,D,20190628,000000,6.692,6.738,6.692,6.738,116565,0
CEMR.DE,D,20190701,000000,6.805,6.805,6.77,6.78,129170,0
CEMR.DE,D,20190702,000000,6.794,6.832,6.794,6.83,85835,0
CEMR.DE,D,20190703,000000,6.853,6.899,6.853,6.895,158739,0
CEMR.DE,D,20190704,000000,6.884,6.884,6.864,6.877,8750,0
CEMR.DE,D,20190705,000000,6.862,6.862,6.782,6.805,28909,0
CEMR.DE,D,20190708,000000,6.789,6.819,6.789,6.819,35235,0
CEMR.DE,D,20190709,000000,6.802,6.827,6.785,6.804,58958,0
CEMR.DE,D,20190710,000000,6.779,6.811,6.763,6.784,45423,0
CEMR.DE,D,20190711,000000,6.796,6.803,6.771,6.771,41396,0
CEMR.DE,D,20190712,000000,6.773,6.773,6.74,6.752,23544,0
CEMR.DE,D,20190715,000000,6.763,6.784,6.746,6.778,19397,0
CEMR.DE,D,20190716,000000,6.774,6.801,6.765,6.793,31517,0
CEMR.DE,D,20190717,000000,6.806,6.835,6.806,6.81,20681,0
CEMR.DE,D,20190718,000000,6.75,6.815,6.75,6.788,26499,0
CEMR.DE,D,20190719,000000,6.822,6.838,6.791,6.791,29745,0
CEMR.DE,D,20190722,000000,6.791,6.803,6.783,6.803,28117,0
CEMR.DE,D,20190723,000000,6.828,6.839,6.813,6.839,41710,0
CEMR.DE,D,20190724,000000,6.842,6.842,6.823,6.839,53502,0
CEMR.DE,D,20190725,000000,6.84,6.86,6.762,6.774,59149,0
CEMR.DE,D,20190726,000000,6.776,6.818,6.776,6.818,77431,0
CEMR.DE,D,20190729,000000,6.799,6.825,6.799,6.816,51233,0
CEMR.DE,D,20190730,000000,6.804,6.804,6.738,6.742,127079,0
CEMR.DE,D,20190731,000000,6.716,6.766,6.716,6.759,203343,0
CEMR.DE,D,20190801,000000,6.74,6.827,6.74,6.827,87145,0
CEMR.DE,D,20190802,000000,6.695,6.734,6.649,6.663,173361,0
CEMR.DE,D,20190805,000000,6.6,6.6,6.5,6.515,143171,0
CEMR.DE,D,20190806,000000,6.494,6.558,6.483,6.483,88015,0
CEMR.DE,D,20190807,000000,6.476,6.57,6.476,6.531,44986,0
CEMR.DE,D,20190808,000000,6.594,6.668,6.594,6.668,71184,0
CEMR.DE,D,20190809,000000,6.667,6.667,6.625,6.625,40446,0
CEMR.DE,D,20190812,000000,6.66,6.66,6.612,6.624,24516,0
CEMR.DE,D,20190813,000000,6.609,6.652,6.572,6.639,49236,0
CEMR.DE,D,20190814,000000,6.642,6.655,6.535,6.558,56064,0
CEMR.DE,D,20190815,000000,6.572,6.579,6.493,6.555,73245,0
CEMR.DE,D,20190816,000000,6.576,6.64,6.576,6.634,32757,0
CEMR.DE,D,20190819,000000,6.676,6.708,6.661,6.704,27872,0
CEMR.DE,D,20190820,000000,6.713,6.718,6.665,6.667,36701,0
CEMR.DE,D,20190821,000000,6.69,6.77,6.69,6.763,64655,0
CEMR.DE,D,20190822,000000,6.736,6.736,6.679,6.685,134586,0
CEMR.DE,D,20190823,000000,6.713,6.726,6.637,6.637,107827,0
CEMR.DE,D,20190826,000000,6.61,6.643,6.608,6.643,91145,0
CEMR.DE,D,20190827,000000,6.631,6.709,6.618,6.709,91732,0
CEMR.DE,D,20190828,000000,6.679,6.68,6.632,6.676,100817,0
CEMR.DE,D,20190829,000000,6.66,6.744,6.66,6.738,69588,0
CEMR.DE,D,20190830,000000,6.746,6.798,6.746,6.787,84325,0
CEMR.DE,D,20190902,000000,6.803,6.833,6.803,6.824,65366,0
CEMR.DE,D,20190903,000000,6.817,6.821,6.798,6.821,78553,0
CEMR.DE,D,20190904,000000,6.869,6.883,6.853,6.873,61961,0
CEMR.DE,D,20190905,000000,6.916,6.916,6.889,6.891,65036,0
CEMR.DE,D,20190906,000000,6.893,6.925,6.893,6.925,59536,0
CEMR.DE,D,20190909,000000,6.932,6.932,6.847,6.851,44581,0
CEMR.DE,D,20190910,000000,6.819,6.819,6.749,6.779,43872,0
CEMR.DE,D,20190911,000000,6.799,6.843,6.798,6.843,45461,0
CEMR.DE,D,20190912,000000,6.868,6.889,6.842,6.889,11180,0
CEMR.DE,D,20190913,000000,6.874,6.874,6.837,6.845,13610,0
CEMR.DE,D,20190916,000000,6.801,6.801,6.781,6.781,13868,0
CEMR.DE,D,20190917,000000,6.77,6.822,6.77,6.822,20800,0
CEMR.DE,D,20190918,000000,6.815,6.839,6.815,6.839,22345,0
CEMR.DE,D,20190919,000000,6.831,6.868,6.83,6.868,25282,0
CEMR.DE,D,20190920,000000,6.909,6.909,6.858,6.87,12392,0
CEMR.DE,D,20190923,000000,6.862,6.862,6.833,6.846,21525,0
CEMR.DE,D,20190924,000000,6.85,6.876,6.85,6.869,23415,0
CEMR.DE,D,20190925,000000,6.841,6.841,6.769,6.812,14560,0
CEMR.DE,D,20190926,000000,6.81,6.899,6.81,6.89,102336,0
CEMR.DE,D,20190927,000000,6.918,6.918,6.886,6.9,15904,0
CEMR.DE,D,20191001,000000,6.957,6.957,6.842,6.842,26376,0
CEMR.DE,D,20191002,000000,6.834,6.834,6.661,6.661,9201,0
CEMR.DE,D,20191004,000000,6.704,6.762,6.704,6.762,25620,0
CEMR.DE,D,20191007,000000,6.762,6.808,6.762,6.808,23353,0
CEMR.DE,D,20191008,000000,6.809,6.809,6.736,6.736,27926,0
CEMR.DE,D,20191009,000000,6.729,6.778,6.729,6.773,38625,0
CEMR.DE,D,20191010,000000,6.785,6.801,6.74,6.801,40103,0
CEMR.DE,D,20191011,000000,6.825,6.897,6.82,6.897,68284,0
CEMR.DE,D,20191014,000000,6.864,6.869,6.841,6.869,198695,0
CEMR.DE,D,20191015,000000,6.906,6.915,6.889,6.907,69190,0
CEMR.DE,D,20191016,000000,6.921,6.921,6.87,6.883,40834,0
CEMR.DE,D,20191017,000000,6.882,6.92,6.878,6.878,19557,0
CEMR.DE,D,20191018,000000,6.881,6.881,6.852,6.852,30850,0
CEMR.DE,D,20191021,000000,6.869,6.869,6.84,6.865,38578,0
CEMR.DE,D,20191022,000000,6.865,6.884,6.84,6.882,54475,0
CEMR.DE,D,20191023,000000,6.849,6.873,6.841,6.858,53493,0
CEMR.DE,D,20191024,000000,6.876,6.911,6.876,6.911,47767,0
CEMR.DE,D,20191025,000000,6.922,6.942,6.906,6.942,46219,0
CEMR.DE,D,20191028,000000,6.934,6.975,6.931,6.962,88159,0
CEMR.DE,D,20191029,000000,6.952,6.964,6.943,6.964,85295,0
CEMR.DE,D,20191030,000000,6.96,7.015,6.96,7.015,79875,0
CEMR.DE,D,20191031,000000,7.031,7.04,6.988,6.988,127360,0
CEMR.DE,D,20191101,000000,7.015,7.037,7.003,7.023,7051,0
CEMR.DE,D,20191104,000000,7.039,7.073,7.025,7.063,348663,0
CEMR.DE,D,20191105,000000,7.046,7.053,7.039,7.053,615591,0
CEMR.DE,D,20191106,000000,7.04,7.095,7.033,7.095,347658,0
CEMR.DE,D,20191107,000000,7.12,7.122,7.079,7.089,264037,0
CEMR.DE,D,20191108,000000,7.067,7.093,7.067,7.092,242707,0
CEMR.DE,D,20191111,000000,7.081,7.102,7.061,7.092,277501,0
CEMR.DE,D,20191112,000000,7.108,7.13,7.096,7.119,265089,0
CEMR.DE,D,20191113,000000,7.115,7.135,7.108,7.135,262450,0
CEMR.DE,D,20191114,000000,7.148,7.148,7.114,7.114,82868,0
CEMR.DE,D,20191115,000000,7.151,7.151,7.123,7.139,132670,0
CEMR.DE,D,20191118,000000,7.137,7.149,7.127,7.147,243709,0
CEMR.DE,D,20191119,000000,7.158,7.181,7.137,7.15,154639,0
CEMR.DE,D,20191120,000000,7.118,7.138,7.117,7.13,99711,0
CEMR.DE,D,20191121,000000,7.086,7.093,7.082,7.091,146819,0
CEMR.DE,D,20191122,000000,7.1,7.125,7.1,7.107,253417,0
CEMR.DE,D,20191125,000000,7.138,7.175,7.138,7.174,59679,0
CEMR.DE,D,20191126,000000,7.168,7.218,7.168,7.206,68610,0
CEMR.DE,D,20191127,000000,7.229,7.229,7.199,7.219,98027,0
CEMR.DE,D,20191128,000000,7.223,7.223,7.19,7.199,111254,0
CEMR.DE,D,20191129,000000,7.177,7.22,7.177,7.19,8977,0
CEMR.DE,D,20191202,000000,7.211,7.22,7.041,7.043,82032,0
CEMR.DE,D,20191203,000000,7.068,7.09,7.01,7.023,17620,0
CEMR.DE,D,20191204,000000,7.038,7.105,7.038,7.1,223491,0
CEMR.DE,D,20191205,000000,7.118,7.15,7.092,7.092,110811,0
CEMR.DE,D,20191206,000000,7.108,7.178,7.108,7.178,34490,0
CEMR.DE,D,20191209,000000,7.175,7.175,7.149,7.152,104543,0
CEMR.DE,D,20191210,000000,7.136,7.151,7.083,7.151,148914,0
CEMR.DE,D,20191211,000000,7.16,7.178,7.136,7.172,96981,0
CEMR.DE,D,20191212,000000,7.19,7.201,7.151,7.166,142076,0
CEMR.DE,D,20191213,000000,7.207,7.24,7.201,7.211,125207,0
CEMR.DE,D,20191216,000000,7.236,7.306,7.236,7.296,117421,0
CEMR.DE,D,20191217,000000,7.287,7.287,7.275,7.279,198816,0
CEMR.DE,D,20191218,000000,7.282,7.299,7.265,7.265,312788,0
CEMR.DE,D,20191219,000000,7.278,7.289,7.262,7.289,390952,0
CEMR.DE,D,20191220,000000,7.319,7.383,7.315,7.383,213124,0
CEMR.DE,D,20191223,000000,7.392,7.403,7.377,7.389,163568,0
CEMR.DE,D,20191227,000000,7.409,7.436,7.403,7.416,513391,0
CEMR.DE,D,20191230,000000,7.401,7.401,7.37,7.382,140904,0
CEMR.DE,D,20200102,000000,7.379,7.433,7.379,7.408,4197,0
CEMR.DE,D,20200103,000000,7.373,7.39,7.329,7.385,305392,0
CEMR.DE,D,20200106,000000,7.343,7.343,7.289,7.343,3728,0
CEMR.DE,D,20200107,000000,7.378,7.411,7.354,7.363,854263,0
CEMR.DE,D,20200108,000000,7.337,7.391,7.335,7.391,61292,0
CEMR.DE,D,20200109,000000,7.432,7.445,7.426,7.426,1048753,0
CEMR.DE,D,20200110,000000,7.459,7.459,7.429,7.429,150715,0
CEMR.DE,D,20200113,000000,7.437,7.46,7.422,7.43,668978,0
CEMR.DE,D,20200114,000000,7.434,7.472,7.39,7.468,263289,0
CEMR.DE,D,20200115,000000,7.499,7.517,7.482,7.517,286694,0
CEMR.DE,D,20200116,000000,7.551,7.551,7.522,7.532,593580,0
CEMR.DE,D,20200117,000000,7.581,7.635,7.581,7.627,142375,0
CEMR.DE,D,20200120,000000,7.631,7.639,7.619,7.628,171826,0
CEMR.DE,D,20200121,000000,7.587,7.631,7.573,7.631,290268,0
CEMR.DE,D,20200122,000000,7.656,7.691,7.638,7.638,447016,0
CEMR.DE,D,20200123,000000,7.621,7.639,7.606,7.606,194385,0
CEMR.DE,D,20200124,000000,7.646,7.708,7.646,7.686,223327,0
CEMR.DE,D,20200127,000000,7.596,7.596,7.512,7.518,262120,0
CEMR.DE,D,20200128,000000,7.549,7.596,7.493,7.596,339458,0
CEMR.DE,D,20200129,000000,7.587,7.636,7.587,7.632,347422,0
CEMR.DE,D,20200130,000000,7.561,7.6,7.55,7.572,124404,0
CEMR.DE,D,20200131,000000,7.591,7.591,7.48,7.48,270002,0
CEMR.DE,D,20200203,000000,7.517,7.541,7.499,7.521,284659,0
CEMR.DE,D,20200204,000000,7.551,7.639,7.551,7.639,360389,0
CEMR.DE,D,20200205,000000,7.707,7.74,7.707,7.732,311323,0
CEMR.DE,D,20200206,000000,7.772,7.781,7.743,7.774,67387,0
CEMR.DE,D,20200207,000000,7.772,7.788,7.763,7.772,77000,0
CEMR.DE,D,20200210,000000,7.761,7.79,7.756,7.79,285810,0
CEMR.DE,D,20200211,000000,7.837,7.86,7.826,7.855,242546,0
CEMR.DE,D,20200212,000000,7.851,7.862,7.835,7.862,155567,0
CEMR.DE,D,20200213,000000,7.85,7.888,7.82,7.888,251608,0
CEMR.DE,D,20200214,000000,7.88,7.905,7.88,7.889,88689,0
CEMR.DE,D,20200217,000000,7.915,7.92,7.887,7.913,270822,0
CEMR.DE,D,20200218,000000,7.858,7.931,7.858,7.921,333729,0
CEMR.DE,D,20200219,000000,7.946,8.016,7.946,8.015,204773,0
CEMR.DE,D,20200220,000000,8.018,8.018,7.925,7.925,235804,0
CEMR.DE,D,20200221,000000,7.903,7.964,7.879,7.917,202704,0
CEMR.DE,D,20200224,000000,7.746,7.746,7.605,7.624,287607,0
CEMR.DE,D,20200225,000000,7.676,7.676,7.47,7.47,376917,0
CEMR.DE,D,20200226,000000,7.41,7.531,7.299,7.501,406608,0
CEMR.DE,D,20200227,000000,7.372,7.422,7.25,7.261,127165,0
CEMR.DE,D,20200228,000000,7.055,7.075,6.936,7.01,528289,0
CEMR.DE,D,20200302,000000,7.1,7.102,6.956,7.071,525545,0
CEMR.DE,D,20200303,000000,7.212,7.335,7.18,7.22,335941,0
CEMR.DE,D,20200304,000000,7.217,7.365,7.201,7.362,298461,0
CEMR.DE,D,20200305,000000,7.416,7.416,7.251,7.279,225024,0
CEMR.DE,D,20200306,000000,7.161,7.165,6.964,7.005,201198,0
CEMR.DE,D,20200309,000000,7.141,7.141,6.519,6.529,994014,0
CEMR.DE,D,20200310,000000,6.682,6.795,6.461,6.461,431722,0
CEMR.DE,D,20200311,000000,6.595,6.595,6.403,6.412,147375,0
CEMR.DE,D,20200312,000000,6.053,6.134,5.717,5.717,171710,0
CEMR.DE,D,20200313,000000,5.854,6.206,5.731,5.826,814823,0
CEMR.DE,D,20200316,000000,5.61,5.704,5.299,5.654,2028644,0
CEMR.DE,D,20200317,000000,5.846,5.846,5.44,5.741,1867408,0
CEMR.DE,D,20200318,000000,5.62,5.62,5.445,5.468,3473915,0
CEMR.DE,D,20200319,000000,5.574,5.717,5.487,5.717,67742,0
CEMR.DE,D,20200320,000000,5.959,6.019,5.818,5.818,145038,0
CEMR.DE,D,20200323,000000,5.527,5.754,5.524,5.566,65829,0
CEMR.DE,D,20200324,000000,5.824,5.99,5.779,5.99,221228,0
CEMR.DE,D,20200325,000000,6.168,6.264,5.96,6.17,1867006,0
CEMR.DE,D,20200326,000000,6.099,6.331,6.04,6.331,652503,0
CEMR.DE,D,20200327,000000,6.244,6.244,6.117,6.171,772816,0
CEMR.DE,D,20200330,000000,6.214,6.284,6.1,6.284,122497,0
CEMR.DE,D,20200331,000000,6.387,6.416,6.28,6.357,437755,0
CEMR.DE,D,20200401,000000,6.193,6.193,6.103,6.145,69369,0
CEMR.DE,D,20200402,000000,6.187,6.187,6.024,6.123,33523,0
CEMR.DE,D,20200403,000000,6.122,6.122,6.066,6.085,52460,0
CEMR.DE,D,20200406,000000,6.276,6.311,6.23,6.308,84885,0
CEMR.DE,D,20200407,000000,6.46,6.493,6.35,6.408,574363,0
CEMR.DE,D,20200408,000000,6.348,6.431,6.335,6.431,406602,0
CEMR.DE,D,20200409,000000,6.475,6.53,6.4,6.505,1374196,0
CEMR.DE,D,20200414,000000,6.572,6.604,6.536,6.56,223495,0
CEMR.DE,D,20200415,000000,6.579,6.579,6.388,6.388,90018,0
CEMR.DE,D,20200416,000000,6.462,6.488,6.44,6.461,189294,0
CEMR.DE,D,20200417,000000,6.629,6.666,6.593,6.618,239675,0
CEMR.DE,D,20200420,000000,6.646,6.668,6.574,6.668,79633,0
CEMR.DE,D,20200421,000000,6.593,6.593,6.449,6.449,92849,0
CEMR.DE,D,20200422,000000,6.527,6.575,6.508,6.575,392617,0
CEMR.DE,D,20200423,000000,6.629,6.669,6.57,6.637,143513,0
CEMR.DE,D,20200424,000000,6.55,6.626,6.534,6.601,169070,0
CEMR.DE,D,20200427,000000,6.722,6.722,6.675,6.706,191053,0
CEMR.DE,D,20200428,000000,6.725,6.843,6.714,6.815,139038,0
CEMR.DE,D,20200429,000000,6.806,6.88,6.771,6.88,37486,0
CEMR.DE,D,20200430,000000,6.92,6.92,6.759,6.772,34194,0
CEMR.DE,D,20200504,000000,6.634,6.654,6.595,6.629,101183,0
CEMR.DE,D,20200505,000000,6.706,6.76,6.663,6.76,62534,0
CEMR.DE,D,20200506,000000,6.782,6.785,6.751,6.766,86714,0
CEMR.DE,D,20200507,000000,6.795,6.838,6.781,6.826,159689,0
CEMR.DE,D,20200508,000000,6.878,6.892,6.853,6.88,21781,0
CEMR.DE,D,20200511,000000,6.887,6.894,6.81,6.875,23751,0
CEMR.DE,D,20200512,000000,6.868,6.921,6.868,6.921,14723,0
CEMR.DE,D,20200513,000000,6.856,6.904,6.834,6.867,49146,0
CEMR.DE,D,20200514,000000,6.82,6.822,6.674,6.739,33969,0
CEMR.DE,D,20200515,000000,6.802,6.802,6.728,6.736,59458,0
CEMR.DE,D,20200518,000000,6.845,6.934,6.824,6.934,16591,0
CEMR.DE,D,20200519,000000,6.924,6.926,6.855,6.905,105378,0
CEMR.DE,D,20200520,000000,6.893,7.023,6.893,7.023,56471,0
CEMR.DE,D,20200521,000000,6.943,7.026,6.936,6.975,113804,0
CEMR.DE,D,20200522,000000,6.925,6.982,6.893,6.981,74578,0
CEMR.DE,D,20200525,000000,7.026,7.112,7.006,7.112,27362,0
CEMR.DE,D,20200526,000000,7.157,7.157,7.064,7.069,43522,0
CEMR.DE,D,20200527,000000,7.069,7.069,6.937,6.968,45230,0
CEMR.DE,D,20200528,000000,7.02,7.147,7.012,7.141,52543,0
CEMR.DE,D,20200529,000000,7.121,7.178,7.089,7.114,120250,0
CEMR.DE,D,20200602,000000,7.207,7.207,7.143,7.168,130525,0
CEMR.DE,D,20200603,000000,7.187,7.256,7.174,7.254,36897,0
CEMR.DE,D,20200604,000000,7.279,7.292,7.206,7.206,41041,0
CEMR.DE,D,20200605,000000,7.237,7.245,7.192,7.233,63925,0
CEMR.DE,D,20200608,000000,7.128,7.13,7.092,7.122,102180,0
CEMR.DE,D,20200609,000000,7.139,7.182,7.1,7.133,75588,0
CEMR.DE,D,20200610,000000,7.185,7.202,7.151,7.176,223273,0
CEMR.DE,D,20200611,000000,7.121,7.123,7.011,7.011,36363,0
CEMR.DE,D,20200612,000000,6.983,7.066,6.962,7.037,134760,0
CEMR.DE,D,20200615,000000,6.905,7.05,6.879,7.033,97092,0
CEMR.DE,D,20200616,000000,7.122,7.22,7.122,7.193,45305,0
CEMR.DE,D,20200617,000000,7.208,7.308,7.208,7.298,198500,0
CEMR.DE,D,20200618,000000,7.293,7.293,7.22,7.248,21232,0
CEMR.DE,D,20200619,000000,7.306,7.348,7.306,7.317,31443,0
CEMR.DE,D,20200622,000000,7.3,7.355,7.292,7.305,74512,0
CEMR.DE,D,20200623,000000,7.35,7.377,7.331,7.376,88332,0
CEMR.DE,D,20200624,000000,7.349,7.349,7.215,7.215,176724,0
CEMR.DE,D,20200625,000000,7.193,7.301,7.176,7.301,138766,0
CEMR.DE,D,20200626,000000,7.342,7.359,7.272,7.272,32315,0
CEMR.DE,D,20200629,000000,7.282,7.297,7.266,7.282,21649,0
CEMR.DE,D,20200630,000000,7.3,7.323,7.277,7.304,34691,0
CEMR.DE,D,20200701,000000,7.349,7.365,7.272,7.353,159017,0
CEMR.DE,D,20200702,000000,7.408,7.464,7.381,7.464,211889,0
CEMR.DE,D,20200703,000000,7.478,7.503,7.419,7.443,403533,0
CEMR.DE,D,20200706,000000,7.541,7.541,7.471,7.528,602246,0
CEMR.DE,D,20200707,000000,7.49,7.52,7.44,7.52,366221,0
CEMR.DE,D,20200708,000000,7.476,7.53,7.476,7.514,489134,0
CEMR.DE,D,20200709,000000,7.548,7.572,7.483,7.496,263425,0
CEMR.DE,D,20200710,000000,7.478,7.561,7.478,7.532,292016,0
CEMR.DE,D,20200713,000000,7.575,7.6,7.53,7.6,417131,0
CEMR.DE,D,20200714,000000,7.487,7.499,7.43,7.499,327157,0
CEMR.DE,D,20200715,000000,7.569,7.632,7.537,7.608,397515,0
CEMR.DE,D,20200716,000000,7.571,7.618,7.551,7.6,260972,0
CEMR.DE,D,20200717,000000,7.639,7.664,7.639,7.659,688646,0
CEMR.DE,D,20200720,000000,7.679,7.771,7.638,7.765,798382,0
CEMR.DE,D,20200721,000000,7.819,7.831,7.73,7.743,815773,0
CEMR.DE,D,20200722,000000,7.709,7.71,7.665,7.681,813350,0
CEMR.DE,D,20200723,000000,7.71,7.71,7.682,7.688,925333,0
CEMR.DE,D,20200724,000000,7.557,7.558,7.48,7.514,871089,0
CEMR.DE,D,20200727,000000,7.527,7.547,7.501,7.526,1033734,0
CEMR.DE,D,20200728,000000,7.549,7.563,7.505,7.56,698170,0
CEMR.DE,D,20200729,000000,7.556,7.579,7.534,7.562,579600,0
CEMR.DE,D,20200730,000000,7.561,7.561,7.4,7.466,772590,0
CEMR.DE,D,20200731,000000,7.476,7.533,7.395,7.395,507617,0
CEMR.DE,D,20200803,000000,7.436,7.576,7.421,7.568,74852,0
CEMR.DE,D,20200804,000000,7.605,7.605,7.47,7.485,104627,0
CEMR.DE,D,20200805,000000,7.524,7.533,7.485,7.485,118746,0
CEMR.DE,D,20200806,000000,7.487,7.509,7.449,7.449,31692,0
CEMR.DE,D,20200807,000000,7.452,7.514,7.446,7.508,168592,0
CEMR.DE,D,20200810,000000,7.509,7.509,7.436,7.454,247669,0
CEMR.DE,D,20200811,000000,7.493,7.555,7.492,7.504,84602,0
CEMR.DE,D,20200812,000000,7.486,7.616,7.486,7.616,194933,0
CEMR.DE,D,20200813,000000,7.625,7.625,7.598,7.623,183042,0
CEMR.DE,D,20200814,000000,7.603,7.603,7.5,7.521,238975,0
CEMR.DE,D,20200817,000000,7.536,7.596,7.524,7.596,240408,0
CEMR.DE,D,20200818,000000,7.573,7.614,7.546,7.558,187676,0
CEMR.DE,D,20200819,000000,7.552,7.597,7.541,7.594,144182,0
CEMR.DE,D,20200820,000000,7.51,7.555,7.509,7.542,154843,0
CEMR.DE,D,20200821,000000,7.561,7.563,7.492,7.541,52505,0
CEMR.DE,D,20200824,000000,7.631,7.682,7.622,7.622,68301,0
CEMR.DE,D,20200825,000000,7.648,7.671,7.617,7.617,66968,0
CEMR.DE,D,20200826,000000,7.606,7.696,7.598,7.696,34488,0
CEMR.DE,D,20200827,000000,7.711,7.711,7.621,7.621,99338,0
CEMR.DE,D,20200828,000000,7.613,7.613,7.536,7.552,57028,0
CEMR.DE,D,20200831,000000,7.604,7.604,7.521,7.535,84974,0
CEMR.DE,D,20200901,000000,7.604,7.614,7.516,7.539,55272,0
CEMR.DE,D,20200902,000000,7.583,7.694,7.583,7.664,58911,0
CEMR.DE,D,20200903,000000,7.737,7.737,7.469,7.469,72952,0
CEMR.DE,D,20200904,000000,7.396,7.5,7.293,7.344,70246,0
CEMR.DE,D,20200907,000000,7.389,7.481,7.381,7.476,190007,0
CEMR.DE,D,20200908,000000,7.495,7.495,7.315,7.388,131581,0
CEMR.DE,D,20200909,000000,7.428,7.55,7.427,7.544,109662,0
CEMR.DE,D,20200910,000000,7.548,7.553,7.48,7.485,136665,0
CEMR.DE,D,20200911,000000,7.496,7.528,7.489,7.521,110813,0
CEMR.DE,D,20200914,000000,7.57,7.579,7.508,7.53,71430,0
CEMR.DE,D,20200915,000000,7.551,7.634,7.535,7.613,27547,0
CEMR.DE,D,20200916,000000,7.641,7.669,7.629,7.65,36479,0
CEMR.DE,D,20200917,000000,7.568,7.637,7.568,7.619,351985,0
CEMR.DE,D,20200918,000000,7.641,7.69,7.641,7.655,78778,0
CEMR.DE,D,20200921,000000,7.626,7.626,7.463,7.501,68840,0
CEMR.DE,D,20200922,000000,7.563,7.58,7.508,7.51,66231,0
CEMR.DE,D,20200923,000000,7.548,7.614,7.548,7.608,138392,0
CEMR.DE,D,20200924,000000,7.527,7.555,7.49,7.534,57094,0
CEMR.DE,D,20200925,000000,7.523,7.549,7.441,7.549,52529,0
CEMR.DE,D,20200928,000000,7.64,7.653,7.61,7.647,67443,0
CEMR.DE,D,20200929,000000,7.643,7.672,7.636,7.659,43842,0
CEMR.DE,D,20200930,000000,7.645,7.645,7.606,7.606,87803,0
CEMR.DE,D,20201001,000000,7.666,7.693,7.65,7.679,31611,0
CEMR.DE,D,20201002,000000,7.624,7.688,7.619,7.688,64629,0
CEMR.DE,D,20201005,000000,7.743,7.743,7.688,7.727,66824,0
CEMR.DE,D,20201006,000000,7.731,7.731,7.653,7.653,50464,0
CEMR.DE,D,20201007,000000,7.677,7.697,7.65,7.66,39714,0
CEMR.DE,D,20201008,000000,7.718,7.725,7.664,7.697,86803,0
CEMR.DE,D,20201009,000000,7.734,7.771,7.7,7.771,103824,0
CEMR.DE,D,20201012,000000,7.787,7.88,7.785,7.876,66349,0
CEMR.DE,D,20201013,000000,7.888,7.906,7.845,7.887,53029,0
CEMR.DE,D,20201014,000000,7.883,7.904,7.869,7.869,96356,0
CEMR.DE,D,20201015,000000,7.784,7.784,7.698,7.726,136112,0
CEMR.DE,D,20201016,000000,7.783,7.854,7.779,7.822,52393,0
CEMR.DE,D,20201019,000000,7.869,7.878,7.765,7.778,121525,0
CEMR.DE,D,20201020,000000,7.772,7.799,7.714,7.714,133566,0
CEMR.DE,D,20201021,000000,7.722,7.722,7.615,7.634,219210,0
CEMR.DE,D,20201022,000000,7.604,7.631,7.55,7.598,73245,0
CEMR.DE,D,20201023,000000,7.587,7.644,7.587,7.604,50870,0
CEMR.DE,D,20201026,000000,7.542,7.602,7.527,7.527,87034,0
CEMR.DE,D,20201027,000000,7.527,7.57,7.514,7.523,108123,0
CEMR.DE,D,20201028,000000,7.472,7.475,7.333,7.365,163548,0
CEMR.DE,D,20201029,000000,7.384,7.431,7.336,7.39,169874,0
CEMR.DE,D,20201030,000000,7.323,7.385,7.318,7.351,52136,0
CEMR.DE,D,20201102,000000,7.368,7.438,7.36,7.425,73536,0
CEMR.DE,D,20201103,000000,7.464,7.538,7.457,7.538,67020,0
CEMR.DE,D,20201104,000000,7.538,7.815,7.538,7.815,56326,0
CEMR.DE,D,20201105,000000,7.895,7.932,7.889,7.919,106705,0
CEMR.DE,D,20201106,000000,7.903,7.923,7.835,7.908,147768,0
CEMR.DE,D,20201109,000000,8.015,8.072,7.813,7.853,185221,0
CEMR.DE,D,20201110,000000,7.832,7.85,7.71,7.757,84789,0
CEMR.DE,D,20201111,000000,7.761,7.934,7.738,7.933,86612,0
CEMR.DE,D,20201112,000000,7.925,7.979,7.899,7.914,77428,0
CEMR.DE,D,20201113,000000,7.939,7.939,7.877,7.877,40478,0
CEMR.DE,D,20201116,000000,7.887,7.887,7.823,7.843,83904,0
CEMR.DE,D,20201117,000000,7.853,7.869,7.779,7.789,34144,0
CEMR.DE,D,20201118,000000,7.779,7.855,7.776,7.824,101989,0
CEMR.DE,D,20201119,000000,7.806,7.827,7.796,7.822,26497,0
CEMR.DE,D,20201120,000000,7.831,7.919,7.831,7.919,45757,0
CEMR.DE,D,20201123,000000,7.901,7.903,7.796,7.796,55552,0
CEMR.DE,D,20201124,000000,7.821,7.828,7.708,7.726,45911,0
CEMR.DE,D,20201125,000000,7.713,7.754,7.713,7.735,39495,0
CEMR.DE,D,20201126,000000,7.768,7.796,7.764,7.764,192211,0
CEMR.DE,D,20201127,000000,7.777,7.826,7.767,7.819,159425,0
CEMR.DE,D,20201130,000000,7.833,7.899,7.813,7.813,126810,0
CEMR.DE,D,20201201,000000,7.846,7.848,7.78,7.791,99536,0
CEMR.DE,D,20201202,000000,7.762,7.821,7.738,7.743,71736,0
CEMR.DE,D,20201203,000000,7.753,7.755,7.71,7.723,55121,0
CEMR.DE,D,20201204,000000,7.743,7.743,7.689,7.733,34558,0
CEMR.DE,D,20201207,000000,7.757,7.757,7.713,7.754,207707,0
CEMR.DE,D,20201208,000000,7.767,7.812,7.754,7.811,38396,0
CEMR.DE,D,20201209,000000,7.83,7.83,7.783,7.807,90948,0
CEMR.DE,D,20201210,000000,7.812,7.82,7.791,7.791,39022,0
CEMR.DE,D,20201211,000000,7.772,7.813,7.734,7.796,1355993,0
CEMR.DE,D,20201214,000000,7.86,7.876,7.816,7.848,115099,0
CEMR.DE,D,20201215,000000,7.857,7.866,7.827,7.855,169292,0
CEMR.DE,D,20201216,000000,7.884,7.925,7.883,7.925,127559,0
CEMR.DE,D,20201217,000000,7.982,8,7.96,7.969,231943,0
CEMR.DE,D,20201218,000000,7.982,8.026,7.982,8,297154,0
CEMR.DE,D,20201221,000000,7.941,7.952,7.84,7.907,307242,0
CEMR.DE,D,20201222,000000,7.939,7.995,7.939,7.987,340244,0
CEMR.DE,D,20201223,000000,8.022,8.022,7.981,8.005,148733,0
CEMR.DE,D,20201228,000000,8.073,8.13,8.03,8.12,175626,0
CEMR.DE,D,20201229,000000,8.176,8.188,8.15,8.164,146755,0
CEMR.DE,D,20201230,000000,8.189,8.197,8.17,8.175,41479,0
CEMR.DE,D,20210104,000000,8.241,8.289,8.21,8.247,162412,0
CEMR.DE,D,20210105,000000,8.249,8.263,8.194,8.226,63954,0
CEMR.DE,D,20210106,000000,8.237,8.264,8.182,8.235,138362,0
CEMR.DE,D,20210107,000000,8.272,8.3,8.255,8.291,149287,0
CEMR.DE,D,20210108,000000,8.379,8.415,8.362,8.402,97543,0
CEMR.DE,D,20210111,000000,8.405,8.405,8.295,8.33,140363,0
CEMR.DE,D,20210112,000000,8.352,8.359,8.28,8.29,156062,0
CEMR.DE,D,20210113,000000,8.271,8.335,8.271,8.321,77814,0
CEMR.DE,D,20210114,000000,8.353,8.36,8.314,8.351,85979,0
CEMR.DE,D,20210115,000000,8.312,8.322,8.196,8.227,107385,0
CEMR.DE,D,20210118,000000,8.224,8.269,8.224,8.253,119695,0
CEMR.DE,D,20210119,000000,8.295,8.295,8.23,8.254,130113,0
CEMR.DE,D,20210120,000000,8.293,8.352,8.285,8.336,46277,0
CEMR.DE,D,20210121,000000,8.416,8.444,8.4,8.429,143096,0
CEMR.DE,D,20210122,000000,8.43,8.43,8.349,8.422,185094,0
CEMR.DE,D,20210125,000000,8.487,8.488,8.391,8.401,169420,0
CEMR.DE,D,20210126,000000,8.396,8.46,8.387,8.387,60586,0
CEMR.DE,D,20210127,000000,8.343,8.359,8.136,8.228,305345,0
CEMR.DE,D,20210128,000000,8.11,8.282,8.037,8.268,49897,0
CEMR.DE,D,20210129,000000,8.167,8.239,8.122,8.132,149549,0
CEMR.DE,D,20210201,000000,8.249,8.306,8.225,8.303,58395,0
CEMR.DE,D,20210202,000000,8.375,8.409,8.371,8.409,41571,0
CEMR.DE,D,20210203,000000,8.476,8.476,8.417,8.441,116288,0
CEMR.DE,D,20210204,000000,8.448,8.474,8.397,8.453,53781,0
CEMR.DE,D,20210205,000000,8.471,8.474,8.418,8.436,51199,0
CEMR.DE,D,20210208,000000,8.458,8.48,8.44,8.448,196362,0
CEMR.DE,D,20210209,000000,8.449,8.452,8.393,8.441,290740,0
CEMR.DE,D,20210210,000000,8.455,8.468,8.357,8.391,161893,0
CEMR.DE,D,20210211,000000,8.404,8.529,8.404,8.529,156761,0
CEMR.DE,D,20210212,000000,8.532,8.625,8.524,8.625,179393,0
CEMR.DE,D,20210215,000000,8.66,8.663,8.623,8.646,167541,0
CEMR.DE,D,20210216,000000,8.651,8.683,8.651,8.657,152367,0
CEMR.DE,D,20210217,000000,8.605,8.638,8.545,8.545,124902,0
CEMR.DE,D,20210218,000000,8.592,8.592,8.481,8.494,243167,0
CEMR.DE,D,20210219,000000,8.528,8.56,8.496,8.549,119383,0
CEMR.DE,D,20210222,000000,8.462,8.462,8.413,8.419,104269,0
CEMR.DE,D,20210223,000000,8.41,8.41,8.116,8.262,91352,0
CEMR.DE,D,20210224,000000,8.273,8.307,8.22,8.25,52528,0
CEMR.DE,D,20210225,000000,8.318,8.319,8.222,8.222,41706,0
CEMR.DE,D,20210226,000000,8.094,8.205,8.085,8.142,144660,0
CEMR.DE,D,20210301,000000,8.279,8.283,8.206,8.283,153107,0
CEMR.DE,D,20210302,000000,8.273,8.344,8.269,8.269,135111,0
CEMR.DE,D,20210303,000000,8.3,8.3,8.146,8.19,51757,0
CEMR.DE,D,20210304,000000,8.144,8.151,8.052,8.073,107940,0
CEMR.DE,D,20210305,000000,8.002,8.055,7.924,7.924,93312,0
CEMR.DE,D,20210308,000000,7.955,8.072,7.899,8.06,317954,0
CEMR.DE,D,20210309,000000,8.05,8.256,8.029,8.231,106465,0
CEMR.DE,D,20210310,000000,8.214,8.288,8.195,8.25,111672,0
CEMR.DE,D,20210311,000000,8.307,8.411,8.307,8.409,110275,0
CEMR.DE,D,20210312,000000,8.336,8.37,8.3,8.315,63932,0
CEMR.DE,D,20210315,000000,8.352,8.378,8.32,8.347,99557,0
CEMR.DE,D,20210316,000000,8.385,8.476,8.369,8.462,56141,0
CEMR.DE,D,20210317,000000,8.456,8.456,8.348,8.367,76809,0
CEMR.DE,D,20210318,000000,8.408,8.412,8.355,8.383,239723,0
CEMR.DE,D,20210319,000000,8.332,8.392,8.331,8.358,99924,0
CEMR.DE,D,20210322,000000,8.359,8.45,8.359,8.45,50649,0
CEMR.DE,D,20210323,000000,8.44,8.502,8.418,8.459,84876,0
CEMR.DE,D,20210324,000000,8.451,8.526,8.421,8.421,129749,0
CEMR.DE,D,20210325,000000,8.376,8.438,8.351,8.422,259292,0
CEMR.DE,D,20210326,000000,8.467,8.531,8.467,8.531,78207,0
CEMR.DE,D,20210329,000000,8.573,8.573,8.514,8.52,179185,0
CEMR.DE,D,20210330,000000,8.539,8.566,8.51,8.557,82408,0
CEMR.DE,D,20210331,000000,8.552,8.639,8.552,8.616,132244,0
CEMR.DE,D,20210401,000000,8.682,8.732,8.662,8.716,63442,0
CEMR.DE,D,20210406,000000,8.801,8.801,8.732,8.753,148186,0
CEMR.DE,D,20210407,000000,8.744,8.744,8.69,8.693,101263,0
CEMR.DE,D,20210408,000000,8.739,8.814,8.739,8.814,80424,0
CEMR.DE,D,20210409,000000,8.817,8.863,8.8,8.854,124269,0
CEMR.DE,D,20210412,000000,8.843,8.87,8.771,8.772,191965,0
CEMR.DE,D,20210413,000000,8.796,8.859,8.796,8.852,85892,0
CEMR.DE,D,20210414,000000,8.874,8.882,8.836,8.836,1128113,0
CEMR.DE,D,20210415,000000,8.864,8.922,8.864,8.92,135929,0
CEMR.DE,D,20210416,000000,8.937,9.037,8.93,9.037,145195,0
CEMR.DE,D,20210419,000000,9.045,9.072,8.973,8.979,434634,0
CEMR.DE,D,20210420,000000,8.984,8.99,8.855,8.855,740813,0
CEMR.DE,D,20210421,000000,8.925,8.93,8.869,8.927,391480,0
CEMR.DE,D,20210422,000000,8.959,9.054,8.959,9.054,83887,0
CEMR.DE,D,20210423,000000,9.044,9.07,9.011,9.07,319693,0
CEMR.DE,D,20210426,000000,9.077,9.094,9.045,9.051,93475,0
CEMR.DE,D,20210427,000000,9.102,9.115,9.062,9.106,49628,0
CEMR.DE,D,20210428,000000,9.107,9.107,9.029,9.041,53740,0
CEMR.DE,D,20210429,000000,9.065,9.099,8.965,8.98,175260,0
CEMR.DE,D,20210430,000000,9.006,9.006,8.913,8.918,115929,0
CEMR.DE,D,20210503,000000,8.948,8.987,8.906,8.971,100307,0
CEMR.DE,D,20210504,000000,8.952,8.952,8.717,8.724,99571,0
CEMR.DE,D,20210505,000000,8.811,8.933,8.801,8.933,305783,0
CEMR.DE,D,20210506,000000,8.926,8.926,8.798,8.842,32828,0
CEMR.DE,D,20210507,000000,8.901,8.958,8.866,8.958,246512,0
CEMR.DE,D,20210510,000000,8.938,8.938,8.843,8.856,222756,0
CEMR.DE,D,20210511,000000,8.715,8.715,8.574,8.658,203653,0
CEMR.DE,D,20210512,000000,8.691,8.702,8.58,8.58,76206,0
CEMR.DE,D,20210513,000000,8.512,8.656,8.436,8.633,173678,0
CEMR.DE,D,20210514,000000,8.698,8.749,8.634,8.749,235066,0
CEMR.DE,D,20210517,000000,8.772,8.779,8.71,8.724,55566,0
CEMR.DE,D,20210518,000000,8.777,8.81,8.758,8.776,88593,0
CEMR.DE,D,20210519,000000,8.65,8.68,8.588,8.659,144501,0
CEMR.DE,D,20210520,000000,8.725,8.843,8.692,8.843,93311,0
CEMR.DE,D,20210521,000000,8.867,8.908,8.85,8.88,91360,0
CEMR.DE,D,20210525,000000,8.976,9.01,8.976,8.99,126191,0
CEMR.DE,D,20210526,000000,9.029,9.042,8.992,8.997,292934,0
CEMR.DE,D,20210527,000000,8.994,9.002,8.967,8.984,688979,0
CEMR.DE,D,20210528,000000,8.996,9.036,8.996,9.034,110546,0
CEMR.DE,D,20210531,000000,9.039,9.055,9.018,9.018,87672,0
CEMR.DE,D,20210601,000000,9.086,9.171,9.069,9.14,143092,0
CEMR.DE,D,20210602,000000,9.161,9.17,9.111,9.17,86825,0
CEMR.DE,D,20210603,000000,9.151,9.162,9.104,9.13,154402,0
CEMR.DE,D,20210604,000000,9.142,9.182,9.135,9.182,362421,0
CEMR.DE,D,20210607,000000,9.181,9.221,9.159,9.192,254447,0
CEMR.DE,D,20210608,000000,9.186,9.216,9.173,9.181,194759,0
CEMR.DE,D,20210609,000000,9.188,9.195,9.121,9.147,125319,0
CEMR.DE,D,20210610,000000,9.156,9.165,9.1,9.14,176014,0
CEMR.DE,D,20210611,000000,9.146,9.201,9.14,9.201,435044,0
CEMR.DE,D,20210614,000000,9.248,9.268,9.19,9.198,134956,0
CEMR.DE,D,20210615,000000,9.235,9.24,9.195,9.197,161931,0
CEMR.DE,D,20210616,000000,9.233,9.233,9.134,9.185,164390,0
CEMR.DE,D,20210617,000000,9.156,9.176,9.148,9.156,341357,0
CEMR.DE,D,20210618,000000,9.151,9.162,8.966,8.966,327048,0
CEMR.DE,D,20210621,000000,8.889,9.06,8.874,9.059,214478,0
CEMR.DE,D,20210622,000000,9.082,9.117,9.019,9.101,278747,0
CEMR.DE,D,20210623,000000,9.155,9.155,9.039,9.039,104781,0
CEMR.DE,D,20210624,000000,9.091,9.167,9.091,9.167,61304,0
CEMR.DE,D,20210625,000000,9.19,9.196,9.166,9.196,43396,0
CEMR.DE,D,20210628,000000,9.16,9.189,9.088,9.088,51103,0
CEMR.DE,D,20210629,000000,9.111,9.182,9.111,9.164,90713,0
CEMR.DE,D,20210630,000000,9.18,9.18,9.042,9.069,118568,0
CEMR.DE,D,20210701,000000,9.137,9.163,9.048,9.11,102075,0
CEMR.DE,D,20210702,000000,9.127,9.174,9.126,9.142,113780,0
CEMR.DE,D,20210705,000000,9.136,9.203,9.123,9.189,56025,0
CEMR.DE,D,20210706,000000,9.174,9.206,9.071,9.093,122838,0
CEMR.DE,D,20210707,000000,9.15,9.18,9.129,9.175,66221,0
CEMR.DE,D,20210708,000000,9.081,9.084,8.9,8.981,80522,0
CEMR.DE,D,20210709,000000,9.031,9.156,9.031,9.156,125617,0
CEMR.DE,D,20210712,000000,9.17,9.23,9.111,9.222,89494,0
CEMR.DE,D,20210713,000000,9.25,9.25,9.21,9.224,76265,0
CEMR.DE,D,20210714,000000,9.225,9.283,9.204,9.244,125719,0
CEMR.DE,D,20210715,000000,9.22,9.234,9.146,9.172,72351,0
CEMR.DE,D,20210716,000000,9.178,9.183,9.023,9.062,84056,0
CEMR.DE,D,20210719,000000,8.941,8.941,8.755,8.823,67064,0
CEMR.DE,D,20210720,000000,8.901,8.926,8.792,8.903,180507,0
CEMR.DE,D,20210721,000000,8.949,9.107,8.949,9.107,279437,0
CEMR.DE,D,20210722,000000,9.184,9.24,9.184,9.211,47993,0
CEMR.DE,D,20210723,000000,9.25,9.34,9.25,9.34,39023,0
CEMR.DE,D,20210726,000000,9.309,9.408,9.287,9.408,83180,0
CEMR.DE,D,20210727,000000,9.357,9.375,9.313,9.313,62527,0
CEMR.DE,D,20210728,000000,9.317,9.4,9.317,9.395,131902,0
CEMR.DE,D,20210729,000000,9.448,9.47,9.435,9.465,65804,0
CEMR.DE,D,20210730,000000,9.403,9.434,9.364,9.391,110193,0
CEMR.DE,D,20210802,000000,9.472,9.491,9.443,9.466,65313,0
CEMR.DE,D,20210803,000000,9.465,9.524,9.465,9.521,127485,0
CEMR.DE,D,20210804,000000,9.579,9.622,9.567,9.609,105138,0
CEMR.DE,D,20210805,000000,9.615,9.632,9.593,9.615,44954,0
CEMR.DE,D,20210806,000000,9.611,9.654,9.606,9.636,53956,0
CEMR.DE,D,20210809,000000,9.652,9.656,9.614,9.644,83539,0
CEMR.DE,D,20210810,000000,9.67,9.699,9.653,9.684,45843,0
CEMR.DE,D,20210811,000000,9.703,9.732,9.676,9.721,247201,0
CEMR.DE,D,20210812,000000,9.72,9.747,9.719,9.743,76529,0
CEMR.DE,D,20210813,000000,9.754,9.764,9.729,9.747,106588,0
CEMR.DE,D,20210816,000000,9.667,9.689,9.611,9.654,225286,0
CEMR.DE,D,20210817,000000,9.63,9.654,9.6,9.614,86114,0
CEMR.DE,D,20210818,000000,9.633,9.633,9.553,9.582,75501,0
CEMR.DE,D,20210819,000000,9.394,9.426,9.28,9.351,110322,0
CEMR.DE,D,20210820,000000,9.371,9.403,9.3,9.397,201580,0
CEMR.DE,D,20210823,000000,9.488,9.524,9.461,9.511,37446,0
CEMR.DE,D,20210824,000000,9.562,9.562,9.524,9.543,61971,0
