<TICKER>,<PER>,<DATE>,<TIME>,<OPEN>,<HIGH>,<LOW>,<CLOSE>,<VOL>,<OPENINT>
CIT.DE,D,20070102,000000,34.222859,34.222859,34.222859,34.222859,0,0
CIT.DE,D,20070103,000000,34.222859,34.222859,34.222859,34.222859,0,0
CIT.DE,D,20070104,000000,34.222859,34.222859,34.222859,34.222859,0,0
CIT.DE,D,20070105,000000,34.222859,34.222859,34.222859,34.222859,0,0
CIT.DE,D,20070108,000000,34.222859,34.222859,34.222859,34.222859,0,0
CIT.DE,D,20070109,000000,34.222859,34.222859,34.222859,34.222859,0,0
CIT.DE,D,20070110,000000,34.222859,34.222859,34.222859,34.222859,0,0
CIT.DE,D,20070115,000000,34.222859,34.222859,34.222859,34.222859,0,0
CIT.DE,D,20070116,000000,34.222859,34.222859,34.222859,34.222859,0,0
CIT.DE,D,20070117,000000,34.222859,34.222859,34.222859,34.222859,0,0
CIT.DE,D,20070118,000000,34.222859,34.222859,34.222859,34.222859,0,0
CIT.DE,D,20070119,000000,34.222859,34.222859,34.222859,34.222859,0,0
CIT.DE,D,20070122,000000,34.222859,34.222859,34.222859,34.222859,0,0
CIT.DE,D,20070123,000000,34.222859,34.222859,34.222859,34.222859,0,0
CIT.DE,D,20070124,000000,34.222859,34.222859,34.222859,34.222859,0,0
CIT.DE,D,20070125,000000,34.222859,34.222859,34.222859,34.222859,0,0
CIT.DE,D,20070126,000000,34.222859,34.222859,34.222859,34.222859,0,0
CIT.DE,D,20070129,000000,34.222859,34.222859,34.222859,34.222859,0,0
CIT.DE,D,20070130,000000,34.222859,34.222859,34.222859,34.222859,0,0
CIT.DE,D,20070131,000000,34.222859,34.222859,34.222859,34.222859,0,0
CIT.DE,D,20070201,000000,34.222859,34.222859,34.222859,34.222859,0,0
CIT.DE,D,20070202,000000,34.507165,34.507165,34.507165,34.507165,0,0
CIT.DE,D,20070205,000000,34.507165,34.507165,34.507165,34.507165,0,0
CIT.DE,D,20070206,000000,34.507165,34.507165,34.507165,34.507165,0,0
CIT.DE,D,20070207,000000,34.507165,34.507165,34.507165,34.507165,0,0
CIT.DE,D,20070208,000000,34.507165,34.507165,34.507165,34.507165,0,0
CIT.DE,D,20070209,000000,34.507165,34.507165,34.507165,34.507165,0,0
CIT.DE,D,20070212,000000,34.507165,34.507165,34.507165,34.507165,0,0
CIT.DE,D,20070213,000000,34.507165,34.507165,34.507165,34.507165,0,0
CIT.DE,D,20070214,000000,34.507165,34.507165,34.507165,34.507165,0,0
CIT.DE,D,20070215,000000,34.507165,34.507165,34.507165,34.507165,0,0
CIT.DE,D,20070216,000000,34.507165,34.507165,34.507165,34.507165,0,0
CIT.DE,D,20070219,000000,34.507165,34.507165,34.507165,34.507165,0,0
CIT.DE,D,20070220,000000,34.507165,34.507165,34.507165,34.507165,0,0
CIT.DE,D,20070221,000000,34.507165,34.507165,34.507165,34.507165,0,0
CIT.DE,D,20070222,000000,34.507165,34.507165,34.507165,34.507165,0,0
CIT.DE,D,20070226,000000,34.507165,34.507165,34.507165,34.507165,0,0
CIT.DE,D,20070227,000000,34.507165,34.507165,34.507165,34.507165,0,0
CIT.DE,D,20070228,000000,34.507165,34.507165,34.507165,34.507165,0,0
CIT.DE,D,20070301,000000,34.507165,34.507165,34.507165,34.507165,0,0
CIT.DE,D,20070302,000000,34.507165,34.507165,34.507165,34.507165,0,0
CIT.DE,D,20070305,000000,34.507165,34.507165,34.507165,34.507165,0,0
CIT.DE,D,20070306,000000,34.507165,34.507165,34.507165,34.507165,0,0
CIT.DE,D,20070307,000000,34.507165,34.507165,34.507165,34.507165,0,0
CIT.DE,D,20070308,000000,34.507165,34.507165,34.507165,34.507165,0,0
CIT.DE,D,20070309,000000,34.507165,34.507165,34.507165,34.507165,0,0
CIT.DE,D,20070312,000000,34.507165,34.507165,34.507165,34.507165,0,0
CIT.DE,D,20070313,000000,34.507165,34.507165,34.507165,34.507165,0,0
CIT.DE,D,20070314,000000,34.507165,34.507165,34.507165,34.507165,0,0
CIT.DE,D,20070315,000000,34.507165,34.507165,34.507165,34.507165,0,0
CIT.DE,D,20070316,000000,34.507165,34.507165,34.507165,34.507165,0,0
CIT.DE,D,20070319,000000,34.507165,34.507165,34.507165,34.507165,0,0
CIT.DE,D,20070320,000000,34.507165,34.507165,34.507165,34.507165,0,0
CIT.DE,D,20070321,000000,34.507165,34.507165,34.507165,34.507165,0,0
CIT.DE,D,20070322,000000,34.507165,34.507165,34.507165,34.507165,0,0
CIT.DE,D,20070323,000000,34.507165,34.507165,34.507165,34.507165,0,0
CIT.DE,D,20070326,000000,34.507165,34.507165,34.507165,34.507165,0,0
CIT.DE,D,20070327,000000,34.507165,34.507165,34.507165,34.507165,0,0
CIT.DE,D,20070328,000000,34.507165,34.507165,34.507165,34.507165,0,0
CIT.DE,D,20070329,000000,34.507165,34.507165,34.507165,34.507165,0,0
CIT.DE,D,20070330,000000,34.507165,34.507165,34.507165,34.507165,0,0
CIT.DE,D,20070402,000000,34.507165,34.507165,34.507165,34.507165,0,0
CIT.DE,D,20070403,000000,34.507165,34.507165,34.507165,34.507165,0,0
CIT.DE,D,20070404,000000,34.507165,34.507165,34.507165,34.507165,0,0
CIT.DE,D,20070405,000000,34.507165,34.507165,34.507165,34.507165,0,0
CIT.DE,D,20070410,000000,34.507165,34.507165,34.507165,34.507165,0,0
CIT.DE,D,20070411,000000,34.507165,34.507165,34.507165,34.507165,0,0
CIT.DE,D,20070412,000000,34.507165,34.507165,34.507165,34.507165,0,0
CIT.DE,D,20070413,000000,34.507165,34.507165,34.507165,34.507165,0,0
CIT.DE,D,20070416,000000,34.507165,34.507165,34.507165,34.507165,0,0
CIT.DE,D,20070417,000000,34.507165,34.507165,34.507165,34.507165,0,0
CIT.DE,D,20070418,000000,34.507165,34.507165,34.507165,34.507165,0,0
CIT.DE,D,20070419,000000,34.507165,34.507165,34.507165,34.507165,0,0
CIT.DE,D,20070420,000000,34.507165,34.507165,34.507165,34.507165,0,0
CIT.DE,D,20070423,000000,34.507165,34.507165,34.507165,34.507165,0,0
CIT.DE,D,20070424,000000,34.507165,34.507165,34.507165,34.507165,0,0
CIT.DE,D,20070425,000000,34.507165,34.507165,34.507165,34.507165,0,0
CIT.DE,D,20070426,000000,34.507165,34.507165,34.507165,34.507165,0,0
CIT.DE,D,20070427,000000,34.507165,34.507165,34.507165,34.507165,0,0
CIT.DE,D,20070430,000000,34.507165,34.507165,34.507165,34.507165,0,0
CIT.DE,D,20070502,000000,34.507165,34.507165,34.507165,34.507165,0,0
CIT.DE,D,20070503,000000,34.507165,34.507165,34.507165,34.507165,0,0
CIT.DE,D,20070504,000000,34.507165,34.507165,34.507165,34.507165,0,0
CIT.DE,D,20070507,000000,34.507165,34.507165,34.507165,34.507165,0,0
CIT.DE,D,20070508,000000,34.507165,34.507165,34.507165,34.507165,0,0
CIT.DE,D,20070509,000000,34.507165,34.507165,34.507165,34.507165,0,0
CIT.DE,D,20070510,000000,34.507165,34.507165,34.507165,34.507165,0,0
CIT.DE,D,20070511,000000,34.507165,34.507165,34.507165,34.507165,0,0
CIT.DE,D,20070514,000000,34.507165,34.507165,34.507165,34.507165,0,0
CIT.DE,D,20070515,000000,34.507165,34.507165,34.507165,34.507165,0,0
CIT.DE,D,20070516,000000,34.507165,34.507165,34.507165,34.507165,0,0
CIT.DE,D,20070517,000000,34.507165,34.507165,34.507165,34.507165,0,0
CIT.DE,D,20070518,000000,34.507165,34.507165,34.507165,34.507165,0,0
CIT.DE,D,20070521,000000,34.507165,34.507165,34.507165,34.507165,0,0
CIT.DE,D,20070522,000000,34.507165,34.507165,34.507165,34.507165,0,0
CIT.DE,D,20070523,000000,34.507165,34.507165,34.507165,34.507165,0,0
CIT.DE,D,20070524,000000,34.507165,34.507165,34.507165,34.507165,0,0
CIT.DE,D,20070525,000000,34.507165,34.507165,34.507165,34.507165,0,0
CIT.DE,D,20070529,000000,34.507165,34.507165,34.507165,34.507165,0,0
CIT.DE,D,20070530,000000,34.507165,34.507165,34.507165,34.507165,0,0
CIT.DE,D,20070531,000000,34.507165,34.507165,34.507165,34.507165,0,0
CIT.DE,D,20070601,000000,34.507165,34.507165,34.507165,34.507165,0,0
CIT.DE,D,20070604,000000,34.507165,34.507165,34.507165,34.507165,0,0
CIT.DE,D,20070605,000000,34.507165,34.507165,34.507165,34.507165,0,0
CIT.DE,D,20070606,000000,34.507165,34.507165,34.507165,34.507165,0,0
CIT.DE,D,20070607,000000,34.507165,34.507165,34.507165,34.507165,0,0
CIT.DE,D,20070608,000000,34.507165,34.507165,34.507165,34.507165,0,0
CIT.DE,D,20070611,000000,34.507165,34.507165,34.507165,34.507165,0,0
CIT.DE,D,20070612,000000,34.507165,34.507165,34.507165,34.507165,0,0
CIT.DE,D,20070613,000000,34.507165,34.507165,34.507165,34.507165,0,0
CIT.DE,D,20070614,000000,34.507165,34.507165,34.507165,34.507165,0,0
CIT.DE,D,20070615,000000,34.507165,34.507165,34.507165,34.507165,0,0
CIT.DE,D,20070618,000000,34.507165,34.507165,34.507165,34.507165,0,0
CIT.DE,D,20070619,000000,34.507165,34.507165,34.507165,34.507165,0,0
CIT.DE,D,20070620,000000,34.507165,34.507165,34.507165,34.507165,0,0
CIT.DE,D,20070621,000000,34.507165,34.507165,34.507165,34.507165,0,0
CIT.DE,D,20070622,000000,34.507165,34.507165,34.507165,34.507165,0,0
CIT.DE,D,20070625,000000,34.507165,34.507165,34.507165,34.507165,0,0
CIT.DE,D,20070628,000000,34.507165,34.507165,34.507165,34.507165,0,0
CIT.DE,D,20070629,000000,34.507165,34.507165,34.507165,34.507165,0,0
CIT.DE,D,20070702,000000,34.507165,34.507165,34.507165,34.507165,0,0
CIT.DE,D,20070703,000000,34.507165,34.507165,34.507165,34.507165,0,0
CIT.DE,D,20070704,000000,34.507165,34.507165,34.507165,34.507165,0,0
CIT.DE,D,20070705,000000,34.507165,34.507165,34.507165,34.507165,0,0
CIT.DE,D,20070706,000000,34.507165,34.507165,34.507165,34.507165,0,0
CIT.DE,D,20070709,000000,34.507165,34.507165,34.507165,34.507165,0,0
CIT.DE,D,20070710,000000,34.507165,34.507165,34.507165,34.507165,0,0
CIT.DE,D,20070711,000000,34.507165,34.507165,34.507165,34.507165,0,0
CIT.DE,D,20070712,000000,34.507165,34.507165,34.507165,34.507165,0,0
CIT.DE,D,20070713,000000,34.507165,34.507165,34.507165,34.507165,0,0
CIT.DE,D,20070716,000000,34.507165,34.507165,34.507165,34.507165,0,0
CIT.DE,D,20070717,000000,34.507165,34.507165,34.507165,34.507165,0,0
CIT.DE,D,20070718,000000,34.507165,34.507165,34.507165,34.507165,0,0
CIT.DE,D,20070719,000000,34.507165,34.507165,34.507165,34.507165,0,0
CIT.DE,D,20070720,000000,34.507165,34.507165,34.507165,34.507165,0,0
CIT.DE,D,20070723,000000,34.507165,34.507165,34.507165,34.507165,0,0
CIT.DE,D,20070724,000000,34.507165,34.507165,34.507165,34.507165,0,0
CIT.DE,D,20070725,000000,34.507165,34.507165,34.507165,34.507165,0,0
CIT.DE,D,20070726,000000,34.507165,34.507165,34.507165,34.507165,0,0
CIT.DE,D,20070727,000000,34.507165,34.507165,34.507165,34.507165,0,0
CIT.DE,D,20070730,000000,34.507165,34.507165,34.507165,34.507165,0,0
CIT.DE,D,20070731,000000,34.507165,34.507165,34.507165,34.507165,0,0
CIT.DE,D,20070801,000000,34.507165,34.507165,34.507165,34.507165,0,0
CIT.DE,D,20070802,000000,34.507165,34.507165,34.507165,34.507165,0,0
CIT.DE,D,20070803,000000,34.507165,34.507165,34.507165,34.507165,0,0
CIT.DE,D,20070806,000000,34.507165,34.507165,34.507165,34.507165,0,0
CIT.DE,D,20070807,000000,34.507165,34.507165,34.507165,34.507165,0,0
CIT.DE,D,20070808,000000,34.507165,34.507165,34.507165,34.507165,0,0
CIT.DE,D,20070809,000000,34.507165,34.507165,34.507165,34.507165,0,0
CIT.DE,D,20070810,000000,34.507165,34.507165,34.507165,34.507165,0,0
CIT.DE,D,20070813,000000,34.507165,34.507165,34.507165,34.507165,0,0
CIT.DE,D,20070814,000000,34.507165,34.507165,34.507165,34.507165,0,0
CIT.DE,D,20070815,000000,34.507165,34.507165,34.507165,34.507165,0,0
CIT.DE,D,20070816,000000,34.507165,34.507165,34.507165,34.507165,0,0
CIT.DE,D,20070817,000000,34.507165,34.507165,34.507165,34.507165,0,0
CIT.DE,D,20070820,000000,34.507165,34.507165,34.507165,34.507165,0,0
CIT.DE,D,20070821,000000,34.507165,34.507165,34.507165,34.507165,0,0
CIT.DE,D,20070822,000000,34.507165,34.507165,34.507165,34.507165,0,0
CIT.DE,D,20070823,000000,34.507165,34.507165,34.507165,34.507165,0,0
CIT.DE,D,20070824,000000,34.507165,34.507165,34.507165,34.507165,0,0
CIT.DE,D,20070827,000000,34.507165,34.507165,34.507165,34.507165,0,0
CIT.DE,D,20070828,000000,34.507165,34.507165,34.507165,34.507165,0,0
CIT.DE,D,20070829,000000,34.507165,34.507165,34.507165,34.507165,0,0
CIT.DE,D,20070830,000000,34.507165,34.507165,34.507165,34.507165,0,0
CIT.DE,D,20070831,000000,34.507165,34.507165,34.507165,34.507165,0,0
CIT.DE,D,20070903,000000,34.507165,34.507165,34.507165,34.507165,0,0
CIT.DE,D,20070904,000000,34.507165,34.507165,34.507165,34.507165,0,0
CIT.DE,D,20070905,000000,34.507165,34.507165,34.507165,34.507165,0,0
CIT.DE,D,20070906,000000,34.507165,34.507165,34.507165,34.507165,0,0
CIT.DE,D,20070907,000000,34.507165,34.507165,34.507165,34.507165,0,0
CIT.DE,D,20070910,000000,34.507165,34.507165,34.507165,34.507165,0,0
CIT.DE,D,20070911,000000,34.507165,34.507165,34.507165,34.507165,0,0
CIT.DE,D,20070912,000000,34.507165,34.507165,34.507165,34.507165,0,0
CIT.DE,D,20070913,000000,34.507165,34.507165,34.507165,34.507165,0,0
CIT.DE,D,20070914,000000,34.507165,34.507165,34.507165,34.507165,0,0
CIT.DE,D,20070917,000000,34.507165,34.507165,34.507165,34.507165,0,0
CIT.DE,D,20070918,000000,34.507165,34.507165,34.507165,34.507165,0,0
CIT.DE,D,20070919,000000,34.507165,34.507165,34.507165,34.507165,0,0
CIT.DE,D,20070920,000000,34.507165,34.507165,34.507165,34.507165,0,0
CIT.DE,D,20070921,000000,34.507165,34.507165,34.507165,34.507165,0,0
CIT.DE,D,20070924,000000,34.507165,34.507165,34.507165,34.507165,0,0
CIT.DE,D,20070925,000000,34.507165,34.507165,34.507165,34.507165,0,0
CIT.DE,D,20070926,000000,34.507165,34.507165,34.507165,34.507165,0,0
CIT.DE,D,20070927,000000,34.507165,34.507165,34.507165,34.507165,0,0
CIT.DE,D,20070928,000000,34.507165,34.507165,34.507165,34.507165,0,0
CIT.DE,D,20071001,000000,34.507165,34.507165,34.507165,34.507165,0,0
CIT.DE,D,20071002,000000,34.507165,34.507165,34.507165,34.507165,0,0
CIT.DE,D,20071003,000000,34.507165,34.507165,34.507165,34.507165,0,0
CIT.DE,D,20071004,000000,34.507165,34.507165,34.507165,34.507165,0,0
CIT.DE,D,20071005,000000,34.507165,34.507165,34.507165,34.507165,0,0
CIT.DE,D,20071008,000000,34.507165,34.507165,34.507165,34.507165,0,0
CIT.DE,D,20071009,000000,34.507165,34.507165,34.507165,34.507165,0,0
CIT.DE,D,20071010,000000,34.507165,34.507165,34.507165,34.507165,0,0
CIT.DE,D,20071011,000000,34.507165,34.507165,34.507165,34.507165,0,0
CIT.DE,D,20071012,000000,34.507165,34.507165,34.507165,34.507165,0,0
CIT.DE,D,20071015,000000,34.507165,34.507165,34.507165,34.507165,0,0
CIT.DE,D,20071016,000000,34.507165,34.507165,34.507165,34.507165,0,0
CIT.DE,D,20071017,000000,34.507165,34.507165,34.507165,34.507165,0,0
CIT.DE,D,20071018,000000,34.507165,34.507165,34.507165,34.507165,0,0
CIT.DE,D,20071019,000000,34.507165,34.507165,34.507165,34.507165,0,0
CIT.DE,D,20071022,000000,34.507165,34.507165,34.507165,34.507165,0,0
CIT.DE,D,20071023,000000,34.507165,34.507165,34.507165,34.507165,0,0
CIT.DE,D,20071024,000000,34.507165,34.507165,34.507165,34.507165,0,0
CIT.DE,D,20071025,000000,34.507165,34.507165,34.507165,34.507165,0,0
CIT.DE,D,20071026,000000,34.507165,34.507165,34.507165,34.507165,0,0
CIT.DE,D,20071029,000000,34.507165,34.507165,34.507165,34.507165,0,0
CIT.DE,D,20071030,000000,34.507165,34.507165,34.507165,34.507165,0,0
CIT.DE,D,20071031,000000,34.507165,34.507165,34.507165,34.507165,0,0
CIT.DE,D,20071101,000000,34.507165,34.507165,34.507165,34.507165,0,0
CIT.DE,D,20071102,000000,34.507165,34.507165,34.507165,34.507165,0,0
CIT.DE,D,20071105,000000,34.507165,34.507165,34.507165,34.507165,0,0
CIT.DE,D,20071106,000000,34.507165,34.507165,34.507165,34.507165,0,0
CIT.DE,D,20071107,000000,34.507165,34.507165,34.507165,34.507165,0,0
CIT.DE,D,20071108,000000,34.507165,34.507165,34.507165,34.507165,0,0
CIT.DE,D,20071109,000000,34.507165,34.507165,34.507165,34.507165,0,0
CIT.DE,D,20071112,000000,34.507165,34.507165,34.507165,34.507165,0,0
CIT.DE,D,20071113,000000,34.507165,34.507165,34.507165,34.507165,0,0
CIT.DE,D,20071114,000000,34.507165,34.507165,34.507165,34.507165,0,0
CIT.DE,D,20071115,000000,34.507165,34.507165,34.507165,34.507165,0,0
CIT.DE,D,20071116,000000,34.507165,34.507165,34.507165,34.507165,0,0
CIT.DE,D,20071119,000000,34.507165,34.507165,34.507165,34.507165,0,0
CIT.DE,D,20071120,000000,34.507165,34.507165,34.507165,34.507165,0,0
CIT.DE,D,20071121,000000,34.507165,34.507165,34.507165,34.507165,0,0
CIT.DE,D,20071122,000000,34.507165,34.507165,34.507165,34.507165,0,0
CIT.DE,D,20071123,000000,34.507165,34.507165,34.507165,34.507165,0,0
CIT.DE,D,20071126,000000,34.507165,34.507165,34.507165,34.507165,0,0
CIT.DE,D,20071127,000000,34.507165,34.507165,34.507165,34.507165,0,0
CIT.DE,D,20071128,000000,34.507165,34.507165,34.507165,34.507165,0,0
CIT.DE,D,20071129,000000,34.507165,34.507165,34.507165,34.507165,0,0
CIT.DE,D,20071130,000000,34.507165,34.507165,34.507165,34.507165,0,0
CIT.DE,D,20071203,000000,34.507165,34.507165,34.507165,34.507165,0,0
CIT.DE,D,20071204,000000,34.507165,34.507165,34.507165,34.507165,0,0
CIT.DE,D,20071205,000000,34.507165,34.507165,34.507165,34.507165,0,0
CIT.DE,D,20071206,000000,34.507165,34.507165,34.507165,34.507165,0,0
CIT.DE,D,20071207,000000,34.507165,34.507165,34.507165,34.507165,0,0
CIT.DE,D,20071210,000000,34.507165,34.507165,34.507165,34.507165,0,0
CIT.DE,D,20071211,000000,34.507165,34.507165,34.507165,34.507165,0,0
CIT.DE,D,20071212,000000,34.507165,34.507165,34.507165,34.507165,0,0
CIT.DE,D,20071213,000000,34.507165,34.507165,34.507165,34.507165,0,0
CIT.DE,D,20071214,000000,34.507165,34.507165,34.507165,34.507165,0,0
CIT.DE,D,20071217,000000,34.507165,34.507165,34.507165,34.507165,0,0
CIT.DE,D,20071218,000000,34.507165,34.507165,34.507165,34.507165,0,0
CIT.DE,D,20071219,000000,34.507165,34.507165,34.507165,34.507165,0,0
CIT.DE,D,20071220,000000,34.507165,34.507165,34.507165,34.507165,0,0
CIT.DE,D,20071221,000000,34.507165,34.507165,34.507165,34.507165,0,0
CIT.DE,D,20071227,000000,34.507165,34.507165,34.507165,34.507165,0,0
CIT.DE,D,20071228,000000,34.507165,34.507165,34.507165,34.507165,0,0
CIT.DE,D,20080102,000000,34.507165,34.507165,34.507165,34.507165,0,0
CIT.DE,D,20080103,000000,34.507165,34.507165,34.507165,34.507165,0,0
CIT.DE,D,20080104,000000,34.507165,34.507165,34.507165,34.507165,0,0
CIT.DE,D,20080107,000000,34.507165,34.507165,34.507165,34.507165,0,0
CIT.DE,D,20080108,000000,34.507165,34.507165,34.507165,34.507165,0,0
CIT.DE,D,20080109,000000,34.507165,34.507165,34.507165,34.507165,0,0
CIT.DE,D,20080110,000000,34.507165,34.507165,34.507165,34.507165,0,0
CIT.DE,D,20080111,000000,34.507165,34.507165,34.507165,34.507165,0,0
CIT.DE,D,20080114,000000,34.507165,34.507165,34.507165,34.507165,0,0
CIT.DE,D,20080115,000000,34.507165,34.507165,34.507165,34.507165,0,0
CIT.DE,D,20080116,000000,34.507165,34.507165,34.507165,34.507165,0,0
CIT.DE,D,20080117,000000,34.507165,34.507165,34.507165,34.507165,0,0
CIT.DE,D,20080118,000000,34.507165,34.507165,34.507165,34.507165,0,0
CIT.DE,D,20080121,000000,34.507165,34.507165,34.507165,34.507165,0,0
CIT.DE,D,20080122,000000,34.507165,34.507165,34.507165,34.507165,0,0
CIT.DE,D,20080123,000000,34.507165,34.507165,34.507165,34.507165,0,0
CIT.DE,D,20080124,000000,34.507165,34.507165,34.507165,34.507165,0,0
CIT.DE,D,20080125,000000,34.507165,34.507165,34.507165,34.507165,0,0
CIT.DE,D,20080128,000000,34.507165,34.507165,34.507165,34.507165,0,0
CIT.DE,D,20080129,000000,34.507165,34.507165,34.507165,34.507165,0,0
CIT.DE,D,20080130,000000,34.507165,34.507165,34.507165,34.507165,0,0
CIT.DE,D,20080131,000000,34.507165,34.507165,34.507165,34.507165,0,0
CIT.DE,D,20080201,000000,34.507165,34.507165,34.507165,34.507165,0,0
CIT.DE,D,20080204,000000,34.802795,34.802795,34.802795,34.802795,0,0
CIT.DE,D,20080205,000000,34.802795,34.802795,34.802795,34.802795,0,0
CIT.DE,D,20080206,000000,34.802795,34.802795,34.802795,34.802795,0,0
CIT.DE,D,20080207,000000,34.802795,34.802795,34.802795,34.802795,0,0
CIT.DE,D,20080208,000000,34.802795,34.802795,34.802795,34.802795,0,0
CIT.DE,D,20080211,000000,34.802795,34.802795,34.802795,34.802795,0,0
CIT.DE,D,20080212,000000,34.802795,34.802795,34.802795,34.802795,0,0
CIT.DE,D,20080213,000000,34.802795,34.802795,34.802795,34.802795,0,0
CIT.DE,D,20080214,000000,34.802795,34.802795,34.802795,34.802795,0,0
CIT.DE,D,20080215,000000,34.802795,34.802795,34.802795,34.802795,0,0
CIT.DE,D,20080218,000000,34.802795,34.802795,34.802795,34.802795,0,0
CIT.DE,D,20080219,000000,34.802795,34.802795,34.802795,34.802795,0,0
CIT.DE,D,20080220,000000,34.802795,34.802795,34.802795,34.802795,0,0
CIT.DE,D,20080221,000000,34.802795,34.802795,34.802795,34.802795,0,0
CIT.DE,D,20080222,000000,34.802795,34.802795,34.802795,34.802795,0,0
CIT.DE,D,20080225,000000,34.802795,34.802795,34.802795,34.802795,0,0
CIT.DE,D,20080226,000000,34.802795,34.802795,34.802795,34.802795,0,0
CIT.DE,D,20080227,000000,34.802795,34.802795,34.802795,34.802795,0,0
CIT.DE,D,20080228,000000,34.802795,34.802795,34.802795,34.802795,0,0
CIT.DE,D,20080229,000000,34.802795,34.802795,34.802795,34.802795,0,0
CIT.DE,D,20080303,000000,34.802795,34.802795,34.802795,34.802795,0,0
CIT.DE,D,20080304,000000,34.802795,34.802795,34.802795,34.802795,0,0
CIT.DE,D,20080305,000000,34.802795,34.802795,34.802795,34.802795,0,0
CIT.DE,D,20080306,000000,34.802795,34.802795,34.802795,34.802795,0,0
CIT.DE,D,20080307,000000,34.802795,34.802795,34.802795,34.802795,0,0
CIT.DE,D,20080310,000000,34.802795,34.802795,34.802795,34.802795,0,0
CIT.DE,D,20080311,000000,34.802795,34.802795,34.802795,34.802795,0,0
CIT.DE,D,20080312,000000,34.802795,34.802795,34.802795,34.802795,0,0
CIT.DE,D,20080313,000000,34.802795,34.802795,34.802795,34.802795,0,0
CIT.DE,D,20080314,000000,34.802795,34.802795,34.802795,34.802795,0,0
CIT.DE,D,20080317,000000,34.802795,34.802795,34.802795,34.802795,0,0
CIT.DE,D,20080318,000000,34.802795,34.802795,34.802795,34.802795,0,0
CIT.DE,D,20080319,000000,34.802795,34.802795,34.802795,34.802795,0,0
CIT.DE,D,20080320,000000,34.802795,34.802795,34.802795,34.802795,0,0
CIT.DE,D,20080325,000000,34.802795,34.802795,34.802795,34.802795,0,0
CIT.DE,D,20080326,000000,34.802795,34.802795,34.802795,34.802795,0,0
CIT.DE,D,20080327,000000,34.802795,34.802795,34.802795,34.802795,0,0
CIT.DE,D,20080328,000000,34.802795,34.802795,34.802795,34.802795,0,0
CIT.DE,D,20080331,000000,34.802795,34.802795,34.802795,34.802795,0,0
CIT.DE,D,20080401,000000,34.802795,34.802795,34.802795,34.802795,0,0
CIT.DE,D,20080402,000000,34.802795,34.802795,34.802795,34.802795,0,0
CIT.DE,D,20080403,000000,34.802795,34.802795,34.802795,34.802795,0,0
CIT.DE,D,20080404,000000,34.802795,34.802795,34.802795,34.802795,0,0
CIT.DE,D,20080407,000000,34.802795,34.802795,34.802795,34.802795,0,0
CIT.DE,D,20080408,000000,34.802795,34.802795,34.802795,34.802795,0,0
CIT.DE,D,20080409,000000,34.802795,34.802795,34.802795,34.802795,0,0
CIT.DE,D,20080410,000000,34.802795,34.802795,34.802795,34.802795,0,0
CIT.DE,D,20080411,000000,34.802795,34.802795,34.802795,34.802795,0,0
CIT.DE,D,20080414,000000,34.802795,34.802795,34.802795,34.802795,0,0
CIT.DE,D,20080415,000000,34.802795,34.802795,34.802795,34.802795,0,0
CIT.DE,D,20080416,000000,34.802795,34.802795,34.802795,34.802795,0,0
CIT.DE,D,20080417,000000,34.802795,34.802795,34.802795,34.802795,0,0
CIT.DE,D,20080418,000000,34.802795,34.802795,34.802795,34.802795,0,0
CIT.DE,D,20080421,000000,34.802795,34.802795,34.802795,34.802795,0,0
CIT.DE,D,20080422,000000,34.802795,34.802795,34.802795,34.802795,0,0
CIT.DE,D,20080423,000000,34.802795,34.802795,34.802795,34.802795,0,0
CIT.DE,D,20080424,000000,34.802795,34.802795,34.802795,34.802795,0,0
CIT.DE,D,20080425,000000,34.802795,34.802795,34.802795,34.802795,0,0
CIT.DE,D,20080428,000000,34.802795,34.802795,34.802795,34.802795,0,0
CIT.DE,D,20080429,000000,34.802795,34.802795,34.802795,34.802795,0,0
CIT.DE,D,20080430,000000,34.802795,34.802795,34.802795,34.802795,0,0
CIT.DE,D,20080502,000000,34.802795,34.802795,34.802795,34.802795,0,0
CIT.DE,D,20080505,000000,34.802795,34.802795,34.802795,34.802795,0,0
CIT.DE,D,20080506,000000,34.802795,34.802795,34.802795,34.802795,0,0
CIT.DE,D,20080507,000000,34.802795,34.802795,34.802795,34.802795,0,0
CIT.DE,D,20080508,000000,34.802795,34.802795,34.802795,34.802795,0,0
CIT.DE,D,20080509,000000,34.802795,34.802795,34.802795,34.802795,0,0
CIT.DE,D,20080512,000000,34.802795,34.802795,34.802795,34.802795,0,0
CIT.DE,D,20080513,000000,34.802795,34.802795,34.802795,34.802795,0,0
CIT.DE,D,20080514,000000,34.802795,34.802795,34.802795,34.802795,0,0
CIT.DE,D,20080515,000000,34.802795,34.802795,34.802795,34.802795,0,0
CIT.DE,D,20080516,000000,34.802795,34.802795,34.802795,34.802795,0,0
CIT.DE,D,20080519,000000,34.802795,34.802795,34.802795,34.802795,0,0
CIT.DE,D,20080520,000000,34.802795,34.802795,34.802795,34.802795,0,0
CIT.DE,D,20080521,000000,34.802795,34.802795,34.802795,34.802795,0,0
CIT.DE,D,20080522,000000,34.802795,34.802795,34.802795,34.802795,0,0
CIT.DE,D,20080523,000000,34.802795,34.802795,34.802795,34.802795,0,0
CIT.DE,D,20080526,000000,34.802795,34.802795,34.802795,34.802795,0,0
CIT.DE,D,20080527,000000,34.802795,34.802795,34.802795,34.802795,0,0
CIT.DE,D,20080528,000000,34.802795,34.802795,34.802795,34.802795,0,0
CIT.DE,D,20080529,000000,34.802795,34.802795,34.802795,34.802795,0,0
CIT.DE,D,20080530,000000,34.802795,34.802795,34.802795,34.802795,0,0
CIT.DE,D,20080602,000000,34.802795,34.802795,34.802795,34.802795,0,0
CIT.DE,D,20080603,000000,34.802795,34.802795,34.802795,34.802795,0,0
CIT.DE,D,20080604,000000,34.802795,34.802795,34.802795,34.802795,0,0
CIT.DE,D,20080605,000000,34.802795,34.802795,34.802795,34.802795,0,0
CIT.DE,D,20080606,000000,34.802795,34.802795,34.802795,34.802795,0,0
CIT.DE,D,20080609,000000,34.802795,34.802795,34.802795,34.802795,0,0
CIT.DE,D,20080610,000000,34.802795,34.802795,34.802795,34.802795,0,0
CIT.DE,D,20080611,000000,34.802795,34.802795,34.802795,34.802795,0,0
CIT.DE,D,20080612,000000,34.802795,34.802795,34.802795,34.802795,0,0
CIT.DE,D,20080613,000000,34.802795,34.802795,34.802795,34.802795,0,0
CIT.DE,D,20080616,000000,34.802795,34.802795,34.802795,34.802795,0,0
CIT.DE,D,20080617,000000,34.802795,34.802795,34.802795,34.802795,0,0
CIT.DE,D,20080618,000000,34.802795,34.802795,34.802795,34.802795,0,0
CIT.DE,D,20080619,000000,34.802795,34.802795,34.802795,34.802795,0,0
CIT.DE,D,20080620,000000,34.802795,34.802795,34.802795,34.802795,0,0
CIT.DE,D,20080623,000000,34.802795,34.802795,34.802795,34.802795,0,0
CIT.DE,D,20080624,000000,34.802795,34.802795,34.802795,34.802795,0,0
CIT.DE,D,20080626,000000,34.802795,34.802795,34.802795,34.802795,0,0
CIT.DE,D,20080627,000000,34.802795,34.802795,34.802795,34.802795,0,0
CIT.DE,D,20080630,000000,34.802795,34.802795,34.802795,34.802795,0,0
CIT.DE,D,20080701,000000,34.802795,34.802795,34.802795,34.802795,0,0
CIT.DE,D,20080702,000000,34.802795,34.802795,34.802795,34.802795,0,0
CIT.DE,D,20080703,000000,34.802795,34.802795,34.802795,34.802795,0,0
CIT.DE,D,20080704,000000,34.802795,34.802795,34.802795,34.802795,0,0
CIT.DE,D,20080707,000000,34.802795,34.802795,34.802795,34.802795,0,0
CIT.DE,D,20080708,000000,34.802795,34.802795,34.802795,34.802795,0,0
CIT.DE,D,20080709,000000,34.802795,34.802795,34.802795,34.802795,0,0
CIT.DE,D,20080710,000000,34.802795,34.802795,34.802795,34.802795,0,0
CIT.DE,D,20080711,000000,34.802795,34.802795,34.802795,34.802795,0,0
CIT.DE,D,20080714,000000,34.802795,34.802795,34.802795,34.802795,0,0
CIT.DE,D,20080715,000000,34.802795,34.802795,34.802795,34.802795,0,0
CIT.DE,D,20080716,000000,34.802795,34.802795,34.802795,34.802795,0,0
CIT.DE,D,20080717,000000,34.802795,34.802795,34.802795,34.802795,0,0
CIT.DE,D,20080718,000000,34.802795,34.802795,34.802795,34.802795,0,0
CIT.DE,D,20080721,000000,34.802795,34.802795,34.802795,34.802795,0,0
CIT.DE,D,20080722,000000,34.802795,34.802795,34.802795,34.802795,0,0
CIT.DE,D,20080723,000000,34.802795,34.802795,34.802795,34.802795,0,0
CIT.DE,D,20080724,000000,34.802795,34.802795,34.802795,34.802795,0,0
CIT.DE,D,20080725,000000,34.802795,34.802795,34.802795,34.802795,0,0
CIT.DE,D,20080728,000000,34.802795,34.802795,34.802795,34.802795,0,0
CIT.DE,D,20080729,000000,34.802795,34.802795,34.802795,34.802795,0,0
CIT.DE,D,20080730,000000,34.802795,34.802795,34.802795,34.802795,0,0
CIT.DE,D,20080731,000000,34.802795,34.802795,34.802795,34.802795,0,0
CIT.DE,D,20080801,000000,34.802795,34.802795,34.802795,34.802795,0,0
CIT.DE,D,20080804,000000,34.802795,34.802795,34.802795,34.802795,0,0
CIT.DE,D,20080805,000000,34.802795,34.802795,34.802795,34.802795,0,0
CIT.DE,D,20080806,000000,34.802795,34.802795,34.802795,34.802795,0,0
CIT.DE,D,20080807,000000,34.802795,34.802795,34.802795,34.802795,0,0
CIT.DE,D,20080808,000000,34.802795,34.802795,34.802795,34.802795,0,0
CIT.DE,D,20080811,000000,34.802795,34.802795,34.802795,34.802795,0,0
CIT.DE,D,20080812,000000,34.802795,34.802795,34.802795,34.802795,0,0
CIT.DE,D,20080813,000000,34.802795,34.802795,34.802795,34.802795,0,0
CIT.DE,D,20080814,000000,34.802795,34.802795,34.802795,34.802795,0,0
CIT.DE,D,20080815,000000,34.802795,34.802795,34.802795,34.802795,0,0
CIT.DE,D,20080818,000000,34.802795,34.802795,34.802795,34.802795,0,0
CIT.DE,D,20080819,000000,34.802795,34.802795,34.802795,34.802795,0,0
CIT.DE,D,20080820,000000,34.802795,34.802795,34.802795,34.802795,0,0
CIT.DE,D,20080821,000000,34.802795,34.802795,34.802795,34.802795,0,0
CIT.DE,D,20080822,000000,34.802795,34.802795,34.802795,34.802795,0,0
CIT.DE,D,20080825,000000,34.802795,34.802795,34.802795,34.802795,0,0
CIT.DE,D,20080826,000000,34.802795,34.802795,34.802795,34.802795,0,0
CIT.DE,D,20080827,000000,34.802795,34.802795,34.802795,34.802795,0,0
CIT.DE,D,20080828,000000,34.802795,34.802795,34.802795,34.802795,0,0
CIT.DE,D,20080829,000000,34.802795,34.802795,34.802795,34.802795,0,0
CIT.DE,D,20080901,000000,34.802795,34.802795,34.802795,34.802795,0,0
CIT.DE,D,20080902,000000,34.802795,34.802795,34.802795,34.802795,0,0
CIT.DE,D,20080903,000000,34.802795,34.802795,34.802795,34.802795,0,0
CIT.DE,D,20080904,000000,34.802795,34.802795,34.802795,34.802795,0,0
CIT.DE,D,20080905,000000,34.802795,34.802795,34.802795,34.802795,0,0
CIT.DE,D,20080908,000000,34.802795,34.802795,34.802795,34.802795,0,0
CIT.DE,D,20080909,000000,34.802795,34.802795,34.802795,34.802795,0,0
CIT.DE,D,20080910,000000,34.802795,34.802795,34.802795,34.802795,0,0
CIT.DE,D,20080911,000000,34.802795,34.802795,34.802795,34.802795,0,0
CIT.DE,D,20080912,000000,34.802795,34.802795,34.802795,34.802795,0,0
CIT.DE,D,20080915,000000,34.802795,34.802795,34.802795,34.802795,0,0
CIT.DE,D,20080916,000000,34.802795,34.802795,34.802795,34.802795,0,0
CIT.DE,D,20080917,000000,34.802795,34.802795,34.802795,34.802795,0,0
CIT.DE,D,20080918,000000,34.802795,34.802795,34.802795,34.802795,0,0
CIT.DE,D,20080919,000000,34.802795,34.802795,34.802795,34.802795,0,0
CIT.DE,D,20080923,000000,34.802795,34.802795,34.802795,34.802795,0,0
CIT.DE,D,20080924,000000,34.802795,34.802795,34.802795,34.802795,0,0
CIT.DE,D,20080925,000000,34.802795,34.802795,34.802795,34.802795,0,0
CIT.DE,D,20080926,000000,34.802795,34.802795,34.802795,34.802795,0,0
CIT.DE,D,20080929,000000,34.802795,34.802795,34.802795,34.802795,0,0
CIT.DE,D,20080930,000000,34.802795,34.802795,34.802795,34.802795,0,0
CIT.DE,D,20081001,000000,34.802795,34.802795,34.802795,34.802795,0,0
CIT.DE,D,20081002,000000,34.802795,34.802795,34.802795,34.802795,0,0
CIT.DE,D,20081003,000000,34.802795,34.802795,34.802795,34.802795,0,0
CIT.DE,D,20081006,000000,34.802795,34.802795,34.802795,34.802795,0,0
CIT.DE,D,20081007,000000,34.802795,34.802795,34.802795,34.802795,0,0
CIT.DE,D,20081008,000000,34.802795,34.802795,34.802795,34.802795,0,0
CIT.DE,D,20081009,000000,34.802795,34.802795,34.802795,34.802795,0,0
CIT.DE,D,20081010,000000,34.802795,34.802795,34.802795,34.802795,0,0
CIT.DE,D,20081013,000000,34.802795,34.802795,34.802795,34.802795,0,0
CIT.DE,D,20081014,000000,34.802795,34.802795,34.802795,34.802795,0,0
CIT.DE,D,20081015,000000,34.802795,34.802795,34.802795,34.802795,0,0
CIT.DE,D,20081016,000000,34.802795,34.802795,34.802795,34.802795,0,0
CIT.DE,D,20081017,000000,34.802795,34.802795,34.802795,34.802795,0,0
CIT.DE,D,20081021,000000,34.802795,34.802795,34.802795,34.802795,0,0
CIT.DE,D,20081022,000000,34.802795,34.802795,34.802795,34.802795,0,0
CIT.DE,D,20081023,000000,34.802795,34.802795,34.802795,34.802795,0,0
CIT.DE,D,20081024,000000,34.802795,34.802795,34.802795,34.802795,0,0
CIT.DE,D,20081027,000000,34.802795,34.802795,34.802795,34.802795,0,0
CIT.DE,D,20081028,000000,34.802795,34.802795,34.802795,34.802795,0,0
CIT.DE,D,20081029,000000,34.802795,34.802795,34.802795,34.802795,0,0
CIT.DE,D,20081030,000000,34.802795,34.802795,34.802795,34.802795,0,0
CIT.DE,D,20081031,000000,34.802795,34.802795,34.802795,34.802795,0,0
CIT.DE,D,20081103,000000,34.802795,34.802795,34.802795,34.802795,0,0
CIT.DE,D,20081104,000000,34.802795,34.802795,34.802795,34.802795,0,0
CIT.DE,D,20081105,000000,34.802795,34.802795,34.802795,34.802795,0,0
CIT.DE,D,20081106,000000,34.802795,34.802795,34.802795,34.802795,0,0
CIT.DE,D,20081107,000000,34.802795,34.802795,34.802795,34.802795,0,0
CIT.DE,D,20081110,000000,34.802795,34.802795,34.802795,34.802795,0,0
CIT.DE,D,20081111,000000,34.802795,34.802795,34.802795,34.802795,0,0
CIT.DE,D,20081112,000000,34.802795,34.802795,34.802795,34.802795,0,0
CIT.DE,D,20081113,000000,34.802795,34.802795,34.802795,34.802795,0,0
CIT.DE,D,20081114,000000,34.802795,34.802795,34.802795,34.802795,0,0
CIT.DE,D,20081117,000000,34.802795,34.802795,34.802795,34.802795,0,0
CIT.DE,D,20081118,000000,34.802795,34.802795,34.802795,34.802795,0,0
CIT.DE,D,20081119,000000,34.802795,34.802795,34.802795,34.802795,0,0
CIT.DE,D,20081120,000000,34.802795,34.802795,34.802795,34.802795,0,0
CIT.DE,D,20081121,000000,34.802795,34.802795,34.802795,34.802795,0,0
CIT.DE,D,20081124,000000,34.802795,34.802795,34.802795,34.802795,0,0
CIT.DE,D,20081126,000000,34.802795,34.802795,34.802795,34.802795,0,0
CIT.DE,D,20081127,000000,34.802795,34.802795,34.802795,34.802795,0,0
CIT.DE,D,20081128,000000,34.802795,34.802795,34.802795,34.802795,0,0
CIT.DE,D,20081201,000000,34.802795,34.802795,34.802795,34.802795,0,0
CIT.DE,D,20081202,000000,34.802795,34.802795,34.802795,34.802795,0,0
CIT.DE,D,20081203,000000,34.802795,34.802795,34.802795,34.802795,0,0
CIT.DE,D,20081204,000000,34.802795,34.802795,34.802795,34.802795,0,0
CIT.DE,D,20081205,000000,34.802795,34.802795,34.802795,34.802795,0,0
CIT.DE,D,20081208,000000,34.802795,34.802795,34.802795,34.802795,0,0
CIT.DE,D,20081209,000000,34.802795,34.802795,34.802795,34.802795,0,0
CIT.DE,D,20081210,000000,34.802795,34.802795,34.802795,34.802795,0,0
CIT.DE,D,20081211,000000,34.802795,34.802795,34.802795,34.802795,0,0
CIT.DE,D,20081212,000000,34.802795,34.802795,34.802795,34.802795,0,0
CIT.DE,D,20081215,000000,34.802795,34.802795,34.802795,34.802795,0,0
CIT.DE,D,20081216,000000,34.802795,34.802795,34.802795,34.802795,0,0
CIT.DE,D,20081217,000000,34.802795,34.802795,34.802795,34.802795,0,0
CIT.DE,D,20081218,000000,34.802795,34.802795,34.802795,34.802795,0,0
CIT.DE,D,20081219,000000,34.802795,34.802795,34.802795,34.802795,0,0
CIT.DE,D,20081222,000000,34.802795,34.802795,34.802795,34.802795,0,0
CIT.DE,D,20081223,000000,34.802795,34.802795,34.802795,34.802795,0,0
CIT.DE,D,20081229,000000,34.802795,34.802795,34.802795,34.802795,0,0
CIT.DE,D,20081230,000000,34.802795,34.802795,34.802795,34.802795,0,0
CIT.DE,D,20090102,000000,34.802795,34.802795,34.802795,34.802795,0,0
CIT.DE,D,20090105,000000,34.802795,34.802795,34.802795,34.802795,0,0
CIT.DE,D,20090106,000000,34.802795,34.802795,34.802795,34.802795,0,0
CIT.DE,D,20090107,000000,34.802795,34.802795,34.802795,34.802795,0,0
CIT.DE,D,20090108,000000,34.802795,34.802795,34.802795,34.802795,0,0
CIT.DE,D,20090109,000000,34.802795,34.802795,34.802795,34.802795,0,0
CIT.DE,D,20090112,000000,34.802795,34.802795,34.802795,34.802795,0,0
CIT.DE,D,20090113,000000,34.802795,34.802795,34.802795,34.802795,0,0
CIT.DE,D,20090114,000000,34.802795,34.802795,34.802795,34.802795,0,0
CIT.DE,D,20090115,000000,34.802795,34.802795,34.802795,34.802795,0,0
CIT.DE,D,20090116,000000,34.802795,34.802795,34.802795,34.802795,0,0
CIT.DE,D,20090120,000000,34.802795,34.802795,34.802795,34.802795,0,0
CIT.DE,D,20090121,000000,34.802795,34.802795,34.802795,34.802795,0,0
CIT.DE,D,20090122,000000,34.802795,34.802795,34.802795,34.802795,0,0
CIT.DE,D,20090123,000000,34.802795,34.802795,34.802795,34.802795,0,0
CIT.DE,D,20090126,000000,34.802795,34.802795,34.802795,34.802795,0,0
CIT.DE,D,20090127,000000,34.802795,34.802795,34.802795,34.802795,0,0
CIT.DE,D,20090128,000000,34.802795,34.802795,34.802795,34.802795,0,0
CIT.DE,D,20090129,000000,34.802795,34.802795,34.802795,34.802795,0,0
CIT.DE,D,20090130,000000,34.802795,34.802795,34.802795,34.802795,0,0
CIT.DE,D,20090203,000000,35.15502,35.15502,35.15502,35.15502,0,0
CIT.DE,D,20090204,000000,35.15502,35.15502,35.15502,35.15502,0,0
CIT.DE,D,20090205,000000,35.15502,35.15502,35.15502,35.15502,0,0
CIT.DE,D,20090206,000000,35.15502,35.15502,35.15502,35.15502,0,0
CIT.DE,D,20090209,000000,35.15502,35.15502,35.15502,35.15502,0,0
CIT.DE,D,20090210,000000,35.15502,35.15502,35.15502,35.15502,0,0
CIT.DE,D,20090211,000000,35.15502,35.15502,35.15502,35.15502,0,0
CIT.DE,D,20090212,000000,35.15502,35.15502,35.15502,35.15502,0,0
CIT.DE,D,20090213,000000,35.15502,35.15502,35.15502,35.15502,0,0
CIT.DE,D,20090216,000000,35.15502,35.15502,35.15502,35.15502,0,0
CIT.DE,D,20090217,000000,35.15502,35.15502,35.15502,35.15502,0,0
CIT.DE,D,20090218,000000,35.15502,35.15502,35.15502,35.15502,0,0
CIT.DE,D,20090219,000000,35.15502,35.15502,35.15502,35.15502,0,0
CIT.DE,D,20090220,000000,35.15502,35.15502,35.15502,35.15502,0,0
CIT.DE,D,20090223,000000,35.15502,35.15502,35.15502,35.15502,0,0
CIT.DE,D,20090224,000000,35.15502,35.15502,35.15502,35.15502,0,0
CIT.DE,D,20090225,000000,35.15502,35.15502,35.15502,35.15502,0,0
CIT.DE,D,20090226,000000,35.15502,35.15502,35.15502,35.15502,0,0
CIT.DE,D,20090302,000000,35.15502,35.15502,35.15502,35.15502,0,0
CIT.DE,D,20090303,000000,35.15502,35.15502,35.15502,35.15502,0,0
CIT.DE,D,20090304,000000,35.15502,35.15502,35.15502,35.15502,0,0
CIT.DE,D,20090305,000000,35.15502,35.15502,35.15502,35.15502,0,0
CIT.DE,D,20090306,000000,35.15502,35.15502,35.15502,35.15502,0,0
CIT.DE,D,20090309,000000,35.15502,35.15502,35.15502,35.15502,0,0
CIT.DE,D,20090310,000000,35.15502,35.15502,35.15502,35.15502,0,0
CIT.DE,D,20090311,000000,35.15502,35.15502,35.15502,35.15502,0,0
CIT.DE,D,20090312,000000,35.15502,35.15502,35.15502,35.15502,0,0
CIT.DE,D,20090313,000000,35.15502,35.15502,35.15502,35.15502,0,0
CIT.DE,D,20090316,000000,35.15502,35.15502,35.15502,35.15502,0,0
CIT.DE,D,20090317,000000,35.15502,35.15502,35.15502,35.15502,0,0
CIT.DE,D,20090318,000000,35.15502,35.15502,35.15502,35.15502,0,0
CIT.DE,D,20090319,000000,35.15502,35.15502,35.15502,35.15502,0,0
CIT.DE,D,20090320,000000,35.15502,35.15502,35.15502,35.15502,0,0
CIT.DE,D,20090323,000000,35.15502,35.15502,35.15502,35.15502,0,0
CIT.DE,D,20090324,000000,35.15502,35.15502,35.15502,35.15502,0,0
CIT.DE,D,20090325,000000,35.15502,35.15502,35.15502,35.15502,0,0
CIT.DE,D,20090326,000000,35.15502,35.15502,35.15502,35.15502,0,0
CIT.DE,D,20090327,000000,35.15502,35.15502,35.15502,35.15502,0,0
CIT.DE,D,20090330,000000,35.15502,35.15502,35.15502,35.15502,0,0
CIT.DE,D,20090331,000000,35.15502,35.15502,35.15502,35.15502,0,0
CIT.DE,D,20090401,000000,35.15502,35.15502,35.15502,35.15502,0,0
CIT.DE,D,20090402,000000,35.15502,35.15502,35.15502,35.15502,0,0
CIT.DE,D,20090403,000000,35.15502,35.15502,35.15502,35.15502,0,0
CIT.DE,D,20090406,000000,35.15502,35.15502,35.15502,35.15502,0,0
CIT.DE,D,20090407,000000,35.15502,35.15502,35.15502,35.15502,0,0
CIT.DE,D,20090408,000000,35.15502,35.15502,35.15502,35.15502,0,0
CIT.DE,D,20090409,000000,35.15502,35.15502,35.15502,35.15502,0,0
CIT.DE,D,20090414,000000,35.15502,35.15502,35.15502,35.15502,0,0
CIT.DE,D,20090415,000000,35.15502,35.15502,35.15502,35.15502,0,0
CIT.DE,D,20090416,000000,35.15502,35.15502,35.15502,35.15502,0,0
CIT.DE,D,20090417,000000,35.15502,35.15502,35.15502,35.15502,0,0
CIT.DE,D,20090420,000000,35.15502,35.15502,35.15502,35.15502,0,0
CIT.DE,D,20090421,000000,35.15502,35.15502,35.15502,35.15502,0,0
CIT.DE,D,20090422,000000,35.15502,35.15502,35.15502,35.15502,0,0
CIT.DE,D,20090423,000000,35.15502,35.15502,35.15502,35.15502,0,0
CIT.DE,D,20090424,000000,35.15502,35.15502,35.15502,35.15502,0,0
CIT.DE,D,20090427,000000,35.15502,35.15502,35.15502,35.15502,0,0
CIT.DE,D,20090428,000000,35.15502,35.15502,35.15502,35.15502,0,0
CIT.DE,D,20090429,000000,35.15502,35.15502,35.15502,35.15502,0,0
CIT.DE,D,20090430,000000,35.15502,35.15502,35.15502,35.15502,0,0
CIT.DE,D,20090504,000000,35.15502,35.15502,35.15502,35.15502,0,0
CIT.DE,D,20090505,000000,35.15502,35.15502,35.15502,35.15502,0,0
CIT.DE,D,20090506,000000,35.15502,35.15502,35.15502,35.15502,0,0
CIT.DE,D,20090507,000000,35.15502,35.15502,35.15502,35.15502,0,0
CIT.DE,D,20090508,000000,35.15502,35.15502,35.15502,35.15502,0,0
CIT.DE,D,20090511,000000,35.15502,35.15502,35.15502,35.15502,0,0
CIT.DE,D,20090512,000000,35.15502,35.15502,35.15502,35.15502,0,0
CIT.DE,D,20090513,000000,35.15502,35.15502,35.15502,35.15502,0,0
CIT.DE,D,20090514,000000,35.15502,35.15502,35.15502,35.15502,0,0
CIT.DE,D,20090515,000000,35.15502,35.15502,35.15502,35.15502,0,0
CIT.DE,D,20090518,000000,35.15502,35.15502,35.15502,35.15502,0,0
CIT.DE,D,20090519,000000,35.15502,35.15502,35.15502,35.15502,0,0
CIT.DE,D,20090520,000000,35.15502,35.15502,35.15502,35.15502,0,0
CIT.DE,D,20090521,000000,35.15502,35.15502,35.15502,35.15502,0,0
CIT.DE,D,20090522,000000,35.15502,35.15502,35.15502,35.15502,0,0
CIT.DE,D,20090525,000000,35.15502,35.15502,35.15502,35.15502,0,0
CIT.DE,D,20090526,000000,35.15502,35.15502,35.15502,35.15502,0,0
CIT.DE,D,20090527,000000,35.15502,35.15502,35.15502,35.15502,0,0
CIT.DE,D,20090528,000000,35.15502,35.15502,35.15502,35.15502,0,0
CIT.DE,D,20090529,000000,35.15502,35.15502,35.15502,35.15502,0,0
CIT.DE,D,20090601,000000,35.15502,35.15502,35.15502,35.15502,0,0
CIT.DE,D,20090602,000000,35.15502,35.15502,35.15502,35.15502,0,0
CIT.DE,D,20090603,000000,35.15502,35.15502,35.15502,35.15502,0,0
CIT.DE,D,20090604,000000,35.15502,35.15502,35.15502,35.15502,0,0
CIT.DE,D,20090605,000000,35.15502,35.15502,35.15502,35.15502,0,0
CIT.DE,D,20090824,000000,35.15502,35.15502,35.15502,35.15502,0,0
CIT.DE,D,20090825,000000,18.160057,18.160057,18.160057,18.160057,0,0
CIT.DE,D,20090826,000000,18.641501,18.641501,18.641501,18.641501,0,0
CIT.DE,D,20090827,000000,18.458552,18.458552,18.458552,18.458552,0,0
CIT.DE,D,20090828,000000,18.554841,18.554841,18.554841,18.554841,0,0
CIT.DE,D,20090831,000000,18.747418,18.747418,18.747418,18.747418,0,0
CIT.DE,D,20090902,000000,18.525954,18.525954,18.525954,18.525954,0,0
CIT.DE,D,20090903,000000,18.352635,18.352635,18.352635,18.352635,0,0
CIT.DE,D,20090904,000000,18.285232,18.285232,18.285232,18.285232,0,0
CIT.DE,D,20090909,000000,18.554841,18.554841,18.554841,18.554841,0,0
CIT.DE,D,20090910,000000,18.602985,18.602985,18.602985,18.602985,0,0
CIT.DE,D,20090911,000000,18.622243,18.622243,18.622243,18.622243,0,0
CIT.DE,D,20090915,000000,18.612614,18.612614,18.612614,18.612614,0,0
CIT.DE,D,20090916,000000,18.882223,18.882223,18.882223,18.882223,0,0
CIT.DE,D,20090918,000000,18.872594,18.872594,18.872594,18.872594,0,0
CIT.DE,D,20090921,000000,19.344409,19.344409,19.344409,19.344409,0,0
CIT.DE,D,20090925,000000,19.267378,19.267378,19.267378,19.267378,0,0
CIT.DE,D,20090928,000000,19.748821,19.748821,19.748821,19.748821,0,0
CIT.DE,D,20090930,000000,20.085832,20.085832,20.085832,20.085832,0,0
CIT.DE,D,20091002,000000,19.893254,19.893254,19.893254,19.893254,0,0
CIT.DE,D,20091006,000000,19.257749,19.257749,19.257749,19.257749,0,0
CIT.DE,D,20091007,000000,19.094058,19.094058,19.094058,19.094058,0,0
CIT.DE,D,20091008,000000,19.267378,19.267378,19.267378,19.267378,0,0
CIT.DE,D,20091009,000000,19.055542,19.055542,19.055542,19.055542,0,0
CIT.DE,D,20091014,000000,19.277007,19.277007,19.277007,19.277007,0,0
CIT.DE,D,20091015,000000,19.017027,19.017027,19.017027,19.017027,0,0
CIT.DE,D,20091019,000000,18.785934,18.785934,18.785934,18.785934,0,0
CIT.DE,D,20091020,000000,18.843707,18.843707,18.843707,18.843707,0,0
CIT.DE,D,20091022,000000,18.73779,18.73779,18.73779,18.73779,0,0
CIT.DE,D,20091026,000000,18.314119,18.314119,18.314119,18.314119,0,0
CIT.DE,D,20091027,000000,18.285232,18.285232,18.285232,18.285232,0,0
CIT.DE,D,20091028,000000,17.977108,17.977108,17.977108,17.977108,0,0
CIT.DE,D,20091029,000000,18.294861,18.294861,18.294861,18.294861,0,0
CIT.DE,D,20091102,000000,18.265975,18.265975,18.265975,18.265975,0,0
CIT.DE,D,20091109,000000,18.140799,18.140799,18.140799,18.140799,0,0
CIT.DE,D,20091110,000000,18.497068,18.497068,18.497068,18.497068,0,0
CIT.DE,D,20091117,000000,18.535583,18.535583,18.535583,18.535583,0,0
CIT.DE,D,20091118,000000,18.545212,18.545212,18.545212,18.545212,0,0
CIT.DE,D,20091119,000000,18.323748,18.323748,18.323748,18.323748,0,0
CIT.DE,D,20091124,000000,18.063768,18.063768,18.063768,18.063768,0,0
CIT.DE,D,20091125,000000,18.025253,18.025253,18.025253,18.025253,0,0
CIT.DE,D,20091126,000000,18.30449,18.30449,18.30449,18.30449,0,0
CIT.DE,D,20091130,000000,18.160057,18.160057,18.160057,18.160057,0,0
CIT.DE,D,20091201,000000,18.150428,18.150428,18.150428,18.150428,0,0
CIT.DE,D,20091203,000000,18.660759,18.660759,18.660759,18.660759,0,0
CIT.DE,D,20091215,000000,19.450326,19.450326,19.450326,19.450326,0,0
CIT.DE,D,20091221,000000,19.402182,19.402182,19.402182,19.402182,0,0
CIT.DE,D,20091222,000000,19.190347,19.190347,19.190347,19.190347,0,0
CIT.DE,D,20091223,000000,19.768079,19.768079,19.768079,19.768079,0,0
CIT.DE,D,20091224,000000,19.768079,19.768079,19.768079,19.768079,0,0
CIT.DE,D,20091228,000000,19.893254,19.893254,19.893254,19.893254,0,0
CIT.DE,D,20091229,000000,17.630469,17.630469,17.630469,17.630469,0,0
CIT.DE,D,20091231,000000,17.630469,17.630469,17.630469,17.630469,0,0
CIT.DE,D,20100104,000000,17.524551,17.524551,17.524551,17.524551,0,0
CIT.DE,D,20100105,000000,17.524551,17.524551,17.524551,17.524551,0,0
CIT.DE,D,20100106,000000,17.616026,17.616026,17.616026,17.616026,0,0
CIT.DE,D,20100107,000000,17.591953,17.591953,17.591953,17.591953,0,0
CIT.DE,D,20100111,000000,17.678613,17.678613,17.678613,17.678613,0,0
CIT.DE,D,20100115,000000,17.44752,17.44752,17.44752,17.44752,0,0
CIT.DE,D,20100118,000000,17.688242,17.688242,17.688242,17.688242,0,0
CIT.DE,D,20100120,000000,17.505294,17.505294,17.505294,17.505294,0,0
CIT.DE,D,20100121,000000,17.514923,17.514923,17.514923,17.514923,0,0
CIT.DE,D,20100127,000000,17.173097,17.173097,17.173097,17.173097,0,0
CIT.DE,D,20100128,000000,17.052737,17.052737,17.052737,17.052737,0,0
CIT.DE,D,20100129,000000,17.312716,17.312716,17.312716,17.312716,0,0
CIT.DE,D,20100202,000000,17.168283,17.168283,17.168283,17.168283,0,0
CIT.DE,D,20100203,000000,17.389747,17.389747,17.389747,17.389747,0,0
CIT.DE,D,20100204,000000,17.341603,17.341603,17.341603,17.341603,0,0
CIT.DE,D,20100205,000000,17.052737,17.052737,17.052737,17.052737,0,0
CIT.DE,D,20100210,000000,17.772744,17.772744,17.772744,17.772744,0,0
CIT.DE,D,20100211,000000,17.561632,17.561632,17.561632,17.561632,0,0
CIT.DE,D,20100212,000000,17.429072,17.429072,17.429072,17.429072,0,0
CIT.DE,D,20100216,000000,17.610728,17.610728,17.610728,17.610728,0,0
CIT.DE,D,20100217,000000,16.898836,16.898836,16.898836,16.898836,0,0
CIT.DE,D,20100222,000000,17.306332,17.306332,17.306332,17.306332,0,0
CIT.DE,D,20100224,000000,17.635276,17.635276,17.635276,17.635276,0,0
CIT.DE,D,20100225,000000,17.566541,17.566541,17.566541,17.566541,0,0
CIT.DE,D,20100226,000000,17.895484,17.895484,17.895484,17.895484,0,0
CIT.DE,D,20100303,000000,17.895484,17.895484,17.895484,17.895484,0,0
CIT.DE,D,20100304,000000,18.150783,18.150783,18.150783,18.150783,0,0
CIT.DE,D,20100305,000000,17.905303,17.905303,17.905303,17.905303,0,0
CIT.DE,D,20100309,000000,18.219518,18.219518,18.219518,18.219518,0,0
CIT.DE,D,20100310,000000,18.901952,18.901952,18.901952,18.901952,0,0
CIT.DE,D,20100316,000000,18.906861,18.906861,18.906861,18.906861,0,0
CIT.DE,D,20100318,000000,19.245624,19.245624,19.245624,19.245624,0,0
CIT.DE,D,20100322,000000,20.207905,20.207905,20.207905,20.207905,0,0
CIT.DE,D,20100324,000000,20.257001,20.257001,20.257001,20.257001,0,0
CIT.DE,D,20100325,000000,20.590853,20.590853,20.590853,20.590853,0,0
CIT.DE,D,20100326,000000,20.703774,20.703774,20.703774,20.703774,0,0
CIT.DE,D,20100331,000000,20.605582,20.605582,20.605582,20.605582,0,0
CIT.DE,D,20100407,000000,20.419018,20.419018,20.419018,20.419018,0,0
CIT.DE,D,20100408,000000,20.414108,20.414108,20.414108,20.414108,0,0
CIT.DE,D,20100409,000000,20.374831,20.374831,20.374831,20.374831,0,0
CIT.DE,D,20100413,000000,19.913329,19.913329,19.913329,19.913329,0,0
CIT.DE,D,20100415,000000,19.78077,19.78077,19.78077,19.78077,0,0
CIT.DE,D,20100416,000000,20.060617,20.060617,20.060617,20.060617,0,0
CIT.DE,D,20100419,000000,20.040978,20.040978,20.040978,20.040978,0,0
CIT.DE,D,20100420,000000,20.286458,20.286458,20.286458,20.286458,0,0
CIT.DE,D,20100423,000000,20.625221,20.625221,20.625221,20.625221,0,0
CIT.DE,D,20100427,000000,21.017988,21.017988,21.017988,21.017988,0,0
CIT.DE,D,20100429,000000,20.365012,20.365012,20.365012,20.365012,0,0
CIT.DE,D,20100504,000000,20.365012,20.365012,20.365012,20.365012,0,0
CIT.DE,D,20100507,000000,20.222634,20.222634,20.222634,20.222634,0,0
CIT.DE,D,20100510,000000,20.168628,20.168628,20.168628,20.168628,0,0
CIT.DE,D,20100512,000000,20.522119,20.522119,20.522119,20.522119,0,0
CIT.DE,D,20100517,000000,21.027808,21.027808,21.027808,21.027808,0,0
CIT.DE,D,20100518,000000,20.924706,20.924706,20.924706,20.924706,0,0
CIT.DE,D,20100519,000000,21.410756,21.410756,21.410756,21.410756,0,0
CIT.DE,D,20100524,000000,20.26682,20.26682,20.26682,20.26682,0,0
CIT.DE,D,20100527,000000,20.664497,20.664497,20.664497,20.664497,0,0
CIT.DE,D,20100601,000000,20.747961,20.747961,20.747961,20.747961,0,0
CIT.DE,D,20100602,000000,20.762689,20.762689,20.762689,20.762689,0,0
CIT.DE,D,20100603,000000,20.846153,20.846153,20.846153,20.846153,22,0
CIT.DE,D,20100604,000000,21.808434,21.808434,21.808434,21.808434,47,0
CIT.DE,D,20100607,000000,21.808434,21.808434,21.808434,21.808434,47,0
CIT.DE,D,20100609,000000,20.399379,20.399379,20.399379,20.399379,0,0
CIT.DE,D,20100610,000000,20.320826,20.320826,20.320826,20.320826,0,0
CIT.DE,D,20100611,000000,20.27173,20.27173,20.27173,20.27173,0,0
CIT.DE,D,20100614,000000,20.094984,20.094984,20.094984,20.094984,0,0
CIT.DE,D,20100615,000000,20.242272,20.242272,20.242272,20.242272,0,0
CIT.DE,D,20100618,000000,20.576125,20.576125,20.576125,20.576125,0,0
CIT.DE,D,20100622,000000,20.811785,20.811785,20.811785,20.811785,0,0
CIT.DE,D,20100624,000000,20.487752,20.487752,20.487752,20.487752,0,0
CIT.DE,D,20100625,000000,20.99835,20.99835,20.99835,20.99835,0,0
CIT.DE,D,20100920,000000,19.343816,19.343816,19.343816,19.343816,0,0
CIT.DE,D,20101101,000000,19.260352,19.260352,19.260352,19.260352,0,0
CIT.DE,D,20101102,000000,19.299629,19.299629,19.299629,19.299629,0,0
CIT.DE,D,20101103,000000,19.338906,19.338906,19.338906,19.338906,0,0
CIT.DE,D,20101104,000000,19.235804,19.235804,19.235804,19.235804,0,0
CIT.DE,D,20101105,000000,19.422369,19.422369,19.422369,19.422369,0,0
CIT.DE,D,20101108,000000,19.314358,19.314358,19.314358,19.314358,0,0
CIT.DE,D,20101109,000000,19.74,19.74,19.74,19.74,0,0
CIT.DE,D,20101110,000000,19.84,19.84,19.84,19.84,0,0
CIT.DE,D,20101111,000000,20.12,20.12,20.12,20.12,0,0
CIT.DE,D,20101112,000000,19.985,19.985,19.985,19.985,0,0
CIT.DE,D,20101115,000000,20.03,20.03,20.03,20.03,0,0
CIT.DE,D,20101116,000000,19.905,19.905,19.905,19.905,0,0
CIT.DE,D,20101117,000000,19.855,19.855,19.855,19.855,0,0
CIT.DE,D,20101118,000000,20.085,20.085,20.085,20.085,0,0
CIT.DE,D,20101119,000000,19.865,19.865,19.865,19.865,0,0
CIT.DE,D,20101122,000000,19.705,19.705,19.705,19.705,0,0
CIT.DE,D,20101123,000000,19.745,19.745,19.745,19.745,0,0
CIT.DE,D,20101124,000000,20.155,20.155,20.155,20.155,0,0
CIT.DE,D,20101125,000000,20.025,20.025,20.025,20.025,0,0
CIT.DE,D,20101126,000000,19.95,19.95,19.95,19.95,0,0
CIT.DE,D,20101129,000000,20.545,20.545,20.545,20.545,0,0
CIT.DE,D,20101130,000000,20.595,20.595,20.595,20.595,0,0
CIT.DE,D,20101201,000000,20.48,20.48,20.48,20.48,0,0
CIT.DE,D,20101202,000000,20.505,20.505,20.505,20.505,0,0
CIT.DE,D,20101203,000000,20.48,20.48,20.48,20.48,0,0
CIT.DE,D,20101206,000000,21.275,21.275,21.275,21.275,0,0
CIT.DE,D,20101207,000000,21.365,21.365,21.365,21.365,0,0
CIT.DE,D,20101208,000000,21.21,21.21,21.21,21.21,0,0
CIT.DE,D,20101209,000000,21.005,21.005,21.005,21.005,0,0
CIT.DE,D,20101210,000000,21.215,21.215,21.215,21.215,0,0
CIT.DE,D,20101213,000000,21.275,21.275,21.275,21.275,0,0
CIT.DE,D,20101214,000000,21.23,21.23,21.23,21.23,0,0
CIT.DE,D,20101215,000000,21.29,21.29,21.29,21.29,0,0
CIT.DE,D,20101216,000000,20.63,20.63,20.63,20.63,0,0
CIT.DE,D,20101217,000000,21.39,21.39,21.39,21.39,0,0
CIT.DE,D,20101220,000000,21.795,21.795,21.795,21.795,0,0
CIT.DE,D,20101221,000000,22.04,22.04,22.04,22.04,0,0
CIT.DE,D,20101222,000000,22.04,22.04,22.04,22.04,0,0
CIT.DE,D,20101223,000000,22.07,22.07,22.07,22.07,0,0
CIT.DE,D,20101227,000000,21.66,21.66,21.66,21.66,0,0
CIT.DE,D,20101228,000000,21.44,21.44,21.44,21.44,0,0
CIT.DE,D,20101229,000000,21.41,21.41,21.41,21.41,0,0
CIT.DE,D,20101230,000000,21.035,21.035,21.035,21.035,0,0
CIT.DE,D,20110103,000000,21.295,21.295,21.295,21.295,0,0
CIT.DE,D,20110104,000000,21.15,21.15,21.15,21.15,0,0
CIT.DE,D,20110105,000000,21.075,21.075,21.075,21.075,0,0
CIT.DE,D,20110106,000000,20.845,20.845,20.845,20.845,0,0
CIT.DE,D,20110107,000000,20.72,20.72,20.72,20.72,0,0
CIT.DE,D,20110110,000000,21.26,21.26,21.26,21.26,0,0
CIT.DE,D,20110111,000000,21.435,21.435,21.435,21.435,0,0
CIT.DE,D,20110112,000000,21.5,21.5,21.5,21.5,0,0
CIT.DE,D,20110113,000000,21.635,21.635,21.635,21.635,0,0
CIT.DE,D,20110114,000000,21.53,21.53,21.53,21.53,0,0
CIT.DE,D,20110117,000000,21.615,21.615,21.615,21.615,0,0
CIT.DE,D,20110118,000000,21.22,21.22,21.22,21.22,0,0
CIT.DE,D,20110119,000000,21.645,21.645,21.645,21.645,0,0
CIT.DE,D,20110120,000000,21.43,21.43,21.43,21.43,0,0
CIT.DE,D,20110121,000000,21.46,21.46,21.46,21.46,0,0
CIT.DE,D,20110124,000000,21.135,21.135,21.135,21.135,0,0
CIT.DE,D,20110125,000000,21.555,21.555,21.555,21.555,0,0
CIT.DE,D,20110126,000000,21.215,21.215,21.215,21.215,0,0
CIT.DE,D,20110127,000000,20.9,20.9,20.9,20.9,0,0
CIT.DE,D,20110128,000000,21.14,21.14,21.14,21.14,0,0
CIT.DE,D,20110131,000000,21.285,21.285,21.285,21.285,0,0
CIT.DE,D,20110201,000000,21.285,21.285,21.285,21.285,0,0
CIT.DE,D,20110203,000000,20.41,20.41,20.41,20.41,0,0
CIT.DE,D,20110204,000000,20.5,20.5,20.5,20.5,0,0
CIT.DE,D,20110207,000000,20.615,20.615,20.615,20.615,0,0
CIT.DE,D,20110208,000000,20.97,20.97,20.97,20.97,0,0
CIT.DE,D,20110209,000000,21.14,21.14,21.14,21.14,0,0
CIT.DE,D,20110210,000000,21.45,21.45,21.45,21.45,0,0
CIT.DE,D,20110211,000000,21.315,21.315,21.315,21.315,0,0
CIT.DE,D,20110214,000000,21.13,21.13,21.13,21.13,0,0
CIT.DE,D,20110215,000000,21.35,21.35,21.35,21.35,0,0
CIT.DE,D,20110216,000000,21.52,21.52,21.52,21.52,0,0
CIT.DE,D,20110217,000000,21.58,21.58,21.58,21.58,0,0
CIT.DE,D,20110218,000000,21.16,21.16,21.16,21.16,0,0
CIT.DE,D,20110221,000000,21.225,21.225,21.225,21.225,0,0
CIT.DE,D,20110222,000000,21.485,21.485,21.485,21.485,0,0
CIT.DE,D,20110223,000000,21.195,21.195,21.195,21.195,0,0
CIT.DE,D,20110224,000000,21.115,21.115,21.115,21.115,0,0
CIT.DE,D,20110225,000000,20.475,20.475,20.475,20.475,0,0
CIT.DE,D,20110228,000000,19.81,19.81,19.81,19.81,0,0
CIT.DE,D,20110301,000000,20.005,20.005,20.005,20.005,0,0
CIT.DE,D,20110302,000000,20.29,20.29,20.29,20.29,0,0
CIT.DE,D,20110303,000000,20.36,20.36,20.36,20.36,0,0
CIT.DE,D,20110304,000000,20.03,20.03,20.03,20.03,0,0
CIT.DE,D,20110307,000000,20.14,20.14,20.14,20.14,0,0
CIT.DE,D,20110308,000000,20.195,20.195,20.195,20.195,0,0
CIT.DE,D,20110309,000000,19.86,19.86,19.86,19.86,0,0
CIT.DE,D,20110310,000000,19.895,19.895,19.895,19.895,0,0
CIT.DE,D,20110311,000000,20.175,20.175,20.175,20.175,0,0
CIT.DE,D,20110314,000000,20.18,20.18,20.18,20.18,0,0
CIT.DE,D,20110315,000000,19.845,19.845,19.845,19.845,0,0
CIT.DE,D,20110316,000000,19.78,19.78,19.78,19.78,0,0
CIT.DE,D,20110317,000000,19.805,19.805,19.805,19.805,0,0
CIT.DE,D,20110318,000000,19.88,19.88,19.88,19.88,0,0
CIT.DE,D,20110321,000000,19.555,19.555,19.555,19.555,0,0
CIT.DE,D,20110322,000000,19.545,19.545,19.545,19.545,0,0
CIT.DE,D,20110323,000000,19.73,19.73,19.73,19.73,0,0
CIT.DE,D,20110324,000000,19.625,19.625,19.625,19.625,0,0
CIT.DE,D,20110325,000000,20.845,20.845,20.845,20.845,0,0
CIT.DE,D,20110328,000000,21.05,21.05,21.05,21.05,0,0
CIT.DE,D,20110329,000000,21.06,21.06,21.06,21.06,0,0
CIT.DE,D,20110330,000000,20.955,20.955,20.955,20.955,0,0
CIT.DE,D,20110331,000000,20.875,20.875,20.875,20.875,0,0
CIT.DE,D,20110401,000000,21.165,21.165,21.165,21.165,0,0
CIT.DE,D,20110404,000000,20.94,20.94,20.94,20.94,0,0
CIT.DE,D,20110405,000000,21.315,21.315,21.315,21.315,0,0
CIT.DE,D,20110406,000000,21.325,21.325,21.325,21.325,0,0
CIT.DE,D,20110407,000000,21.335,21.335,21.335,21.335,0,0
CIT.DE,D,20110408,000000,21.24,21.24,21.24,21.24,0,0
CIT.DE,D,20110411,000000,21.585,21.585,21.585,21.585,0,0
CIT.DE,D,20110412,000000,21.22,21.22,21.22,21.22,0,0
CIT.DE,D,20110413,000000,20.87,20.87,20.87,20.87,0,0
CIT.DE,D,20110414,000000,20.695,20.695,20.695,20.695,0,0
CIT.DE,D,20110415,000000,20.59,20.59,20.59,20.59,0,0
CIT.DE,D,20110418,000000,20.47,20.47,20.47,20.47,0,0
CIT.DE,D,20110419,000000,20.725,20.725,20.725,20.725,0,0
CIT.DE,D,20110420,000000,20.965,20.965,20.965,20.965,0,0
CIT.DE,D,20110421,000000,20.84,20.84,20.84,20.84,0,0
CIT.DE,D,20110426,000000,20.835,20.835,20.835,20.835,0,0
CIT.DE,D,20110427,000000,21.14,21.14,21.14,21.14,0,0
CIT.DE,D,20110428,000000,20.765,20.765,20.765,20.765,0,0
CIT.DE,D,20110429,000000,20.83,20.83,20.83,20.83,0,0
CIT.DE,D,20110502,000000,20.78,20.78,20.78,20.78,0,0
CIT.DE,D,20110503,000000,20.715,20.715,20.715,20.715,0,0
CIT.DE,D,20110504,000000,21.015,21.015,21.015,21.015,0,0
CIT.DE,D,20110505,000000,20.85,20.85,20.85,20.85,0,0
CIT.DE,D,20110506,000000,20.8,20.8,20.8,20.8,0,0
CIT.DE,D,20110509,000000,20.855,20.855,20.855,20.855,0,0
CIT.DE,D,20110510,000000,20.795,20.795,20.795,20.795,0,0
CIT.DE,D,20110511,000000,21.34,21.34,21.34,21.34,0,0
CIT.DE,D,20110512,000000,21.585,21.585,21.585,21.585,0,0
CIT.DE,D,20110513,000000,21.99,21.99,21.99,21.99,0,0
CIT.DE,D,20110516,000000,22.14,22.14,22.14,22.14,0,0
CIT.DE,D,20110517,000000,22.365,22.365,22.365,22.365,0,0
CIT.DE,D,20110518,000000,22.595,22.595,22.595,22.595,0,0
CIT.DE,D,20110519,000000,22.36,22.36,22.36,22.36,0,0
CIT.DE,D,20110520,000000,22.265,22.265,22.265,22.265,0,0
CIT.DE,D,20110523,000000,22.31,22.31,22.31,22.31,0,0
CIT.DE,D,20110524,000000,22.35,22.35,22.35,22.35,0,0
CIT.DE,D,20110525,000000,22.6,22.6,22.6,22.6,0,0
CIT.DE,D,20110526,000000,22.495,22.495,22.495,22.495,0,0
CIT.DE,D,20110527,000000,22.37,22.37,22.37,22.37,0,0
CIT.DE,D,20110530,000000,22.495,22.495,22.495,22.495,0,0
CIT.DE,D,20110531,000000,22.495,22.495,22.495,22.495,0,0
CIT.DE,D,20191128,000000,237.2,237.2,237.2,237.2,0,0
CIT.DE,D,20191129,000000,233.8,233.8,233.8,233.8,0,0
CIT.DE,D,20191202,000000,230.7,230.7,230.7,230.7,0,0
CIT.DE,D,20191203,000000,229.2,229.2,229.2,229.2,0,0
CIT.DE,D,20191204,000000,227.3,231.5,227.3,231.5,10,0
CIT.DE,D,20191205,000000,229.6,229.9,229.6,229.9,10,0
CIT.DE,D,20191206,000000,234.1,234.1,234.1,234.1,0,0
CIT.DE,D,20191209,000000,233.5,234.1,230.9,230.9,80,0
CIT.DE,D,20191210,000000,231,231,230.5,230.5,14,0
CIT.DE,D,20191211,000000,235.7,235.7,230.6,230.6,45,0
CIT.DE,D,20191212,000000,232.3,232.3,232.3,232.3,0,0
CIT.DE,D,20191213,000000,235.6,235.6,235.6,235.6,0,0
CIT.DE,D,20191216,000000,233.3,233.3,233.3,233.3,0,0
CIT.DE,D,20191217,000000,233,238.7,233,235.4,24,0
CIT.DE,D,20191218,000000,245.1,247.4,242.7,242.7,59,0
CIT.DE,D,20191219,000000,237.9,237.9,237.9,237.9,0,0
CIT.DE,D,20191220,000000,240,244.9,240,241.5,44,0
CIT.DE,D,20191223,000000,246,246,245.6,245.6,25,0
CIT.DE,D,20191227,000000,238.1,240,237.8,240,112,0
CIT.DE,D,20191230,000000,241,241,241,241,0,0
CIT.DE,D,20200102,000000,245,245,239,239.2,75,0
CIT.DE,D,20200103,000000,240.3,240.3,240.3,240.3,0,0
CIT.DE,D,20200106,000000,245.7,245.7,245.7,245.7,5,0
CIT.DE,D,20200107,000000,242.4,242.4,242.4,242.4,0,0
CIT.DE,D,20200108,000000,245.5,245.5,245.5,245.5,0,0
CIT.DE,D,20200110,000000,252.5,252.5,252.5,252.5,0,0
CIT.DE,D,20200113,000000,257.5,257.5,253.2,253.2,18,0
CIT.DE,D,20200114,000000,256,256.2,254,256.2,67,0
CIT.DE,D,20200115,000000,247.3,247.3,247.3,247.3,4,0
CIT.DE,D,20200116,000000,262.3,262.3,256,256,50,0
CIT.DE,D,20200117,000000,258,258,258,258,0,0
CIT.DE,D,20200120,000000,256.2,256.2,256.2,256.2,0,0
CIT.DE,D,20200121,000000,260,260,251.8,251.8,11,0
CIT.DE,D,20200122,000000,258,258,250.7,255.4,23,0
CIT.DE,D,20200123,000000,255.6,255.6,255.6,255.6,0,0
CIT.DE,D,20200124,000000,260,260.8,258.2,258.4,36,0
CIT.DE,D,20200127,000000,254.3,254.3,254.3,254.3,0,0
CIT.DE,D,20200128,000000,254.6,254.6,254.6,254.6,0,0
CIT.DE,D,20200129,000000,254.4,257.3,254,254,650,0
CIT.DE,D,20200130,000000,253.4,253.4,253.4,253.4,0,0
CIT.DE,D,20200131,000000,253.8,253.8,253.8,253.8,0,0
CIT.DE,D,20200203,000000,254.3,255.4,254.3,255.4,6,0
CIT.DE,D,20200204,000000,258.1,258.1,258.1,258.1,0,0
CIT.DE,D,20200205,000000,264.2,264.2,264.2,264.2,0,0
CIT.DE,D,20200206,000000,266.9,266.9,266.9,266.9,0,0
CIT.DE,D,20200207,000000,267.1,267.1,267.1,267.1,0,0
CIT.DE,D,20200210,000000,265.7,265.7,265.7,265.7,0,0
CIT.DE,D,20200211,000000,267,268,267,268,2,0
CIT.DE,D,20200212,000000,273.3,273.4,272.4,272.4,41,0
CIT.DE,D,20200213,000000,274.9,274.9,274.8,274.8,214,0
CIT.DE,D,20200214,000000,281.3,281.3,273.4,276.5,29,0
CIT.DE,D,20200217,000000,279.4,283.9,279.4,283.9,11,0
CIT.DE,D,20200218,000000,278.9,278.9,278.9,278.9,0,0
CIT.DE,D,20200219,000000,284.9,284.9,281.8,281.8,20,0
CIT.DE,D,20200220,000000,275.4,275.4,275.4,275.4,0,0
CIT.DE,D,20200221,000000,271.6,271.6,271.6,271.6,0,0
CIT.DE,D,20200224,000000,265.8,266.4,256.1,266.4,200,0
CIT.DE,D,20200225,000000,264.6,264.6,264.6,264.6,0,0
CIT.DE,D,20200226,000000,256.5,263.1,251,263.1,469,0
CIT.DE,D,20200228,000000,232,239.3,223,235.8,276,0
CIT.DE,D,20200302,000000,246.2,246.2,240.1,243.4,114,0
CIT.DE,D,20200303,000000,255.7,262,251,255.7,366,0
CIT.DE,D,20200304,000000,250,253.4,250,250.1,55,0
CIT.DE,D,20200305,000000,251.1,251.1,251.1,251.1,0,0
CIT.DE,D,20200309,000000,228.8,228.8,222.2,222.7,25,0
CIT.DE,D,20200310,000000,233.6,233.6,227.5,227.5,20,0
CIT.DE,D,20200311,000000,238.2,238.2,238.2,238.2,5,0
CIT.DE,D,20200312,000000,220,220,197.1,197.1,351,0
CIT.DE,D,20200313,000000,208.7,210.4,207.1,207.1,18,0
CIT.DE,D,20200316,000000,204.4,208.5,182.75,182.75,431,0
CIT.DE,D,20200317,000000,183.3,183.3,183.3,183.3,0,0
CIT.DE,D,20200318,000000,160.3,160.3,157,157,200,0
CIT.DE,D,20200319,000000,168,168,168,168,4,0
CIT.DE,D,20200320,000000,179.6,179.6,173.75,179.6,46,0
CIT.DE,D,20200323,000000,154,154.3,154,154.3,5,0
CIT.DE,D,20200324,000000,153.95,164.6,153.95,164.6,108,0
CIT.DE,D,20200325,000000,163.6,177.85,163.6,177.85,209,0
CIT.DE,D,20200326,000000,176.65,176.65,174.35,174.35,25,0
CIT.DE,D,20200327,000000,169.15,169.15,165.8,165.8,128,0
CIT.DE,D,20200330,000000,168.1,168.15,162.7,162.7,18,0
CIT.DE,D,20200331,000000,158.25,160.75,158.25,160.75,10,0
CIT.DE,D,20200402,000000,153.25,153.25,149.3,149.3,28,0
CIT.DE,D,20200403,000000,153.15,153.15,153.15,153.15,0,0
CIT.DE,D,20200406,000000,161.25,162.4,160.3,162.4,34,0
CIT.DE,D,20200407,000000,177.3,182.5,171,174.2,631,0
CIT.DE,D,20200408,000000,173.95,176.65,169.9,176.65,33,0
CIT.DE,D,20200409,000000,180.7,183,180.7,182.55,120,0
CIT.DE,D,20200414,000000,184.75,184.75,182.65,182.65,27,0
CIT.DE,D,20200415,000000,176,176,175.45,175.45,5,0
CIT.DE,D,20200416,000000,176.05,176.05,173.2,173.2,6,0
CIT.DE,D,20200420,000000,189.6,189.6,182.6,183.25,15,0
CIT.DE,D,20200422,000000,180.8,180.8,180.1,180.1,10,0
CIT.DE,D,20200423,000000,187,187,187,187,0,0
CIT.DE,D,20200424,000000,184.05,184.05,184.05,184.05,0,0
CIT.DE,D,20200427,000000,189.9,192.15,189.9,192.15,5,0
CIT.DE,D,20200428,000000,200.8,200.8,199.7,199.7,12,0
CIT.DE,D,20200429,000000,213.4,213.4,209.9,210.8,27,0
CIT.DE,D,20200430,000000,216,216,212,214.9,245,0
CIT.DE,D,20200505,000000,198,200,197.25,197.25,22,0
CIT.DE,D,20200506,000000,193.45,193.45,193.45,193.45,0,0
CIT.DE,D,20200507,000000,200.2,200.2,200.2,200.2,0,0
CIT.DE,D,20200508,000000,200.2,200.2,200.2,200.2,0,0
CIT.DE,D,20200511,000000,203,203,198,198.45,325,0
CIT.DE,D,20200512,000000,194.75,194.75,194.75,194.75,0,0
CIT.DE,D,20200513,000000,188.05,188.05,181.9,184.9,266,0
CIT.DE,D,20200514,000000,200,203.3,200,203.3,10,0
CIT.DE,D,20200515,000000,217.8,217.8,207.4,207.4,5,0
CIT.DE,D,20200518,000000,216.3,219.2,216.3,219.2,4,0
CIT.DE,D,20200519,000000,215.5,219.5,215.5,219.5,68,0
CIT.DE,D,20200520,000000,218.9,218.9,218.9,218.9,0,0
CIT.DE,D,20200521,000000,222,222,221.1,221.1,5,0
CIT.DE,D,20200522,000000,223,223,220.8,220.8,5,0
CIT.DE,D,20200525,000000,226.5,226.5,217.8,222.2,73,0
CIT.DE,D,20200526,000000,226.9,229.2,226.9,229.2,5,0
CIT.DE,D,20200527,000000,237.6,237.6,226.4,226.4,43,0
CIT.DE,D,20200528,000000,227.9,230.1,227.9,230.1,2,0
CIT.DE,D,20200529,000000,222.3,222.3,222.3,222.3,0,0
CIT.DE,D,20200602,000000,227.5,227.5,227.5,227.5,0,0
CIT.DE,D,20200604,000000,245.6,245.6,236.9,236.9,15,0
CIT.DE,D,20200608,000000,255.5,259.6,255.5,259.6,68,0
CIT.DE,D,20200609,000000,253.1,253.1,250.6,250.6,5,0
CIT.DE,D,20200610,000000,244.2,244.2,244.2,244.2,0,0
CIT.DE,D,20200611,000000,233.3,240.9,231.4,234.9,130,0
CIT.DE,D,20200612,000000,240.3,243.2,237.2,237.2,8,0
CIT.DE,D,20200615,000000,223.3,232,223.2,232,48,0
CIT.DE,D,20200617,000000,247.8,247.8,244.9,244.9,36,0
CIT.DE,D,20200618,000000,247.1,247.1,245.5,245.5,5,0
CIT.DE,D,20200619,000000,251.5,251.6,249.3,249.3,15,0
CIT.DE,D,20200622,000000,240,240,233.4,236.4,42,0
CIT.DE,D,20200623,000000,244.7,244.8,240.7,240.7,30,0
CIT.DE,D,20200624,000000,231.9,231.9,231.9,231.9,0,0
CIT.DE,D,20200625,000000,232.1,232.1,232.1,232.1,0,0
CIT.DE,D,20200626,000000,230.6,230.6,230.6,230.6,0,0
CIT.DE,D,20200629,000000,230.6,233,229.3,233,38,0
CIT.DE,D,20200630,000000,236.3,236.3,236.3,236.3,0,0
CIT.DE,D,20200701,000000,237.1,237.1,237.1,237.1,0,0
CIT.DE,D,20200702,000000,242.5,242.5,242.5,242.5,0,0
CIT.DE,D,20200703,000000,244.4,244.4,239.3,239.3,10,0
CIT.DE,D,20200706,000000,237,242.7,237,242.7,3,0
CIT.DE,D,20200707,000000,240.3,240.3,240.3,240.3,0,0
CIT.DE,D,20200708,000000,237.7,237.7,237.7,237.7,0,0
CIT.DE,D,20200709,000000,234.3,234.3,234.3,234.3,0,0
CIT.DE,D,20200710,000000,232.1,234.9,228.9,234.9,105,0
CIT.DE,D,20200713,000000,234,236.9,234,236.9,12,0
CIT.DE,D,20200714,000000,233.5,233.5,233.5,233.5,0,0
CIT.DE,D,20200715,000000,242.4,242.4,242.4,242.4,0,0
CIT.DE,D,20200716,000000,240.9,240.9,240.9,240.9,0,0
CIT.DE,D,20200717,000000,242.3,242.3,242.3,242.3,0,0
CIT.DE,D,20200720,000000,242.5,242.5,242.5,242.5,27,0
CIT.DE,D,20200721,000000,248.5,248.5,248.5,248.5,0,0
CIT.DE,D,20200722,000000,248.6,248.6,248.6,248.6,0,0
CIT.DE,D,20200724,000000,251.3,259.9,250,259.9,121,0
CIT.DE,D,20200727,000000,253.6,253.6,253.6,253.6,0,0
CIT.DE,D,20200728,000000,257.5,257.9,255.2,255.2,45,0
CIT.DE,D,20200729,000000,255.2,255.2,255.2,255.2,0,0
CIT.DE,D,20200730,000000,260.2,260.2,254.6,254.6,88,0
CIT.DE,D,20200731,000000,252.6,252.6,252.6,252.6,0,0
CIT.DE,D,20200803,000000,260.3,260.3,255.2,255.2,18,0
CIT.DE,D,20200804,000000,255.6,255.6,255.6,255.6,0,0
CIT.DE,D,20200805,000000,251.8,251.8,251.8,251.8,0,0
CIT.DE,D,20200806,000000,249.4,254,249.4,254,36,0
CIT.DE,D,20200807,000000,258.3,258.3,258.3,258.3,0,0
CIT.DE,D,20200810,000000,264.9,264.9,264.9,264.9,0,0
CIT.DE,D,20200811,000000,273.9,273.9,271.9,271.9,15,0
CIT.DE,D,20200812,000000,269.3,274.4,269.3,274.4,2,0
CIT.DE,D,20200813,000000,270.9,270.9,270.9,270.9,0,0
CIT.DE,D,20200814,000000,269.7,269.7,269.7,269.7,0,0
CIT.DE,D,20200817,000000,269.5,269.5,269.5,269.5,0,0
CIT.DE,D,20200818,000000,272.7,272.7,269.8,269.8,3,0
CIT.DE,D,20200819,000000,268.9,268.9,268.9,268.9,0,0
CIT.DE,D,20200820,000000,270.4,270.4,270.4,270.4,0,0
CIT.DE,D,20200821,000000,270.1,270.1,270.1,270.1,0,0
CIT.DE,D,20200824,000000,276.6,278.7,276.6,278.7,26,0
CIT.DE,D,20200825,000000,277.8,277.8,275.4,275.4,4,0
CIT.DE,D,20200826,000000,275.5,275.5,275.5,275.5,0,0
CIT.DE,D,20200827,000000,279.7,279.7,279.7,279.7,0,0
CIT.DE,D,20200828,000000,278.7,278.7,278.7,278.7,0,0
CIT.DE,D,20200831,000000,284.5,287.7,277.6,277.6,122,0
CIT.DE,D,20200901,000000,281.1,281.1,281.1,281.1,0,0
CIT.DE,D,20200902,000000,287.5,290.8,286,286,127,0
CIT.DE,D,20200903,000000,294.5,295.1,290.9,290.9,50,0
CIT.DE,D,20200904,000000,280.5,280.5,277.4,277.4,7,0
CIT.DE,D,20200907,000000,277.4,280.4,277.4,280.4,24,0
CIT.DE,D,20200908,000000,277.4,280.2,276.3,276.3,94,0
CIT.DE,D,20200909,000000,275,275,275,275,0,0
CIT.DE,D,20200910,000000,274.2,276.2,270.2,276.2,35,0
CIT.DE,D,20200911,000000,265.2,272.2,265.2,272.2,15,0
CIT.DE,D,20200914,000000,276.2,276.2,276.2,276.2,0,0
CIT.DE,D,20200915,000000,278.7,278.7,278.7,278.7,0,0
CIT.DE,D,20200916,000000,279,279,279,279,0,0
CIT.DE,D,20200917,000000,275.6,275.6,275.6,275.6,0,0
CIT.DE,D,20200918,000000,283.3,285.4,283.2,285.4,167,0
CIT.DE,D,20200921,000000,271.6,271.6,260,263.9,116,0
CIT.DE,D,20200923,000000,293.4,293.4,293.4,293.4,2,0
CIT.DE,D,20200925,000000,277.7,282.1,275.7,279,26,0
CIT.DE,D,20200928,000000,288.4,288.4,287.9,287.9,10,0
CIT.DE,D,20200929,000000,282.9,282.9,282.9,282.9,0,0
CIT.DE,D,20200930,000000,285.9,285.9,285.9,285.9,0,0
CIT.DE,D,20201001,000000,290.4,290.4,290.4,290.4,0,0
CIT.DE,D,20201002,000000,287.8,287.8,287.8,287.8,0,0
CIT.DE,D,20201005,000000,286.5,286.5,286.5,286.5,0,0
CIT.DE,D,20201006,000000,289.9,289.9,282.1,285.3,51,0
CIT.DE,D,20201007,000000,284,284,284,284,0,0
CIT.DE,D,20201008,000000,287,287,287,287,0,0
CIT.DE,D,20201009,000000,288,288,288,288,0,0
CIT.DE,D,20201012,000000,292.6,296.5,291.4,294,39,0
CIT.DE,D,20201013,000000,298.4,298.4,298.4,298.4,0,0
CIT.DE,D,20201014,000000,303.8,303.8,303.8,303.8,0,0
CIT.DE,D,20201015,000000,300,300,294.4,295.6,25,0
CIT.DE,D,20201016,000000,293.6,301.7,293.6,301.7,21,0
CIT.DE,D,20201019,000000,300.6,300.6,294.9,294.9,2,0
CIT.DE,D,20201020,000000,294.9,295.8,292.5,292.5,5,0
CIT.DE,D,20201021,000000,295.5,295.5,287.6,287.6,5,0
CIT.DE,D,20201022,000000,280.7,284.6,280.7,284.6,25,0
CIT.DE,D,20201023,000000,289.6,289.6,283.7,283.7,7,0
CIT.DE,D,20201026,000000,276.9,276.9,276.9,276.9,0,0
CIT.DE,D,20201027,000000,277,277,277,277,0,0
CIT.DE,D,20201028,000000,268.8,270.6,268.7,270.6,200,0
CIT.DE,D,20201029,000000,270,273.6,265.2,273.6,24,0
CIT.DE,D,20201030,000000,273.2,274.6,271.3,271.3,30,0
CIT.DE,D,20201102,000000,267.6,275.5,267.6,275.5,12,0
CIT.DE,D,20201103,000000,280.8,282.5,280.8,282.5,17,0
CIT.DE,D,20201104,000000,283.1,295.6,282.9,290.5,1107,0
CIT.DE,D,20201105,000000,290.4,290.8,288,288.8,51,0
CIT.DE,D,20201106,000000,284.6,284.6,284.6,284.6,0,0
CIT.DE,D,20201109,000000,291.6,310.5,291.6,306.8,49,0
CIT.DE,D,20201110,000000,306.5,306.5,306,306,40,0
CIT.DE,D,20201111,000000,304.4,304.4,304.4,304.4,0,0
CIT.DE,D,20201112,000000,300.5,300.5,300.5,300.5,0,0
CIT.DE,D,20201113,000000,299.9,299.9,299.9,299.9,0,0
CIT.DE,D,20201116,000000,306.2,310.9,304.9,310.2,339,0
CIT.DE,D,20201117,000000,312.5,312.5,304.1,304.1,4,0
CIT.DE,D,20201118,000000,308.2,309.1,308.2,308.4,40,0
CIT.DE,D,20201119,000000,307.4,307.4,307.4,307.4,0,0
CIT.DE,D,20201120,000000,304.5,304.5,304.5,304.5,0,0
CIT.DE,D,20201123,000000,305.5,305.5,302.2,302.8,4,0
CIT.DE,D,20201124,000000,304.1,306,304.1,306,1,0
CIT.DE,D,20201125,000000,304.3,304.3,304.3,304.3,0,0
CIT.DE,D,20201126,000000,302.9,302.9,302.9,302.9,0,0
CIT.DE,D,20201127,000000,299.6,302.1,299.6,302.1,3,0
CIT.DE,D,20201130,000000,300.9,301.3,298.2,298.2,70,0
CIT.DE,D,20201201,000000,296.6,298.8,296.4,298.5,181,0
CIT.DE,D,20201202,000000,298.4,298.4,297.1,297.1,39,0
CIT.DE,D,20201203,000000,299.2,299.2,299.2,299.2,0,0
CIT.DE,D,20201204,000000,300.3,300.3,300.3,300.3,0,0
CIT.DE,D,20201207,000000,295.1,295.1,295.1,295.1,0,0
CIT.DE,D,20201208,000000,292.9,292.9,292.9,292.9,0,0
CIT.DE,D,20201209,000000,295.9,295.9,295.9,295.9,0,0
CIT.DE,D,20201210,000000,287.8,287.8,287.8,287.8,0,0
CIT.DE,D,20201211,000000,286.9,286.9,286.9,286.9,0,0
CIT.DE,D,20201214,000000,290.8,290.8,287.7,287.7,7,0
CIT.DE,D,20201215,000000,285,287,285,286.7,35,0
CIT.DE,D,20201216,000000,289.8,289.8,289.8,289.8,0,0
CIT.DE,D,20201217,000000,286.9,286.9,286.9,286.9,0,0
CIT.DE,D,20201218,000000,284.8,287.6,284.8,287.6,8,0
CIT.DE,D,20201221,000000,279.5,279.6,279.5,279.6,8,0
CIT.DE,D,20201222,000000,277.7,279.9,277.7,279.9,2,0
CIT.DE,D,20201223,000000,281.4,281.4,281.4,281.4,0,0
CIT.DE,D,20201228,000000,277.9,277.9,273.1,277.9,33,0
CIT.DE,D,20201229,000000,291.7,291.7,284,284,5,0
CIT.DE,D,20201230,000000,284.1,284.1,284.1,284.1,0,0
CIT.DE,D,20210104,000000,285,291.3,285,291.3,25,0
CIT.DE,D,20210105,000000,278.3,280.6,277,280.6,21,0
CIT.DE,D,20210107,000000,287.5,287.5,287.5,287.5,0,0
CIT.DE,D,20210108,000000,294.2,294.2,289.9,289.9,10,0
CIT.DE,D,20210111,000000,285,285,283.2,283.2,59,0
CIT.DE,D,20210112,000000,282.3,283.4,279.7,279.7,25,0
CIT.DE,D,20210113,000000,276.6,276.6,276.6,276.6,0,0
CIT.DE,D,20210114,000000,273,273,271.7,271.7,5,0
CIT.DE,D,20210115,000000,267.9,267.9,267.9,267.9,0,0
CIT.DE,D,20210118,000000,270,270,270,270,0,0
CIT.DE,D,20210119,000000,263.8,265.3,263.5,265.3,82,0
CIT.DE,D,20210120,000000,268.7,270.2,265.1,270.2,180,0
CIT.DE,D,20210121,000000,270.9,273.7,270.9,273.7,10,0
CIT.DE,D,20210122,000000,268.6,269,268.6,269,22,0
CIT.DE,D,20210125,000000,267.5,267.5,267.5,267.5,0,0
CIT.DE,D,20210126,000000,270.8,271.6,267.2,267.2,355,0
CIT.DE,D,20210127,000000,265,265,261.5,261.5,15,0
CIT.DE,D,20210128,000000,268.7,271,268.7,271,5,0
CIT.DE,D,20210129,000000,265.5,265.7,263.5,263.5,100,0
CIT.DE,D,20210201,000000,263.8,269.4,263.8,269.4,40,0
CIT.DE,D,20210202,000000,274.7,276.7,274.7,276.7,17,0
CIT.DE,D,20210203,000000,280.8,280.8,273.8,273.8,65,0
CIT.DE,D,20210204,000000,278,283.7,278,282.8,39,0
CIT.DE,D,20210205,000000,288.2,288.2,285.1,285.1,3,0
CIT.DE,D,20210208,000000,289.6,289.6,289.1,289.2,26,0
CIT.DE,D,20210209,000000,289.9,289.9,288,288,70,0
CIT.DE,D,20210210,000000,289.8,289.8,287.3,287.3,20,0
CIT.DE,D,20210211,000000,285.3,285.3,285.3,285.3,0,0
CIT.DE,D,20210212,000000,283.1,283.1,281.4,281.4,5,0
CIT.DE,D,20210215,000000,285,285,283.1,283.1,18,0
CIT.DE,D,20210216,000000,283.2,287.1,283,287.1,191,0
CIT.DE,D,20210217,000000,285.8,286.9,285.8,286.2,34,0
CIT.DE,D,20210219,000000,282.6,282.6,282.6,282.6,0,0
CIT.DE,D,20210222,000000,279.7,279.7,279.7,279.7,0,0
CIT.DE,D,20210223,000000,277.6,277.6,277.6,277.6,0,0
CIT.DE,D,20210224,000000,274.2,274.2,274.2,274.2,0,0
CIT.DE,D,20210225,000000,274.8,274.8,274.2,274.2,9,0
CIT.DE,D,20210226,000000,270.6,270.6,270.6,270.6,0,0
CIT.DE,D,20210301,000000,269.5,269.5,269.5,269.5,18,0
CIT.DE,D,20210303,000000,286.9,286.9,285.1,285.1,5,0
CIT.DE,D,20210304,000000,276,277.4,276,277.4,5,0
CIT.DE,D,20210305,000000,277,279,272.4,272.4,158,0
CIT.DE,D,20210309,000000,288.9,288.9,288.8,288.8,3,0
CIT.DE,D,20210311,000000,300,302.5,300,302.5,4,0
CIT.DE,D,20210312,000000,302,302,298.9,300.2,195,0
CIT.DE,D,20210315,000000,297.1,297.1,297.1,297.1,0,0
CIT.DE,D,20210316,000000,292.2,292.2,292.2,292.2,0,0
CIT.DE,D,20210317,000000,294.9,294.9,289.7,289.7,94,0
CIT.DE,D,20210318,000000,286.4,286.4,285.1,285.1,160,0
CIT.DE,D,20210319,000000,282.8,282.8,282.8,282.8,0,0
CIT.DE,D,20210322,000000,282.1,282.1,282.1,282.1,0,0
CIT.DE,D,20210323,000000,282.2,282.2,282.2,282.2,0,0
CIT.DE,D,20210324,000000,286.5,286.5,286.5,286.5,0,0
CIT.DE,D,20210325,000000,282.3,282.3,282.3,282.3,0,0
CIT.DE,D,20210326,000000,289.2,289.2,289.2,289.2,0,0
CIT.DE,D,20210329,000000,292.1,292.1,292.1,292.1,0,0
CIT.DE,D,20210330,000000,285.9,285.9,285.9,285.9,0,0
CIT.DE,D,20210331,000000,290.9,290.9,290.9,290.9,0,0
CIT.DE,D,20210401,000000,296.8,296.8,296.8,296.8,0,0
CIT.DE,D,20210406,000000,300.4,300.4,298,298,4,0
CIT.DE,D,20210407,000000,291.4,291.4,291.4,291.4,0,0
CIT.DE,D,20210408,000000,292.5,292.5,292.5,292.5,0,0
CIT.DE,D,20210409,000000,292.5,294.5,292.5,294.5,10,0
CIT.DE,D,20210412,000000,298.6,298.6,298.6,298.6,0,0
CIT.DE,D,20210413,000000,295.8,295.8,295.8,295.8,0,0
CIT.DE,D,20210414,000000,295.7,295.7,295.7,295.7,0,0
CIT.DE,D,20210415,000000,291,295.4,291,295.4,1,0
CIT.DE,D,20210416,000000,293,293,293,293,0,0
CIT.DE,D,20210420,000000,287,287,282.5,282.5,4,0
CIT.DE,D,20210421,000000,287.2,287.2,287.2,287.2,0,0
CIT.DE,D,20210422,000000,292,292,292,292,0,0
CIT.DE,D,20210423,000000,294,294,294,294,0,0
CIT.DE,D,20210426,000000,290.6,290.6,290.6,290.6,0,0
CIT.DE,D,20210427,000000,289.8,289.8,289.8,289.8,0,0
CIT.DE,D,20210428,000000,287.9,287.9,287.9,287.9,0,0
CIT.DE,D,20210429,000000,290.3,290.3,290.3,290.3,0,0
CIT.DE,D,20210430,000000,285.5,285.5,285.5,285.5,0,0
CIT.DE,D,20210503,000000,285.5,290.2,285.5,290.2,2,0
CIT.DE,D,20210504,000000,291.2,291.2,291.2,291.2,0,0
CIT.DE,D,20210505,000000,291.6,291.6,291.6,291.6,0,0
CIT.DE,D,20210506,000000,290,290.1,290,290.1,10,0
CIT.DE,D,20210507,000000,294.8,294.8,294.8,294.8,0,0
CIT.DE,D,20210510,000000,297.6,297.6,297.6,297.6,0,0
CIT.DE,D,20210511,000000,291.4,291.4,291.4,291.4,0,0
CIT.DE,D,20210512,000000,288.4,288.4,288.4,288.4,0,0
CIT.DE,D,20210513,000000,289.6,289.6,289.6,289.6,0,0
CIT.DE,D,20210514,000000,295.6,295.6,295.6,295.6,0,0
CIT.DE,D,20210519,000000,278.4,279,278.4,279,7,0
CIT.DE,D,20210520,000000,276.4,276.4,276.4,276.4,3,0
CIT.DE,D,20210525,000000,291.4,291.4,291.4,291.4,0,0
CIT.DE,D,20210526,000000,289,289,289,289,0,0
CIT.DE,D,20210527,000000,292.1,292.2,292.1,292.2,7,0
CIT.DE,D,20210528,000000,291.6,291.6,291.6,291.6,0,0
CIT.DE,D,20210531,000000,289.2,289.2,289.2,289.2,0,0
CIT.DE,D,20210601,000000,290.6,290.6,288.8,288.8,8,0
CIT.DE,D,20210602,000000,289.8,289.8,289.8,289.8,0,0
CIT.DE,D,20210603,000000,289.6,290.4,289.6,290.4,6,0
CIT.DE,D,20210604,000000,286.9,291.9,286.8,288.2,65,0
CIT.DE,D,20210607,000000,290,290,285.2,285.2,62,0
CIT.DE,D,20210608,000000,285,285,285,285,0,0
CIT.DE,D,20210609,000000,285.8,285.8,285.8,285.8,0,0
CIT.DE,D,20210610,000000,285.2,285.2,285.2,285.2,0,0
CIT.DE,D,20210611,000000,290.3,291.8,290.3,291.8,4,0
CIT.DE,D,20210614,000000,289,289,289,289,47,0
CIT.DE,D,20210615,000000,293.8,295.3,293.8,294.6,48,0
CIT.DE,D,20210616,000000,295.9,295.9,295.9,295.9,141,0
CIT.DE,D,20210617,000000,295.5,303.8,295.5,303.8,12,0
CIT.DE,D,20210618,000000,304,304,302,302,16,0
CIT.DE,D,20210621,000000,304.6,304.6,304.6,304.6,0,0
CIT.DE,D,20210623,000000,314.7,315,314.7,315,47,0
CIT.DE,D,20210624,000000,314.2,314.2,314.2,314.2,0,0
CIT.DE,D,20210625,000000,314,316.8,314,316.8,8,0
CIT.DE,D,20210628,000000,317.4,317.4,317.4,317.4,0,0
CIT.DE,D,20210629,000000,320.6,320.6,320.6,320.6,0,0
CIT.DE,D,20210630,000000,323.2,323.2,323.2,323.2,0,0
CIT.DE,D,20210701,000000,322,322,322,322,0,0
CIT.DE,D,20210702,000000,323.6,323.6,323.6,323.6,0,0
CIT.DE,D,20210705,000000,323.2,323.2,323.2,323.2,0,0
CIT.DE,D,20210706,000000,321.4,321.4,321.4,321.4,0,0
CIT.DE,D,20210708,000000,325.3,328.4,325.3,328.4,10,0
CIT.DE,D,20210709,000000,329.5,329.5,325.1,326,124,0
CIT.DE,D,20210712,000000,329.2,329.2,329.2,329.2,0,0
CIT.DE,D,20210713,000000,328.2,328.2,328.2,328.2,0,0
CIT.DE,D,20210714,000000,322.6,322.6,322.6,322.6,0,0
CIT.DE,D,20210716,000000,319.7,321.4,319.7,321.4,112,0
CIT.DE,D,20210719,000000,330,330,324.4,324.4,30,0
CIT.DE,D,20210720,000000,320.6,320.6,320.6,320.6,28,0
CIT.DE,D,20210721,000000,335.2,335.2,330.1,330.1,200,0
CIT.DE,D,20210722,000000,335.3,335.3,331.8,331.8,97,0
CIT.DE,D,20210723,000000,332,334.5,332,334.5,21,0
CIT.DE,D,20210726,000000,333.5,333.5,329.6,329.6,39,0
CIT.DE,D,20210727,000000,328.8,329.7,325.1,327,111,0
CIT.DE,D,20210728,000000,332,332,332,332,0,0
CIT.DE,D,20210729,000000,330,330,330,330,0,0
CIT.DE,D,20210730,000000,331.6,331.6,331.6,331.6,0,0
CIT.DE,D,20210802,000000,332.4,332.4,332.4,332.4,0,0
CIT.DE,D,20210803,000000,325.9,328.6,325.9,328.6,30,0
CIT.DE,D,20210804,000000,327.2,327.2,327.2,327.2,0,0
CIT.DE,D,20210805,000000,327,327,327,327,0,0
CIT.DE,D,20210806,000000,332.8,332.8,332.8,332.8,0,0
CIT.DE,D,20210809,000000,333.2,333.2,333.2,333.2,0,0
CIT.DE,D,20210810,000000,335.8,335.8,335.8,335.8,0,0
CIT.DE,D,20210811,000000,332.2,332.2,332.2,332.2,0,0
CIT.DE,D,20210812,000000,329.2,329.2,329.2,329.2,0,0
CIT.DE,D,20210813,000000,329.4,329.4,329.4,329.4,0,0
CIT.DE,D,20210816,000000,334,334,334,334,0,0
CIT.DE,D,20210817,000000,331.2,334,330.2,334,4,0
CIT.DE,D,20210818,000000,335.2,335.2,335.2,335.2,0,0
CIT.DE,D,20210819,000000,331.2,331.2,331.2,331.2,0,0
CIT.DE,D,20210820,000000,337.6,337.6,337.6,337.6,0,0
CIT.DE,D,20210823,000000,336,336,336,336,0,0
CIT.DE,D,20210824,000000,334,334,334,334,0,0
