<TICKER>,<PER>,<DATE>,<TIME>,<OPEN>,<HIGH>,<LOW>,<CLOSE>,<VOL>,<OPENINT>
CNAA.DE,D,20190530,000000,113.36,113.38,113.24,113.38,0,0
CNAA.DE,D,20190531,000000,113.28,113.28,112.1,112.76,0,0
CNAA.DE,D,20190603,000000,112.82,113.18,112.82,113.18,0,0
CNAA.DE,D,20190604,000000,110.9,112.14,110.9,112.14,0,0
CNAA.DE,D,20190605,000000,110.86,111.68,110.86,111.48,25,0
CNAA.DE,D,20190606,000000,110.46,110.8,110.44,110.44,0,0
CNAA.DE,D,20190607,000000,110.88,111.08,110.32,111.08,0,0
CNAA.DE,D,20190611,000000,113.88,114.92,113.88,114.92,20,0
CNAA.DE,D,20190612,000000,113.34,113.44,113.16,113.16,0,0
CNAA.DE,D,20190613,000000,113.78,114.08,113.78,113.82,0,0
CNAA.DE,D,20190614,000000,112.4,112.6,112.4,112.6,0,0
CNAA.DE,D,20190617,000000,113.3,113.3,113.12,113.12,0,0
CNAA.DE,D,20190618,000000,113.12,116.54,113.12,116.54,0,0
CNAA.DE,D,20190619,000000,116.04,116.1,116.02,116.02,0,0
CNAA.DE,D,20190620,000000,119,119.66,119,119.52,0,0
CNAA.DE,D,20190621,000000,119.16,119.16,118.6,118.98,0,0
CNAA.DE,D,20190624,000000,118.38,118.42,118.14,118.42,0,0
CNAA.DE,D,20190625,000000,117,117.3,116.42,116.92,42,0
CNAA.DE,D,20190626,000000,117.12,118.18,117.12,117.4,0,0
CNAA.DE,D,20190627,000000,118.6,118.6,118.06,118.12,0,0
CNAA.DE,D,20190628,000000,118.4,118.42,118.4,118.4,0,0
CNAA.DE,D,20190701,000000,122.78,123.22,122.78,123.02,0,0
CNAA.DE,D,20190702,000000,122.78,122.78,122.3,122.3,10,0
CNAA.DE,D,20190703,000000,121,121.66,121,121.66,0,0
CNAA.DE,D,20190704,000000,120.94,120.94,120.84,120.84,0,0
CNAA.DE,D,20190705,000000,121.2,121.2,120.76,120.76,0,0
CNAA.DE,D,20190708,000000,119.04,119.62,119.04,119.58,0,0
CNAA.DE,D,20190709,000000,118.94,119.1,118.54,119.1,25,0
CNAA.DE,D,20190710,000000,118.7,118.98,118.62,118.98,0,0
CNAA.DE,D,20190711,000000,118.42,118.44,117.92,117.92,0,0
CNAA.DE,D,20190712,000000,119.22,119.22,118.32,118.32,70,0
CNAA.DE,D,20190715,000000,119.96,119.96,119.8,119.82,0,0
CNAA.DE,D,20190716,000000,119.78,120.22,119.78,120.22,0,0
CNAA.DE,D,20190717,000000,120.18,120.18,119.8,119.8,0,0
CNAA.DE,D,20190718,000000,118.42,118.96,118.42,118.6,25,0
CNAA.DE,D,20190719,000000,119.42,119.88,119.36,119.6,44,0
CNAA.DE,D,20190722,000000,118.9,119.06,118.74,118.74,0,0
CNAA.DE,D,20190723,000000,119.72,120.12,119.72,120.12,0,0
CNAA.DE,D,20190724,000000,121.04,121.2,121.04,121.2,0,0
CNAA.DE,D,20190725,000000,122.2,122.2,121.2,121.2,0,0
CNAA.DE,D,20190726,000000,122.2,122.3,122.16,122.3,10,0
CNAA.DE,D,20190729,000000,122.1,122.3,122,122,0,0
CNAA.DE,D,20190730,000000,122.5,122.5,121.34,121.34,0,0
CNAA.DE,D,20190731,000000,121.28,121.62,121.28,121.6,0,0
CNAA.DE,D,20190801,000000,121.12,121.86,121.12,121.86,0,0
CNAA.DE,D,20190802,000000,118.22,118.22,116.42,116.42,20,0
CNAA.DE,D,20190805,000000,114.32,114.32,110.94,110.94,0,0
CNAA.DE,D,20190806,000000,111.52,112.22,110.9,110.9,3,0
CNAA.DE,D,20190807,000000,110.8,111.02,109.72,109.9,26,0
CNAA.DE,D,20190808,000000,112.16,112.44,111.86,112.44,200,0
CNAA.DE,D,20190809,000000,111.4,111.4,109.74,110.22,54,0
CNAA.DE,D,20190812,000000,113.04,113.04,111.52,111.52,0,0
CNAA.DE,D,20190813,000000,112.12,114.82,111.74,114.82,30,0
CNAA.DE,D,20190814,000000,113.56,113.64,113.08,113.08,0,0
CNAA.DE,D,20190815,000000,114.64,114.64,113.36,114.34,30,0
CNAA.DE,D,20190816,000000,115.4,115.66,115.4,115.6,0,0
CNAA.DE,D,20190819,000000,117.9,118.02,117.72,117.72,0,0
CNAA.DE,D,20190820,000000,118.04,118.04,117.62,117.62,0,0
CNAA.DE,D,20190821,000000,117.94,118.02,117.94,118.02,0,0
CNAA.DE,D,20190822,000000,117.92,117.92,117.7,117.7,0,0
CNAA.DE,D,20190823,000000,118.74,118.98,115.98,115.98,0,0
CNAA.DE,D,20190826,000000,116.04,116.52,116.04,116.44,0,0
CNAA.DE,D,20190827,000000,117.08,118.02,117.08,117.86,50,0
CNAA.DE,D,20190828,000000,117.04,117.22,116.88,117.22,0,0
CNAA.DE,D,20190829,000000,116.76,118.98,116.76,118.98,0,0
CNAA.DE,D,20190830,000000,118.1,118.96,118.1,118.96,30,0
CNAA.DE,D,20190902,000000,120.04,120.54,120.04,120.54,10,0
CNAA.DE,D,20190903,000000,120.14,120.58,120.14,120.46,60,0
CNAA.DE,D,20190904,000000,121.88,121.98,120.86,121.4,700,0
CNAA.DE,D,20190905,000000,122.6,122.74,122.5,122.74,0,0
CNAA.DE,D,20190906,000000,123.02,124.02,123.02,123.76,10,0
CNAA.DE,D,20190909,000000,124.06,124.24,124.06,124.24,0,0
CNAA.DE,D,20190910,000000,123.74,124.3,123.74,124.04,0,0
CNAA.DE,D,20190911,000000,124,124,122.88,123.78,60,0
CNAA.DE,D,20190912,000000,124.44,124.44,124.12,124.12,0,0
CNAA.DE,D,20190913,000000,124.68,125.32,124.3,125.32,110,0
CNAA.DE,D,20190916,000000,123.94,124.96,123.94,124.96,0,0
CNAA.DE,D,20190917,000000,122.16,122.16,121.98,122.06,0,0
CNAA.DE,D,20190918,000000,122.32,122.32,121.98,121.98,0,0
CNAA.DE,D,20190919,000000,122.64,123.24,122.64,123.24,0,0
CNAA.DE,D,20190920,000000,123.1,123.1,123.02,123.08,0,0
CNAA.DE,D,20190923,000000,122.08,122.08,121.7,121.9,0,0
CNAA.DE,D,20190924,000000,122.74,122.74,121.78,121.78,165,0
CNAA.DE,D,20190925,000000,121.48,121.94,121.02,121.94,0,0
CNAA.DE,D,20190926,000000,120.62,121.04,120.62,120.62,0,0
CNAA.DE,D,20190927,000000,121.18,121.18,121.02,121.02,0,0
CNAA.DE,D,20191001,000000,120.28,120.28,118.92,118.92,0,0
CNAA.DE,D,20191002,000000,119.4,119.4,117.84,117.84,0,0
CNAA.DE,D,20191004,000000,117.88,118.54,117.82,118.54,40,0
CNAA.DE,D,20191007,000000,118.16,118.74,118.16,118.74,51,0
CNAA.DE,D,20191008,000000,119.84,119.84,118.2,118.38,0,0
CNAA.DE,D,20191009,000000,119.88,120.94,119.88,120.4,0,0
CNAA.DE,D,20191010,000000,121.1,121.92,120.94,121.92,0,0
CNAA.DE,D,20191011,000000,122.52,123.44,122.52,123.44,0,0
CNAA.DE,D,20191014,000000,124.18,124.62,124,124.36,22,0
CNAA.DE,D,20191015,000000,123.44,123.74,123.44,123.6,0,0
CNAA.DE,D,20191016,000000,122.54,122.54,122.36,122.36,0,0
CNAA.DE,D,20191017,000000,122.08,122.08,122,122,0,0
CNAA.DE,D,20191018,000000,120.14,120.14,119.94,119.94,0,0
CNAA.DE,D,20191021,000000,120.18,120.46,120.18,120.46,0,0
CNAA.DE,D,20191022,000000,120.92,121.04,120.92,121.04,0,0
CNAA.DE,D,20191023,000000,120.26,120.98,120.26,120.98,0,0
CNAA.DE,D,20191024,000000,120.3,120.84,120.3,120.84,0,0
CNAA.DE,D,20191025,000000,121.48,122.1,121.28,122.1,0,0
CNAA.DE,D,20191028,000000,123.06,123.28,123.06,123.28,0,0
CNAA.DE,D,20191029,000000,122.58,122.58,122.14,122.14,5,0
CNAA.DE,D,20191030,000000,121.16,121.2,121.12,121.2,0,0
CNAA.DE,D,20191031,000000,121.04,121.04,120.7,120.7,10,0
CNAA.DE,D,20191101,000000,122.62,122.9,122.62,122.9,0,0
CNAA.DE,D,20191104,000000,123.9,124.3,123.9,124.3,0,0
CNAA.DE,D,20191105,000000,125.3,125.86,125.3,125.84,0,0
CNAA.DE,D,20191106,000000,125.04,125.56,125.04,125.56,0,0
CNAA.DE,D,20191107,000000,126.16,127,126.16,127,0,0
CNAA.DE,D,20191108,000000,125.86,126.02,125.86,126,0,0
CNAA.DE,D,20191111,000000,123.38,124.2,123.38,124.2,640,0
CNAA.DE,D,20191112,000000,123.46,123.6,123.46,123.6,0,0
CNAA.DE,D,20191113,000000,123.64,123.64,123.08,123.38,0,0
CNAA.DE,D,20191114,000000,123.9,124.32,123.58,123.58,0,0
CNAA.DE,D,20191115,000000,122.98,123.04,122.84,123.04,0,0
CNAA.DE,D,20191118,000000,123.78,124.12,123.08,123.08,1010,0
CNAA.DE,D,20191119,000000,124.6,124.62,124.12,124.12,0,0
CNAA.DE,D,20191120,000000,123.48,123.64,123.48,123.54,0,0
CNAA.DE,D,20191121,000000,122.58,123.16,122.58,123.16,0,0
CNAA.DE,D,20191122,000000,121.64,121.66,121.4,121.66,0,0
CNAA.DE,D,20191125,000000,122.78,123.04,122.78,123.04,0,0
CNAA.DE,D,20191126,000000,123.32,123.32,123.08,123.22,60,0
CNAA.DE,D,20191127,000000,123.56,123.84,123.56,123.84,0,0
CNAA.DE,D,20191128,000000,123.32,123.32,122.3,122.3,70,0
CNAA.DE,D,20191129,000000,121.44,121.88,121.44,121.82,0,0
CNAA.DE,D,20191202,000000,121.46,121.46,120.4,120.54,50,0
CNAA.DE,D,20191203,000000,121.04,121.08,119.74,119.74,540,0
CNAA.DE,D,20191204,000000,120.42,121.48,120.42,121.32,0,0
CNAA.DE,D,20191205,000000,121.96,121.96,121.72,121.72,0,0
CNAA.DE,D,20191206,000000,122.82,123.58,122.82,123.58,0,0
CNAA.DE,D,20191209,000000,123.06,123.06,122.7,122.7,32,0
CNAA.DE,D,20191210,000000,123.18,123.4,122.78,123.14,56,0
CNAA.DE,D,20191211,000000,122.96,122.98,122.72,122.72,0,0
CNAA.DE,D,20191212,000000,122.38,124,122.34,123.98,76,0
CNAA.DE,D,20191213,000000,125.12,125.36,124.2,124.2,60,0
CNAA.DE,D,20191216,000000,125.66,126.48,125.66,126.48,0,0
CNAA.DE,D,20191217,000000,127.42,127.94,127.1,127.94,10,0
CNAA.DE,D,20191218,000000,127.64,128,127.62,127.62,20,0
CNAA.DE,D,20191219,000000,127.2,127.2,126.66,126.92,138,0
CNAA.DE,D,20191220,000000,126.54,127.38,126.54,127.38,184,0
CNAA.DE,D,20191223,000000,125.28,125.58,125.18,125.18,0,0
CNAA.DE,D,20191227,000000,127.18,127.4,126.82,126.82,29,0
CNAA.DE,D,20191230,000000,128.12,128.16,128.1,128.16,0,0
CNAA.DE,D,20200102,000000,130.44,131.56,130.44,131.12,379,0
CNAA.DE,D,20200103,000000,130.54,130.62,130.42,130.62,0,0
CNAA.DE,D,20200106,000000,130.4,130.4,129.96,130.24,60,0
CNAA.DE,D,20200107,000000,131.46,131.82,131.46,131.7,26,0
CNAA.DE,D,20200108,000000,130.7,131.52,130.7,131.52,0,0
CNAA.DE,D,20200109,000000,133.2,133.2,133.04,133.04,1,0
CNAA.DE,D,20200110,000000,133.06,133.32,133.06,133.32,0,0
CNAA.DE,D,20200113,000000,135.06,135.52,135.06,135.4,111,0
CNAA.DE,D,20200114,000000,134.42,135.06,134.42,135.06,62,0
CNAA.DE,D,20200115,000000,134.1,134.16,133.78,134.16,90,0
CNAA.DE,D,20200116,000000,133.62,134.12,133.62,134.12,0,0
CNAA.DE,D,20200117,000000,134.5,135.38,134.5,135.3,70,0
CNAA.DE,D,20200120,000000,135.56,135.6,135.3,135.3,0,0
CNAA.DE,D,20200121,000000,132.24,132.24,131.7,132.06,260,0
CNAA.DE,D,20200122,000000,133.62,133.62,132.42,132.42,450,0
CNAA.DE,D,20200123,000000,129,129.22,127.74,127.9,22,0
CNAA.DE,D,20200124,000000,130.52,130.52,129.56,129.56,76,0
CNAA.DE,D,20200127,000000,129.5,129.5,120,121.92,647,0
CNAA.DE,D,20200128,000000,122.28,122.56,121,122.56,304,0
CNAA.DE,D,20200129,000000,123.94,124.62,123.16,123.16,446,0
CNAA.DE,D,20200130,000000,119.52,120.2,119.52,119.9,0,0
CNAA.DE,D,20200131,000000,120.3,120.64,118.7,118.7,650,0
CNAA.DE,D,20200203,000000,115.44,116.42,115.02,115.82,471,0
CNAA.DE,D,20200204,000000,121.06,123.16,121.06,123.16,29,0
CNAA.DE,D,20200205,000000,125.54,126.8,125.28,125.28,698,0
CNAA.DE,D,20200206,000000,126.84,126.84,125.92,125.92,358,0
CNAA.DE,D,20200207,000000,127.16,127.16,125.84,125.84,0,0
CNAA.DE,D,20200210,000000,127.68,127.8,127.42,127.8,0,0
CNAA.DE,D,20200211,000000,129.12,129.54,128.92,129.54,440,0
CNAA.DE,D,20200212,000000,130.6,131.38,130.6,131.38,68,0
CNAA.DE,D,20200213,000000,129.82,130.14,129.82,130.14,399,0
CNAA.DE,D,20200214,000000,130.94,131.14,130.14,130.54,109,0
CNAA.DE,D,20200217,000000,133.94,134.56,133.66,134,306,0
CNAA.DE,D,20200218,000000,133.22,133.5,132.82,133.36,60,0
CNAA.DE,D,20200219,000000,133.6,134.06,133.6,134.06,4,0
CNAA.DE,D,20200220,000000,135.78,135.78,133.8,133.8,218,0
CNAA.DE,D,20200221,000000,135.36,136.4,135.1,135.66,798,0
CNAA.DE,D,20200224,000000,135.76,135.76,131.9,132.44,722,0
CNAA.DE,D,20200225,000000,135.56,135.56,133.78,133.78,135,0
CNAA.DE,D,20200226,000000,133.46,134.38,132.4,134.38,262,0
CNAA.DE,D,20200227,000000,133.9,134,131.42,131.86,39,0
CNAA.DE,D,20200228,000000,127.68,127.68,125.82,126.64,1105,0
CNAA.DE,D,20200302,000000,131.58,131.58,130.22,131.38,0,0
CNAA.DE,D,20200303,000000,131.78,132.7,131.78,132.3,40,0
CNAA.DE,D,20200304,000000,132.82,134.34,132.82,134.22,40,0
CNAA.DE,D,20200305,000000,136.08,136.08,134.94,134.94,0,0
CNAA.DE,D,20200306,000000,132.72,132.72,129.88,130.36,30,0
CNAA.DE,D,20200309,000000,124.46,124.46,122.46,123.56,100,0
CNAA.DE,D,20200310,000000,128.9,130.94,128.9,129.46,40,0
CNAA.DE,D,20200311,000000,128.28,128.7,127.82,128.7,21,0
CNAA.DE,D,20200312,000000,125.38,125.38,121.1,121.1,60,0
CNAA.DE,D,20200313,000000,125.8,128.32,124.96,124.96,0,0
CNAA.DE,D,20200316,000000,116.84,116.84,111.74,114.76,125,0
CNAA.DE,D,20200317,000000,118.88,119.4,116.96,119.4,0,0
CNAA.DE,D,20200318,000000,117.5,117.5,113.88,115.42,0,0
CNAA.DE,D,20200319,000000,116,119.02,116,119.02,15,0
CNAA.DE,D,20200320,000000,120.72,120.8,118.28,118.28,139,0
CNAA.DE,D,20200323,000000,115.22,117.34,115.12,115.44,9,0
CNAA.DE,D,20200324,000000,117.86,121.06,117.86,121.06,15,0
CNAA.DE,D,20200325,000000,122.34,122.72,119.44,120.94,290,0
CNAA.DE,D,20200326,000000,119.54,120.5,118.3,120.5,0,0
CNAA.DE,D,20200327,000000,118.96,120,117.3,117.3,290,0
CNAA.DE,D,20200330,000000,116.3,117.86,116.04,117.86,34,0
CNAA.DE,D,20200331,000000,118.44,119.38,118.44,119.28,62,0
CNAA.DE,D,20200401,000000,119.76,120.14,118.46,118.46,401,0
CNAA.DE,D,20200402,000000,121.44,122.32,121.14,122.32,50,0
CNAA.DE,D,20200403,000000,122.74,122.78,122.4,122.4,0,0
CNAA.DE,D,20200406,000000,125.32,125.44,124.08,125.44,153,0
CNAA.DE,D,20200407,000000,125.76,127.36,125.18,125.18,60,0
CNAA.DE,D,20200408,000000,125.08,125.6,124.98,125.6,0,0
CNAA.DE,D,20200409,000000,125.68,125.68,125.42,125.42,0,0
CNAA.DE,D,20200414,000000,124.74,125.34,124.74,124.9,0,0
CNAA.DE,D,20200415,000000,124.66,125.22,123.38,123.46,100,0
CNAA.DE,D,20200416,000000,125.5,125.5,124.82,125.14,0,0
CNAA.DE,D,20200417,000000,126.32,126.72,125.38,125.38,17,0
CNAA.DE,D,20200420,000000,126.94,126.94,126.54,126.82,0,0
CNAA.DE,D,20200421,000000,126,126,123.9,123.9,0,0
CNAA.DE,D,20200422,000000,126.64,126.98,126.42,126.98,0,0
CNAA.DE,D,20200423,000000,127.2,128.36,127.2,127.9,45,0
CNAA.DE,D,20200424,000000,126.68,126.74,126.28,126.28,0,0
CNAA.DE,D,20200427,000000,127.24,128.16,127.24,127.54,19,0
CNAA.DE,D,20200428,000000,128.18,128.2,127.86,127.86,6,0
CNAA.DE,D,20200429,000000,127.44,128.18,127.2,128.18,40,0
CNAA.DE,D,20200430,000000,129.8,129.8,127.44,127.44,107,0
CNAA.DE,D,20200504,000000,122.44,122.44,121.64,122.06,21,0
CNAA.DE,D,20200505,000000,123.4,124.7,123.4,124.7,0,0
CNAA.DE,D,20200506,000000,129.54,129.54,128.48,128.48,0,0
CNAA.DE,D,20200507,000000,130.12,130.72,130.12,130.62,1206,0
CNAA.DE,D,20200508,000000,131.16,131.72,130.74,131.16,410,0
CNAA.DE,D,20200511,000000,130.86,130.86,130.24,130.4,154,0
CNAA.DE,D,20200512,000000,130.68,130.96,130.68,130.78,27,0
CNAA.DE,D,20200513,000000,130.84,130.84,130.52,130.52,40,0
CNAA.DE,D,20200514,000000,129.72,129.92,129.72,129.78,0,0
CNAA.DE,D,20200515,000000,129.52,129.52,127.72,127.72,0,0
CNAA.DE,D,20200518,000000,128.96,130.02,128.96,130.02,33,0
CNAA.DE,D,20200519,000000,129.1,129.34,128.56,129.34,0,0
CNAA.DE,D,20200520,000000,128.5,129.6,128.5,129.34,151,0
CNAA.DE,D,20200521,000000,127.5,127.5,126.86,126.98,0,0
CNAA.DE,D,20200522,000000,124.32,125.54,123.96,125.54,127,0
CNAA.DE,D,20200525,000000,125.2,125.82,125.2,125.82,0,0
CNAA.DE,D,20200526,000000,127.14,127.14,126.44,126.5,10,0
CNAA.DE,D,20200527,000000,125.1,125.1,124.58,124.58,0,0
CNAA.DE,D,20200528,000000,124.36,124.42,123.6,124.08,600,0
CNAA.DE,D,20200529,000000,124.14,125.2,123.1,123.1,3180,0
CNAA.DE,D,20200602,000000,127.08,127.28,126.6,127.28,1210,0
CNAA.DE,D,20200603,000000,126.42,127.72,126.42,127.72,410,0
CNAA.DE,D,20200604,000000,126.24,126.52,125.14,125.14,0,0
CNAA.DE,D,20200605,000000,125.98,128.12,125.98,128.12,31,0
CNAA.DE,D,20200608,000000,127.12,127.38,127.12,127.38,0,0
CNAA.DE,D,20200609,000000,128.56,128.56,127.02,127.02,0,0
CNAA.DE,D,20200610,000000,128.1,128.1,127.72,127.78,50,0
CNAA.DE,D,20200611,000000,126.34,126.36,125.64,125.64,0,0
CNAA.DE,D,20200612,000000,127,127.94,127,127.7,20,0
CNAA.DE,D,20200615,000000,126.66,126.98,126.6,126.98,1,0
CNAA.DE,D,20200616,000000,127.94,128.2,127.62,127.88,10,0
CNAA.DE,D,20200617,000000,128.46,129.22,128.46,129.22,0,0
CNAA.DE,D,20200618,000000,130.14,130.14,129.86,130.1,225,0
CNAA.DE,D,20200619,000000,131.56,132.18,131.56,131.78,150,0
CNAA.DE,D,20200622,000000,132.7,132.7,132.12,132.48,0,0
CNAA.DE,D,20200623,000000,132.98,133.54,132.98,133.26,1,0
CNAA.DE,D,20200624,000000,132.96,132.96,132.38,132.38,0,0
CNAA.DE,D,20200625,000000,132.18,132.7,132.18,132.56,0,0
CNAA.DE,D,20200626,000000,133.3,133.3,132.74,132.9,201,0
CNAA.DE,D,20200629,000000,131.94,132.66,131.94,132.66,0,0
CNAA.DE,D,20200630,000000,134.4,134.4,133.9,133.9,0,0
CNAA.DE,D,20200701,000000,137.26,137.26,135.78,135.78,21,0
CNAA.DE,D,20200702,000000,139.08,140,138.7,140,47,0
CNAA.DE,D,20200703,000000,142.04,142.04,141.6,141.6,0,0
CNAA.DE,D,20200706,000000,150.24,153.14,150.24,153.14,126,0
CNAA.DE,D,20200707,000000,151.62,153.94,151.32,153.42,654,0
CNAA.DE,D,20200708,000000,154.1,155,154.1,154.72,29,0
CNAA.DE,D,20200709,000000,156.78,157.78,156.7,156.7,32,0
CNAA.DE,D,20200710,000000,154.22,155.78,154.2,154.62,160,0
CNAA.DE,D,20200713,000000,157.92,158.4,157.82,158.36,70,0
CNAA.DE,D,20200714,000000,155.66,156.26,155,156.1,137,0
CNAA.DE,D,20200715,000000,154.26,154.26,153.66,154.08,12,0
CNAA.DE,D,20200716,000000,145.84,147.4,145.64,146.98,143,0
CNAA.DE,D,20200717,000000,147.72,148.34,147.26,147.46,266,0
CNAA.DE,D,20200720,000000,150.86,151.48,150.28,151.48,128,0
CNAA.DE,D,20200721,000000,151.94,152.42,151.22,151.22,268,0
CNAA.DE,D,20200722,000000,151.92,151.92,149.54,149.54,0,0
CNAA.DE,D,20200723,000000,150.54,150.54,150.18,150.18,0,0
CNAA.DE,D,20200724,000000,142.76,143.56,142.76,142.94,0,0
CNAA.DE,D,20200727,000000,142.96,142.96,142.5,142.5,55,0
CNAA.DE,D,20200728,000000,144.26,144.7,143.62,143.62,1030,0
CNAA.DE,D,20200729,000000,147.28,147.42,147.28,147.34,0,0
CNAA.DE,D,20200730,000000,145.9,145.9,144.92,144.92,0,0
CNAA.DE,D,20200731,000000,145.58,146.66,145.48,145.88,61,0
CNAA.DE,D,20200803,000000,150.52,152.64,149.86,151.08,3268,0
CNAA.DE,D,20200804,000000,149.94,150.42,148.84,149.58,30,0
CNAA.DE,D,20200805,000000,150.42,150.42,150.28,150.28,6,0
CNAA.DE,D,20200806,000000,149.88,150.6,149.8,150.46,102,0
CNAA.DE,D,20200807,000000,147.82,148.56,147.82,148.52,0,0
CNAA.DE,D,20200810,000000,148.76,149.94,148.76,149.26,310,0
CNAA.DE,D,20200811,000000,148.76,149.1,148.66,148.82,176,0
CNAA.DE,D,20200812,000000,147.2,147.96,146.66,147.7,210,0
CNAA.DE,D,20200813,000000,146.38,146.38,145.98,146.36,0,0
CNAA.DE,D,20200814,000000,148.64,148.64,147.86,147.92,80,0
CNAA.DE,D,20200817,000000,151.8,151.8,151.26,151.48,1,0
CNAA.DE,D,20200818,000000,151.4,151.54,150.88,150.88,0,0
CNAA.DE,D,20200819,000000,149.14,149.54,149.14,149.54,1,0
CNAA.DE,D,20200820,000000,148.12,148.86,147.98,148.72,341,0
CNAA.DE,D,20200821,000000,149.46,149.84,149.46,149.84,0,0
CNAA.DE,D,20200824,000000,151.64,151.64,150.7,150.7,14,0
CNAA.DE,D,20200825,000000,152.06,152.06,150.92,150.92,26,0
CNAA.DE,D,20200826,000000,149.76,150.42,149.76,150.1,16,0
CNAA.DE,D,20200827,000000,151.2,151.3,151.12,151.12,17,0
CNAA.DE,D,20200828,000000,154,154,153.48,153.82,9,0
CNAA.DE,D,20200831,000000,153.38,153.38,151.4,151.4,80,0
CNAA.DE,D,20200901,000000,153.4,154.04,152.48,153.58,6042,0
CNAA.DE,D,20200902,000000,154.9,155.24,154.9,155.02,39,0
CNAA.DE,D,20200903,000000,155.2,155.2,153.14,153.14,25,0
CNAA.DE,D,20200904,000000,152.2,152.4,152.2,152.32,0,0
CNAA.DE,D,20200907,000000,149.2,149.96,149.2,149.76,15,0
CNAA.DE,D,20200908,000000,150.28,150.28,149.24,149.24,0,0
CNAA.DE,D,20200909,000000,146.32,147.32,146.32,147.32,13,0
CNAA.DE,D,20200910,000000,145.86,145.86,145.62,145.62,0,0
CNAA.DE,D,20200911,000000,147.5,147.5,147.06,147.08,0,0
CNAA.DE,D,20200914,000000,148.24,148.24,147.62,148.24,444,0
CNAA.DE,D,20200915,000000,150.42,152,150.42,151.22,41,0
CNAA.DE,D,20200916,000000,149.54,150.26,149.54,150.26,0,0
CNAA.DE,D,20200917,000000,149.7,150.08,149.62,149.74,55,0
CNAA.DE,D,20200918,000000,152.04,152.48,151.36,151.36,16,0
CNAA.DE,D,20200921,000000,150.54,150.66,150.16,150.48,338,0
CNAA.DE,D,20200922,000000,149.7,150.78,149.7,150.18,361,0
CNAA.DE,D,20200923,000000,151.02,151.24,150.4,150.4,10,0
CNAA.DE,D,20200924,000000,148.44,148.48,148.08,148.08,0,0
CNAA.DE,D,20200925,000000,148.7,148.7,147.42,148.1,458,0
CNAA.DE,D,20200928,000000,149,149.62,149,149.16,100,0
CNAA.DE,D,20200929,000000,148.7,149.6,148.54,149.46,1040,0
CNAA.DE,D,20200930,000000,148.22,151.14,148.2,151.14,1049,0
CNAA.DE,D,20201001,000000,154.98,154.98,153.44,153.44,1,0
CNAA.DE,D,20201002,000000,149.94,153.2,149.94,152.26,5,0
CNAA.DE,D,20201005,000000,151.78,153.48,151.78,152.54,32,0
CNAA.DE,D,20201006,000000,151.92,152.42,151.8,152.04,171,0
CNAA.DE,D,20201007,000000,153.04,153.2,152.42,153.2,1,0
CNAA.DE,D,20201008,000000,152.72,153.24,152.72,152.96,0,0
CNAA.DE,D,20201009,000000,153.3,154.38,153.3,154.38,181,0
CNAA.DE,D,20201012,000000,157.32,157.6,157.14,157.14,10,0
CNAA.DE,D,20201013,000000,157.42,158.52,157.24,158.3,57,0
CNAA.DE,D,20201014,000000,157.26,157.78,157.1,157.42,69,0
CNAA.DE,D,20201015,000000,157.58,157.58,156.6,157.02,41,0
CNAA.DE,D,20201016,000000,158.08,158.22,158.08,158.22,16,0
CNAA.DE,D,20201019,000000,156.86,156.96,156.36,156.54,529,0
CNAA.DE,D,20201020,000000,157.28,157.4,157.04,157.08,66,0
CNAA.DE,D,20201021,000000,156.98,157.4,156.76,157.24,59,0
CNAA.DE,D,20201022,000000,156.66,157.42,156.6,156.6,78,0
CNAA.DE,D,20201023,000000,155.06,155.48,155.06,155.06,12,0
CNAA.DE,D,20201026,000000,153.1,153.26,152.52,152.52,64,0
CNAA.DE,D,20201027,000000,153.02,153.22,152.74,153.22,150,0
CNAA.DE,D,20201028,000000,154.28,154.46,153.76,153.76,10,0
CNAA.DE,D,20201029,000000,155.48,156.9,155.48,156.9,607,0
CNAA.DE,D,20201030,000000,154.36,155.56,154.36,155.56,0,0
CNAA.DE,D,20201102,000000,156.74,156.74,156.42,156.6,296,0
CNAA.DE,D,20201103,000000,157.56,158.3,157.34,157.34,88,0
CNAA.DE,D,20201104,000000,157.08,161.68,157.08,161.68,225,0
CNAA.DE,D,20201105,000000,162.06,163.84,162.06,163.26,75,0
CNAA.DE,D,20201106,000000,160.04,160.64,159.96,160.64,321,0
CNAA.DE,D,20201109,000000,163.64,166.12,162.6,163.58,319,0
CNAA.DE,D,20201110,000000,162.74,162.94,162.5,162.5,238,0
CNAA.DE,D,20201111,000000,161.82,162.46,161.22,161.78,209,0
CNAA.DE,D,20201112,000000,161.2,162.04,161.2,161.7,25,0
CNAA.DE,D,20201113,000000,159.74,159.74,158.76,158.76,225,0
CNAA.DE,D,20201116,000000,161.88,162.84,161.84,162.02,141,0
CNAA.DE,D,20201117,000000,160.98,161.5,160.9,160.98,370,0
CNAA.DE,D,20201118,000000,160.62,161.62,160.62,161.04,160,0
CNAA.DE,D,20201119,000000,161.22,161.8,161.2,161.74,7,0
CNAA.DE,D,20201120,000000,161.98,163.3,161.98,162.84,50,0
CNAA.DE,D,20201123,000000,163.92,164.1,163.2,163.32,109,0
CNAA.DE,D,20201124,000000,162.96,162.96,162.1,162.28,81,0
CNAA.DE,D,20201125,000000,160.1,160.72,160.1,160.32,8,0
CNAA.DE,D,20201126,000000,160.3,161.02,160.3,160.66,40,0
CNAA.DE,D,20201127,000000,161.46,162,161.22,161.94,200,0
CNAA.DE,D,20201130,000000,160.46,160.88,160.18,160.26,42,0
CNAA.DE,D,20201201,000000,163.74,163.74,163.04,163.04,481,0
CNAA.DE,D,20201202,000000,162.62,163.34,162.62,163.04,78,0
CNAA.DE,D,20201203,000000,161.7,163.56,161.7,162.88,65,0
CNAA.DE,D,20201204,000000,163.4,163.84,162.5,163.84,410,0
CNAA.DE,D,20201207,000000,164.26,164.26,162.42,163.52,160,0
CNAA.DE,D,20201208,000000,163.5,163.9,162.66,162.78,610,0
CNAA.DE,D,20201209,000000,160.82,161.12,160.3,160.54,337,0
CNAA.DE,D,20201210,000000,160.16,160.6,160.16,160.28,55,0
CNAA.DE,D,20201211,000000,158.98,158.98,158.06,158.4,104,0
CNAA.DE,D,20201214,000000,161,161,159.84,159.84,85,0
CNAA.DE,D,20201215,000000,160.92,161.1,160.2,161.02,243,0
CNAA.DE,D,20201216,000000,160.94,161.28,160.86,161.08,84,0
CNAA.DE,D,20201217,000000,162.06,162.5,161.76,161.76,1130,0
CNAA.DE,D,20201218,000000,160.46,161.36,160.46,161.36,100,0
CNAA.DE,D,20201221,000000,162.7,162.7,161.1,161.38,35,0
CNAA.DE,D,20201222,000000,161.18,161.48,160.68,161.14,75,0
CNAA.DE,D,20201223,000000,162.04,162.32,162.04,162.12,12,0
CNAA.DE,D,20201228,000000,164,164.14,163.2,163.2,175,0
CNAA.DE,D,20201229,000000,162.34,162.94,162.16,162.16,14,0
CNAA.DE,D,20201230,000000,164.56,165,164.28,164.28,278,0
CNAA.DE,D,20210104,000000,172.72,172.84,171.48,171.48,296,0
CNAA.DE,D,20210105,000000,174.32,175.02,174.2,175.02,851,0
CNAA.DE,D,20210106,000000,175.58,176.24,175.54,175.88,624,0
CNAA.DE,D,20210107,000000,179.48,179.96,179.06,179.64,415,0
CNAA.DE,D,20210108,000000,178.74,178.98,178,178.48,449,0
CNAA.DE,D,20210111,000000,177.82,177.82,177.1,177.1,167,0
CNAA.DE,D,20210112,000000,182.32,183.68,182.32,183.44,40,0
CNAA.DE,D,20210113,000000,181.64,182.36,181.04,181.04,1174,0
CNAA.DE,D,20210114,000000,181,181,178.28,180.04,654,0
CNAA.DE,D,20210115,000000,178.48,178.48,177,177.6,90,0
CNAA.DE,D,20210118,000000,179.78,179.8,179.46,179.46,168,0
CNAA.DE,D,20210119,000000,177.1,177.12,176.68,176.7,957,0
CNAA.DE,D,20210120,000000,178.14,179.74,178.14,179.38,203,0
CNAA.DE,D,20210121,000000,182.14,182.14,181.36,181.48,90,0
CNAA.DE,D,20210122,000000,181.14,181.22,180.22,180.34,239,0
CNAA.DE,D,20210125,000000,182.78,183.4,182.46,182.46,65,0
CNAA.DE,D,20210126,000000,180.24,181.64,180.24,181.1,281,0
CNAA.DE,D,20210127,000000,180.06,180.56,178.94,179.32,492,0
CNAA.DE,D,20210128,000000,175.2,177.32,175.16,176.98,30,0
CNAA.DE,D,20210129,000000,175,176.28,175,175.44,42,0
CNAA.DE,D,20210201,000000,178.2,178.28,177.78,178.1,4,0
CNAA.DE,D,20210202,000000,181.4,182.66,181.4,182.48,111,0
CNAA.DE,D,20210203,000000,183.48,183.48,182.22,182.4,68,0
CNAA.DE,D,20210204,000000,181.8,182.86,181.58,182.32,1020,0
CNAA.DE,D,20210205,000000,182.6,183.48,182.6,182.8,75,0
CNAA.DE,D,20210208,000000,185.9,186.06,184.3,185.7,530,0
CNAA.DE,D,20210209,000000,189.3,190.8,188.86,189.96,293,0
CNAA.DE,D,20210210,000000,193.2,194,191.9,191.9,162,0
CNAA.DE,D,20210211,000000,195.06,195.06,194.4,194.62,486,0
CNAA.DE,D,20210212,000000,194.06,195.96,194.06,195.46,101,0
CNAA.DE,D,20210215,000000,196,198.72,196,197.8,1389,0
CNAA.DE,D,20210216,000000,195.8,198.98,195.8,197.56,1282,0
CNAA.DE,D,20210217,000000,197.5,199.88,197.4,199.56,1595,0
CNAA.DE,D,20210218,000000,193.28,193.28,190,190.66,3393,0
CNAA.DE,D,20210219,000000,190.9,192.06,190.86,191.5,212,0
CNAA.DE,D,20210222,000000,183.86,184.5,182.7,183.72,1681,0
CNAA.DE,D,20210223,000000,183.58,183.58,179.82,181.82,773,0
CNAA.DE,D,20210224,000000,177.78,180.2,177.78,180.2,226,0
CNAA.DE,D,20210225,000000,178.04,178.04,176.8,176.8,701,0
CNAA.DE,D,20210226,000000,173.56,175.44,172.74,174.6,1316,0
CNAA.DE,D,20210301,000000,177.2,179.7,177.2,179.58,392,0
CNAA.DE,D,20210302,000000,176.44,177.84,176.04,176.04,733,0
CNAA.DE,D,20210303,000000,179.14,179.14,177.4,177.4,23,0
CNAA.DE,D,20210304,000000,174.22,174.76,173.88,174.28,134,0
CNAA.DE,D,20210305,000000,173.9,173.96,172.3,172.3,624,0
CNAA.DE,D,20210308,000000,166.62,167.68,164.68,166.82,509,0
CNAA.DE,D,20210309,000000,169.8,169.8,163.52,167.56,498,0
CNAA.DE,D,20210310,000000,165.9,166.8,165.76,166.7,148,0
CNAA.DE,D,20210311,000000,169.78,170.78,169.78,170.58,14,0
CNAA.DE,D,20210312,000000,168.38,168.38,167.9,168.38,258,0
CNAA.DE,D,20210315,000000,166.24,166.68,166.08,166.34,162,0
CNAA.DE,D,20210316,000000,167.14,168.36,167.08,167.74,25,0
CNAA.DE,D,20210317,000000,168.48,168.66,167,167.52,101,0
CNAA.DE,D,20210318,000000,168.56,168.62,167.96,168.34,188,0
CNAA.DE,D,20210319,000000,165.08,166.18,164.8,165.88,47,0
CNAA.DE,D,20210322,000000,166.82,167.04,166.3,166.58,2,0
CNAA.DE,D,20210323,000000,165.44,166.34,165.44,165.96,40,0
CNAA.DE,D,20210324,000000,163.1,164.9,162.82,163.88,974,0
CNAA.DE,D,20210325,000000,163.04,163.64,162.78,163.16,7,0
CNAA.DE,D,20210326,000000,166.84,167.26,166.64,166.84,108,0
CNAA.DE,D,20210329,000000,166.9,167.46,166.9,167.16,31,0
CNAA.DE,D,20210330,000000,168.64,168.64,168.24,168.24,0,0
CNAA.DE,D,20210331,000000,167.86,168.66,167.86,168.66,0,0
CNAA.DE,D,20210401,000000,170.96,170.96,170.1,170.26,32,0
CNAA.DE,D,20210406,000000,177,177,170.32,170.84,632,0
CNAA.DE,D,20210407,000000,168.3,168.44,167.88,167.96,5,0
CNAA.DE,D,20210408,000000,169.28,169.28,168.04,168.04,0,0
CNAA.DE,D,20210409,000000,166.24,166.98,166.24,166.52,1258,0
CNAA.DE,D,20210412,000000,164.44,164.44,163.22,163.22,177,0
CNAA.DE,D,20210413,000000,163.26,163.54,163.26,163.54,0,0
CNAA.DE,D,20210414,000000,164.38,165.38,164.38,165.08,1185,0
CNAA.DE,D,20210415,000000,164,165.04,163.32,165.04,139,0
CNAA.DE,D,20210416,000000,164.54,165.22,164.54,165.02,462,0
CNAA.DE,D,20210419,000000,168.22,168.22,166.42,166.42,93,0
CNAA.DE,D,20210420,000000,166.76,167,165.92,166.28,163,0
CNAA.DE,D,20210421,000000,169.06,169.62,168.56,169.04,77,0
CNAA.DE,D,20210422,000000,168.56,169.04,168.54,169.04,26,0
CNAA.DE,D,20210423,000000,170.4,171.18,170.4,170.74,569,0
CNAA.DE,D,20210426,000000,167.44,168.1,166.74,168.1,1305,0
CNAA.DE,D,20210427,000000,168.74,168.82,168.44,168.44,10,0
CNAA.DE,D,20210428,000000,170.7,170.98,170.16,170.46,1586,0
CNAA.DE,D,20210429,000000,171.34,171.58,169.84,170.14,2882,0
CNAA.DE,D,20210430,000000,169.82,169.9,168.74,169.7,906,0
CNAA.DE,D,20210503,000000,168.52,169.2,168.34,169.18,1102,0
CNAA.DE,D,20210504,000000,169.52,170.44,168.44,168.44,777,0
CNAA.DE,D,20210505,000000,169.58,170.46,169.58,170.26,588,0
CNAA.DE,D,20210506,000000,169.4,170.2,169.4,170.2,1439,0
CNAA.DE,D,20210507,000000,169.22,169.22,167.4,167.92,1663,0
CNAA.DE,D,20210510,000000,167.56,167.56,165.46,165.7,2896,0
CNAA.DE,D,20210511,000000,168.16,168.16,166.08,166.08,111,0
CNAA.DE,D,20210512,000000,168.02,169.08,166.62,166.62,244,0
CNAA.DE,D,20210513,000000,167.3,168.18,165.74,167.12,71,0
CNAA.DE,D,20210514,000000,170.38,171.38,169.34,171.38,372,0
CNAA.DE,D,20210517,000000,173.16,173.16,172.2,172.72,69,0
CNAA.DE,D,20210518,000000,172.58,173.42,172.42,172.66,145,0
CNAA.DE,D,20210519,000000,171.3,172.5,171.24,171.24,5,0
CNAA.DE,D,20210520,000000,171.76,173.24,171.76,173.24,87,0
CNAA.DE,D,20210521,000000,169.94,170.92,169.08,170.36,72,0
CNAA.DE,D,20210525,000000,176.98,178.32,176.92,177.9,119,0
CNAA.DE,D,20210526,000000,176.82,178.42,176.82,178.2,24,0
CNAA.DE,D,20210527,000000,179.04,179.68,177.08,179.22,640,0
CNAA.DE,D,20210528,000000,179.22,179.6,179.22,179.46,195,0
CNAA.DE,D,20210531,000000,179.82,180.26,178.88,178.88,290,0
CNAA.DE,D,20210601,000000,179.74,179.74,178.9,178.9,63,0
CNAA.DE,D,20210602,000000,177.42,178.4,177.42,177.98,20,0
CNAA.DE,D,20210603,000000,176.68,177.7,176.36,177.2,12,0
CNAA.DE,D,20210604,000000,178.3,179.68,178.3,178.82,1102,0
CNAA.DE,D,20210607,000000,178.44,179.3,177.9,177.9,131,0
CNAA.DE,D,20210608,000000,176.86,177.6,176.32,177.6,1,0
CNAA.DE,D,20210609,000000,177.96,179.34,176.68,176.68,307,0
CNAA.DE,D,20210610,000000,179.96,179.96,177.38,178.1,202,0
CNAA.DE,D,20210611,000000,176.96,177.26,176.74,176.74,0,0
CNAA.DE,D,20210614,000000,175.78,176.12,175.68,176.06,85,0
CNAA.DE,D,20210615,000000,175.14,175.14,174.02,174.22,510,0
CNAA.DE,D,20210616,000000,172.14,172.18,172.04,172.18,0,0
CNAA.DE,D,20210617,000000,173.98,174.66,173.88,174.4,1505,0
CNAA.DE,D,20210618,000000,174.54,175.1,174.08,174.08,55,0
CNAA.DE,D,20210621,000000,174.72,175.12,174.72,174.84,0,0
CNAA.DE,D,20210622,000000,175.58,175.58,174.76,174.76,1,0
CNAA.DE,D,20210623,000000,175.88,175.88,174.88,175.26,65,0
CNAA.DE,D,20210624,000000,176.3,176.72,176.3,176.72,53,0
CNAA.DE,D,20210625,000000,179.2,179.38,179.04,179.04,70,0
CNAA.DE,D,20210628,000000,179.78,180.08,179.4,179.86,304,0
CNAA.DE,D,20210629,000000,178.62,179.38,178.44,178.82,75,0
CNAA.DE,D,20210630,000000,180,180.98,179.86,180.98,100,0
CNAA.DE,D,20210701,000000,180.02,180.02,178.62,179.28,140,0
CNAA.DE,D,20210702,000000,175.44,176.88,175.44,176.2,50,0
CNAA.DE,D,20210705,000000,177.4,177.4,176.68,176.68,194,0
CNAA.DE,D,20210706,000000,176.3,177.24,175.32,175.32,228,0
CNAA.DE,D,20210707,000000,178.72,180.06,178.72,180.04,20,0
CNAA.DE,D,20210708,000000,177.24,177.24,174.7,175.1,435,0
CNAA.DE,D,20210709,000000,176.32,177.74,176.32,177.26,130,0
CNAA.DE,D,20210712,000000,178.72,179.4,178.72,179.18,417,0
CNAA.DE,D,20210713,000000,179.24,179.84,179.24,179.7,110,0
CNAA.DE,D,20210714,000000,177.94,178.8,177.94,178.16,91,0
CNAA.DE,D,20210715,000000,181.3,181.3,179.82,180.68,203,0
CNAA.DE,D,20210716,000000,178.52,178.92,177.94,177.94,0,0
CNAA.DE,D,20210719,000000,178.88,178.88,177.1,177.32,170,0
CNAA.DE,D,20210720,000000,178.88,179.92,178.88,179.36,94,0
CNAA.DE,D,20210721,000000,181.18,181.7,180.64,181.12,84,0
CNAA.DE,D,20210722,000000,181.28,181.3,180.6,180.94,100,0
CNAA.DE,D,20210723,000000,179.28,179.58,178.64,178.64,8,0
CNAA.DE,D,20210726,000000,173.42,173.42,171,172.18,599,0
CNAA.DE,D,20210727,000000,166.5,166.5,163.2,163.2,1563,0
CNAA.DE,D,20210728,000000,166.78,171.14,166.78,171.14,1378,0
CNAA.DE,D,20210729,000000,170.66,171.38,170.14,170.14,355,0
CNAA.DE,D,20210730,000000,168.68,170.8,168.68,170.22,31,0
CNAA.DE,D,20210802,000000,173.78,173.84,172.56,173.04,513,0
CNAA.DE,D,20210803,000000,173.02,173.2,171.68,172.8,961,0
CNAA.DE,D,20210804,000000,174.66,175.42,174.56,175.42,1,0
CNAA.DE,D,20210805,000000,175.04,176.2,174.96,174.96,209,0
CNAA.DE,D,20210806,000000,174.56,174.56,173.4,174.08,33,0
CNAA.DE,D,20210809,000000,176.22,177.04,176.22,177,16,0
CNAA.DE,D,20210810,000000,178.42,178.88,178,178.02,124,0
CNAA.DE,D,20210811,000000,178.48,179.18,177.86,178.6,78,0
CNAA.DE,D,20210812,000000,176.94,177.34,175.86,176.54,5,0
CNAA.DE,D,20210813,000000,176.54,176.54,176,176,0,0
CNAA.DE,D,20210816,000000,175.84,176.26,175.5,175.5,72,0
CNAA.DE,D,20210817,000000,171.04,171.84,171.04,171.84,0,0
CNAA.DE,D,20210818,000000,173.62,173.64,173.1,173.54,9,0
CNAA.DE,D,20210819,000000,173.24,173.4,173.14,173.4,5,0
CNAA.DE,D,20210820,000000,169.08,170.84,168.4,170.56,314,0
CNAA.DE,D,20210823,000000,172.38,173.16,172.34,173.12,41,0
CNAA.DE,D,20210824,000000,174.86,176.2,174.86,176.2,26,0
