<TICKER>,<PER>,<DATE>,<TIME>,<OPEN>,<HIGH>,<LOW>,<CLOSE>,<VOL>,<OPENINT>
CTP2.DE,D,20070102,000000,7.592447,7.592447,7.592447,7.592447,0,0
CTP2.DE,D,20070103,000000,7.592447,7.592447,7.592447,7.592447,0,0
CTP2.DE,D,20070104,000000,7.777277,7.825285,7.705265,7.810882,870,0
CTP2.DE,D,20070105,000000,7.753273,7.890095,7.753273,7.890095,290,0
CTP2.DE,D,20070108,000000,7.79408,7.79408,7.758074,7.774877,216,0
CTP2.DE,D,20070109,000000,7.726869,7.726869,7.726869,7.726869,145,0
CTP2.DE,D,20070110,000000,7.808482,7.933303,7.808482,7.902097,286,0
CTP2.DE,D,20070115,000000,8.031719,8.031719,8.031719,8.031719,0,0
CTP2.DE,D,20070116,000000,7.969308,7.969308,7.969308,7.969308,16,0
CTP2.DE,D,20070117,000000,7.923701,7.923701,7.923701,7.923701,3,0
CTP2.DE,D,20070118,000000,8.046121,8.046121,8.046121,8.046121,59,0
CTP2.DE,D,20070119,000000,7.885295,7.885295,7.885295,7.885295,11,0
CTP2.DE,D,20070122,000000,7.885295,7.885295,7.885295,7.885295,0,0
CTP2.DE,D,20070123,000000,8.026918,8.026918,8.026918,8.026918,70,0
CTP2.DE,D,20070124,000000,8.113332,8.113332,8.113332,8.113332,415,0
CTP2.DE,D,20070125,000000,7.73407,7.73407,7.73407,7.73407,10,0
CTP2.DE,D,20070126,000000,7.73407,7.73407,7.73407,7.73407,0,0
CTP2.DE,D,20070129,000000,7.73407,7.73407,7.73407,7.73407,0,0
CTP2.DE,D,20070130,000000,7.921301,7.921301,7.921301,7.921301,100,0
CTP2.DE,D,20070131,000000,7.947705,7.947705,7.947705,7.947705,97,0
CTP2.DE,D,20070201,000000,8.053322,8.053322,8.053322,8.053322,6,0
CTP2.DE,D,20070202,000000,7.897297,7.897297,7.897297,7.897297,310,0
CTP2.DE,D,20070205,000000,7.897297,7.897297,7.897297,7.897297,0,0
CTP2.DE,D,20070206,000000,7.897297,7.897297,7.897297,7.897297,0,0
CTP2.DE,D,20070207,000000,7.897297,7.897297,7.897297,7.897297,0,0
CTP2.DE,D,20070208,000000,7.582845,7.582845,7.582845,7.582845,592,0
CTP2.DE,D,20070209,000000,7.582845,7.582845,7.582845,7.582845,0,0
CTP2.DE,D,20070212,000000,7.582845,7.582845,7.582845,7.582845,0,0
CTP2.DE,D,20070213,000000,7.582845,7.582845,7.582845,7.582845,0,0
CTP2.DE,D,20070214,000000,6.901133,6.901133,6.901133,6.901133,8,0
CTP2.DE,D,20070215,000000,7.520435,7.520435,7.520435,7.520435,120,0
CTP2.DE,D,20070216,000000,7.520435,7.520435,7.520435,7.520435,0,0
CTP2.DE,D,20070219,000000,7.48923,7.48923,7.48923,7.48923,64,0
CTP2.DE,D,20070220,000000,7.48923,7.48923,7.48923,7.48923,0,0
CTP2.DE,D,20070221,000000,7.48923,7.48923,7.48923,7.48923,0,0
CTP2.DE,D,20070226,000000,6.913135,6.913135,6.913135,6.913135,16,0
CTP2.DE,D,20070227,000000,6.967144,6.967144,6.967144,6.967144,72,0
CTP2.DE,D,20070228,000000,6.495466,6.495466,6.495466,6.495466,488,0
CTP2.DE,D,20070301,000000,6.495466,6.495466,6.495466,6.495466,0,0
CTP2.DE,D,20070302,000000,6.877129,6.877129,6.877129,6.877129,210,0
CTP2.DE,D,20070305,000000,6.751108,6.751108,6.751108,6.751108,114,0
CTP2.DE,D,20070306,000000,6.952742,6.952742,6.952742,6.952742,450,0
CTP2.DE,D,20070307,000000,6.952742,6.952742,6.952742,6.952742,0,0
CTP2.DE,D,20070308,000000,6.952742,6.952742,6.952742,6.952742,0,0
CTP2.DE,D,20070309,000000,7.154375,7.154375,7.154375,7.154375,260,0
CTP2.DE,D,20070312,000000,7.085963,7.085963,7.085963,7.085963,489,0
CTP2.DE,D,20070313,000000,6.977946,6.977946,6.977946,6.977946,9,0
CTP2.DE,D,20070314,000000,6.909534,6.909534,6.909534,6.909534,363,0
CTP2.DE,D,20070315,000000,6.909534,6.909534,6.909534,6.909534,0,0
CTP2.DE,D,20070316,000000,6.909534,6.909534,6.909534,6.909534,0,0
CTP2.DE,D,20070319,000000,6.887931,6.887931,6.887931,6.887931,28,0
CTP2.DE,D,20070320,000000,6.887931,6.887931,6.887931,6.887931,0,0
CTP2.DE,D,20070321,000000,7.042756,7.042756,7.042756,7.042756,727,0
CTP2.DE,D,20070322,000000,7.154375,7.154375,7.154375,7.154375,117,0
CTP2.DE,D,20070323,000000,6.82312,6.82312,6.82312,6.82312,12,0
CTP2.DE,D,20070326,000000,7.129171,7.129171,7.129171,7.129171,48,0
CTP2.DE,D,20070327,000000,7.129171,7.129171,7.129171,7.129171,0,0
CTP2.DE,D,20070328,000000,6.94194,6.94194,6.94194,6.94194,197,0
CTP2.DE,D,20070329,000000,6.94194,6.94194,6.94194,6.94194,0,0
CTP2.DE,D,20070330,000000,6.711502,6.711502,6.711502,6.711502,96,0
CTP2.DE,D,20070402,000000,6.711502,6.711502,6.711502,6.711502,0,0
CTP2.DE,D,20070403,000000,6.711502,6.711502,6.711502,6.711502,0,0
CTP2.DE,D,20070404,000000,6.711502,6.711502,6.711502,6.711502,0,0
CTP2.DE,D,20070405,000000,6.711502,6.711502,6.711502,6.711502,0,0
CTP2.DE,D,20070410,000000,6.711502,6.711502,6.711502,6.711502,0,0
CTP2.DE,D,20070411,000000,7.071561,7.071561,7.071561,7.071561,156,0
CTP2.DE,D,20070412,000000,7.071561,7.071561,7.071561,7.071561,0,0
CTP2.DE,D,20070413,000000,7.071561,7.071561,7.071561,7.071561,0,0
CTP2.DE,D,20070416,000000,7.071561,7.071561,7.071561,7.071561,0,0
CTP2.DE,D,20070417,000000,7.201182,7.201182,7.201182,7.201182,25,0
CTP2.DE,D,20070418,000000,6.913135,6.913135,6.913135,6.913135,222,0
CTP2.DE,D,20070419,000000,6.841123,6.841123,6.841123,6.841123,18,0
CTP2.DE,D,20070420,000000,6.841123,6.841123,6.841123,6.841123,0,0
CTP2.DE,D,20070423,000000,7.201182,7.201182,7.201182,7.201182,80,0
CTP2.DE,D,20070424,000000,7.107567,7.107567,7.107567,7.107567,13,0
CTP2.DE,D,20070425,000000,7.107567,7.107567,7.107567,7.107567,0,0
CTP2.DE,D,20070426,000000,7.381212,7.381212,7.381212,7.381212,440,0
CTP2.DE,D,20070427,000000,7.381212,7.381212,7.381212,7.381212,0,0
CTP2.DE,D,20070430,000000,6.952742,6.952742,6.952742,6.952742,145,0
CTP2.DE,D,20070502,000000,6.952742,6.952742,6.952742,6.952742,0,0
CTP2.DE,D,20070503,000000,6.952742,6.952742,6.952742,6.952742,0,0
CTP2.DE,D,20070504,000000,6.841123,6.841123,6.841123,6.841123,48,0
CTP2.DE,D,20070507,000000,6.952742,6.952742,6.952742,6.952742,24,0
CTP2.DE,D,20070508,000000,7.06796,7.06796,7.06796,7.06796,72,0
CTP2.DE,D,20070509,000000,6.866327,6.866327,6.866327,6.866327,75,0
CTP2.DE,D,20070510,000000,6.610685,6.610685,6.610685,6.610685,37,0
CTP2.DE,D,20070511,000000,6.837523,6.837523,6.837523,6.837523,24,0
CTP2.DE,D,20070514,000000,6.837523,6.837523,6.837523,6.837523,0,0
CTP2.DE,D,20070515,000000,6.837523,6.837523,6.837523,6.837523,0,0
CTP2.DE,D,20070516,000000,6.837523,6.837523,6.837523,6.837523,0,0
CTP2.DE,D,20070517,000000,7.021153,7.021153,7.021153,7.021153,194,0
CTP2.DE,D,20070518,000000,6.895132,6.895132,6.895132,6.895132,6,0
CTP2.DE,D,20070521,000000,7.316401,7.316401,7.316401,7.316401,2,0
CTP2.DE,D,20070522,000000,7.316401,7.316401,7.316401,7.316401,0,0
CTP2.DE,D,20070523,000000,6.88073,6.88073,6.88073,6.88073,24,0
CTP2.DE,D,20070524,000000,7.287597,7.287597,7.287597,7.287597,169,0
CTP2.DE,D,20070525,000000,7.021153,7.021153,7.021153,7.021153,72,0
CTP2.DE,D,20070529,000000,7.021153,7.021153,7.021153,7.021153,0,0
CTP2.DE,D,20070530,000000,7.021153,7.021153,7.021153,7.021153,0,0
CTP2.DE,D,20070531,000000,7.021153,7.021153,7.021153,7.021153,1,0
CTP2.DE,D,20070601,000000,7.18678,7.18678,7.18678,7.18678,24,0
CTP2.DE,D,20070604,000000,7.273194,7.273194,7.273194,7.273194,60,0
CTP2.DE,D,20070605,000000,7.183179,7.183179,7.183179,7.183179,18,0
CTP2.DE,D,20070606,000000,7.053558,7.053558,7.053558,7.053558,177,0
CTP2.DE,D,20070607,000000,7.021153,7.021153,7.021153,7.021153,33,0
CTP2.DE,D,20070608,000000,7.021153,7.021153,7.021153,7.021153,0,0
CTP2.DE,D,20070611,000000,7.021153,7.021153,7.021153,7.021153,0,0
CTP2.DE,D,20070612,000000,7.021153,7.021153,7.021153,7.021153,0,0
CTP2.DE,D,20070613,000000,7.021153,7.021153,7.021153,7.021153,108,0
CTP2.DE,D,20070614,000000,6.985147,6.985147,6.985147,6.985147,16,0
CTP2.DE,D,20070615,000000,7.320002,7.320002,7.320002,7.320002,93,0
CTP2.DE,D,20070618,000000,7.269594,7.269594,7.269594,7.269594,48,0
CTP2.DE,D,20070619,000000,7.453224,7.453224,7.453224,7.453224,145,0
CTP2.DE,D,20070620,000000,7.453224,7.453224,7.453224,7.453224,0,0
CTP2.DE,D,20070621,000000,6.999549,6.999549,6.999549,6.999549,126,0
CTP2.DE,D,20070622,000000,6.999549,6.999549,6.999549,6.999549,0,0
CTP2.DE,D,20070625,000000,6.999549,6.999549,6.999549,6.999549,0,0
CTP2.DE,D,20070628,000000,7.525236,7.525236,7.525236,7.525236,24,0
CTP2.DE,D,20070629,000000,7.525236,7.525236,7.525236,7.525236,0,0
CTP2.DE,D,20070702,000000,7.55404,7.55404,7.55404,7.55404,20,0
CTP2.DE,D,20070703,000000,7.48923,7.48923,7.48923,7.48923,145,0
CTP2.DE,D,20070704,000000,7.48923,7.48923,7.48923,7.48923,0,0
CTP2.DE,D,20070705,000000,7.503632,7.503632,7.503632,7.503632,60,0
CTP2.DE,D,20070706,000000,7.453224,7.453224,7.453224,7.453224,1066,0
CTP2.DE,D,20070709,000000,7.273194,7.273194,7.273194,7.273194,130,0
CTP2.DE,D,20070710,000000,7.273194,7.273194,7.273194,7.273194,0,0
CTP2.DE,D,20070711,000000,6.6971,6.6971,6.6971,6.6971,18,0
CTP2.DE,D,20070712,000000,6.6971,6.6971,6.6971,6.6971,0,0
CTP2.DE,D,20070713,000000,7.12557,7.12557,7.12557,7.12557,24,0
CTP2.DE,D,20070716,000000,7.12557,7.12557,7.12557,7.12557,0,0
CTP2.DE,D,20070717,000000,7.12557,7.12557,7.12557,7.12557,0,0
CTP2.DE,D,20070718,000000,7.12557,7.12557,7.12557,7.12557,0,0
CTP2.DE,D,20070719,000000,7.12557,7.12557,7.12557,7.12557,0,0
CTP2.DE,D,20070720,000000,7.12557,7.12557,7.12557,7.12557,0,0
CTP2.DE,D,20070723,000000,7.12557,7.12557,7.12557,7.12557,0,0
CTP2.DE,D,20070724,000000,7.12557,7.12557,7.12557,7.12557,0,0
CTP2.DE,D,20070725,000000,7.12557,7.12557,7.12557,7.12557,0,0
CTP2.DE,D,20070726,000000,7.12557,7.12557,7.12557,7.12557,0,0
CTP2.DE,D,20070727,000000,7.12557,7.12557,7.12557,7.12557,0,0
CTP2.DE,D,20070730,000000,6.844724,6.844724,6.844724,6.844724,145,0
CTP2.DE,D,20070731,000000,6.844724,6.844724,6.844724,6.844724,0,0
CTP2.DE,D,20070801,000000,6.844724,6.844724,6.844724,6.844724,0,0
CTP2.DE,D,20070802,000000,6.844724,6.844724,6.844724,6.844724,0,0
CTP2.DE,D,20070803,000000,6.844724,6.844724,6.844724,6.844724,0,0
CTP2.DE,D,20070806,000000,6.139008,6.139008,6.139008,6.139008,22,0
CTP2.DE,D,20070807,000000,6.139008,6.139008,6.139008,6.139008,0,0
CTP2.DE,D,20070808,000000,6.488265,6.488265,6.488265,6.488265,24,0
CTP2.DE,D,20070809,000000,6.257827,6.257827,6.257827,6.257827,63,0
CTP2.DE,D,20070810,000000,6.257827,6.257827,6.257827,6.257827,0,0
CTP2.DE,D,20070813,000000,6.257827,6.257827,6.257827,6.257827,0,0
CTP2.DE,D,20070814,000000,6.733105,6.733105,6.733105,6.733105,108,0
CTP2.DE,D,20070815,000000,6.733105,6.733105,6.733105,6.733105,0,0
CTP2.DE,D,20070816,000000,6.664694,6.664694,6.664694,6.664694,104,0
CTP2.DE,D,20070817,000000,6.373046,6.373046,6.373046,6.373046,351,0
CTP2.DE,D,20070820,000000,6.373046,6.373046,6.373046,6.373046,0,0
CTP2.DE,D,20070821,000000,6.373046,6.373046,6.373046,6.373046,0,0
CTP2.DE,D,20070822,000000,6.373046,6.373046,6.373046,6.373046,0,0
CTP2.DE,D,20070823,000000,6.254227,6.254227,6.254227,6.254227,48,0
CTP2.DE,D,20070824,000000,6.254227,6.254227,6.254227,6.254227,0,0
CTP2.DE,D,20070827,000000,6.254227,6.254227,6.254227,6.254227,0,0
CTP2.DE,D,20070828,000000,6.419854,6.419854,6.419854,6.419854,13,0
CTP2.DE,D,20070829,000000,6.596283,6.596283,6.596283,6.596283,28,0
CTP2.DE,D,20070830,000000,6.596283,6.596283,6.596283,6.596283,0,0
CTP2.DE,D,20070831,000000,6.596283,6.596283,6.596283,6.596283,0,0
CTP2.DE,D,20070903,000000,6.855526,6.855526,6.855526,6.855526,1066,0
CTP2.DE,D,20070904,000000,6.657493,6.657493,6.657493,6.657493,125,0
CTP2.DE,D,20070905,000000,6.805117,6.805117,6.805117,6.805117,149,0
CTP2.DE,D,20070906,000000,6.76191,6.76191,6.76191,6.76191,193,0
CTP2.DE,D,20070907,000000,6.76191,6.76191,6.76191,6.76191,0,0
CTP2.DE,D,20070910,000000,6.76191,6.76191,6.76191,6.76191,0,0
CTP2.DE,D,20070911,000000,6.76191,6.76191,6.76191,6.76191,0,0
CTP2.DE,D,20070912,000000,6.76191,6.76191,6.76191,6.76191,0,0
CTP2.DE,D,20070913,000000,6.76191,6.76191,6.76191,6.76191,0,0
CTP2.DE,D,20070914,000000,6.304635,6.304635,6.304635,6.304635,18,0
CTP2.DE,D,20070917,000000,6.369446,6.369446,6.369446,6.369446,28,0
CTP2.DE,D,20070918,000000,6.124606,6.124606,6.124606,6.124606,28,0
CTP2.DE,D,20070919,000000,6.124606,6.124606,6.124606,6.124606,0,0
CTP2.DE,D,20070920,000000,6.124606,6.124606,6.124606,6.124606,0,0
CTP2.DE,D,20070921,000000,6.124606,6.124606,6.124606,6.124606,0,0
CTP2.DE,D,20070924,000000,6.124606,6.124606,6.124606,6.124606,0,0
CTP2.DE,D,20070925,000000,6.124606,6.124606,6.124606,6.124606,0,0
CTP2.DE,D,20070926,000000,6.124606,6.124606,6.124606,6.124606,0,0
CTP2.DE,D,20070927,000000,6.124606,6.124606,6.124606,6.124606,0,0
CTP2.DE,D,20070928,000000,6.124606,6.124606,6.124606,6.124606,0,0
CTP2.DE,D,20071001,000000,6.124606,6.124606,6.124606,6.124606,0,0
CTP2.DE,D,20071002,000000,6.124606,6.124606,6.124606,6.124606,0,0
CTP2.DE,D,20071003,000000,6.124606,6.124606,6.124606,6.124606,0,0
CTP2.DE,D,20071004,000000,6.124606,6.124606,6.124606,6.124606,0,0
CTP2.DE,D,20071005,000000,6.124606,6.124606,6.124606,6.124606,0,0
CTP2.DE,D,20071008,000000,5.933774,5.933774,5.933774,5.933774,96,0
CTP2.DE,D,20071009,000000,5.933774,5.933774,5.933774,5.933774,0,0
CTP2.DE,D,20071010,000000,5.901369,5.901369,5.901369,5.901369,112,0
CTP2.DE,D,20071011,000000,5.901369,5.901369,5.901369,5.901369,0,0
CTP2.DE,D,20071012,000000,5.793351,5.793351,5.793351,5.793351,145,0
CTP2.DE,D,20071015,000000,5.854561,5.854561,5.854561,5.854561,61,0
CTP2.DE,D,20071016,000000,5.854561,5.854561,5.854561,5.854561,0,0
CTP2.DE,D,20071017,000000,5.854561,5.854561,5.854561,5.854561,0,0
CTP2.DE,D,20071018,000000,5.757345,5.757345,5.757345,5.757345,96,0
CTP2.DE,D,20071019,000000,5.757345,5.757345,5.757345,5.757345,0,0
CTP2.DE,D,20071022,000000,5.757345,5.757345,5.757345,5.757345,0,0
CTP2.DE,D,20071023,000000,5.757345,5.757345,5.757345,5.757345,0,0
CTP2.DE,D,20071024,000000,5.757345,5.757345,5.757345,5.757345,0,0
CTP2.DE,D,20071025,000000,5.757345,5.757345,5.757345,5.757345,0,0
CTP2.DE,D,20071026,000000,5.757345,5.757345,5.757345,5.757345,0,0
CTP2.DE,D,20071029,000000,5.260464,5.260464,5.260464,5.260464,48,0
CTP2.DE,D,20071030,000000,5.156047,5.156047,5.156047,5.156047,178,0
CTP2.DE,D,20071031,000000,5.220857,5.220857,5.220857,5.220857,6,0
CTP2.DE,D,20071101,000000,5.148845,5.148845,5.148845,5.148845,72,0
CTP2.DE,D,20071102,000000,5.148845,5.148845,5.148845,5.148845,96,0
CTP2.DE,D,20071105,000000,5.289268,5.289268,5.289268,5.289268,240,0
CTP2.DE,D,20071106,000000,5.148845,5.148845,5.148845,5.148845,27,0
CTP2.DE,D,20071107,000000,5.004822,5.004822,5.004822,5.004822,15,0
CTP2.DE,D,20071108,000000,5.004822,5.004822,5.004822,5.004822,0,0
CTP2.DE,D,20071109,000000,5.004822,5.004822,5.004822,5.004822,0,0
CTP2.DE,D,20071112,000000,4.648363,4.648363,4.648363,4.648363,24,0
CTP2.DE,D,20071113,000000,4.648363,4.648363,4.648363,4.648363,0,0
CTP2.DE,D,20071114,000000,4.648363,4.648363,4.648363,4.648363,0,0
CTP2.DE,D,20071115,000000,4.644763,4.644763,4.644763,4.644763,48,0
CTP2.DE,D,20071116,000000,4.644763,4.644763,4.644763,4.644763,0,0
CTP2.DE,D,20071119,000000,4.644763,4.644763,4.644763,4.644763,72,0
CTP2.DE,D,20071120,000000,4.644763,4.644763,4.644763,4.644763,0,0
CTP2.DE,D,20071121,000000,4.644763,4.644763,4.644763,4.644763,0,0
CTP2.DE,D,20071122,000000,4.644763,4.644763,4.644763,4.644763,0,0
CTP2.DE,D,20071123,000000,4.644763,4.644763,4.644763,4.644763,0,0
CTP2.DE,D,20071126,000000,4.644763,4.644763,4.644763,4.644763,0,0
CTP2.DE,D,20071127,000000,4.644763,4.644763,4.644763,4.644763,0,0
CTP2.DE,D,20071128,000000,4.644763,4.644763,4.644763,4.644763,0,0
CTP2.DE,D,20071129,000000,4.644763,4.644763,4.644763,4.644763,0,0
CTP2.DE,D,20071130,000000,4.644763,4.644763,4.644763,4.644763,0,0
CTP2.DE,D,20071203,000000,4.644763,4.644763,4.644763,4.644763,0,0
CTP2.DE,D,20071204,000000,4.644763,4.644763,4.644763,4.644763,0,0
CTP2.DE,D,20071205,000000,4.644763,4.644763,4.644763,4.644763,0,0
CTP2.DE,D,20071206,000000,4.644763,4.644763,4.644763,4.644763,0,0
CTP2.DE,D,20071207,000000,4.644763,4.644763,4.644763,4.644763,0,0
CTP2.DE,D,20071210,000000,4.644763,4.644763,4.644763,4.644763,0,0
CTP2.DE,D,20071211,000000,4.295505,4.295505,4.295505,4.295505,48,0
CTP2.DE,D,20071212,000000,4.342313,4.342313,4.342313,4.342313,436,0
CTP2.DE,D,20071213,000000,4.342313,4.342313,4.342313,4.342313,436,0
CTP2.DE,D,20071214,000000,4.342313,4.342313,4.342313,4.342313,0,0
CTP2.DE,D,20071217,000000,4.342313,4.342313,4.342313,4.342313,0,0
CTP2.DE,D,20071218,000000,4.342313,4.342313,4.342313,4.342313,0,0
CTP2.DE,D,20071219,000000,4.342313,4.342313,4.342313,4.342313,0,0
CTP2.DE,D,20071220,000000,4.342313,4.342313,4.342313,4.342313,0,0
CTP2.DE,D,20071221,000000,4.342313,4.342313,4.342313,4.342313,0,0
CTP2.DE,D,20071227,000000,4.342313,4.342313,4.342313,4.342313,0,0
CTP2.DE,D,20071228,000000,4.029062,4.029062,4.029062,4.029062,24,0
CTP2.DE,D,20080102,000000,4.029062,4.029062,4.029062,4.029062,24,0
CTP2.DE,D,20080103,000000,4.029062,4.029062,4.029062,4.029062,0,0
CTP2.DE,D,20080104,000000,4.029062,4.029062,4.029062,4.029062,0,0
CTP2.DE,D,20080107,000000,4.029062,4.029062,4.029062,4.029062,0,0
CTP2.DE,D,20080108,000000,4.029062,4.029062,4.029062,4.029062,0,0
CTP2.DE,D,20080109,000000,4.029062,4.029062,4.029062,4.029062,0,0
CTP2.DE,D,20080110,000000,4.029062,4.029062,4.029062,4.029062,0,0
CTP2.DE,D,20080111,000000,4.090272,4.090272,4.090272,4.090272,36,0
CTP2.DE,D,20080114,000000,3.89584,3.89584,3.89584,3.89584,52,0
CTP2.DE,D,20080115,000000,3.89584,3.89584,3.89584,3.89584,52,0
CTP2.DE,D,20080116,000000,4.101073,4.101073,4.101073,4.101073,96,0
CTP2.DE,D,20080117,000000,4.101073,4.101073,4.101073,4.101073,96,0
CTP2.DE,D,20080118,000000,4.2631,4.2631,4.2631,4.2631,193,0
CTP2.DE,D,20080121,000000,3.737414,3.737414,3.737414,3.737414,145,0
CTP2.DE,D,20080122,000000,3.83823,3.83823,3.83823,3.83823,96,0
CTP2.DE,D,20080123,000000,3.89584,3.89584,3.89584,3.89584,13,0
CTP2.DE,D,20080124,000000,3.89584,3.89584,3.89584,3.89584,13,0
CTP2.DE,D,20080125,000000,3.89584,3.89584,3.89584,3.89584,0,0
CTP2.DE,D,20080128,000000,3.89584,3.89584,3.89584,3.89584,0,0
CTP2.DE,D,20080129,000000,3.89584,3.89584,3.89584,3.89584,0,0
CTP2.DE,D,20080130,000000,3.89584,3.89584,3.89584,3.89584,0,0
CTP2.DE,D,20080131,000000,3.856233,3.856233,3.856233,3.856233,72,0
CTP2.DE,D,20080201,000000,3.856233,3.856233,3.856233,3.856233,72,0
CTP2.DE,D,20080204,000000,3.856233,3.856233,3.856233,3.856233,0,0
CTP2.DE,D,20080205,000000,4.389121,4.389121,4.389121,4.389121,48,0
CTP2.DE,D,20080206,000000,4.389121,4.389121,4.389121,4.389121,48,0
CTP2.DE,D,20080207,000000,4.389121,4.389121,4.389121,4.389121,0,0
CTP2.DE,D,20080208,000000,3.924644,3.924644,3.924644,3.924644,96,0
CTP2.DE,D,20080211,000000,3.924644,3.924644,3.924644,3.924644,96,0
CTP2.DE,D,20080212,000000,3.975053,3.975053,3.975053,3.975053,9,0
CTP2.DE,D,20080213,000000,3.975053,3.975053,3.975053,3.975053,9,0
CTP2.DE,D,20080214,000000,3.975053,3.975053,3.975053,3.975053,0,0
CTP2.DE,D,20080215,000000,4.69157,4.69157,4.69157,4.69157,145,0
CTP2.DE,D,20080218,000000,4.69157,4.69157,4.69157,4.69157,145,0
CTP2.DE,D,20080219,000000,4.69157,4.69157,4.69157,4.69157,0,0
CTP2.DE,D,20080220,000000,4.69157,4.69157,4.69157,4.69157,0,0
CTP2.DE,D,20080221,000000,4.69157,4.69157,4.69157,4.69157,0,0
CTP2.DE,D,20080222,000000,4.69157,4.69157,4.69157,4.69157,0,0
CTP2.DE,D,20080225,000000,4.69157,4.69157,4.69157,4.69157,0,0
CTP2.DE,D,20080226,000000,4.69157,4.69157,4.69157,4.69157,0,0
CTP2.DE,D,20080227,000000,4.69157,4.69157,4.69157,4.69157,0,0
CTP2.DE,D,20080228,000000,4.69157,4.69157,4.69157,4.69157,0,0
CTP2.DE,D,20080229,000000,4.69157,4.69157,4.69157,4.69157,0,0
CTP2.DE,D,20080303,000000,4.69157,4.69157,4.69157,4.69157,0,0
CTP2.DE,D,20080304,000000,4.69157,4.69157,4.69157,4.69157,0,0
CTP2.DE,D,20080305,000000,4.69157,4.69157,4.69157,4.69157,0,0
CTP2.DE,D,20080306,000000,4.69157,4.69157,4.69157,4.69157,0,0
CTP2.DE,D,20080307,000000,4.69157,4.69157,4.69157,4.69157,0,0
CTP2.DE,D,20080310,000000,4.69157,4.69157,4.69157,4.69157,0,0
CTP2.DE,D,20080311,000000,4.428727,4.428727,4.428727,4.428727,6,0
CTP2.DE,D,20080312,000000,4.428727,4.428727,4.428727,4.428727,6,0
CTP2.DE,D,20080313,000000,4.428727,4.428727,4.428727,4.428727,0,0
CTP2.DE,D,20080314,000000,4.428727,4.428727,4.428727,4.428727,0,0
CTP2.DE,D,20080317,000000,4.061467,4.061467,4.061467,4.061467,24,0
CTP2.DE,D,20080318,000000,4.252298,4.252298,4.252298,4.252298,447,0
CTP2.DE,D,20080319,000000,4.252298,4.252298,4.252298,4.252298,447,0
CTP2.DE,D,20080325,000000,4.252298,4.252298,4.252298,4.252298,0,0
CTP2.DE,D,20080326,000000,4.252298,4.252298,4.252298,4.252298,0,0
CTP2.DE,D,20080327,000000,4.252298,4.252298,4.252298,4.252298,0,0
CTP2.DE,D,20080328,000000,4.407124,4.407124,4.407124,4.407124,12,0
CTP2.DE,D,20080401,000000,4.421421,4.421421,4.421421,4.421421,0,0
CTP2.DE,D,20080402,000000,4.421421,4.421421,4.421421,4.421421,0,0
CTP2.DE,D,20080403,000000,4.695954,4.695954,4.695954,4.695954,721,0
CTP2.DE,D,20080404,000000,4.695954,4.695954,4.695954,4.695954,721,0
CTP2.DE,D,20080407,000000,4.695954,4.695954,4.695954,4.695954,0,0
CTP2.DE,D,20080408,000000,4.493667,4.493667,4.493667,4.493667,193,0
CTP2.DE,D,20080409,000000,4.565912,4.565912,4.565912,4.565912,300,0
CTP2.DE,D,20080410,000000,4.45032,4.45032,4.45032,4.45032,72,0
CTP2.DE,D,20080411,000000,4.45032,4.45032,4.45032,4.45032,72,0
CTP2.DE,D,20080414,000000,4.45032,4.45032,4.45032,4.45032,0,0
CTP2.DE,D,20080415,000000,4.45032,4.45032,4.45032,4.45032,0,0
CTP2.DE,D,20080416,000000,4.45032,4.45032,4.45032,4.45032,0,0
CTP2.DE,D,20080417,000000,4.45032,4.45032,4.45032,4.45032,0,0
CTP2.DE,D,20080418,000000,4.45032,4.45032,4.45032,4.45032,0,0
CTP2.DE,D,20080421,000000,4.45032,4.45032,4.45032,4.45032,0,0
CTP2.DE,D,20080422,000000,4.45032,4.45032,4.45032,4.45032,0,0
CTP2.DE,D,20080423,000000,4.45032,4.45032,4.45032,4.45032,0,0
CTP2.DE,D,20080424,000000,4.45032,4.45032,4.45032,4.45032,0,0
CTP2.DE,D,20080425,000000,4.45032,4.45032,4.45032,4.45032,0,0
CTP2.DE,D,20080428,000000,4.45032,4.45032,4.45032,4.45032,0,0
CTP2.DE,D,20080429,000000,4.45032,4.45032,4.45032,4.45032,0,0
CTP2.DE,D,20080430,000000,4.663444,4.663444,4.663444,4.663444,4,0
CTP2.DE,D,20080502,000000,4.255257,4.255257,4.255257,4.255257,34,0
CTP2.DE,D,20080505,000000,4.255257,4.255257,4.255257,4.255257,34,0
CTP2.DE,D,20080506,000000,4.255257,4.255257,4.255257,4.255257,0,0
CTP2.DE,D,20080507,000000,4.255257,4.255257,4.255257,4.255257,0,0
CTP2.DE,D,20080508,000000,4.255257,4.255257,4.255257,4.255257,0,0
CTP2.DE,D,20080509,000000,4.92714,4.92714,4.92714,4.92714,13,0
CTP2.DE,D,20080512,000000,4.92714,4.92714,4.92714,4.92714,13,0
CTP2.DE,D,20080513,000000,4.652607,4.652607,4.652607,4.652607,12,0
CTP2.DE,D,20080514,000000,4.652607,4.652607,4.652607,4.652607,12,0
CTP2.DE,D,20080515,000000,4.652607,4.652607,4.652607,4.652607,0,0
CTP2.DE,D,20080516,000000,4.732077,4.732077,4.732077,4.732077,48,0
CTP2.DE,D,20080519,000000,5.093304,5.093304,5.093304,5.093304,96,0
CTP2.DE,D,20080520,000000,5.093304,5.093304,5.093304,5.093304,96,0
CTP2.DE,D,20080521,000000,5.093304,5.093304,5.093304,5.093304,0,0
CTP2.DE,D,20080522,000000,5.093304,5.093304,5.093304,5.093304,0,0
CTP2.DE,D,20080523,000000,5.093304,5.093304,5.093304,5.093304,0,0
CTP2.DE,D,20080526,000000,4.901854,4.901854,4.901854,4.901854,172,0
CTP2.DE,D,20080527,000000,4.901854,4.901854,4.901854,4.901854,172,0
CTP2.DE,D,20080528,000000,4.901854,4.901854,4.901854,4.901854,0,0
CTP2.DE,D,20080529,000000,4.901854,4.901854,4.901854,4.901854,0,0
CTP2.DE,D,20080530,000000,4.901854,4.901854,4.901854,4.901854,0,0
CTP2.DE,D,20080602,000000,4.901854,4.901854,4.901854,4.901854,0,0
CTP2.DE,D,20080603,000000,4.901854,4.901854,4.901854,4.901854,0,0
CTP2.DE,D,20080604,000000,4.901854,4.901854,4.901854,4.901854,0,0
CTP2.DE,D,20080605,000000,4.901854,4.901854,4.901854,4.901854,0,0
CTP2.DE,D,20080606,000000,4.901854,4.901854,4.901854,4.901854,0,0
CTP2.DE,D,20080609,000000,4.901854,4.901854,4.901854,4.901854,0,0
CTP2.DE,D,20080610,000000,4.901854,4.901854,4.901854,4.901854,0,0
CTP2.DE,D,20080611,000000,4.901854,4.901854,4.901854,4.901854,0,0
CTP2.DE,D,20080612,000000,4.901854,4.901854,4.901854,4.901854,0,0
CTP2.DE,D,20080613,000000,4.901854,4.901854,4.901854,4.901854,0,0
CTP2.DE,D,20080616,000000,4.901854,4.901854,4.901854,4.901854,0,0
CTP2.DE,D,20080617,000000,4.901854,4.901854,4.901854,4.901854,0,0
CTP2.DE,D,20080618,000000,4.901854,4.901854,4.901854,4.901854,0,0
CTP2.DE,D,20080619,000000,4.901854,4.901854,4.901854,4.901854,0,0
CTP2.DE,D,20080620,000000,4.901854,4.901854,4.901854,4.901854,0,0
CTP2.DE,D,20080623,000000,4.558688,4.558688,4.558688,4.558688,348,0
CTP2.DE,D,20080624,000000,4.558688,4.558688,4.558688,4.558688,348,0
CTP2.DE,D,20080626,000000,4.558688,4.558688,4.558688,4.558688,0,0
CTP2.DE,D,20080627,000000,4.558688,4.558688,4.558688,4.558688,0,0
CTP2.DE,D,20080630,000000,4.558688,4.558688,4.558688,4.558688,0,0
CTP2.DE,D,20080701,000000,4.558688,4.558688,4.558688,4.558688,0,0
CTP2.DE,D,20080702,000000,4.558688,4.558688,4.558688,4.558688,0,0
CTP2.DE,D,20080703,000000,4.558688,4.558688,4.558688,4.558688,0,0
CTP2.DE,D,20080704,000000,4.558688,4.558688,4.558688,4.558688,0,0
CTP2.DE,D,20080708,000000,3.85198,3.85198,3.85198,3.85198,48,0
CTP2.DE,D,20080709,000000,3.85198,3.85198,3.85198,3.85198,48,0
CTP2.DE,D,20080710,000000,3.85198,3.85198,3.85198,3.85198,0,0
CTP2.DE,D,20080711,000000,3.85198,3.85198,3.85198,3.85198,0,0
CTP2.DE,D,20080714,000000,3.913583,3.913583,3.913583,3.913583,100,0
CTP2.DE,D,20080715,000000,3.971562,3.971562,3.971562,3.971562,72,0
CTP2.DE,D,20080716,000000,3.971562,3.971562,3.971562,3.971562,72,0
CTP2.DE,D,20080717,000000,3.971562,3.971562,3.971562,3.971562,0,0
CTP2.DE,D,20080718,000000,3.971562,3.971562,3.971562,3.971562,0,0
CTP2.DE,D,20080721,000000,3.971562,3.971562,3.971562,3.971562,0,0
CTP2.DE,D,20080722,000000,3.971562,3.971562,3.971562,3.971562,0,0
CTP2.DE,D,20080723,000000,3.971562,3.971562,3.971562,3.971562,0,0
CTP2.DE,D,20080724,000000,3.971562,3.971562,3.971562,3.971562,0,0
CTP2.DE,D,20080725,000000,3.971562,3.971562,3.971562,3.971562,0,0
CTP2.DE,D,20080728,000000,3.971562,3.971562,3.971562,3.971562,0,0
CTP2.DE,D,20080729,000000,3.971562,3.971562,3.971562,3.971562,0,0
CTP2.DE,D,20080730,000000,3.971562,3.971562,3.971562,3.971562,0,0
CTP2.DE,D,20080731,000000,3.971562,3.971562,3.971562,3.971562,0,0
CTP2.DE,D,20080801,000000,3.971562,3.971562,3.971562,3.971562,0,0
CTP2.DE,D,20080804,000000,4.384662,4.384662,4.384662,4.384662,36,0
CTP2.DE,D,20080805,000000,4.384662,4.384662,4.384662,4.384662,36,0
CTP2.DE,D,20080806,000000,4.964453,4.964453,4.964453,4.964453,36,0
CTP2.DE,D,20080807,000000,4.964453,4.964453,4.964453,4.964453,36,0
CTP2.DE,D,20080808,000000,4.964453,4.964453,4.964453,4.964453,0,0
CTP2.DE,D,20080811,000000,5.033303,5.033303,5.033303,5.033303,241,0
CTP2.DE,D,20080812,000000,5.033303,5.033303,5.033303,5.033303,241,0
CTP2.DE,D,20080813,000000,5.033303,5.033303,5.033303,5.033303,0,0
CTP2.DE,D,20080814,000000,5.033303,5.033303,5.033303,5.033303,0,0
CTP2.DE,D,20080815,000000,5.033303,5.033303,5.033303,5.033303,0,0
CTP2.DE,D,20080818,000000,5.033303,5.033303,5.033303,5.033303,0,0
CTP2.DE,D,20080819,000000,5.033303,5.033303,5.033303,5.033303,0,0
CTP2.DE,D,20080820,000000,5.033303,5.033303,5.033303,5.033303,0,0
CTP2.DE,D,20080821,000000,5.033303,5.033303,5.033303,5.033303,0,0
CTP2.DE,D,20080822,000000,5.033303,5.033303,5.033303,5.033303,0,0
CTP2.DE,D,20080825,000000,5.033303,5.033303,5.033303,5.033303,0,0
CTP2.DE,D,20080826,000000,5.033303,5.033303,5.033303,5.033303,0,0
CTP2.DE,D,20080827,000000,5.033303,5.033303,5.033303,5.033303,0,0
CTP2.DE,D,20080828,000000,5.033303,5.033303,5.033303,5.033303,0,0
CTP2.DE,D,20080829,000000,5.033303,5.033303,5.033303,5.033303,0,0
CTP2.DE,D,20080901,000000,5.033303,5.033303,5.033303,5.033303,0,0
CTP2.DE,D,20080902,000000,5.033303,5.033303,5.033303,5.033303,0,0
CTP2.DE,D,20080903,000000,4.852118,4.852118,4.852118,4.852118,57,0
CTP2.DE,D,20080904,000000,4.852118,4.852118,4.852118,4.852118,57,0
CTP2.DE,D,20080905,000000,4.852118,4.852118,4.852118,4.852118,0,0
CTP2.DE,D,20080908,000000,4.852118,4.852118,4.852118,4.852118,0,0
CTP2.DE,D,20080909,000000,4.852118,4.852118,4.852118,4.852118,0,0
CTP2.DE,D,20080910,000000,4.852118,4.852118,4.852118,4.852118,0,0
CTP2.DE,D,20080911,000000,4.852118,4.852118,4.852118,4.852118,0,0
CTP2.DE,D,20080912,000000,4.852118,4.852118,4.852118,4.852118,0,0
CTP2.DE,D,20080915,000000,4.852118,4.852118,4.852118,4.852118,0,0
CTP2.DE,D,20080916,000000,4.852118,4.852118,4.852118,4.852118,0,0
CTP2.DE,D,20080917,000000,4.935463,4.935463,4.935463,4.935463,48,0
CTP2.DE,D,20080918,000000,4.935463,4.935463,4.935463,4.935463,48,0
CTP2.DE,D,20080919,000000,4.935463,4.935463,4.935463,4.935463,0,0
CTP2.DE,D,20080923,000000,4.935463,4.935463,4.935463,4.935463,0,0
CTP2.DE,D,20080924,000000,4.935463,4.935463,4.935463,4.935463,0,0
CTP2.DE,D,20080925,000000,4.935463,4.935463,4.935463,4.935463,0,0
CTP2.DE,D,20080926,000000,4.935463,4.935463,4.935463,4.935463,0,0
CTP2.DE,D,20080929,000000,4.935463,4.935463,4.935463,4.935463,0,0
CTP2.DE,D,20080930,000000,4.52961,4.52961,4.52961,4.52961,13,0
CTP2.DE,D,20081001,000000,4.52961,4.52961,4.52961,4.52961,13,0
CTP2.DE,D,20081002,000000,4.52961,4.52961,4.52961,4.52961,0,0
CTP2.DE,D,20081003,000000,4.52961,4.52961,4.52961,4.52961,0,0
CTP2.DE,D,20081006,000000,4.811917,4.811917,4.811917,4.811917,223,0
CTP2.DE,D,20081007,000000,4.328179,4.328179,4.328179,4.328179,6,0
CTP2.DE,D,20081008,000000,4.328179,4.328179,4.328179,4.328179,6,0
CTP2.DE,D,20081009,000000,4.328179,4.328179,4.328179,4.328179,0,0
CTP2.DE,D,20081010,000000,4.255437,4.255437,4.255437,4.255437,33,0
CTP2.DE,D,20081013,000000,4.255437,4.255437,4.255437,4.255437,33,0
CTP2.DE,D,20081014,000000,4.255437,4.255437,4.255437,4.255437,0,0
CTP2.DE,D,20081015,000000,4.255437,4.255437,4.255437,4.255437,0,0
CTP2.DE,D,20081016,000000,4.255437,4.255437,4.255437,4.255437,0,0
CTP2.DE,D,20081017,000000,4.255437,4.255437,4.255437,4.255437,0,0
CTP2.DE,D,20081021,000000,4.255437,4.255437,4.255437,4.255437,0,0
CTP2.DE,D,20081022,000000,4.255437,4.255437,4.255437,4.255437,0,0
CTP2.DE,D,20081023,000000,4.255437,4.255437,4.255437,4.255437,0,0
CTP2.DE,D,20081024,000000,4.255437,4.255437,4.255437,4.255437,0,0
CTP2.DE,D,20081027,000000,4.255437,4.255437,4.255437,4.255437,0,0
CTP2.DE,D,20081028,000000,4.255437,4.255437,4.255437,4.255437,0,0
CTP2.DE,D,20081029,000000,4.724626,4.724626,4.724626,4.724626,145,0
CTP2.DE,D,20081030,000000,4.724626,4.724626,4.724626,4.724626,145,0
CTP2.DE,D,20081031,000000,4.724626,4.724626,4.724626,4.724626,0,0
CTP2.DE,D,20081103,000000,4.724626,4.724626,4.724626,4.724626,0,0
CTP2.DE,D,20081104,000000,4.811917,4.811917,4.811917,4.811917,48,0
CTP2.DE,D,20081105,000000,4.811917,4.811917,4.811917,4.811917,48,0
CTP2.DE,D,20081106,000000,4.811917,4.811917,4.811917,4.811917,0,0
CTP2.DE,D,20081107,000000,4.811917,4.811917,4.811917,4.811917,0,0
CTP2.DE,D,20081110,000000,4.811917,4.811917,4.811917,4.811917,0,0
CTP2.DE,D,20081111,000000,4.811917,4.811917,4.811917,4.811917,0,0
CTP2.DE,D,20081112,000000,4.811917,4.811917,4.811917,4.811917,0,0
CTP2.DE,D,20081113,000000,4.811917,4.811917,4.811917,4.811917,0,0
CTP2.DE,D,20081114,000000,4.811917,4.811917,4.811917,4.811917,0,0
CTP2.DE,D,20081117,000000,4.811917,4.811917,4.811917,4.811917,0,0
CTP2.DE,D,20081118,000000,4.811917,4.811917,4.811917,4.811917,0,0
CTP2.DE,D,20081119,000000,4.811917,4.811917,4.811917,4.811917,0,0
CTP2.DE,D,20081120,000000,4.811917,4.811917,4.811917,4.811917,0,0
CTP2.DE,D,20081121,000000,4.811917,4.811917,4.811917,4.811917,0,0
CTP2.DE,D,20081124,000000,4.811917,4.811917,4.811917,4.811917,0,0
CTP2.DE,D,20081126,000000,4.811917,4.811917,4.811917,4.811917,0,0
CTP2.DE,D,20081127,000000,4.811917,4.811917,4.811917,4.811917,0,0
CTP2.DE,D,20081128,000000,4.811917,4.811917,4.811917,4.811917,0,0
CTP2.DE,D,20081201,000000,4.811917,4.811917,4.811917,4.811917,0,0
CTP2.DE,D,20081202,000000,4.811917,4.811917,4.811917,4.811917,0,0
CTP2.DE,D,20081203,000000,4.811917,4.811917,4.811917,4.811917,0,0
CTP2.DE,D,20081204,000000,4.811917,4.811917,4.811917,4.811917,0,0
CTP2.DE,D,20081205,000000,4.811917,4.811917,4.811917,4.811917,0,0
CTP2.DE,D,20081208,000000,4.811917,4.811917,4.811917,4.811917,0,0
CTP2.DE,D,20081209,000000,4.550044,4.550044,4.550044,4.550044,53,0
CTP2.DE,D,20081210,000000,4.550044,4.550044,4.550044,4.550044,53,0
CTP2.DE,D,20081211,000000,4.510035,4.510035,4.510035,4.510035,310,0
CTP2.DE,D,20081215,000000,4.510035,4.510035,4.510035,4.510035,0,0
CTP2.DE,D,20081216,000000,4.088129,4.088129,4.088129,4.088129,291,0
CTP2.DE,D,20081217,000000,4.088129,4.088129,4.088129,4.088129,291,0
CTP2.DE,D,20081218,000000,4.022661,4.022661,4.022661,4.022661,48,0
CTP2.DE,D,20081219,000000,4.022661,4.022661,4.022661,4.022661,48,0
CTP2.DE,D,20081222,000000,4.309993,4.309993,4.309993,4.309993,51,0
CTP2.DE,D,20081223,000000,4.309993,4.309993,4.309993,4.309993,52,0
CTP2.DE,D,20081229,000000,4.309993,4.309993,4.309993,4.309993,1,0
CTP2.DE,D,20081230,000000,3.982652,3.982652,3.982652,3.982652,40,0
CTP2.DE,D,20090102,000000,3.982652,3.982652,3.982652,3.982652,40,0
CTP2.DE,D,20090106,000000,3.99941,3.99941,3.99941,3.99941,0,0
CTP2.DE,D,20090107,000000,3.99941,3.99941,3.99941,3.99941,0,0
CTP2.DE,D,20090108,000000,3.99941,3.99941,3.99941,3.99941,0,0
CTP2.DE,D,20090109,000000,3.99941,3.99941,3.99941,3.99941,0,0
CTP2.DE,D,20090112,000000,3.99941,3.99941,3.99941,3.99941,0,0
CTP2.DE,D,20090113,000000,3.99941,3.99941,3.99941,3.99941,0,0
CTP2.DE,D,20090114,000000,3.99941,3.99941,3.99941,3.99941,0,0
CTP2.DE,D,20090115,000000,3.99941,3.99941,3.99941,3.99941,0,0
CTP2.DE,D,20090116,000000,3.99941,3.99941,3.99941,3.99941,0,0
CTP2.DE,D,20090119,000000,4.196641,4.196641,4.196641,4.196641,22,0
CTP2.DE,D,20090120,000000,4.196641,4.196641,4.196641,4.196641,10,0
CTP2.DE,D,20090121,000000,4.196641,4.196641,4.196641,4.196641,10,0
CTP2.DE,D,20090122,000000,4.196641,4.196641,4.196641,4.196641,0,0
CTP2.DE,D,20090123,000000,4.017672,4.017672,4.017672,4.017672,105,0
CTP2.DE,D,20090126,000000,4.017672,4.017672,4.017672,4.017672,105,0
CTP2.DE,D,20090127,000000,4.017672,4.017672,4.017672,4.017672,0,0
CTP2.DE,D,20090128,000000,4.017672,4.017672,4.017672,4.017672,0,0
CTP2.DE,D,20090129,000000,4.017672,4.017672,4.017672,4.017672,0,0
CTP2.DE,D,20090130,000000,4.017672,4.017672,4.017672,4.017672,0,0
CTP2.DE,D,20090202,000000,4.017672,4.017672,4.017672,4.017672,0,0
CTP2.DE,D,20090203,000000,4.017672,4.017672,4.017672,4.017672,0,0
CTP2.DE,D,20090204,000000,4.017672,4.017672,4.017672,4.017672,0,0
CTP2.DE,D,20090205,000000,4.017672,4.017672,4.017672,4.017672,0,0
CTP2.DE,D,20090206,000000,4.017672,4.017672,4.017672,4.017672,0,0
CTP2.DE,D,20090209,000000,4.017672,4.017672,4.017672,4.017672,0,0
CTP2.DE,D,20090210,000000,4.017672,4.017672,4.017672,4.017672,0,0
CTP2.DE,D,20090211,000000,4.017672,4.017672,4.017672,4.017672,0,0
CTP2.DE,D,20090212,000000,3.656082,3.656082,3.656082,3.656082,174,0
CTP2.DE,D,20090213,000000,3.656082,3.656082,3.656082,3.656082,174,0
CTP2.DE,D,20090216,000000,3.656082,3.656082,3.656082,3.656082,0,0
CTP2.DE,D,20090217,000000,3.656082,3.656082,3.656082,3.656082,0,0
CTP2.DE,D,20090218,000000,3.656082,3.656082,3.656082,3.656082,0,0
CTP2.DE,D,20090219,000000,3.656082,3.656082,3.656082,3.656082,0,0
CTP2.DE,D,20090220,000000,3.656082,3.656082,3.656082,3.656082,0,0
CTP2.DE,D,20090223,000000,3.656082,3.656082,3.656082,3.656082,0,0
CTP2.DE,D,20090224,000000,3.656082,3.656082,3.656082,3.656082,0,0
CTP2.DE,D,20090225,000000,3.656082,3.656082,3.656082,3.656082,0,0
CTP2.DE,D,20090226,000000,3.656082,3.656082,3.656082,3.656082,0,0
CTP2.DE,D,20090302,000000,3.656082,3.656082,3.656082,3.656082,0,0
CTP2.DE,D,20090303,000000,3.656082,3.656082,3.656082,3.656082,0,0
CTP2.DE,D,20090304,000000,3.656082,3.656082,3.656082,3.656082,0,0
CTP2.DE,D,20090305,000000,3.656082,3.656082,3.656082,3.656082,0,0
CTP2.DE,D,20090306,000000,3.656082,3.656082,3.656082,3.656082,0,0
CTP2.DE,D,20090309,000000,3.656082,3.656082,3.656082,3.656082,0,0
CTP2.DE,D,20090310,000000,3.656082,3.656082,3.656082,3.656082,0,0
CTP2.DE,D,20090311,000000,3.656082,3.656082,3.656082,3.656082,0,0
CTP2.DE,D,20090312,000000,3.656082,3.656082,3.656082,3.656082,0,0
CTP2.DE,D,20090313,000000,3.656082,3.656082,3.656082,3.656082,0,0
CTP2.DE,D,20090316,000000,3.656082,3.656082,3.656082,3.656082,0,0
CTP2.DE,D,20090317,000000,3.656082,3.656082,3.656082,3.656082,0,0
CTP2.DE,D,20090318,000000,3.656082,3.656082,3.656082,3.656082,0,0
CTP2.DE,D,20090319,000000,3.656082,3.656082,3.656082,3.656082,0,0
CTP2.DE,D,20090320,000000,3.656082,3.656082,3.656082,3.656082,0,0
CTP2.DE,D,20090323,000000,3.656082,3.656082,3.656082,3.656082,0,0
CTP2.DE,D,20090324,000000,3.656082,3.656082,3.656082,3.656082,0,0
CTP2.DE,D,20090325,000000,3.656082,3.656082,3.656082,3.656082,0,0
CTP2.DE,D,20090326,000000,3.656082,3.656082,3.656082,3.656082,0,0
CTP2.DE,D,20090327,000000,3.656082,3.656082,3.656082,3.656082,0,0
CTP2.DE,D,20090330,000000,3.656082,3.656082,3.656082,3.656082,0,0
CTP2.DE,D,20090331,000000,3.656082,3.656082,3.656082,3.656082,0,0
CTP2.DE,D,20090401,000000,3.656082,3.656082,3.656082,3.656082,0,0
CTP2.DE,D,20090402,000000,3.656082,3.656082,3.656082,3.656082,0,0
CTP2.DE,D,20090403,000000,3.656082,3.656082,3.656082,3.656082,0,0
CTP2.DE,D,20090407,000000,3.674564,3.674564,3.674564,3.674564,0,0
CTP2.DE,D,20090408,000000,3.674564,3.674564,3.674564,3.674564,0,0
CTP2.DE,D,20090409,000000,3.674564,3.674564,3.674564,3.674564,0,0
CTP2.DE,D,20090414,000000,3.674564,3.674564,3.674564,3.674564,0,0
CTP2.DE,D,20090415,000000,3.674564,3.674564,3.674564,3.674564,0,0
CTP2.DE,D,20090416,000000,3.674564,3.674564,3.674564,3.674564,0,0
CTP2.DE,D,20090417,000000,3.674564,3.674564,3.674564,3.674564,0,0
CTP2.DE,D,20090420,000000,3.674564,3.674564,3.674564,3.674564,0,0
CTP2.DE,D,20090421,000000,3.674564,3.674564,3.674564,3.674564,0,0
CTP2.DE,D,20090422,000000,3.674564,3.674564,3.674564,3.674564,0,0
CTP2.DE,D,20090423,000000,3.674564,3.674564,3.674564,3.674564,0,0
CTP2.DE,D,20090424,000000,3.674564,3.674564,3.674564,3.674564,0,0
CTP2.DE,D,20090427,000000,3.674564,3.674564,3.674564,3.674564,0,0
CTP2.DE,D,20090428,000000,3.674564,3.674564,3.674564,3.674564,0,0
CTP2.DE,D,20090429,000000,3.927856,3.927856,3.927856,3.927856,96,0
CTP2.DE,D,20090430,000000,3.927856,3.927856,3.927856,3.927856,96,0
CTP2.DE,D,20090504,000000,3.927856,3.927856,3.927856,3.927856,0,0
CTP2.DE,D,20090505,000000,3.927856,3.927856,3.927856,3.927856,0,0
CTP2.DE,D,20090506,000000,3.927856,3.927856,3.927856,3.927856,0,0
CTP2.DE,D,20090507,000000,3.927856,3.927856,3.927856,3.927856,0,0
CTP2.DE,D,20090508,000000,3.927856,3.927856,3.927856,3.927856,0,0
CTP2.DE,D,20090511,000000,3.927856,3.927856,3.927856,3.927856,0,0
CTP2.DE,D,20090512,000000,4.118742,4.118742,4.118742,4.118742,14,0
CTP2.DE,D,20090513,000000,4.118742,4.118742,4.118742,4.118742,14,0
CTP2.DE,D,20090514,000000,4.118742,4.118742,4.118742,4.118742,0,0
CTP2.DE,D,20090515,000000,4.118742,4.118742,4.118742,4.118742,0,0
CTP2.DE,D,20090518,000000,4.118742,4.118742,4.118742,4.118742,0,0
CTP2.DE,D,20090519,000000,4.118742,4.118742,4.118742,4.118742,0,0
CTP2.DE,D,20090520,000000,4.118742,4.118742,4.118742,4.118742,0,0
CTP2.DE,D,20090521,000000,3.670893,3.670893,3.670893,3.670893,14,0
CTP2.DE,D,20090522,000000,3.670893,3.670893,3.670893,3.670893,14,0
CTP2.DE,D,20090525,000000,3.670893,3.670893,3.670893,3.670893,0,0
CTP2.DE,D,20090526,000000,3.670893,3.670893,3.670893,3.670893,0,0
CTP2.DE,D,20090527,000000,3.670893,3.670893,3.670893,3.670893,0,0
CTP2.DE,D,20090528,000000,3.670893,3.670893,3.670893,3.670893,0,0
CTP2.DE,D,20090529,000000,3.670893,3.670893,3.670893,3.670893,0,0
CTP2.DE,D,20090601,000000,3.670893,3.670893,3.670893,3.670893,0,0
CTP2.DE,D,20090602,000000,3.670893,3.670893,3.670893,3.670893,0,0
CTP2.DE,D,20090603,000000,3.597475,3.597475,3.597475,3.597475,25,0
CTP2.DE,D,20090604,000000,3.597475,3.597475,3.597475,3.597475,109,0
CTP2.DE,D,20090605,000000,3.597475,3.597475,3.597475,3.597475,109,0
CTP2.DE,D,20090608,000000,3.766336,3.766336,3.766336,3.766336,1,0
CTP2.DE,D,20090619,000000,3.223044,3.223044,3.223044,3.223044,48,0
CTP2.DE,D,20090729,000000,3.875748,3.875748,3.875748,3.875748,6,0
CTP2.DE,D,20090731,000000,3.971719,3.971719,3.971719,3.971719,200,0
CTP2.DE,D,20090812,000000,3.783468,3.783468,3.783468,3.783468,124,0
CTP2.DE,D,20090825,000000,3.934807,3.934807,3.934807,3.934807,500,0
CTP2.DE,D,20090828,000000,3.750248,3.750248,3.750248,3.750248,11,0
CTP2.DE,D,20090907,000000,4.104602,4.104602,4.104602,4.104602,35,0
CTP2.DE,D,20090908,000000,3.993866,3.993866,3.993866,3.993866,37,0
CTP2.DE,D,20090917,000000,4.292853,4.292853,4.292853,4.292853,60,0
CTP2.DE,D,20091021,000000,4.076453,4.076453,4.076453,4.076453,30,0
CTP2.DE,D,20091030,000000,3.705866,3.705866,3.705866,3.705866,65,0
CTP2.DE,D,20091102,000000,3.513161,3.513161,3.513161,3.513161,48,0
CTP2.DE,D,20091117,000000,3.909689,3.909689,3.909689,3.909689,358,0
CTP2.DE,D,20091124,000000,3.687337,3.687337,3.687337,3.687337,108,0
CTP2.DE,D,20091207,000000,3.854101,3.854101,3.854101,3.854101,33,0
CTP2.DE,D,20091208,000000,4.039394,4.039394,4.039394,4.039394,45,0
CTP2.DE,D,20091228,000000,4.361805,4.361805,4.361805,4.361805,193,0
CTP2.DE,D,20100104,000000,4.18873,4.18873,4.18873,4.18873,36,0
CTP2.DE,D,20100111,000000,4.382515,4.382515,4.382515,4.382515,300,0
CTP2.DE,D,20100112,000000,4.106744,4.106744,4.106744,4.106744,28,0
CTP2.DE,D,20100119,000000,4.203637,4.203637,4.203637,4.203637,48,0
CTP2.DE,D,20100120,000000,4.15519,4.15519,4.15519,4.15519,21,0
CTP2.DE,D,20100127,000000,4.207363,4.207363,4.207363,4.207363,200,0
CTP2.DE,D,20100223,000000,4.348975,4.348975,4.348975,4.348975,76,0
CTP2.DE,D,20100301,000000,4.423508,4.423508,4.423508,4.423508,63,0
CTP2.DE,D,20100305,000000,4.576299,4.576299,4.576299,4.576299,49,0
CTP2.DE,D,20100308,000000,4.796171,4.796171,4.796171,4.796171,195,0
CTP2.DE,D,20100310,000000,4.665739,4.665739,4.665739,4.665739,51,0
CTP2.DE,D,20100316,000000,4.662012,4.662012,4.662012,4.662012,72,0
CTP2.DE,D,20100317,000000,4.740271,4.740271,4.740271,4.740271,34,0
CTP2.DE,D,20100409,000000,4.900848,4.900848,4.900848,4.900848,499,0
CTP2.DE,D,20100428,000000,5.273493,5.273493,5.273493,5.273493,242,0
CTP2.DE,D,20100507,000000,5.318662,5.318662,5.318662,5.318662,0,0
CTP2.DE,D,20100514,000000,5.217032,5.217032,5.217032,5.217032,48,0
CTP2.DE,D,20100708,000000,5.124385,5.124385,5.124385,5.124385,72,0
CTP2.DE,D,20100726,000000,5.306047,5.306047,5.306047,5.306047,194,0
CTP2.DE,D,20100819,000000,5.075185,5.075185,5.075185,5.075185,24,0
CTP2.DE,D,20100826,000000,5.052477,5.052477,5.052477,5.052477,19,0
CTP2.DE,D,20100830,000000,5.052477,5.052477,5.052477,5.052477,61,0
CTP2.DE,D,20100902,000000,5.048693,5.048693,5.048693,5.048693,57,0
CTP2.DE,D,20100910,000000,5.166016,5.166016,5.166016,5.166016,43,0
CTP2.DE,D,20100913,000000,5.351463,5.351463,5.351463,5.351463,96,0
CTP2.DE,D,20100920,000000,4.957862,4.957862,4.957862,4.957862,48,0
CTP2.DE,D,20100921,000000,5.109247,5.109247,5.109247,5.109247,321,0
CTP2.DE,D,20100930,000000,4.920015,4.920015,4.920015,4.920015,64,0
CTP2.DE,D,20101018,000000,5.159472,5.159472,5.159472,5.159472,291,0
CTP2.DE,D,20101025,000000,5.064349,5.064349,5.064349,5.064349,96,0
CTP2.DE,D,20101028,000000,5.326889,5.326889,5.326889,5.326889,47,0
CTP2.DE,D,20101104,000000,5.334498,5.334498,5.334498,5.334498,150,0
CTP2.DE,D,20101108,000000,5.414402,5.414402,5.414402,5.414402,150,0
CTP2.DE,D,20101118,000000,5.467671,5.467671,5.467671,5.467671,508,0
CTP2.DE,D,20101119,000000,5.688356,5.688356,5.688356,5.688356,144,0
CTP2.DE,D,20101125,000000,5.528549,5.528549,5.528549,5.528549,145,0
CTP2.DE,D,20101126,000000,5.269815,5.269815,5.269815,5.269815,48,0
CTP2.DE,D,20101203,000000,5.75304,5.75304,5.75304,5.75304,120,0
CTP2.DE,D,20101222,000000,6.087873,6.087873,6.087873,6.087873,10,0
CTP2.DE,D,20101223,000000,6.772758,6.772758,6.772758,6.772758,60,0
CTP2.DE,D,20101227,000000,6.384656,6.384656,6.384656,6.384656,112,0
CTP2.DE,D,20110103,000000,6.274145,6.274145,6.274145,6.274145,109,0
CTP2.DE,D,20110107,000000,6.667712,6.667712,6.667712,6.667712,217,0
CTP2.DE,D,20110110,000000,6.66389,6.66389,6.66389,6.66389,25,0
CTP2.DE,D,20110118,000000,6.446091,6.446091,6.446091,6.446091,96,0
CTP2.DE,D,20110207,000000,6.877869,6.877869,6.877869,6.877869,100,0
CTP2.DE,D,20110208,000000,6.568365,6.568365,6.568365,6.568365,96,0
CTP2.DE,D,20110209,000000,6.572186,6.572186,6.572186,6.572186,300,0
CTP2.DE,D,20110210,000000,6.262681,6.262681,6.262681,6.262681,45,0
CTP2.DE,D,20110215,000000,6.533975,6.533975,6.533975,6.533975,24,0
CTP2.DE,D,20110216,000000,6.965752,6.965752,6.965752,6.965752,72,0
CTP2.DE,D,20110218,000000,6.763237,6.763237,6.763237,6.763237,114,0
CTP2.DE,D,20110222,000000,7.088026,7.088026,7.088026,7.088026,33,0
CTP2.DE,D,20110301,000000,7.256151,7.256151,7.256151,7.256151,70,0
CTP2.DE,D,20110302,000000,6.77088,6.77088,6.77088,6.77088,28,0
CTP2.DE,D,20110309,000000,6.667712,6.667712,6.667712,6.667712,6,0
CTP2.DE,D,20110310,000000,6.667712,6.667712,6.667712,6.667712,48,0
CTP2.DE,D,20110316,000000,6.579828,6.579828,6.579828,6.579828,72,0
CTP2.DE,D,20110324,000000,6.495765,6.495765,6.495765,6.495765,24,0
CTP2.DE,D,20110329,000000,6.342923,6.342923,6.342923,6.342923,23,0
CTP2.DE,D,20110404,000000,6.365613,6.365613,6.365613,6.365613,24,0
CTP2.DE,D,20110426,000000,6.526865,6.526865,6.526865,6.526865,291,0
CTP2.DE,D,20110429,000000,6.607491,6.607491,6.607491,6.607491,48,0
CTP2.DE,D,20110503,000000,6.864726,6.864726,6.864726,6.864726,200,0
CTP2.DE,D,20110516,000000,6.803297,6.803297,6.803297,6.803297,145,0
CTP2.DE,D,20110525,000000,6.630527,6.630527,6.630527,6.630527,241,0
CTP2.DE,D,20191014,000000,40.060945,40.060945,40.060945,40.060945,0,0
CTP2.DE,D,20191015,000000,40.246752,40.246752,40.246752,40.246752,0,0
CTP2.DE,D,20191016,000000,40.310318,40.310318,40.310318,40.310318,0,0
CTP2.DE,D,20191017,000000,40.144069,40.144069,40.144069,40.144069,0,0
CTP2.DE,D,20191018,000000,40.060945,40.060945,40.060945,40.060945,0,0
CTP2.DE,D,20191021,000000,40.354324,40.354324,40.354324,40.354324,0,0
CTP2.DE,D,20191022,000000,40.28098,40.28098,40.28098,40.28098,0,0
CTP2.DE,D,20191023,000000,40.153849,40.153849,40.153849,40.153849,0,0
CTP2.DE,D,20191024,000000,40.457007,40.457007,40.457007,40.457007,0,0
CTP2.DE,D,20191025,000000,38.897207,38.897207,38.897207,38.897207,292,0
CTP2.DE,D,20191028,000000,39.557311,40.300538,39.557311,40.300538,1000,0
CTP2.DE,D,20191029,000000,39.953373,39.953373,39.953373,39.953373,0,0
CTP2.DE,D,20191030,000000,39.513304,39.513304,39.513304,39.513304,0,0
CTP2.DE,D,20191031,000000,39.801793,39.801793,38.936324,38.936324,253,0
CTP2.DE,D,20191101,000000,39.083014,39.083014,39.083014,39.083014,0,0
CTP2.DE,D,20191104,000000,38.43269,38.916766,38.43269,38.916766,48,0
CTP2.DE,D,20191105,000000,38.339786,39.381283,38.339786,39.229704,1455,0
CTP2.DE,D,20191106,000000,39.963152,39.963152,39.963152,39.963152,25,0
CTP2.DE,D,20191107,000000,39.70889,39.71378,39.70889,39.70889,1845,0
CTP2.DE,D,20191108,000000,40.285869,40.285869,39.904476,39.904476,40,0
CTP2.DE,D,20191111,000000,41.038876,41.038876,39.674662,39.674662,968,0
CTP2.DE,D,20191112,000000,40.975311,40.975311,40.163628,40.163628,12,0
CTP2.DE,D,20191113,000000,39.449738,40.173407,39.449738,40.173407,114,0
CTP2.DE,D,20191114,000000,40.329876,40.329876,40.329876,40.329876,0,0
CTP2.DE,D,20191115,000000,39.664883,39.664883,39.664883,39.664883,0,0
CTP2.DE,D,20191118,000000,39.14169,39.14169,39.14169,39.14169,0,0
CTP2.DE,D,20191119,000000,39.469297,39.469297,39.469297,39.469297,0,0
CTP2.DE,D,20191120,000000,39.219924,39.219924,39.219924,39.219924,0,0
CTP2.DE,D,20191121,000000,38.980331,38.980331,38.980331,38.980331,0,0
CTP2.DE,D,20191122,000000,39.557311,39.557311,39.391062,39.391062,500,0
CTP2.DE,D,20191125,000000,38.735849,38.735849,38.735849,38.735849,0,0
CTP2.DE,D,20191126,000000,38.540262,38.540262,38.540262,38.540262,0,0
CTP2.DE,D,20191127,000000,38.114862,38.114862,38.114862,38.114862,240,0
CTP2.DE,D,20191129,000000,39.244373,39.244373,39.210145,39.210145,16,0
CTP2.DE,D,20191202,000000,38.57938,38.57938,38.57938,38.57938,0,0
CTP2.DE,D,20191203,000000,38.457138,38.457138,38.457138,38.457138,0,0
CTP2.DE,D,20191204,000000,38.383793,38.383793,38.383793,38.383793,0,0
CTP2.DE,D,20191205,000000,38.57938,38.57938,38.334897,38.334897,15,0
CTP2.DE,D,20191206,000000,39.117242,39.117242,39.117242,39.117242,1100,0
CTP2.DE,D,20191209,000000,38.823862,38.823862,38.726069,38.774966,1111,0
CTP2.DE,D,20191210,000000,37.919276,37.919276,37.919276,37.919276,0,0
CTP2.DE,D,20191211,000000,38.041518,38.041518,37.136931,37.136931,20,0
CTP2.DE,D,20191212,000000,36.823993,37.577,36.823993,37.577,300,0
CTP2.DE,D,20191213,000000,37.797035,37.797035,37.797035,37.797035,0,0
CTP2.DE,D,20191216,000000,38.359345,38.359345,38.359345,38.359345,0,0
CTP2.DE,D,20191217,000000,38.237104,38.237104,38.041518,38.041518,56,0
CTP2.DE,D,20191218,000000,37.4352,37.4352,37.4352,37.4352,350,0
CTP2.DE,D,20191219,000000,37.420531,38.261552,37.420531,38.261552,72,0
CTP2.DE,D,20191220,000000,38.334897,38.799414,38.334897,38.799414,500,0
CTP2.DE,D,20191223,000000,38.970552,38.970552,38.970552,38.970552,0,0
CTP2.DE,D,20191227,000000,39.479076,39.479076,39.479076,39.479076,0,0
CTP2.DE,D,20191230,000000,39.410621,39.410621,39.410621,39.410621,0,0
CTP2.DE,D,20200102,000000,39.752897,39.752897,39.337276,39.337276,69,0
CTP2.DE,D,20200103,000000,38.975442,39.508414,38.760297,39.508414,290,0
CTP2.DE,D,20200106,000000,39.166138,39.166138,39.166138,39.166138,0,0
CTP2.DE,D,20200107,000000,39.400254,39.670455,39.400254,39.670455,3,0
CTP2.DE,D,20200108,000000,39.184093,39.935743,39.184093,39.842401,498,0
CTP2.DE,D,20200109,000000,40.088039,40.088039,40.038911,40.038911,100,0
CTP2.DE,D,20200110,000000,40.038911,40.038911,40.038911,40.038911,0,0
CTP2.DE,D,20200113,000000,40.038911,40.038911,40.038911,40.038911,0,0
CTP2.DE,D,20200114,000000,40.775824,40.775824,40.775824,40.775824,0,0
CTP2.DE,D,20200115,000000,40.824951,40.94777,40.824951,40.94777,14,0
CTP2.DE,D,20200116,000000,41.070589,41.778025,40.972334,40.972334,1000,0
CTP2.DE,D,20200117,000000,42.004011,42.004011,41.93032,41.93032,2,0
CTP2.DE,D,20200120,000000,41.949971,41.949971,41.949971,41.949971,0,0
CTP2.DE,D,20200121,000000,42.053139,42.053139,41.610991,41.610991,45,0
CTP2.DE,D,20200122,000000,41.856629,42.028575,41.856629,42.028575,1,0
CTP2.DE,D,20200123,000000,41.267099,41.267099,40.996897,40.996897,305,0
CTP2.DE,D,20200127,000000,39.596764,39.793274,39.390428,39.562374,1150,0
CTP2.DE,D,20200128,000000,40.024173,40.024173,39.523072,39.523072,20,0
CTP2.DE,D,20200129,000000,40.029086,40.029086,38.958106,38.958106,210,0
CTP2.DE,D,20200130,000000,38.963019,39.105489,38.963019,39.105489,100,0
CTP2.DE,D,20200131,000000,38.565086,38.565086,38.565086,38.565086,0,0
CTP2.DE,D,20200203,000000,38.810724,38.810724,38.417704,38.417704,17,0
CTP2.DE,D,20200204,000000,39.007234,39.007234,39.007234,39.007234,0,0
CTP2.DE,D,20200205,000000,39.793274,40.068388,39.793274,40.068388,1251,0
CTP2.DE,D,20200206,000000,39.596764,40.392629,39.596764,39.793274,120,0
CTP2.DE,D,20200207,000000,39.940656,41.738723,39.940656,41.738723,1212,0
CTP2.DE,D,20200210,000000,39.989784,40.102777,39.989784,40.102777,1,0
CTP2.DE,D,20200211,000000,40.967421,40.967421,40.063475,40.063475,250,0
CTP2.DE,D,20200213,000000,41.09024,41.954884,41.09024,41.87628,353,0
CTP2.DE,D,20200214,000000,41.109891,41.807501,41.109891,41.512736,3,0
CTP2.DE,D,20200217,000000,42.333165,42.529675,42.264387,42.529675,15,0
CTP2.DE,D,20200218,000000,41.689595,41.758374,41.689595,41.758374,2,0
CTP2.DE,D,20200219,000000,42.578803,42.578803,41.954884,41.954884,94,0
CTP2.DE,D,20200220,000000,41.276924,41.743635,41.276924,41.610991,98,0
CTP2.DE,D,20200221,000000,42.220172,42.220172,41.832065,41.832065,87,0
CTP2.DE,D,20200224,000000,40.132253,41.021461,40.132253,40.75126,95,0
CTP2.DE,D,20200225,000000,39.989784,39.989784,39.989784,39.989784,0,0
CTP2.DE,D,20200226,000000,38.958106,38.958106,38.958106,38.958106,0,0
CTP2.DE,D,20200227,000000,36.717892,36.934053,36.349436,36.349436,2148,0
CTP2.DE,D,20200228,000000,35.347235,36.806322,33.701464,33.701464,3853,0
CTP2.DE,D,20200302,000000,36.993006,36.993006,35.101598,35.627262,506,0
CTP2.DE,D,20200303,000000,37.729919,38.48157,36.904577,37.764308,624,0
CTP2.DE,D,20200304,000000,36.943879,37.042134,36.943879,37.042134,133,0
CTP2.DE,D,20200305,000000,37.336899,37.336899,36.501731,36.550859,266,0
CTP2.DE,D,20200309,000000,33.013679,33.888148,33.013679,33.097196,313,0
CTP2.DE,D,20200310,000000,34.502242,34.502242,32.237464,32.237464,1410,0
CTP2.DE,D,20200311,000000,32.915424,33.062806,32.915424,33.062806,150,0
CTP2.DE,D,20200312,000000,30.950324,31.51529,30.950324,31.51529,1650,0
CTP2.DE,D,20200313,000000,32.296417,32.743478,31.240176,31.240176,1020,0
CTP2.DE,D,20200316,000000,32.959639,33.092283,32.959639,33.092283,8,0
CTP2.DE,D,20200317,000000,33.509867,33.509867,33.509867,33.509867,0,0
CTP2.DE,D,20200318,000000,31.294216,31.805142,31.294216,31.805142,3,0
CTP2.DE,D,20200320,000000,30.984713,30.984713,30.984713,30.984713,0,0
CTP2.DE,D,20200323,000000,30.095506,30.331318,29.35368,30.292016,346,0
CTP2.DE,D,20200324,000000,32.276766,32.276766,31.333518,31.333518,30,0
CTP2.DE,D,20200325,000000,30.434485,30.434485,30.434485,30.434485,0,0
CTP2.DE,D,20200326,000000,31.638109,31.638109,31.294216,31.294216,5,0
CTP2.DE,D,20200327,000000,31.441599,31.441599,31.31878,31.31878,10,0
CTP2.DE,D,20200330,000000,30.459049,31.146834,29.948123,31.146834,90,0
CTP2.DE,D,20200331,000000,31.699017,31.699017,31.699017,31.699017,0,0
CTP2.DE,D,20200401,000000,30.65557,30.65557,30.294567,30.294567,128,0
CTP2.DE,D,20200402,000000,30.264896,30.709968,30.072031,30.709968,351,0
CTP2.DE,D,20200403,000000,31.703962,31.703962,31.080861,31.080861,50,0
CTP2.DE,D,20200406,000000,31.555604,32.638613,31.555604,32.450694,751,0
CTP2.DE,D,20200407,000000,33.044123,33.924377,32.524872,33.504031,623,0
CTP2.DE,D,20200408,000000,35.007385,35.007385,34.171639,34.245817,79,0
CTP2.DE,D,20200409,000000,33.627662,33.627662,33.528757,33.602936,200,0
CTP2.DE,D,20200414,000000,35.051892,35.051892,33.716676,33.850198,202,0
CTP2.DE,D,20200415,000000,34.369448,34.517806,33.578209,33.578209,30,0
CTP2.DE,D,20200416,000000,34.913425,34.913425,34.023281,34.023281,4,0
CTP2.DE,D,20200417,000000,34.453518,35.640376,33.281495,34.517806,1723,0
CTP2.DE,D,20200420,000000,35.229921,35.229921,34.567258,34.567258,2,0
CTP2.DE,D,20200421,000000,33.236988,33.236988,32.697956,32.836423,57,0
CTP2.DE,D,20200422,000000,32.836423,32.836423,32.836423,32.836423,0,0
CTP2.DE,D,20200423,000000,33.083685,33.083685,33.083685,33.083685,0,0
CTP2.DE,D,20200424,000000,33.49414,33.49414,33.3804,33.3804,60,0
CTP2.DE,D,20200427,000000,34.81452,34.81452,34.394175,34.394175,1,0
CTP2.DE,D,20200428,000000,35.061783,35.061783,35.061783,35.061783,0,0
CTP2.DE,D,20200429,000000,35.383224,35.437621,35.309045,35.358497,275,0
CTP2.DE,D,20200430,000000,35.126071,35.126071,33.528757,33.716676,193,0
CTP2.DE,D,20200504,000000,33.523812,33.523812,32.717737,32.717737,150,0
CTP2.DE,D,20200505,000000,33.815581,33.815581,33.133137,33.133137,30,0
CTP2.DE,D,20200506,000000,32.688065,32.688065,32.688065,32.688065,0,0
CTP2.DE,D,20200507,000000,32.737518,32.737518,32.737518,32.737518,0,0
CTP2.DE,D,20200508,000000,33.133137,33.133137,33.133137,33.133137,0,0
CTP2.DE,D,20200511,000000,34.275489,34.275489,32.737518,32.737518,73,0
CTP2.DE,D,20200512,000000,32.638613,32.841368,32.638613,32.841368,50,0
CTP2.DE,D,20200513,000000,32.638613,32.638613,31.817702,31.817702,10,0
CTP2.DE,D,20200514,000000,31.995731,31.995731,31.995731,31.995731,0,0
CTP2.DE,D,20200515,000000,32.213322,32.213322,32.119362,32.119362,1250,0
CTP2.DE,D,20200519,000000,34.755178,34.755178,34.418901,34.483189,430,0
CTP2.DE,D,20200520,000000,35.160688,35.160688,35.160688,35.160688,0,0
CTP2.DE,D,20200521,000000,35.160688,35.160688,35.160688,35.160688,0,0
CTP2.DE,D,20200522,000000,34.760123,35.111235,34.760123,35.111235,140,0
CTP2.DE,D,20200525,000000,35.9272,35.9272,35.660157,35.660157,150,0
CTP2.DE,D,20200526,000000,35.412895,35.853022,34.418901,35.853022,7018,0
CTP2.DE,D,20200527,000000,36.565137,36.565137,35.877748,36.100284,124,0
CTP2.DE,D,20200528,000000,35.318935,35.482128,35.318935,35.482128,47,0
CTP2.DE,D,20200529,000000,34.715616,34.715616,34.715616,34.715616,0,0
CTP2.DE,D,20200602,000000,35.501909,35.581033,35.501909,35.581033,1776,0
CTP2.DE,D,20200603,000000,36.396999,36.396999,36.248641,36.248641,78,0
CTP2.DE,D,20200604,000000,36.589863,36.594808,36.001379,36.001379,166,0
CTP2.DE,D,20200605,000000,36.594808,37.089333,36.594808,37.089333,140,0
CTP2.DE,D,20200608,000000,37.381102,37.42561,36.753056,37.138785,463,0
CTP2.DE,D,20200609,000000,36.723385,37.727269,36.392053,37.069552,477,0
CTP2.DE,D,20200610,000000,36.149736,36.174463,36.149736,36.174463,26,0
CTP2.DE,D,20200611,000000,34.863973,35.284319,34.661218,35.284319,185,0
CTP2.DE,D,20200612,000000,35.338716,35.338716,34.275489,34.517806,114,0
CTP2.DE,D,20200615,000000,34.270544,34.270544,34.270544,34.270544,0,0
CTP2.DE,D,20200616,000000,35.01233,35.01233,35.01233,35.01233,0,0
CTP2.DE,D,20200617,000000,34.646382,34.863973,34.646382,34.863973,72,0
CTP2.DE,D,20200618,000000,34.863973,34.863973,34.863973,34.863973,0,0
CTP2.DE,D,20200619,000000,35.190359,35.190359,35.190359,35.190359,0,0
CTP2.DE,D,20200622,000000,33.998555,34.196365,33.998555,34.196365,15,0
CTP2.DE,D,20200623,000000,34.394175,34.394175,34.394175,34.394175,0,0
CTP2.DE,D,20200624,000000,33.687005,33.869979,33.627662,33.627662,1085,0
CTP2.DE,D,20200625,000000,33.627662,33.627662,33.627662,33.627662,0,0
CTP2.DE,D,20200626,000000,33.756238,33.855143,33.756238,33.855143,50,0
CTP2.DE,D,20200629,000000,33.973829,33.973829,33.973829,33.973829,0,0
CTP2.DE,D,20200630,000000,34.913543,34.913543,34.227013,34.227013,30,0
CTP2.DE,D,20200701,000000,35.047864,35.047864,35.047864,35.047864,0,0
CTP2.DE,D,20200702,000000,35.321481,35.321481,35.321481,35.321481,0,0
CTP2.DE,D,20200703,000000,34.779222,34.779222,34.779222,34.779222,0,0
CTP2.DE,D,20200706,000000,35.221984,35.221984,35.221984,35.221984,0,0
CTP2.DE,D,20200707,000000,35.420978,35.420978,35.420978,35.420978,0,0
CTP2.DE,D,20200708,000000,34.923493,34.923493,34.923493,34.923493,0,0
CTP2.DE,D,20200709,000000,34.530479,34.530479,34.530479,34.530479,0,0
CTP2.DE,D,20200710,000000,34.799121,34.799121,34.799121,34.799121,0,0
CTP2.DE,D,20200713,000000,35.689621,35.689621,35.689621,35.689621,0,0
CTP2.DE,D,20200714,000000,35.818967,35.818967,35.818967,35.818967,0,0
CTP2.DE,D,20200715,000000,36.515447,36.515447,36.515447,36.515447,0,0
CTP2.DE,D,20200716,000000,36.276654,36.515447,36.276654,36.440824,380,0
CTP2.DE,D,20200717,000000,36.963184,36.963184,36.714441,36.714441,345,0
CTP2.DE,D,20200720,000000,36.465698,36.465698,36.465698,36.465698,0,0
CTP2.DE,D,20200721,000000,36.913435,36.913435,36.913435,36.913435,0,0
CTP2.DE,D,20200722,000000,36.256754,36.565195,36.182132,36.565195,881,0
CTP2.DE,D,20200723,000000,36.76419,36.76419,36.76419,36.76419,0,0
CTP2.DE,D,20200724,000000,36.316453,38.15715,36.316453,38.15715,837,0
CTP2.DE,D,20200727,000000,36.813938,36.813938,36.813938,36.813938,200,0
CTP2.DE,D,20200728,000000,36.92836,36.92836,36.92836,36.92836,0,0
CTP2.DE,D,20200729,000000,36.187106,37.162178,36.187106,37.162178,30,0
CTP2.DE,D,20200730,000000,36.614944,37.187053,36.614944,37.187053,45,0
CTP2.DE,D,20200731,000000,36.41595,36.41595,35.933389,35.933389,75,0
CTP2.DE,D,20200803,000000,36.366201,36.366201,36.366201,36.366201,0,0
CTP2.DE,D,20200804,000000,35.818967,36.515447,35.818967,36.515447,72,0
CTP2.DE,D,20200805,000000,36.505497,36.505497,35.694596,35.694596,250,0
CTP2.DE,D,20200806,000000,35.769218,35.769218,35.769218,35.769218,0,0
CTP2.DE,D,20200807,000000,35.828917,35.828917,35.828917,35.828917,0,0
CTP2.DE,D,20200810,000000,36.381126,36.381126,36.381126,36.381126,0,0
CTP2.DE,D,20200811,000000,36.714441,36.813938,36.714441,36.813938,500,0
CTP2.DE,D,20200812,000000,36.76419,36.76419,36.76419,36.76419,0,0
CTP2.DE,D,20200813,000000,36.480623,36.480623,36.480623,36.480623,0,0
CTP2.DE,D,20200814,000000,36.963184,36.963184,36.963184,36.963184,0,0
CTP2.DE,D,20200817,000000,36.510472,36.664693,36.510472,36.664693,97,0
CTP2.DE,D,20200818,000000,35.948313,36.306503,35.948313,36.306503,7,0
CTP2.DE,D,20200819,000000,36.699517,36.699517,36.381126,36.465698,128,0
CTP2.DE,D,20200820,000000,35.863741,36.366201,35.863741,36.366201,30,0
CTP2.DE,D,20200821,000000,36.216955,36.216955,36.122433,36.122433,200,0
CTP2.DE,D,20200824,000000,36.679617,36.848762,36.679617,36.848762,176,0
CTP2.DE,D,20200825,000000,37.032832,37.032832,36.41595,36.41595,120,0
CTP2.DE,D,20200826,000000,36.664693,36.664693,36.664693,36.664693,0,0
CTP2.DE,D,20200827,000000,36.654743,37.594991,36.654743,37.560167,120,0
CTP2.DE,D,20200828,000000,37.062681,37.062681,36.813938,36.813938,40,0
CTP2.DE,D,20200831,000000,37.923331,37.923331,37.261675,37.261675,2,0
CTP2.DE,D,20200901,000000,37.261675,37.261675,37.261675,37.261675,0,0
CTP2.DE,D,20200903,000000,38.167099,38.31137,37.744236,37.744236,373,0
CTP2.DE,D,20200904,000000,37.709412,37.709412,37.709412,37.709412,0,0
CTP2.DE,D,20200907,000000,37.77906,37.80891,37.371122,37.371122,166,0
CTP2.DE,D,20200908,000000,36.540321,36.540321,36.540321,36.540321,0,0
CTP2.DE,D,20200909,000000,37.560167,37.560167,37.386047,37.410921,394,0
CTP2.DE,D,20200910,000000,37.465644,37.560167,37.465644,37.560167,194,0
CTP2.DE,D,20200911,000000,37.361172,37.361172,37.361172,37.361172,0,0
CTP2.DE,D,20200914,000000,38.057652,38.057652,38.057652,38.057652,0,0
CTP2.DE,D,20200915,000000,38.928252,38.928252,38.928252,38.928252,0,0
CTP2.DE,D,20200916,000000,39.823726,39.823726,39.823726,39.823726,0,0
CTP2.DE,D,20200917,000000,38.594937,38.704384,38.510364,38.704384,30,0
CTP2.DE,D,20200918,000000,37.883532,37.883532,37.883532,37.883532,0,0
CTP2.DE,D,20200921,000000,37.80891,37.80891,37.087555,37.087555,100,0
CTP2.DE,D,20200923,000000,38.938202,38.938202,38.938202,38.938202,0,0
CTP2.DE,D,20200924,000000,38.117351,39.027749,38.117351,38.704384,185,0
CTP2.DE,D,20200925,000000,39.351115,39.351115,39.351115,39.351115,0,0
CTP2.DE,D,20200928,000000,39.147146,39.798852,39.147146,39.798852,40,0
CTP2.DE,D,20200929,000000,39.699355,39.739154,39.490411,39.739154,185,0
CTP2.DE,D,20200930,000000,39.400864,39.400864,39.400864,39.400864,0,0
CTP2.DE,D,20201001,000000,39.450612,39.744129,39.351115,39.351115,352,0
CTP2.DE,D,20201002,000000,39.306341,39.306341,38.803881,38.813831,385,0
CTP2.DE,D,20201005,000000,38.604887,38.604887,38.604887,38.604887,0,0
CTP2.DE,D,20201006,000000,38.6,38.6,38.45,38.45,120,0
CTP2.DE,D,20201007,000000,38.695,38.695,37.79,37.9,57,0
CTP2.DE,D,20201008,000000,37.905,38.265,37.905,38.12,350,0
CTP2.DE,D,20201009,000000,38.925,39.075,38.1,38.2,1013,0
CTP2.DE,D,20201012,000000,38.6,38.6,38.6,38.6,0,0
CTP2.DE,D,20201013,000000,39,39,39,39,0,0
CTP2.DE,D,20201014,000000,39,39,38.625,38.625,50,0
CTP2.DE,D,20201015,000000,38.38,38.38,38.38,38.38,0,0
CTP2.DE,D,20201016,000000,38.74,38.74,38.74,38.74,0,0
CTP2.DE,D,20201019,000000,38.3,38.3,38.3,38.3,0,0
CTP2.DE,D,20201020,000000,37.7,37.7,37.5,37.5,450,0
CTP2.DE,D,20201021,000000,37.92,37.92,37.08,37.54,317,0
CTP2.DE,D,20201022,000000,37.72,37.72,37.72,37.72,0,0
CTP2.DE,D,20201023,000000,37.9,37.9,37.7,37.7,50,0
CTP2.DE,D,20201026,000000,37.26,37.26,37.26,37.26,0,0
CTP2.DE,D,20201027,000000,36.82,36.82,36.82,36.82,0,0
CTP2.DE,D,20201028,000000,36.6,36.76,36.2,36.2,550,0
CTP2.DE,D,20201029,000000,36.115,37.12,35.96,36.94,336,0
CTP2.DE,D,20201030,000000,35.88,36.26,35.88,36.26,24,0
CTP2.DE,D,20201102,000000,36.6,36.6,35.98,35.98,100,0
CTP2.DE,D,20201103,000000,35.6,36.46,35.6,36.46,100,0
CTP2.DE,D,20201104,000000,36.955,37.98,36.92,37.98,1480,0
CTP2.DE,D,20201105,000000,37.5,37.9,37.485,37.76,845,0
CTP2.DE,D,20201106,000000,37.12,37.5,37.015,37.5,315,0
CTP2.DE,D,20201109,000000,39.52,40,39.52,40,41,0
CTP2.DE,D,20201110,000000,39.8,40.32,38.97,40.32,4104,0
CTP2.DE,D,20201111,000000,40.28,40.46,40.28,40.46,5,0
CTP2.DE,D,20201112,000000,40.16,40.34,40.16,40.34,48,0
CTP2.DE,D,20201113,000000,41.28,41.28,41.28,41.28,0,0
CTP2.DE,D,20201116,000000,41.915,41.94,41.915,41.94,10,0
CTP2.DE,D,20201117,000000,41.445,41.72,41.085,41.7,130,0
CTP2.DE,D,20201118,000000,42.26,42.275,42.02,42.02,515,0
CTP2.DE,D,20201119,000000,41.8,41.8,41.8,41.8,0,0
CTP2.DE,D,20201120,000000,41.78,41.78,41.78,41.78,0,0
CTP2.DE,D,20201123,000000,41.34,41.34,41.34,41.34,0,0
CTP2.DE,D,20201124,000000,42.5,43.16,42.5,43.16,800,0
CTP2.DE,D,20201125,000000,44.035,44.04,44.035,44.04,200,0
CTP2.DE,D,20201126,000000,43.665,43.665,43.665,43.665,0,0
CTP2.DE,D,20201127,000000,43.3,43.3,43.3,43.3,0,0
CTP2.DE,D,20201130,000000,42.7,42.7,42.7,42.7,0,0
CTP2.DE,D,20201201,000000,42.22,42.22,42.22,42.22,0,0
CTP2.DE,D,20201202,000000,42.235,42.235,42.235,42.235,0,0
CTP2.DE,D,20201203,000000,41.705,42.42,41.7,42.42,397,0
CTP2.DE,D,20201204,000000,42.58,42.58,42.58,42.58,0,0
CTP2.DE,D,20201207,000000,42.8,43.235,42.245,42.68,3447,0
CTP2.DE,D,20201208,000000,42.73,42.73,42.72,42.72,859,0
CTP2.DE,D,20201209,000000,42.68,42.84,42.515,42.84,194,0
CTP2.DE,D,20201210,000000,41.87,42.715,41.87,42.715,78,0
CTP2.DE,D,20201211,000000,41.36,41.995,41.36,41.74,1170,0
CTP2.DE,D,20201214,000000,41.88,41.88,41.88,41.88,0,0
CTP2.DE,D,20201215,000000,42.25,42.46,42.25,42.46,1900,0
CTP2.DE,D,20201216,000000,42.5,42.78,42.165,42.78,24,0
CTP2.DE,D,20201217,000000,42.57,42.57,41.86,41.86,637,0
CTP2.DE,D,20201218,000000,41.44,41.44,41.44,41.44,0,0
CTP2.DE,D,20201221,000000,41.735,41.735,40.8,40.98,768,0
CTP2.DE,D,20201222,000000,41.6,41.6,41,41,2000,0
CTP2.DE,D,20201223,000000,41.45,41.45,40.82,40.82,25,0
CTP2.DE,D,20201228,000000,41.595,41.92,41.5,41.92,246,0
CTP2.DE,D,20201229,000000,41.485,42.08,41.485,42.08,14,0
CTP2.DE,D,20201230,000000,41.995,41.995,41.995,41.995,0,0
CTP2.DE,D,20210104,000000,43.325,43.325,43.325,43.325,25,0
CTP2.DE,D,20210105,000000,41.135,41.135,40.3,40.3,356,0
CTP2.DE,D,20210106,000000,39.8,41.16,39.8,40.92,313,0
CTP2.DE,D,20210107,000000,40.39,41.16,40.39,41.14,736,0
CTP2.DE,D,20210108,000000,41.8,41.8,41.8,41.8,0,0
CTP2.DE,D,20210111,000000,41.525,42.76,41.525,41.78,204,0
CTP2.DE,D,20210112,000000,42.64,42.64,41.58,41.58,4,0
CTP2.DE,D,20210113,000000,40.64,41.115,40.635,41.1,387,0
CTP2.DE,D,20210114,000000,41.12,41.12,41.12,41.12,0,0
CTP2.DE,D,20210115,000000,40.26,40.26,40.26,40.26,0,0
CTP2.DE,D,20210118,000000,41.045,41.355,40.455,41.355,2036,0
CTP2.DE,D,20210119,000000,41.015,41.485,39.915,40.04,1862,0
CTP2.DE,D,20210120,000000,40.34,40.34,40.34,40.34,0,0
CTP2.DE,D,20210121,000000,40.925,40.925,40,40.34,3,0
CTP2.DE,D,20210122,000000,39.91,40.325,39.91,39.92,102,0
CTP2.DE,D,20210125,000000,40.2,40.2,39.92,40.04,114,0
CTP2.DE,D,20210126,000000,39.98,40.5,39.98,40.5,87,0
CTP2.DE,D,20210127,000000,41.145,41.145,40.88,40.88,206,0
CTP2.DE,D,20210128,000000,39.945,42.48,39.34,42.3,508,0
CTP2.DE,D,20210129,000000,41.195,41.98,41.195,41.52,376,0
CTP2.DE,D,20210201,000000,41.305,41.55,41.005,41.55,295,0
CTP2.DE,D,20210202,000000,41.74,42.68,41.74,42.68,196,0
CTP2.DE,D,20210203,000000,42.6,43.12,42.3,42.3,402,0
CTP2.DE,D,20210204,000000,42.3,42.3,42.3,42.3,0,0
CTP2.DE,D,20210205,000000,43.165,43.3,42.52,42.52,102,0
CTP2.DE,D,20210208,000000,42.615,42.8,42.525,42.72,446,0
CTP2.DE,D,20210209,000000,42.555,43.26,42.415,43.26,120,0
CTP2.DE,D,20210210,000000,43.12,43.12,43.12,43.12,0,0
CTP2.DE,D,20210211,000000,43.845,43.845,43.46,43.46,185,0
CTP2.DE,D,20210212,000000,43.8,43.8,43.8,43.8,0,0
CTP2.DE,D,20210215,000000,43.8,44.395,43.725,44.235,1447,0
CTP2.DE,D,20210216,000000,44.32,44.515,43.8,43.8,443,0
CTP2.DE,D,20210217,000000,43.63,43.8,43.13,43.8,818,0
CTP2.DE,D,20210218,000000,43.365,43.925,43.24,43.62,484,0
CTP2.DE,D,20210219,000000,43.235,43.44,43.16,43.16,101,0
CTP2.DE,D,20210222,000000,42.76,43.26,42.49,43.26,172,0
CTP2.DE,D,20210223,000000,42.845,43.2,42.545,43.2,570,0
CTP2.DE,D,20210224,000000,43.725,43.99,43.46,43.82,624,0
CTP2.DE,D,20210225,000000,43.82,43.825,43.28,43.28,888,0
CTP2.DE,D,20210226,000000,43.145,43.95,43.145,43.95,253,0
CTP2.DE,D,20210301,000000,44.535,44.775,44.535,44.775,19,0
CTP2.DE,D,20210302,000000,45.11,45.495,44.825,44.825,987,0
CTP2.DE,D,20210303,000000,45.455,45.455,45.325,45.325,154,0
CTP2.DE,D,20210304,000000,44.285,45.6,44.145,45.5,608,0
CTP2.DE,D,20210305,000000,45.31,45.53,45.16,45.525,132,0
CTP2.DE,D,20210308,000000,45.98,46.55,45.82,46.35,1188,0
CTP2.DE,D,20210309,000000,47.07,47.275,46.525,46.77,1502,0
CTP2.DE,D,20210310,000000,46.7,46.77,46.27,46.77,292,0
CTP2.DE,D,20210311,000000,48.725,48.725,47.555,47.925,113,0
CTP2.DE,D,20210312,000000,47.775,47.96,47.435,47.675,743,0
CTP2.DE,D,20210315,000000,48.375,48.375,47.63,47.675,1569,0
CTP2.DE,D,20210316,000000,48.525,49.05,48.06,48.975,725,0
CTP2.DE,D,20210317,000000,48.79,48.845,47.725,47.725,464,0
CTP2.DE,D,20210318,000000,47.795,47.995,47.365,47.4,935,0
CTP2.DE,D,20210319,000000,47.175,47.365,46.7,46.975,440,0
CTP2.DE,D,20210322,000000,46.38,46.995,46.38,46.925,2191,0
CTP2.DE,D,20210323,000000,47.33,47.555,47.33,47.55,370,0
CTP2.DE,D,20210324,000000,47.66,47.725,47.66,47.725,19,0
CTP2.DE,D,20210325,000000,47.49,47.955,47.31,47.525,3329,0
CTP2.DE,D,20210326,000000,47.425,47.425,47.425,47.425,0,0
CTP2.DE,D,20210329,000000,46.18,46.935,46.18,46.575,139,0
CTP2.DE,D,20210330,000000,47.04,47.04,46.565,46.75,415,0
CTP2.DE,D,20210331,000000,46.715,46.97,46.62,46.62,436,0
CTP2.DE,D,20210401,000000,46.44,46.475,46.195,46.425,262,0
CTP2.DE,D,20210406,000000,46.5,46.5,45.96,46.325,1004,0
CTP2.DE,D,20210407,000000,46.08,46.08,45.8,45.8,34,0
CTP2.DE,D,20210408,000000,46.22,46.415,45.725,45.725,277,0
CTP2.DE,D,20210409,000000,44.25,44.625,44.25,44.625,75,0
CTP2.DE,D,20210412,000000,44.985,45.045,44.72,44.825,499,0
CTP2.DE,D,20210413,000000,44.975,45.125,44.905,45.125,342,0
CTP2.DE,D,20210414,000000,45.005,45.005,44.775,44.775,664,0
CTP2.DE,D,20210415,000000,45.4,45.4,45.4,45.4,0,0
CTP2.DE,D,20210416,000000,45.88,46.345,45.6,45.975,1797,0
CTP2.DE,D,20210419,000000,46.11,46.11,45.175,45.175,241,0
CTP2.DE,D,20210420,000000,44.725,44.725,44.725,44.725,0,0
CTP2.DE,D,20210421,000000,45.16,45.29,45.125,45.125,312,0
CTP2.DE,D,20210422,000000,45.195,45.595,45.195,45.525,253,0
CTP2.DE,D,20210423,000000,44.77,45.305,44.77,45.175,778,0
CTP2.DE,D,20210426,000000,44.79,45.075,44.79,45.075,600,0
CTP2.DE,D,20210427,000000,45.04,45.275,45.04,45.275,619,0
CTP2.DE,D,20210428,000000,44.775,45.01,44.745,44.825,1214,0
CTP2.DE,D,20210429,000000,45.28,46.325,44.705,46.325,905,0
CTP2.DE,D,20210430,000000,46.24,46.64,46.075,46.075,1043,0
CTP2.DE,D,20210503,000000,47,47,46.53,46.875,1663,0
CTP2.DE,D,20210504,000000,47.2,47.29,46.895,47.075,1089,0
CTP2.DE,D,20210505,000000,47.45,47.45,47.225,47.225,231,0
CTP2.DE,D,20210506,000000,46.895,47.275,46.795,47.275,1418,0
CTP2.DE,D,20210507,000000,47.15,47.78,47.04,47.78,1182,0
CTP2.DE,D,20210510,000000,48.11,48.325,48.11,48.325,42,0
CTP2.DE,D,20210511,000000,46.805,47.77,46.805,47.225,2257,0
CTP2.DE,D,20210512,000000,47.785,47.785,46.67,47.075,580,0
CTP2.DE,D,20210513,000000,46.96,47.9,46.63,47.675,505,0
CTP2.DE,D,20210514,000000,47.645,48.125,47.345,48.125,975,0
CTP2.DE,D,20210517,000000,48.19,48.19,47.435,47.755,1056,0
CTP2.DE,D,20210518,000000,45.73,45.85,45.35,45.475,797,0
CTP2.DE,D,20210519,000000,44.855,44.96,44.075,44.075,297,0
CTP2.DE,D,20210520,000000,44.55,45.195,44.375,45.175,510,0
CTP2.DE,D,20210521,000000,45.41,45.41,45.225,45.225,73,0
CTP2.DE,D,20210525,000000,45.425,45.425,45.425,45.425,0,0
CTP2.DE,D,20210526,000000,45.555,46.975,45.555,46.975,400,0
CTP2.DE,D,20210527,000000,46.55,46.87,46.55,46.725,239,0
CTP2.DE,D,20210528,000000,47.155,47.355,47.055,47.175,642,0
CTP2.DE,D,20210531,000000,47.005,47.005,46.85,46.85,329,0
CTP2.DE,D,20210601,000000,47.06,47.135,46.6,46.675,951,0
CTP2.DE,D,20210602,000000,46.485,47.095,46.425,46.425,736,0
CTP2.DE,D,20210603,000000,46.415,46.565,46.175,46.375,358,0
CTP2.DE,D,20210604,000000,46.385,46.775,46.385,46.775,198,0
CTP2.DE,D,20210607,000000,46.765,46.765,46.445,46.625,213,0
CTP2.DE,D,20210608,000000,46.75,46.75,46.225,46.225,426,0
CTP2.DE,D,20210609,000000,46.33,46.33,46.275,46.275,2,0
CTP2.DE,D,20210610,000000,46.285,46.525,46.185,46.525,219,0
CTP2.DE,D,20210611,000000,46.405,46.95,46.405,46.95,20,0
CTP2.DE,D,20210614,000000,46.995,47.135,46.825,46.825,360,0
CTP2.DE,D,20210615,000000,47.155,47.525,47.045,47.525,44,0
CTP2.DE,D,20210616,000000,47.535,47.535,47.45,47.525,304,0
CTP2.DE,D,20210617,000000,47.345,48.275,47.345,48.275,631,0
CTP2.DE,D,20210618,000000,48.165,48.515,47.72,47.875,520,0
CTP2.DE,D,20210621,000000,47.99,48.125,47.775,48.125,700,0
CTP2.DE,D,20210622,000000,48.135,48.375,48.135,48.375,63,0
CTP2.DE,D,20210623,000000,48.4,48.415,48.185,48.275,326,0
CTP2.DE,D,20210624,000000,46.38,46.965,46.38,46.925,63,0
CTP2.DE,D,20210625,000000,47.03,47.125,47.03,47.125,10,0
CTP2.DE,D,20210628,000000,47.22,47.22,46.95,47.125,119,0
CTP2.DE,D,20210629,000000,47.095,47.575,47.05,47.575,91,0
CTP2.DE,D,20210630,000000,47.51,47.925,47.51,47.925,5,0
CTP2.DE,D,20210701,000000,48.235,48.825,47.995,48.825,599,0
CTP2.DE,D,20210702,000000,48.975,49.1,48.97,49.1,500,0
CTP2.DE,D,20210705,000000,49.405,49.405,49.405,49.405,0,0
CTP2.DE,D,20210706,000000,49.215,49.285,48.275,48.275,1118,0
CTP2.DE,D,20210707,000000,48.93,49.19,48.93,49.19,19,0
CTP2.DE,D,20210708,000000,49.03,49.125,48.485,49.015,11714,0
CTP2.DE,D,20210709,000000,49.295,49.445,48.64,49.175,3356,0
CTP2.DE,D,20210712,000000,48.725,48.725,48.725,48.725,0,0
CTP2.DE,D,20210713,000000,49.39,49.39,49.3,49.3,80,0
CTP2.DE,D,20210714,000000,48.915,49.25,48.805,48.82,354,0
CTP2.DE,D,20210715,000000,48.57,49.055,48.57,49.055,233,0
CTP2.DE,D,20210716,000000,49.21,49.21,49.175,49.175,36,0
CTP2.DE,D,20210719,000000,48.605,48.825,47.9,48.135,1796,0
CTP2.DE,D,20210720,000000,48.465,48.465,48.465,48.465,0,0
CTP2.DE,D,20210721,000000,48.495,48.925,48.36,48.925,196,0
CTP2.DE,D,20210722,000000,49.225,49.225,48.825,48.825,8,0
CTP2.DE,D,20210723,000000,49.3,49.5,49.295,49.5,470,0
CTP2.DE,D,20210726,000000,49.49,49.59,49.365,49.55,710,0
CTP2.DE,D,20210727,000000,49.475,49.475,49.475,49.475,0,0
CTP2.DE,D,20210728,000000,49.655,49.655,49.125,49.125,300,0
CTP2.DE,D,20210729,000000,49.135,50.2,48.75,49.675,2604,0
CTP2.DE,D,20210730,000000,48.33,49.875,48.33,49.875,1837,0
CTP2.DE,D,20210802,000000,50.13,50.13,49.36,49.5,349,0
CTP2.DE,D,20210803,000000,48.81,48.81,48.775,48.775,390,0
CTP2.DE,D,20210804,000000,48.77,48.825,48.77,48.825,1,0
CTP2.DE,D,20210805,000000,49.375,49.375,49.375,49.375,0,0
CTP2.DE,D,20210806,000000,49.28,50.03,49.225,50.03,689,0
CTP2.DE,D,20210809,000000,49.705,50,49.445,49.525,375,0
CTP2.DE,D,20210810,000000,49.7,49.7,49.7,49.7,0,0
CTP2.DE,D,20210811,000000,50.13,50.13,50.13,50.13,0,0
CTP2.DE,D,20210812,000000,50.31,50.33,50.15,50.15,150,0
CTP2.DE,D,20210813,000000,50.33,50.59,50.07,50.3,1165,0
CTP2.DE,D,20210816,000000,50.35,50.37,50.15,50.15,970,0
CTP2.DE,D,20210817,000000,49.98,50.65,49.98,50.6,4818,0
CTP2.DE,D,20210818,000000,50.85,50.85,50.85,50.85,0,0
CTP2.DE,D,20210819,000000,50.61,50.61,50.2,50.2,119,0
CTP2.DE,D,20210820,000000,50.2,50.9,50.13,50.9,540,0
CTP2.DE,D,20210823,000000,51.04,51.04,50.55,50.97,1537,0
CTP2.DE,D,20210824,000000,51.22,51.45,50.81,50.85,830,0
