<TICKER>,<PER>,<DATE>,<TIME>,<OPEN>,<HIGH>,<LOW>,<CLOSE>,<VOL>,<OPENINT>
CVA.DE,D,20080415,000000,46.398373,46.398373,46.398373,46.398373,30,0
CVA.DE,D,20080416,000000,43.965866,43.965866,43.965866,43.965866,15,0
CVA.DE,D,20080417,000000,45.714536,45.714536,45.714536,45.714536,10,0
CVA.DE,D,20080418,000000,45.714536,45.714536,45.714536,45.714536,10,0
CVA.DE,D,20080421,000000,51.282927,51.282927,51.282927,51.282927,20,0
CVA.DE,D,20080422,000000,49.094647,49.094647,49.094647,49.094647,20,0
CVA.DE,D,20080423,000000,49.094647,49.094647,49.094647,49.094647,20,0
CVA.DE,D,20080424,000000,49.094647,49.094647,49.094647,49.094647,0,0
CVA.DE,D,20080425,000000,49.094647,49.094647,49.094647,49.094647,0,0
CVA.DE,D,20080428,000000,49.094647,49.094647,49.094647,49.094647,0,0
CVA.DE,D,20080429,000000,55.146608,55.146608,55.146608,55.146608,20,0
CVA.DE,D,20080430,000000,55.146608,55.146608,55.146608,55.146608,20,0
CVA.DE,D,20080502,000000,55.146608,55.146608,55.146608,55.146608,0,0
CVA.DE,D,20080505,000000,55.146608,55.146608,55.146608,55.146608,0,0
CVA.DE,D,20080506,000000,55.146608,55.146608,55.146608,55.146608,0,0
CVA.DE,D,20080507,000000,55.146608,55.146608,55.146608,55.146608,0,0
CVA.DE,D,20080508,000000,55.146608,55.146608,55.146608,55.146608,0,0
CVA.DE,D,20080509,000000,55.146608,55.146608,55.146608,55.146608,0,0
CVA.DE,D,20080512,000000,55.146608,55.146608,55.146608,55.146608,0,0
CVA.DE,D,20080513,000000,55.146608,55.146608,55.146608,55.146608,0,0
CVA.DE,D,20080514,000000,55.146608,55.146608,55.146608,55.146608,0,0
CVA.DE,D,20080515,000000,55.146608,55.146608,55.146608,55.146608,0,0
CVA.DE,D,20080519,000000,110.293217,110.293217,110.293217,110.293217,0,0
CVA.DE,D,20080520,000000,110.293217,110.293217,110.293217,110.293217,0,0
CVA.DE,D,20080522,000000,110.347386,110.347386,110.347386,110.347386,0,0
CVA.DE,D,20080523,000000,110.347386,110.347386,110.347386,110.347386,0,0
CVA.DE,D,20080526,000000,110.347386,110.347386,110.347386,110.347386,0,0
CVA.DE,D,20080527,000000,110.347386,110.347386,110.347386,110.347386,0,0
CVA.DE,D,20080528,000000,110.347386,110.347386,110.347386,110.347386,0,0
CVA.DE,D,20080529,000000,67.439944,67.439944,67.439944,67.439944,30,0
CVA.DE,D,20080530,000000,67.439944,67.439944,67.439944,67.439944,30,0
CVA.DE,D,20080602,000000,67.439944,67.439944,67.439944,67.439944,0,0
CVA.DE,D,20080603,000000,67.439944,67.439944,67.439944,67.439944,0,0
CVA.DE,D,20080604,000000,67.439944,67.439944,67.439944,67.439944,0,0
CVA.DE,D,20080605,000000,67.439944,67.439944,67.439944,67.439944,0,0
CVA.DE,D,20080606,000000,67.439944,67.439944,67.439944,67.439944,0,0
CVA.DE,D,20080609,000000,59.62082,59.62082,59.62082,59.62082,5,0
CVA.DE,D,20080610,000000,59.62082,59.62082,59.62082,59.62082,5,0
CVA.DE,D,20080611,000000,59.62082,59.62082,59.62082,59.62082,0,0
CVA.DE,D,20080612,000000,59.62082,59.62082,59.62082,59.62082,0,0
CVA.DE,D,20080613,000000,59.62082,59.62082,59.62082,59.62082,0,0
CVA.DE,D,20080616,000000,59.62082,59.62082,59.62082,59.62082,0,0
CVA.DE,D,20080617,000000,59.62082,59.62082,59.62082,59.62082,0,0
CVA.DE,D,20080618,000000,59.62082,59.62082,59.62082,59.62082,0,0
CVA.DE,D,20080619,000000,59.62082,59.62082,59.62082,59.62082,0,0
CVA.DE,D,20080620,000000,59.62082,59.62082,59.62082,59.62082,0,0
CVA.DE,D,20080623,000000,59.62082,59.62082,59.62082,59.62082,0,0
CVA.DE,D,20080624,000000,59.62082,59.62082,59.62082,59.62082,0,0
CVA.DE,D,20080626,000000,59.62082,59.62082,59.62082,59.62082,0,0
CVA.DE,D,20080627,000000,65.494937,65.494937,65.494937,65.494937,8,0
CVA.DE,D,20080630,000000,71.828427,71.828427,71.828427,71.828427,25,0
CVA.DE,D,20080701,000000,71.828427,71.828427,71.828427,71.828427,25,0
CVA.DE,D,20080702,000000,58.301343,71.828427,58.301343,71.828427,0,0
CVA.DE,D,20080704,000000,58.301343,58.301343,58.301343,58.301343,0,0
CVA.DE,D,20080707,000000,58.301343,58.301343,58.301343,58.301343,0,0
CVA.DE,D,20080708,000000,58.301343,58.301343,58.301343,58.301343,0,0
CVA.DE,D,20080709,000000,58.301343,58.301343,58.301343,58.301343,0,0
CVA.DE,D,20080710,000000,58.301343,58.301343,58.301343,58.301343,0,0
CVA.DE,D,20080711,000000,58.301343,58.301343,58.301343,58.301343,0,0
CVA.DE,D,20080714,000000,58.301343,58.301343,58.301343,58.301343,0,0
CVA.DE,D,20080715,000000,58.301343,58.301343,58.301343,58.301343,0,0
CVA.DE,D,20080716,000000,58.301343,58.301343,58.301343,58.301343,0,0
CVA.DE,D,20080717,000000,58.301343,58.301343,58.301343,58.301343,0,0
CVA.DE,D,20080718,000000,58.301343,58.301343,58.301343,58.301343,0,0
CVA.DE,D,20080721,000000,58.301343,58.301343,58.301343,58.301343,0,0
CVA.DE,D,20080722,000000,58.301343,58.301343,58.301343,58.301343,0,0
CVA.DE,D,20080723,000000,58.301343,58.301343,58.301343,58.301343,0,0
CVA.DE,D,20080724,000000,58.301343,58.301343,58.301343,58.301343,0,0
CVA.DE,D,20080725,000000,58.301343,58.301343,58.301343,58.301343,0,0
CVA.DE,D,20080728,000000,58.301343,58.301343,58.301343,58.301343,0,0
CVA.DE,D,20080729,000000,58.301343,58.301343,58.301343,58.301343,0,0
CVA.DE,D,20080730,000000,58.301343,58.301343,58.301343,58.301343,0,0
CVA.DE,D,20080731,000000,58.301343,58.301343,58.301343,58.301343,0,0
CVA.DE,D,20080801,000000,58.301343,58.301343,58.301343,58.301343,0,0
CVA.DE,D,20080804,000000,58.301343,58.301343,58.301343,58.301343,0,0
CVA.DE,D,20080805,000000,58.301343,58.301343,58.301343,58.301343,0,0
CVA.DE,D,20080806,000000,58.301343,58.301343,58.301343,58.301343,0,0
CVA.DE,D,20080807,000000,58.301343,58.301343,58.301343,58.301343,0,0
CVA.DE,D,20080808,000000,58.301343,58.301343,58.301343,58.301343,0,0
CVA.DE,D,20080811,000000,58.301343,58.301343,58.301343,58.301343,0,0
CVA.DE,D,20080812,000000,58.301343,58.301343,58.301343,58.301343,0,0
CVA.DE,D,20080814,000000,58.358741,58.358741,58.358741,58.358741,0,0
CVA.DE,D,20080815,000000,58.358741,58.358741,58.358741,58.358741,0,0
CVA.DE,D,20080818,000000,58.358741,58.358741,58.358741,58.358741,0,0
CVA.DE,D,20080819,000000,58.358741,58.358741,58.358741,58.358741,0,0
CVA.DE,D,20080820,000000,58.358741,58.358741,58.358741,58.358741,0,0
CVA.DE,D,20080821,000000,58.358741,58.358741,58.358741,58.358741,0,0
CVA.DE,D,20080822,000000,58.358741,58.358741,58.358741,58.358741,0,0
CVA.DE,D,20080825,000000,58.358741,58.358741,58.358741,58.358741,0,0
CVA.DE,D,20080826,000000,58.358741,58.358741,58.358741,58.358741,0,0
CVA.DE,D,20080827,000000,58.358741,58.358741,58.358741,58.358741,0,0
CVA.DE,D,20080828,000000,58.358741,58.358741,58.358741,58.358741,0,0
CVA.DE,D,20080829,000000,58.358741,58.358741,58.358741,58.358741,0,0
CVA.DE,D,20080901,000000,58.358741,58.358741,58.358741,58.358741,0,0
CVA.DE,D,20080902,000000,58.358741,58.358741,58.358741,58.358741,0,0
CVA.DE,D,20080903,000000,58.358741,58.358741,58.358741,58.358741,0,0
CVA.DE,D,20080904,000000,58.358741,58.358741,58.358741,58.358741,0,0
CVA.DE,D,20080905,000000,58.358741,58.358741,58.358741,58.358741,0,0
CVA.DE,D,20080908,000000,58.358741,58.358741,58.358741,58.358741,0,0
CVA.DE,D,20080909,000000,58.358741,58.358741,58.358741,58.358741,0,0
CVA.DE,D,20080910,000000,58.358741,58.358741,58.358741,58.358741,0,0
CVA.DE,D,20080911,000000,58.358741,58.358741,58.358741,58.358741,0,0
CVA.DE,D,20080912,000000,58.358741,58.358741,58.358741,58.358741,0,0
CVA.DE,D,20080915,000000,58.358741,58.358741,58.358741,58.358741,0,0
CVA.DE,D,20080916,000000,58.358741,58.358741,58.358741,58.358741,0,0
CVA.DE,D,20080917,000000,58.358741,58.358741,58.358741,58.358741,0,0
CVA.DE,D,20080918,000000,58.358741,58.358741,58.358741,58.358741,0,0
CVA.DE,D,20080919,000000,58.358741,58.358741,58.358741,58.358741,0,0
CVA.DE,D,20080923,000000,58.358741,58.358741,58.358741,58.358741,0,0
CVA.DE,D,20080924,000000,58.358741,58.358741,58.358741,58.358741,0,0
CVA.DE,D,20080925,000000,58.358741,58.358741,58.358741,58.358741,0,0
CVA.DE,D,20080926,000000,58.358741,58.358741,58.358741,58.358741,0,0
CVA.DE,D,20080929,000000,58.358741,58.358741,58.358741,58.358741,0,0
CVA.DE,D,20080930,000000,58.358741,58.358741,58.358741,58.358741,0,0
CVA.DE,D,20081001,000000,58.358741,58.358741,58.358741,58.358741,0,0
CVA.DE,D,20081002,000000,58.358741,58.358741,58.358741,58.358741,0,0
CVA.DE,D,20081003,000000,58.358741,58.358741,58.358741,58.358741,0,0
CVA.DE,D,20081006,000000,58.358741,58.358741,58.358741,58.358741,0,0
CVA.DE,D,20081007,000000,58.358741,58.358741,58.358741,58.358741,0,0
CVA.DE,D,20081008,000000,58.358741,58.358741,58.358741,58.358741,0,0
CVA.DE,D,20081009,000000,58.358741,58.358741,58.358741,58.358741,0,0
CVA.DE,D,20081010,000000,58.358741,58.358741,58.358741,58.358741,0,0
CVA.DE,D,20081013,000000,58.358741,58.358741,58.358741,58.358741,0,0
CVA.DE,D,20081014,000000,58.358741,58.358741,58.358741,58.358741,0,0
CVA.DE,D,20081208,000000,12.322136,12.322136,12.322136,12.322136,5,0
CVA.DE,D,20081209,000000,12.322136,12.322136,12.322136,12.322136,5,0
CVA.DE,D,20081210,000000,12.322136,12.322136,12.322136,12.322136,0,0
CVA.DE,D,20081211,000000,12.322136,12.322136,12.322136,12.322136,0,0
CVA.DE,D,20081212,000000,12.322136,12.322136,12.322136,12.322136,0,0
CVA.DE,D,20081215,000000,12.322136,12.322136,12.322136,12.322136,0,0
CVA.DE,D,20081216,000000,12.322136,12.322136,12.322136,12.322136,0,0
CVA.DE,D,20081217,000000,12.322136,12.322136,12.322136,12.322136,0,0
CVA.DE,D,20081218,000000,12.322136,12.322136,12.322136,12.322136,0,0
CVA.DE,D,20081219,000000,12.322136,12.322136,12.322136,12.322136,0,0
CVA.DE,D,20081222,000000,12.322136,12.322136,12.322136,12.322136,0,0
CVA.DE,D,20081223,000000,18.120788,18.120788,18.120788,18.120788,59,0
CVA.DE,D,20081229,000000,18.120788,18.120788,18.120788,18.120788,59,0
CVA.DE,D,20081230,000000,18.120788,18.120788,18.120788,18.120788,0,0
CVA.DE,D,20090102,000000,18.120788,18.120788,18.120788,18.120788,0,0
CVA.DE,D,20090105,000000,18.120788,18.120788,18.120788,18.120788,0,0
CVA.DE,D,20090106,000000,18.120788,18.120788,18.120788,18.120788,0,0
CVA.DE,D,20090107,000000,18.120788,18.120788,18.120788,18.120788,0,0
CVA.DE,D,20090108,000000,18.120788,18.120788,18.120788,18.120788,0,0
CVA.DE,D,20090109,000000,18.120788,18.120788,18.120788,18.120788,0,0
CVA.DE,D,20090112,000000,18.120788,18.120788,18.120788,18.120788,0,0
CVA.DE,D,20090113,000000,18.120788,18.120788,18.120788,18.120788,0,0
CVA.DE,D,20090114,000000,18.120788,18.120788,18.120788,18.120788,0,0
CVA.DE,D,20090115,000000,18.120788,18.120788,18.120788,18.120788,0,0
CVA.DE,D,20090116,000000,18.120788,18.120788,18.120788,18.120788,0,0
CVA.DE,D,20090120,000000,18.120788,18.120788,18.120788,18.120788,0,0
CVA.DE,D,20090121,000000,18.120788,18.120788,18.120788,18.120788,0,0
CVA.DE,D,20090122,000000,18.120788,18.120788,18.120788,18.120788,0,0
CVA.DE,D,20090123,000000,18.120788,18.120788,18.120788,18.120788,0,0
CVA.DE,D,20090126,000000,18.120788,18.120788,18.120788,18.120788,0,0
CVA.DE,D,20090127,000000,18.120788,18.120788,18.120788,18.120788,0,0
CVA.DE,D,20090128,000000,18.120788,18.120788,18.120788,18.120788,0,0
CVA.DE,D,20090129,000000,18.120788,18.120788,18.120788,18.120788,0,0
CVA.DE,D,20090130,000000,18.120788,18.120788,18.120788,18.120788,0,0
CVA.DE,D,20090202,000000,18.120788,18.120788,18.120788,18.120788,0,0
CVA.DE,D,20090203,000000,18.120788,18.120788,18.120788,18.120788,0,0
CVA.DE,D,20090204,000000,18.120788,18.120788,18.120788,18.120788,0,0
CVA.DE,D,20090205,000000,18.120788,18.120788,18.120788,18.120788,0,0
CVA.DE,D,20090206,000000,18.120788,18.120788,18.120788,18.120788,0,0
CVA.DE,D,20090209,000000,18.120788,18.120788,18.120788,18.120788,0,0
CVA.DE,D,20090210,000000,18.120788,18.120788,18.120788,18.120788,0,0
CVA.DE,D,20090211,000000,18.120788,18.120788,18.120788,18.120788,0,0
CVA.DE,D,20090213,000000,18.187671,18.187671,18.187671,18.187671,0,0
CVA.DE,D,20090216,000000,18.187671,18.187671,18.187671,18.187671,0,0
CVA.DE,D,20090217,000000,18.187671,18.187671,18.187671,18.187671,0,0
CVA.DE,D,20090218,000000,18.187671,18.187671,18.187671,18.187671,0,0
CVA.DE,D,20090219,000000,18.187671,18.187671,18.187671,18.187671,0,0
CVA.DE,D,20090220,000000,18.187671,18.187671,18.187671,18.187671,0,0
CVA.DE,D,20090223,000000,18.187671,18.187671,18.187671,18.187671,0,0
CVA.DE,D,20090224,000000,18.187671,18.187671,18.187671,18.187671,0,0
CVA.DE,D,20090225,000000,18.187671,18.187671,18.187671,18.187671,0,0
CVA.DE,D,20090226,000000,18.187671,18.187671,18.187671,18.187671,0,0
CVA.DE,D,20090302,000000,18.187671,18.187671,18.187671,18.187671,0,0
CVA.DE,D,20090303,000000,18.187671,18.187671,18.187671,18.187671,0,0
CVA.DE,D,20090304,000000,18.187671,18.187671,18.187671,18.187671,0,0
CVA.DE,D,20090305,000000,18.187671,18.187671,18.187671,18.187671,0,0
CVA.DE,D,20090306,000000,18.187671,18.187671,18.187671,18.187671,0,0
CVA.DE,D,20090309,000000,18.187671,18.187671,18.187671,18.187671,0,0
CVA.DE,D,20090310,000000,18.187671,18.187671,18.187671,18.187671,0,0
CVA.DE,D,20090311,000000,18.187671,18.187671,18.187671,18.187671,0,0
CVA.DE,D,20090312,000000,18.187671,18.187671,18.187671,18.187671,0,0
CVA.DE,D,20090313,000000,18.187671,18.187671,18.187671,18.187671,0,0
CVA.DE,D,20090316,000000,18.187671,18.187671,18.187671,18.187671,0,0
CVA.DE,D,20090317,000000,18.187671,18.187671,18.187671,18.187671,0,0
CVA.DE,D,20090318,000000,18.187671,18.187671,18.187671,18.187671,0,0
CVA.DE,D,20090319,000000,18.187671,18.187671,18.187671,18.187671,0,0
CVA.DE,D,20090320,000000,18.187671,18.187671,18.187671,18.187671,0,0
CVA.DE,D,20090323,000000,18.187671,18.187671,18.187671,18.187671,0,0
CVA.DE,D,20090324,000000,18.187671,18.187671,18.187671,18.187671,0,0
CVA.DE,D,20090325,000000,18.187671,18.187671,18.187671,18.187671,0,0
CVA.DE,D,20090326,000000,18.187671,18.187671,18.187671,18.187671,0,0
CVA.DE,D,20090327,000000,18.187671,18.187671,18.187671,18.187671,0,0
CVA.DE,D,20090330,000000,18.187671,18.187671,18.187671,18.187671,0,0
CVA.DE,D,20090331,000000,18.187671,18.187671,18.187671,18.187671,0,0
CVA.DE,D,20090401,000000,18.187671,18.187671,18.187671,18.187671,0,0
CVA.DE,D,20090402,000000,18.187671,18.187671,18.187671,18.187671,0,0
CVA.DE,D,20090403,000000,18.187671,18.187671,18.187671,18.187671,0,0
CVA.DE,D,20090406,000000,18.187671,18.187671,18.187671,18.187671,0,0
CVA.DE,D,20090407,000000,18.187671,18.187671,18.187671,18.187671,0,0
CVA.DE,D,20090408,000000,18.187671,18.187671,18.187671,18.187671,0,0
CVA.DE,D,20090409,000000,18.187671,18.187671,18.187671,18.187671,0,0
CVA.DE,D,20090414,000000,18.187671,18.187671,18.187671,18.187671,0,0
CVA.DE,D,20090415,000000,18.187671,18.187671,18.187671,18.187671,0,0
CVA.DE,D,20090416,000000,18.187671,18.187671,18.187671,18.187671,0,0
CVA.DE,D,20090417,000000,18.187671,18.187671,18.187671,18.187671,0,0
CVA.DE,D,20090420,000000,18.187671,18.187671,18.187671,18.187671,0,0
CVA.DE,D,20090421,000000,18.187671,18.187671,18.187671,18.187671,0,0
CVA.DE,D,20090422,000000,18.187671,18.187671,18.187671,18.187671,0,0
CVA.DE,D,20090423,000000,18.187671,18.187671,18.187671,18.187671,0,0
CVA.DE,D,20090424,000000,18.187671,18.187671,18.187671,18.187671,0,0
CVA.DE,D,20090427,000000,18.187671,18.187671,18.187671,18.187671,0,0
CVA.DE,D,20090428,000000,18.187671,18.187671,18.187671,18.187671,0,0
CVA.DE,D,20090429,000000,18.187671,18.187671,18.187671,18.187671,0,0
CVA.DE,D,20090430,000000,18.187671,18.187671,18.187671,18.187671,0,0
CVA.DE,D,20090504,000000,18.187671,18.187671,18.187671,18.187671,0,0
CVA.DE,D,20090505,000000,18.187671,18.187671,18.187671,18.187671,0,0
CVA.DE,D,20090506,000000,18.187671,18.187671,18.187671,18.187671,0,0
CVA.DE,D,20090507,000000,18.187671,18.187671,18.187671,18.187671,0,0
CVA.DE,D,20090508,000000,18.187671,18.187671,18.187671,18.187671,0,0
CVA.DE,D,20090511,000000,18.187671,18.187671,18.187671,18.187671,0,0
CVA.DE,D,20090512,000000,18.187671,18.187671,18.187671,18.187671,0,0
CVA.DE,D,20090513,000000,18.187671,18.187671,18.187671,18.187671,0,0
CVA.DE,D,20090514,000000,18.187671,18.187671,18.187671,18.187671,0,0
CVA.DE,D,20090515,000000,18.187671,18.187671,18.187671,18.187671,0,0
CVA.DE,D,20090518,000000,18.187671,18.187671,18.187671,18.187671,0,0
CVA.DE,D,20090519,000000,18.187671,18.187671,18.187671,18.187671,0,0
CVA.DE,D,20090521,000000,18.216273,18.216273,18.216273,18.216273,0,0
CVA.DE,D,20090522,000000,18.216273,18.216273,18.216273,18.216273,0,0
CVA.DE,D,20090525,000000,18.216273,18.216273,18.216273,18.216273,0,0
CVA.DE,D,20090526,000000,18.216273,18.216273,18.216273,18.216273,0,0
CVA.DE,D,20090527,000000,18.216273,18.216273,18.216273,18.216273,0,0
CVA.DE,D,20090528,000000,18.216273,18.216273,18.216273,18.216273,0,0
CVA.DE,D,20090529,000000,18.216273,18.216273,18.216273,18.216273,0,0
CVA.DE,D,20090601,000000,18.216273,18.216273,18.216273,18.216273,0,0
CVA.DE,D,20090602,000000,18.216273,18.216273,18.216273,18.216273,0,0
CVA.DE,D,20090603,000000,18.216273,18.216273,18.216273,18.216273,0,0
CVA.DE,D,20090604,000000,18.216273,18.216273,18.216273,18.216273,0,0
CVA.DE,D,20090605,000000,18.216273,18.216273,18.216273,18.216273,0,0
CVA.DE,D,20091116,000000,24.023015,24.023015,24.023015,24.023015,6,0
CVA.DE,D,20100507,000000,44.135533,44.135533,44.135533,44.135533,0,0
CVA.DE,D,20100817,000000,47.106237,47.106237,47.106237,47.106237,150,0
CVA.DE,D,20100920,000000,46.279637,46.279637,46.279637,46.279637,0,0
CVA.DE,D,20100928,000000,46.010743,46.010743,46.010743,46.010743,150,0
CVA.DE,D,20101108,000000,50.253292,50.253292,50.253292,50.253292,50,0
CVA.DE,D,20110217,000000,76.5,76.5,76.5,76.5,244,0
CVA.DE,D,20200103,000000,7.056,7.056,7.056,7.056,0,0
CVA.DE,D,20200106,000000,7.022,7.022,7.022,7.022,0,0
CVA.DE,D,20200107,000000,7.179,7.179,7.179,7.179,0,0
CVA.DE,D,20200108,000000,7.182,7.182,7.182,7.182,0,0
CVA.DE,D,20200110,000000,6.967,6.967,6.967,6.967,0,0
CVA.DE,D,20200113,000000,6.929,6.929,6.929,6.929,0,0
CVA.DE,D,20200114,000000,7.015,7.015,7.015,7.015,0,0
CVA.DE,D,20200115,000000,7.051,7.051,7.051,7.051,0,0
CVA.DE,D,20200116,000000,7.052,7.052,7.052,7.052,0,0
CVA.DE,D,20200117,000000,7.083,7.083,7.083,7.083,0,0
CVA.DE,D,20200120,000000,7.105,7.105,7.105,7.105,0,0
CVA.DE,D,20200121,000000,7.2,7.2,7.2,7.2,2500,0
CVA.DE,D,20200123,000000,6.703,6.703,6.703,6.703,0,0
CVA.DE,D,20200124,000000,6.677,6.677,6.677,6.677,0,0
CVA.DE,D,20200127,000000,6.264,6.264,6.264,6.264,400,0
CVA.DE,D,20200129,000000,6.496,6.496,6.496,6.496,0,0
CVA.DE,D,20200130,000000,6.37,6.37,6.37,6.37,0,0
CVA.DE,D,20200131,000000,6.27,6.27,6.27,6.27,0,0
CVA.DE,D,20200207,000000,6.929,6.929,6.929,6.929,0,0
CVA.DE,D,20200210,000000,6.897,6.897,6.897,6.897,0,0
CVA.DE,D,20200213,000000,7.064,7.064,7.064,7.064,0,0
CVA.DE,D,20200217,000000,6.82,6.82,6.82,6.82,0,0
CVA.DE,D,20200218,000000,6.942,6.942,6.942,6.942,0,0
CVA.DE,D,20200219,000000,7.052,7.052,7.052,7.052,0,0
CVA.DE,D,20200226,000000,5.985,5.985,5.985,5.985,0,0
CVA.DE,D,20200227,000000,5.62,5.62,5.62,5.62,200,0
CVA.DE,D,20200228,000000,5.361,5.361,5.205,5.205,100,0
CVA.DE,D,20200302,000000,5.14,5.14,5.14,5.14,0,0
CVA.DE,D,20200303,000000,5.105,5.105,5.105,5.105,0,0
CVA.DE,D,20200304,000000,5.001,5.001,5.001,5.001,0,0
CVA.DE,D,20200305,000000,4.9305,4.9305,4.9305,4.9305,0,0
CVA.DE,D,20200306,000000,4.7885,4.7885,4.7885,4.7885,0,0
CVA.DE,D,20200311,000000,4.107,4.1205,4.107,4.1205,740,0
CVA.DE,D,20200313,000000,3.9405,3.9405,3.9405,3.9405,0,0
CVA.DE,D,20200316,000000,3.5145,3.7575,3.5145,3.726,4155,0
CVA.DE,D,20200317,000000,3.7615,3.7615,3.7615,3.7615,0,0
CVA.DE,D,20200320,000000,3.2835,3.2835,3.1465,3.1465,200,0
CVA.DE,D,20200323,000000,2.98,2.98,2.8545,2.8545,330,0
CVA.DE,D,20200327,000000,3.3975,3.3975,3.3975,3.3975,0,0
CVA.DE,D,20200330,000000,3.4185,3.4185,3.4185,3.4185,0,0
CVA.DE,D,20200401,000000,3.8635,3.8635,3.711,3.711,200,0
CVA.DE,D,20200402,000000,3.508,3.508,3.508,3.508,0,0
CVA.DE,D,20200403,000000,3.339,3.339,3.339,3.339,2,0
CVA.DE,D,20200407,000000,3.849,3.849,3.849,3.849,0,0
CVA.DE,D,20200408,000000,4.0405,4.0405,4.0405,4.0405,0,0
CVA.DE,D,20200414,000000,3.9875,3.9875,3.9875,3.9875,0,0
CVA.DE,D,20200417,000000,3.4425,3.4425,3.4425,3.4425,0,0
CVA.DE,D,20200420,000000,3.332,3.332,3.332,3.332,0,0
CVA.DE,D,20200421,000000,3.222,3.222,3.222,3.222,0,0
CVA.DE,D,20200427,000000,3.664,3.664,3.664,3.664,0,0
CVA.DE,D,20200428,000000,3.8435,3.8435,3.8435,3.8435,0,0
CVA.DE,D,20200504,000000,3.659,3.8115,3.659,3.8115,100,0
CVA.DE,D,20200506,000000,4.004,4.004,4.004,4.004,0,0
CVA.DE,D,20200507,000000,4.158,4.158,4.158,4.158,0,0
CVA.DE,D,20200512,000000,4.292,4.292,4.292,4.292,0,0
CVA.DE,D,20200519,000000,4.251,4.251,4.251,4.251,0,0
CVA.DE,D,20200520,000000,4.254,4.254,4.254,4.254,0,0
CVA.DE,D,20200521,000000,4.244,4.244,4.244,4.244,0,0
CVA.DE,D,20200522,000000,4.1625,4.1625,4.1625,4.1625,0,0
CVA.DE,D,20200525,000000,4.3055,4.3055,4.3055,4.3055,0,0
CVA.DE,D,20200526,000000,4.44,4.44,4.44,4.44,0,0
CVA.DE,D,20200529,000000,4.652,4.652,4.652,4.652,0,0
CVA.DE,D,20200612,000000,5.251,5.251,5.251,5.251,0,0
CVA.DE,D,20200615,000000,5.411,5.411,5.411,5.411,0,0
CVA.DE,D,20200617,000000,5.802,5.802,5.802,5.802,0,0
CVA.DE,D,20200622,000000,4.932,4.932,4.932,4.932,0,0
CVA.DE,D,20200623,000000,5.071,5.071,5.071,5.071,0,0
CVA.DE,D,20200625,000000,4.7455,4.7455,4.7455,4.7455,0,0
CVA.DE,D,20200626,000000,4.7175,4.7175,4.7175,4.7175,0,0
CVA.DE,D,20200629,000000,4.838,4.838,4.838,4.838,0,0
CVA.DE,D,20200630,000000,4.8165,4.8165,4.8165,4.8165,0,0
CVA.DE,D,20200701,000000,4.676,4.676,4.676,4.676,0,0
CVA.DE,D,20200702,000000,4.857,4.857,4.857,4.857,0,0
CVA.DE,D,20200703,000000,4.791,4.791,4.791,4.791,0,0
CVA.DE,D,20200706,000000,4.7795,4.7795,4.7795,4.7795,0,0
CVA.DE,D,20200707,000000,4.847,4.847,4.847,4.847,0,0
CVA.DE,D,20200709,000000,4.3915,4.3915,4.3915,4.3915,0,0
CVA.DE,D,20200716,000000,5.229,5.229,5.229,5.229,0,0
CVA.DE,D,20200717,000000,5.084,5.084,5.084,5.084,0,0
CVA.DE,D,20200720,000000,4.889,4.889,4.889,4.889,0,0
CVA.DE,D,20200721,000000,5.057,5.057,5.057,5.057,0,0
CVA.DE,D,20200722,000000,4.9875,4.9875,4.9875,4.9875,0,0
CVA.DE,D,20200723,000000,4.9955,4.9955,4.9955,4.9955,0,0
CVA.DE,D,20200724,000000,4.818,4.818,4.818,4.818,0,0
CVA.DE,D,20200727,000000,4.9305,4.9305,4.9305,4.9305,0,0
CVA.DE,D,20200728,000000,4.8935,4.8935,4.8935,4.8935,0,0
CVA.DE,D,20200729,000000,4.864,4.864,4.864,4.864,0,0
CVA.DE,D,20200730,000000,4.7035,4.7035,4.7035,4.7035,0,0
CVA.DE,D,20200731,000000,4.654,4.654,4.654,4.654,800,0
CVA.DE,D,20200803,000000,4.513,4.513,4.513,4.513,0,0
CVA.DE,D,20200804,000000,4.567,4.567,4.567,4.567,0,0
CVA.DE,D,20200807,000000,4.568,4.568,4.568,4.568,0,0
CVA.DE,D,20200812,000000,5.079,5.079,5.079,5.079,0,0
CVA.DE,D,20200813,000000,4.961,4.961,4.961,4.961,0,0
CVA.DE,D,20200814,000000,5.038,5.038,5.038,5.038,0,0
CVA.DE,D,20200819,000000,5.519,5.519,5.519,5.519,0,0
CVA.DE,D,20200820,000000,5.398,5.398,5.398,5.398,0,0
CVA.DE,D,20200821,000000,5.24,5.24,5.24,5.24,0,0
CVA.DE,D,20200824,000000,5.362,5.362,5.362,5.362,0,0
CVA.DE,D,20200825,000000,5.294,5.294,5.294,5.294,0,0
CVA.DE,D,20200826,000000,5.447,5.447,5.447,5.447,0,0
CVA.DE,D,20200827,000000,5.324,5.324,5.324,5.324,0,0
CVA.DE,D,20200828,000000,5.388,5.388,5.388,5.388,0,0
CVA.DE,D,20200831,000000,5.466,5.466,5.466,5.466,0,0
CVA.DE,D,20200901,000000,5.458,5.458,5.458,5.458,0,0
CVA.DE,D,20200902,000000,5.656,5.656,5.656,5.656,0,0
CVA.DE,D,20200903,000000,5.48,5.48,5.48,5.48,0,0
CVA.DE,D,20200904,000000,5.434,5.434,5.434,5.434,0,0
CVA.DE,D,20200907,000000,5.503,5.503,5.503,5.503,0,0
CVA.DE,D,20200908,000000,5.325,5.325,5.325,5.325,0,0
CVA.DE,D,20200909,000000,5.278,5.278,5.278,5.278,0,0
CVA.DE,D,20200910,000000,5.19,5.19,5.19,5.19,0,0
CVA.DE,D,20200911,000000,5.265,5.265,5.265,5.265,0,0
CVA.DE,D,20200914,000000,5.172,5.172,5.172,5.172,0,0
CVA.DE,D,20200923,000000,5.155,5.155,5.155,5.155,0,0
CVA.DE,D,20200924,000000,4.9735,4.9735,4.9735,4.9735,0,0
CVA.DE,D,20200925,000000,4.9385,4.9385,4.9385,4.9385,0,0
CVA.DE,D,20200929,000000,5.422,5.422,5.422,5.422,0,0
CVA.DE,D,20201001,000000,5.608,5.608,5.608,5.608,0,0
CVA.DE,D,20201002,000000,5.722,5.722,5.722,5.722,0,0
CVA.DE,D,20201009,000000,6.331,6.331,6.331,6.331,0,0
CVA.DE,D,20201012,000000,6.402,6.402,6.402,6.402,0,0
CVA.DE,D,20201013,000000,6.296,6.296,6.296,6.296,0,0
CVA.DE,D,20201014,000000,6.35,6.35,6.35,6.35,0,0
CVA.DE,D,20201015,000000,6.377,6.377,6.377,6.377,0,0
CVA.DE,D,20201016,000000,6.424,6.424,6.424,6.424,0,0
CVA.DE,D,20201021,000000,6.753,6.753,6.753,6.753,0,0
CVA.DE,D,20201022,000000,6.904,6.904,6.904,6.904,0,0
CVA.DE,D,20201023,000000,7,7,7,7,600,0
CVA.DE,D,20201029,000000,7.017,7.017,7.017,7.017,0,0
CVA.DE,D,20201030,000000,7.089,7.089,7.089,7.089,0,0
CVA.DE,D,20201102,000000,7.121,7.121,7.121,7.121,0,0
CVA.DE,D,20201103,000000,6.947,6.947,6.947,6.947,0,0
CVA.DE,D,20201105,000000,7.031,7.031,7.031,7.031,0,0
CVA.DE,D,20201106,000000,7.058,7.058,7.058,7.058,0,0
CVA.DE,D,20201109,000000,7.247,7.247,7.247,7.247,0,0
CVA.DE,D,20201110,000000,7.223,7.223,7.223,7.223,0,0
CVA.DE,D,20201111,000000,7.151,7.151,7.151,7.151,0,0
CVA.DE,D,20201112,000000,7.118,7.118,7.118,7.118,0,0
CVA.DE,D,20201113,000000,7.085,7.085,7.085,7.085,0,0
CVA.DE,D,20201117,000000,7.526,7.526,7.526,7.526,0,0
CVA.DE,D,20201119,000000,7.49,7.49,7.49,7.49,0,0
CVA.DE,D,20201124,000000,9.361,9.361,9.242,9.244,684,0
CVA.DE,D,20201125,000000,9.173,9.173,9.173,9.173,0,0
CVA.DE,D,20201127,000000,9.584,9.584,9.497,9.497,300,0
CVA.DE,D,20201203,000000,10.332,10.332,9.977,9.977,25,0
CVA.DE,D,20201204,000000,10.326,10.326,10.326,10.326,0,0
CVA.DE,D,20201207,000000,10.308,10.38,10.178,10.188,320,0
CVA.DE,D,20201208,000000,10.458,10.458,10.458,10.458,0,0
CVA.DE,D,20201209,000000,10.98,10.98,10.698,10.698,360,0
CVA.DE,D,20201210,000000,10.36,10.83,10.36,10.83,730,0
CVA.DE,D,20201211,000000,11.19,11.19,11.19,11.19,0,0
CVA.DE,D,20201214,000000,10.902,10.902,10.902,10.902,0,0
CVA.DE,D,20201215,000000,10.83,10.83,10.83,10.83,0,0
CVA.DE,D,20201216,000000,11.076,11.076,11.076,11.076,0,0
CVA.DE,D,20201217,000000,11.34,11.394,11.34,11.394,25,0
CVA.DE,D,20201218,000000,11.316,11.316,11.316,11.316,0,0
CVA.DE,D,20201221,000000,10.878,10.878,10.784,10.788,300,0
CVA.DE,D,20201222,000000,11.262,11.262,11.262,11.262,0,0
CVA.DE,D,20201223,000000,11.724,11.922,11.724,11.922,100,0
CVA.DE,D,20201228,000000,11.758,11.758,11.394,11.394,200,0
CVA.DE,D,20201229,000000,11.328,11.328,11.328,11.328,0,0
CVA.DE,D,20201230,000000,11.256,11.256,11.256,11.256,0,0
CVA.DE,D,20210104,000000,11.724,11.724,11.724,11.724,0,0
CVA.DE,D,20210105,000000,12.132,12.432,12.132,12.432,500,0
CVA.DE,D,20210106,000000,12.944,14.312,12.936,14.016,964,0
CVA.DE,D,20210107,000000,14.252,14.712,14.252,14.568,514,0
CVA.DE,D,20210108,000000,14.64,14.64,14.376,14.526,95,0
CVA.DE,D,20210111,000000,14.574,15.138,14.574,15.138,241,0
CVA.DE,D,20210112,000000,15.072,15.378,15.072,15.378,115,0
CVA.DE,D,20210113,000000,15.348,15.348,15.012,15.012,50533,0
CVA.DE,D,20210114,000000,14.782,14.94,14.782,14.79,2670,0
CVA.DE,D,20210115,000000,14.712,14.77,14.712,14.77,134,0
CVA.DE,D,20210118,000000,13.914,14.042,13.914,13.932,470,0
CVA.DE,D,20210119,000000,13.836,14.652,13.836,14.604,474,0
CVA.DE,D,20210120,000000,14.364,14.364,14.364,14.364,0,0
CVA.DE,D,20210122,000000,12.774,13.272,12.774,13.272,474,0
CVA.DE,D,20210125,000000,13.322,13.86,13.322,13.86,1207,0
CVA.DE,D,20210126,000000,13.538,13.8,13.176,13.176,1000,0
CVA.DE,D,20210127,000000,12.814,12.83,12.6,12.828,421,0
CVA.DE,D,20210128,000000,13.332,13.332,13.278,13.278,100,0
CVA.DE,D,20210129,000000,13.508,13.508,13.002,13.002,419,0
CVA.DE,D,20210201,000000,12.72,12.792,12.62,12.698,2787,0
CVA.DE,D,20210202,000000,12.792,12.792,12.792,12.792,0,0
CVA.DE,D,20210203,000000,12.906,12.96,12.726,12.726,1858,0
CVA.DE,D,20210204,000000,12.9,12.942,12.9,12.942,34,0
CVA.DE,D,20210205,000000,13.68,13.746,13.44,13.746,50,0
CVA.DE,D,20210208,000000,14.1,14.148,14.1,14.124,136,0
CVA.DE,D,20210209,000000,13.5,13.5,12.768,13.008,394,0
CVA.DE,D,20210210,000000,13.464,13.464,13.222,13.272,298,0
CVA.DE,D,20210211,000000,13.972,14.014,13.824,13.928,680,0
CVA.DE,D,20210212,000000,13.726,13.726,13.726,13.726,0,0
CVA.DE,D,20210215,000000,13.692,13.692,13.692,13.692,0,0
CVA.DE,D,20210216,000000,13.71,13.71,13.71,13.71,0,0
CVA.DE,D,20210217,000000,14.196,14.196,14.196,14.196,0,0
CVA.DE,D,20210218,000000,14.244,14.4,13.944,13.944,234,0
CVA.DE,D,20210219,000000,13.8,14.19,13.7,14.19,400,0
CVA.DE,D,20210222,000000,14.236,14.236,13.932,14.184,436,0
CVA.DE,D,20210223,000000,13.968,14.1,13.5,13.548,560,0
CVA.DE,D,20210224,000000,13.62,13.62,13.62,13.62,0,0
CVA.DE,D,20210225,000000,13.536,13.536,12.966,12.966,70,0
CVA.DE,D,20210301,000000,11.744,11.752,11.744,11.752,100,0
CVA.DE,D,20210302,000000,12.032,12.032,12.032,12.032,0,0
CVA.DE,D,20210303,000000,12.55,12.55,12.096,12.312,2528,0
CVA.DE,D,20210309,000000,12.304,12.52,12.304,12.52,100,0
CVA.DE,D,20210311,000000,13.742,13.94,13.742,13.94,499,0
CVA.DE,D,20210312,000000,13.964,14.592,13.964,14.592,1140,0
CVA.DE,D,20210315,000000,14.512,14.512,14.432,14.432,50,0
CVA.DE,D,20210316,000000,14.22,14.618,14.22,14.22,1730,0
CVA.DE,D,20210319,000000,14.144,14.144,14.144,14.144,0,0
CVA.DE,D,20210324,000000,13.072,13.072,13.072,13.072,0,0
CVA.DE,D,20210325,000000,12.864,12.864,12.864,12.864,0,0
CVA.DE,D,20210330,000000,14.432,14.544,14.378,14.522,170,0
CVA.DE,D,20210331,000000,16.812,16.812,16.812,16.812,21,0
CVA.DE,D,20210401,000000,17.38,17.4,16.2,16.33,540,0
CVA.DE,D,20210406,000000,15.8,15.8,15.8,15.8,0,0
CVA.DE,D,20210407,000000,15.8,15.8,15.34,15.34,6,0
CVA.DE,D,20210408,000000,15,15,15,15,0,0
CVA.DE,D,20210409,000000,15.22,15.22,15.22,15.22,0,0
CVA.DE,D,20210412,000000,14.78,14.78,14.78,14.78,0,0
CVA.DE,D,20210413,000000,14.74,14.74,14.74,14.74,0,0
CVA.DE,D,20210414,000000,15.26,15.26,15.26,15.26,70,0
CVA.DE,D,20210415,000000,15.08,15.08,15.08,15.08,0,0
CVA.DE,D,20210416,000000,15.13,15.13,15.13,15.13,0,0
CVA.DE,D,20210419,000000,14.42,14.42,14.42,14.42,0,0
CVA.DE,D,20210420,000000,14.32,14.32,14.32,14.32,180,0
CVA.DE,D,20210421,000000,13.98,13.98,13.84,13.84,300,0
CVA.DE,D,20210422,000000,14.46,14.47,14.46,14.47,58,0
CVA.DE,D,20210423,000000,14.42,14.42,14.42,14.42,0,0
CVA.DE,D,20210426,000000,15.13,15.14,15.13,15.14,12,0
CVA.DE,D,20210427,000000,15.84,15.84,15.84,15.84,200,0
CVA.DE,D,20210428,000000,15.32,15.32,15.21,15.21,100,0
CVA.DE,D,20210429,000000,14.74,14.78,14.74,14.78,3,0
CVA.DE,D,20210430,000000,14.87,14.87,14.87,14.87,100,0
CVA.DE,D,20210503,000000,14.96,14.96,14.57,14.57,82,0
CVA.DE,D,20210504,000000,15.48,15.48,15.48,15.48,100,0
CVA.DE,D,20210505,000000,17.3,17.33,17.3,17.33,50,0
CVA.DE,D,20210507,000000,17,17.3,17,17.04,860,0
CVA.DE,D,20210510,000000,17.855,18.04,17.855,18.01,300,0
CVA.DE,D,20210511,000000,16.865,17.64,16.74,17.16,3468,0
CVA.DE,D,20210512,000000,17.39,17.655,17.31,17.31,1708,0
CVA.DE,D,20210514,000000,15.9,15.9,15.9,15.9,0,0
CVA.DE,D,20210518,000000,16.73,16.73,16.73,16.73,0,0
CVA.DE,D,20210519,000000,16.345,16.35,15.62,15.62,200201,0
CVA.DE,D,20210520,000000,15.405,15.405,15.2,15.2,94,0
CVA.DE,D,20210521,000000,14.96,14.96,14.96,14.96,0,0
CVA.DE,D,20210525,000000,15.01,15.01,15.01,15.01,0,0
CVA.DE,D,20210526,000000,14.875,15.22,14.875,15.22,57,0
CVA.DE,D,20210527,000000,15.815,16.555,15.815,16.44,135,0
CVA.DE,D,20210528,000000,16.33,16.33,16.33,16.33,0,0
CVA.DE,D,20210531,000000,16.555,16.555,16.555,16.555,0,0
CVA.DE,D,20210601,000000,16.72,16.72,16.68,16.68,200,0
CVA.DE,D,20210602,000000,16.74,16.74,16.64,16.64,100,0
CVA.DE,D,20210603,000000,16.345,16.54,15.845,16.54,1143,0
CVA.DE,D,20210604,000000,16.32,16.32,16.32,16.32,0,0
CVA.DE,D,20210607,000000,16.38,16.38,15.88,15.88,20,0
CVA.DE,D,20210608,000000,15.8,16.18,15.8,16.18,2000,0
CVA.DE,D,20210609,000000,16.84,17.54,16.66,17.44,3201,0
CVA.DE,D,20210610,000000,20.36,20.99,18.64,18.98,19351,0
CVA.DE,D,20210611,000000,19.11,20.24,19,19.67,1461,0
CVA.DE,D,20210614,000000,20.6,20.6,18.61,18.61,4672,0
CVA.DE,D,20210615,000000,18.505,18.835,17.86,17.86,2594,0
CVA.DE,D,20210616,000000,19.24,19.24,18.2,19,377,0
CVA.DE,D,20210617,000000,19.64,19.64,17.76,17.76,5974,0
CVA.DE,D,20210618,000000,18.25,18.445,17.44,17.53,9671,0
CVA.DE,D,20210621,000000,17.5,17.58,17.18,17.39,1637,0
CVA.DE,D,20210622,000000,17.91,17.91,17.2,17.67,2800,0
CVA.DE,D,20210623,000000,17.98,18.07,17.98,18.07,340,0
CVA.DE,D,20210624,000000,17.77,17.9,17.77,17.84,70,0
CVA.DE,D,20210625,000000,18.5,18.72,17.93,17.93,737,0
CVA.DE,D,20210628,000000,18.155,18.155,17.3,17.3,236,0
CVA.DE,D,20210629,000000,17.045,17.985,17.045,17.82,405,0
CVA.DE,D,20210630,000000,17.935,17.935,17.44,17.84,1365,0
CVA.DE,D,20210701,000000,18.36,18.38,17.92,18.28,915,0
CVA.DE,D,20210702,000000,18.705,18.95,18.47,18.89,5581,0
CVA.DE,D,20210705,000000,19.225,19.225,18.975,18.975,339,0
CVA.DE,D,20210706,000000,18.9,19.07,17.915,18.02,7772,0
CVA.DE,D,20210707,000000,17.895,18.105,17.75,17.96,4939,0
CVA.DE,D,20210708,000000,18.095,18.1,17.265,17.61,7428,0
CVA.DE,D,20210709,000000,17.96,18.83,17.87,18.83,2753,0
CVA.DE,D,20210712,000000,18.75,19.48,18.75,19.46,4335,0
CVA.DE,D,20210713,000000,19.71,19.71,19.27,19.27,210,0
CVA.DE,D,20210714,000000,19.46,19.46,18.76,18.76,215,0
CVA.DE,D,20210715,000000,18.54,18.75,18.38,18.75,1685,0
CVA.DE,D,20210716,000000,18.46,18.46,17.52,17.52,237,0
CVA.DE,D,20210719,000000,17,17.245,15.91,16.45,5069,0
CVA.DE,D,20210720,000000,16.45,16.65,16.3,16.65,170,0
CVA.DE,D,20210721,000000,17.32,17.72,17.32,17.72,500,0
CVA.DE,D,20210722,000000,18,18,17.03,17.03,4814,0
CVA.DE,D,20210723,000000,17.95,18.08,17.95,17.99,410,0
CVA.DE,D,20210726,000000,17.95,18.64,17.95,18.55,3880,0
CVA.DE,D,20210727,000000,18.485,18.53,18.065,18.37,476,0
CVA.DE,D,20210728,000000,19.325,19.37,19.32,19.37,500,0
CVA.DE,D,20210729,000000,19.75,21.6,19.75,21.49,7996,0
CVA.DE,D,20210730,000000,20.8,21.25,20.56,20.98,2576,0
CVA.DE,D,20210802,000000,21.01,21.37,20.32,20.32,631,0
CVA.DE,D,20210803,000000,19.905,20.34,19.905,20.34,532,0
CVA.DE,D,20210804,000000,20.3,20.44,19.985,20.44,3364,0
CVA.DE,D,20210805,000000,20.17,20.17,20.06,20.06,100,0
CVA.DE,D,20210806,000000,19.45,20.14,19.45,20.14,1406,0
CVA.DE,D,20210809,000000,20.28,20.92,20.28,20.92,513,0
CVA.DE,D,20210810,000000,21.27,22.32,21.12,22.32,1958,0
CVA.DE,D,20210811,000000,22.59,22.59,21.57,21.6,2075,0
CVA.DE,D,20210812,000000,21.6,21.67,21.24,21.24,1345,0
CVA.DE,D,20210813,000000,21.82,22.32,21.82,22.2,2,0
CVA.DE,D,20210816,000000,21.57,21.81,20.83,21.24,4180,0
CVA.DE,D,20210817,000000,20.92,20.92,20.92,20.92,0,0
CVA.DE,D,20210818,000000,20.8,21.72,20.8,21.72,2082,0
CVA.DE,D,20210819,000000,21.24,21.26,19.3,19.3,51358,0
CVA.DE,D,20210820,000000,19.38,19.98,19.38,19.98,7134,0
CVA.DE,D,20210823,000000,19.84,20.29,19.84,20.14,1040,0
CVA.DE,D,20210824,000000,20.57,21.34,20.29,21,4584,0
