<TICKER>,<PER>,<DATE>,<TIME>,<OPEN>,<HIGH>,<LOW>,<CLOSE>,<VOL>,<OPENINT>
DFTK.DE,D,20150508,000000,12.67,12.69,12.67,12.69,2200,0
DFTK.DE,D,20150511,000000,12.6,12.6,12.5,12.5,1540,0
DFTK.DE,D,20150512,000000,12.5,12.5,12.14,12.14,1900,0
DFTK.DE,D,20150513,000000,12.1,12.1,12.1,12.1,480,0
DFTK.DE,D,20150514,000000,12.5,12.5,12.49,12.49,10990,0
DFTK.DE,D,20150515,000000,12.12,13.5,12,13.2,17215,0
DFTK.DE,D,20150518,000000,13.8,13.8,12.85,12.85,9133,0
DFTK.DE,D,20150519,000000,13.24,13.4,13.24,13.4,2900,0
DFTK.DE,D,20150520,000000,13.1,14,13.1,14,2835,0
DFTK.DE,D,20150521,000000,13.99,13.99,13.5,13.5,3989,0
DFTK.DE,D,20150526,000000,14.5,14.5,14.5,14.5,2783,0
DFTK.DE,D,20150527,000000,14.01,14.77,14,14,1645,0
DFTK.DE,D,20150528,000000,14.29,14.29,14.29,14.29,845,0
DFTK.DE,D,20150529,000000,13.81,13.81,13.8,13.8,171,0
DFTK.DE,D,20150601,000000,13.8,13.8,13.6,13.6,2606,0
DFTK.DE,D,20150602,000000,13.51,13.51,13.5,13.5,700,0
DFTK.DE,D,20150603,000000,13.5,13.5,13.5,13.5,3675,0
DFTK.DE,D,20150609,000000,13.29,13.29,12.1,12.1,2100,0
DFTK.DE,D,20150611,000000,12.9,13.48,12.9,13.48,11780,0
DFTK.DE,D,20150612,000000,13.22,13.49,12.89,12.89,12018,0
DFTK.DE,D,20150615,000000,13.21,13.22,13.21,13.22,1000,0
DFTK.DE,D,20150616,000000,13,13,13,13,1000,0
DFTK.DE,D,20150617,000000,12.8,12.9,12.8,12.9,3369,0
DFTK.DE,D,20150618,000000,12.9,12.9,12.9,12.9,14789,0
DFTK.DE,D,20150619,000000,12.85,12.9,12.8,12.8,40100,0
DFTK.DE,D,20150622,000000,12.9,12.9,12.5,12.7,5066,0
DFTK.DE,D,20150623,000000,13.21,13.21,13,13,300,0
DFTK.DE,D,20150624,000000,12.8,12.9,12.8,12.9,9000,0
DFTK.DE,D,20150625,000000,12.8,12.8,12.8,12.8,732,0
DFTK.DE,D,20150626,000000,12.9,12.9,12.8,12.8,18429,0
DFTK.DE,D,20150629,000000,12,13,11.8,12.5,10051,0
DFTK.DE,D,20150630,000000,12.11,12.2,12.1,12.2,2847,0
DFTK.DE,D,20150701,000000,12.8,12.8,12.8,12.8,646,0
DFTK.DE,D,20150702,000000,12.91,12.91,12.55,12.55,1054,0
DFTK.DE,D,20150703,000000,13,13.8,13,13.8,6904,0
DFTK.DE,D,20150706,000000,13.49,13.8,12.75,12.75,9435,0
DFTK.DE,D,20150707,000000,12.76,12.76,12.7,12.7,800,0
DFTK.DE,D,20150708,000000,13,13,12.6,13,20981,0
DFTK.DE,D,20150709,000000,13.01,13.01,13,13.01,12017,0
DFTK.DE,D,20150713,000000,13,13,12.49,12.49,21770,0
DFTK.DE,D,20150715,000000,13,13,12.21,12.5,9354,0
DFTK.DE,D,20150717,000000,12.2,12.2,12,12,12480,0
DFTK.DE,D,20150721,000000,12.1,12.5,12.1,12.5,2002,0
DFTK.DE,D,20150722,000000,12.7,13,12.7,13,2796,0
DFTK.DE,D,20150723,000000,11.7,11.7,8.99,9.49,40692,0
DFTK.DE,D,20150724,000000,9.02,9.2,9.02,9.2,4550,0
DFTK.DE,D,20150727,000000,9.5,9.5,9.5,9.5,2400,0
DFTK.DE,D,20150728,000000,9.8,10.1,9.8,9.9,8116,0
DFTK.DE,D,20150729,000000,10,10,9.5,9.5,2920,0
DFTK.DE,D,20150730,000000,9.42,9.43,9.4,9.4,1680,0
DFTK.DE,D,20150731,000000,9.21,9.95,9.21,9.95,5180,0
DFTK.DE,D,20150803,000000,9.7,9.7,9.5,9.5,4750,0
DFTK.DE,D,20150806,000000,9,9,9,9,1406,0
DFTK.DE,D,20150807,000000,8.8,9.09,8.6,8.99,2580,0
DFTK.DE,D,20150810,000000,9.24,9.74,9.24,9.74,2325,0
DFTK.DE,D,20150812,000000,8.9,9.4,8.9,9.4,3000,0
DFTK.DE,D,20150813,000000,9,9,8.9,8.9,2100,0
DFTK.DE,D,20150814,000000,9.29,9.29,9,9,2109,0
DFTK.DE,D,20150817,000000,8.8,8.8,8.8,8.8,173,0
DFTK.DE,D,20150818,000000,8.6,8.6,7.9,7.9,8124,0
DFTK.DE,D,20150819,000000,7.8,8,7.7,7.7,1820,0
DFTK.DE,D,20150820,000000,7.57,7.57,7,7,3310,0
DFTK.DE,D,20150821,000000,6,6.8,6,6.8,1410,0
DFTK.DE,D,20150824,000000,7.5,7.5,7.5,7.5,600,0
DFTK.DE,D,20150825,000000,6,6.8,6,6.8,1120,0
DFTK.DE,D,20150831,000000,6.41,6.41,6.26,6.26,2881,0
DFTK.DE,D,20150901,000000,6.8,6.8,5.5,6.2,7001,0
DFTK.DE,D,20150902,000000,6.19,6.35,6.19,6.3,3200,0
DFTK.DE,D,20150903,000000,6,6.35,6,6.35,248,0
DFTK.DE,D,20150908,000000,6.2,6.2,6.2,6.2,500,0
DFTK.DE,D,20150910,000000,5.83,5.9,5.83,5.9,2600,0
DFTK.DE,D,20150911,000000,6.3,7.6,6.3,7.6,11915,0
DFTK.DE,D,20150914,000000,7.61,7.61,7.5,7.5,4381,0
DFTK.DE,D,20150915,000000,7.94,7.95,7.9,7.9,1734,0
DFTK.DE,D,20150916,000000,7.9,8.15,7.9,8.15,1508,0
DFTK.DE,D,20150917,000000,7.75,7.75,7.41,7.41,3085,0
DFTK.DE,D,20150918,000000,7.31,7.31,7.3,7.3,315,0
DFTK.DE,D,20150921,000000,7,7,5.83,6.1,11654,0
DFTK.DE,D,20150922,000000,6.01,6.01,6,6,2242,0
DFTK.DE,D,20150923,000000,6,6,5.49,5.5,7004,0
DFTK.DE,D,20150924,000000,2.2,3.5,1.3,2.01,134520,0
DFTK.DE,D,20150925,000000,1.8,2,1.5,1.6,25382,0
DFTK.DE,D,20150928,000000,1.1,1.7,1.1,1.7,14950,0
DFTK.DE,D,20150929,000000,1.05,3.05,1.05,1.56,12619,0
DFTK.DE,D,20150930,000000,2.25,4,2.25,3.8,102977,0
DFTK.DE,D,20151001,000000,3.51,3.9,3.02,3.02,12609,0
DFTK.DE,D,20151002,000000,3.02,3.1,3,3,5000,0
DFTK.DE,D,20151005,000000,3,3.5,2.9,3.46,25439,0
DFTK.DE,D,20151006,000000,3.49,4.89,3.49,4.34,35977,0
DFTK.DE,D,20151007,000000,4.2,4.5,3.99,3.99,35564,0
DFTK.DE,D,20151008,000000,3.5,4,3.1,3.69,21677,0
DFTK.DE,D,20151013,000000,3.8,3.8,3.3,3.3,2100,0
DFTK.DE,D,20151015,000000,3.1,3.1,2.75,2.75,15000,0
DFTK.DE,D,20151016,000000,2.78,3,2.7,3,4499,0
DFTK.DE,D,20151019,000000,3,3,3,3,310,0
DFTK.DE,D,20151020,000000,2.51,2.8,2.04,2.8,20814,0
DFTK.DE,D,20151021,000000,2.5,2.5,2.5,2.5,200,0
DFTK.DE,D,20151026,000000,2.2,2.2,2.2,2.2,6000,0
DFTK.DE,D,20151027,000000,2.1,2.2,2.1,2.2,7250,0
DFTK.DE,D,20151028,000000,2.2,2.2,2.2,2.2,10000,0
DFTK.DE,D,20151029,000000,2.1,2.1,2,2,10066,0
DFTK.DE,D,20151030,000000,1.7,2,1.7,2,6460,0
DFTK.DE,D,20151103,000000,2.5,2.5,2.21,2.21,3200,0
DFTK.DE,D,20151104,000000,2.9,2.9,2.5,2.5,9000,0
DFTK.DE,D,20151105,000000,2.21,2.3,2.21,2.3,1320,0
DFTK.DE,D,20151109,000000,2.31,2.31,2.3,2.3,674,0
DFTK.DE,D,20151110,000000,2.31,2.31,2.3,2.3,566,0
DFTK.DE,D,20151111,000000,2.54,2.54,2.54,2.54,2000,0
DFTK.DE,D,20151116,000000,2.41,2.41,2.3,2.3,8120,0
DFTK.DE,D,20151117,000000,2.21,2.21,2.2,2.2,7238,0
DFTK.DE,D,20151118,000000,3,3.4,2.8,2.8,19313,0
DFTK.DE,D,20151119,000000,2.79,2.8,2.79,2.8,4422,0
DFTK.DE,D,20151124,000000,2.74,2.75,2.74,2.75,5049,0
DFTK.DE,D,20151126,000000,2.2,2.6,2.2,2.6,3500,0
DFTK.DE,D,20151127,000000,2.59,2.59,2.59,2.59,1138,0
DFTK.DE,D,20151130,000000,2.5,2.5,2.49,2.5,6462,0
DFTK.DE,D,20151201,000000,2.1,2.1,2.1,2.1,2500,0
DFTK.DE,D,20151202,000000,2.01,2.05,1.65,2,8522,0
DFTK.DE,D,20151203,000000,2.4,2.4,1.81,1.81,2500,0
DFTK.DE,D,20151204,000000,1.95,2.01,1.86,2.01,4250,0
DFTK.DE,D,20151207,000000,2.2,2.2,2.2,2.2,750,0
DFTK.DE,D,20151208,000000,2.05,2.05,2.05,2.05,900,0
DFTK.DE,D,20151209,000000,2.02,2.2,2.02,2.2,2800,0
DFTK.DE,D,20151210,000000,2.11,2.11,2.11,2.11,1000,0
DFTK.DE,D,20151211,000000,2.02,2.02,2.02,2.02,300,0
DFTK.DE,D,20151214,000000,1.8,1.8,1.21,1.5,37825,0
DFTK.DE,D,20151215,000000,1.99,1.99,1.99,1.99,113,0
DFTK.DE,D,20151216,000000,1.7,1.7,1.5,1.5,12500,0
DFTK.DE,D,20151218,000000,2.25,2.25,1.66,1.66,10050,0
DFTK.DE,D,20151221,000000,2.5,2.94,1.99,1.99,32500,0
DFTK.DE,D,20151222,000000,1.98,2.32,1.9,2.32,14405,0
DFTK.DE,D,20151223,000000,2,3.44,1.81,3.44,16470,0
DFTK.DE,D,20151228,000000,3,4.4,3,4.4,38905,0
DFTK.DE,D,20151229,000000,4.74,4.74,3.9,3.9,15917,0
DFTK.DE,D,20151230,000000,3.7,3.7,2.9,2.91,27426,0
DFTK.DE,D,20160105,000000,2.91,3.65,2.91,3.65,13800,0
DFTK.DE,D,20160106,000000,3.65,3.7,2.5,2.5,20059,0
DFTK.DE,D,20160107,000000,2.6,2.6,2.6,2.6,7400,0
DFTK.DE,D,20160108,000000,2.99,2.99,2.99,2.99,10500,0
DFTK.DE,D,20160111,000000,2.99,2.99,2.99,2.99,12347,0
DFTK.DE,D,20160112,000000,2.6,2.6,2.6,2.6,628,0
DFTK.DE,D,20160114,000000,2.6,2.6,2.6,2.6,3972,0
DFTK.DE,D,20160115,000000,2.5,2.5,1.92,2.3,13923,0
DFTK.DE,D,20160118,000000,2,2.2,1.92,2.1,27385,0
DFTK.DE,D,20160119,000000,1.92,1.95,1.92,1.92,5150,0
DFTK.DE,D,20160120,000000,1.92,1.92,1.81,1.81,11415,0
DFTK.DE,D,20160121,000000,1.7,1.7,1.7,1.7,10000,0
DFTK.DE,D,20160122,000000,1.69,1.69,1.69,1.69,500,0
DFTK.DE,D,20160125,000000,1.69,1.93,1.51,1.7,3300,0
DFTK.DE,D,20160126,000000,1.9,1.9,1.9,1.9,1000,0
DFTK.DE,D,20160127,000000,1.55,1.55,1.55,1.55,1000,0
DFTK.DE,D,20160128,000000,1.9,1.9,1.9,1.9,1500,0
DFTK.DE,D,20160129,000000,2,2.65,2,2,33000,0
DFTK.DE,D,20160201,000000,1.9,1.9,1.9,1.9,7911,0
DFTK.DE,D,20160203,000000,1.9,1.91,1.9,1.91,1193,0
DFTK.DE,D,20160204,000000,1.91,1.91,1.9,1.9,5000,0
DFTK.DE,D,20160205,000000,1.9,1.9,1.9,1.9,666,0
DFTK.DE,D,20160208,000000,1.8,1.8,1.21,1.21,29035,0
DFTK.DE,D,20160209,000000,1.21,1.21,1.21,1.21,10500,0
DFTK.DE,D,20160210,000000,1.11,1.3,1.11,1.3,9635,0
DFTK.DE,D,20160211,000000,1.54,2,1.54,2,2200,0
DFTK.DE,D,20160212,000000,1.8,1.8,1.5,1.65,4100,0
DFTK.DE,D,20160217,000000,1.6,1.7,1.6,1.7,1900,0
DFTK.DE,D,20160218,000000,1.21,1.21,1.2,1.2,267,0
DFTK.DE,D,20160222,000000,1.23,1.27,1.23,1.27,3201,0
DFTK.DE,D,20160223,000000,1.3,1.3,1.3,1.3,3550,0
DFTK.DE,D,20160224,000000,1.3,1.3,1.3,1.3,1,0
DFTK.DE,D,20160225,000000,1.5,1.79,1.2,1.2,6507,0
DFTK.DE,D,20160226,000000,2,3,1.9,1.9,41317,0
DFTK.DE,D,20160229,000000,2.2,2.3,2.2,2.3,11000,0
DFTK.DE,D,20160301,000000,2.74,2.74,2.74,2.74,300,0
DFTK.DE,D,20160302,000000,2.75,2.94,2.75,2.8,1730,0
DFTK.DE,D,20160303,000000,2.79,3,2.06,3,5251,0
DFTK.DE,D,20160304,000000,2.5,2.5,2.5,2.5,2000,0
DFTK.DE,D,20160307,000000,2.39,2.39,2.23,2.23,12000,0
DFTK.DE,D,20160308,000000,2.47,2.47,2.47,2.47,1035,0
DFTK.DE,D,20160309,000000,2.3,2.3,2.1,2.15,4977,0
DFTK.DE,D,20160310,000000,2.16,2.25,2.1,2.25,11430,0
DFTK.DE,D,20160311,000000,2.74,2.74,2.74,2.74,200,0
DFTK.DE,D,20160314,000000,2.2,2.2,2,2,8174,0
DFTK.DE,D,20160315,000000,2,2,2,2,2233,0
DFTK.DE,D,20160316,000000,2.12,2.2,2.12,2.18,33000,0
DFTK.DE,D,20160322,000000,2.4,2.9,2.4,2.88,14234,0
DFTK.DE,D,20160324,000000,2.79,2.8,2.79,2.8,5000,0
DFTK.DE,D,20160329,000000,3,3,3,3,4801,0
DFTK.DE,D,20160330,000000,3,3,3,3,1199,0
DFTK.DE,D,20160412,000000,1.9,1.9,1.9,1.9,200,0
DFTK.DE,D,20160414,000000,2.51,3.9,2.51,2.56,41811,0
DFTK.DE,D,20160415,000000,2.97,2.97,2.97,2.97,49,0
DFTK.DE,D,20160418,000000,2.41,2.41,2.41,2.41,100,0
DFTK.DE,D,20160420,000000,2.41,2.41,2.41,2.41,3750,0
DFTK.DE,D,20160422,000000,2.31,2.54,2.31,2.54,5615,0
DFTK.DE,D,20160425,000000,2.54,2.54,2.11,2.26,3586,0
DFTK.DE,D,20160426,000000,2.27,2.27,2.27,2.27,1273,0
DFTK.DE,D,20160427,000000,2.22,2.49,2.22,2.3,16430,0
DFTK.DE,D,20160429,000000,2.3,4.79,2.02,3.9,101532,0
DFTK.DE,D,20160502,000000,2.7,2.7,1.62,2.16,111871,0
DFTK.DE,D,20160503,000000,2,2.16,2,2.16,600,0
DFTK.DE,D,20160504,000000,2.01,2.47,2.01,2.3,57960,0
DFTK.DE,D,20160505,000000,2.49,3.44,2.45,2.45,22770,0
DFTK.DE,D,20160506,000000,2.21,2.99,2.21,2.99,4600,0
DFTK.DE,D,20160509,000000,2.64,3.6,2.64,3.33,38003,0
DFTK.DE,D,20160510,000000,3.1,3.1,2.85,2.9,4000,0
DFTK.DE,D,20160513,000000,2.55,2.55,2.55,2.55,7000,0
DFTK.DE,D,20160517,000000,2.5,2.52,2.5,2.52,3200,0
DFTK.DE,D,20160518,000000,2.5,2.5,2.5,2.5,21800,0
DFTK.DE,D,20160519,000000,2.3,2.4,2.3,2.4,3500,0
DFTK.DE,D,20160524,000000,2,2.39,2,2.39,3500,0
DFTK.DE,D,20160525,000000,2.3,2.7,2.3,2.69,13670,0
DFTK.DE,D,20160526,000000,2.3,2.3,2.3,2.3,1850,0
DFTK.DE,D,20160530,000000,2.19,2.2,1.7,2.2,14510,0
DFTK.DE,D,20160531,000000,2.4,2.5,2.3,2.3,25067,0
DFTK.DE,D,20160601,000000,2.2,2.2,2.2,2.2,15641,0
DFTK.DE,D,20160602,000000,2.2,2.2,2.2,2.2,4359,0
DFTK.DE,D,20160603,000000,2.01,2.1,1.9,2.1,8418,0
DFTK.DE,D,20160606,000000,1.91,2.05,1.91,2.05,970,0
DFTK.DE,D,20160607,000000,2.09,2.09,2,2.09,7940,0
DFTK.DE,D,20160608,000000,1.67,1.69,1.55,1.55,20920,0
DFTK.DE,D,20160609,000000,1.68,1.7,1.68,1.7,3000,0
DFTK.DE,D,20160615,000000,1.643,1.65,1.55,1.65,2410,0
DFTK.DE,D,20160616,000000,1.65,3.2,1.65,2.3,8132,0
DFTK.DE,D,20160617,000000,2.201,2.201,2.001,2.049,169,0
DFTK.DE,D,20160620,000000,2,2,1.8,1.9,375,0
DFTK.DE,D,20160622,000000,2.51,2.701,2.4,2.4,2898,0
DFTK.DE,D,20160623,000000,2.4,2.4,2.318,2.318,600,0
DFTK.DE,D,20160624,000000,2.715,2.9,2.7,2.87,4417,0
DFTK.DE,D,20160627,000000,2.473,2.473,2.473,2.473,2000,0
DFTK.DE,D,20160628,000000,2.25,2.25,2.25,2.25,283,0
DFTK.DE,D,20160701,000000,2.02,2.31,2.02,2.27,12368,0
DFTK.DE,D,20160706,000000,2.255,2.64,2.24,2.64,6184,0
DFTK.DE,D,20160708,000000,2.75,2.85,2.75,2.85,6389,0
DFTK.DE,D,20160711,000000,2.75,2.75,2.75,2.75,2000,0
DFTK.DE,D,20160712,000000,2.666,2.67,2.477,2.477,2308,0
DFTK.DE,D,20160714,000000,2.4,2.4,2.4,2.4,39,0
DFTK.DE,D,20160715,000000,2.492,2.492,2.492,2.492,80,0
DFTK.DE,D,20160718,000000,2.43,2.43,2.43,2.43,631,0
DFTK.DE,D,20160720,000000,2.3,2.514,2.249,2.401,6879,0
DFTK.DE,D,20160721,000000,2.399,2.399,2.31,2.31,748,0
DFTK.DE,D,20160722,000000,2.4,2.42,2.3,2.42,954,0
DFTK.DE,D,20160725,000000,2.33,2.33,2.243,2.243,2500,0
DFTK.DE,D,20160726,000000,2.2,2.201,2.179,2.201,5517,0
DFTK.DE,D,20160728,000000,2.13,2.13,2.13,2.13,3650,0
DFTK.DE,D,20160801,000000,1.95,2.222,1.95,2.222,3221,0
DFTK.DE,D,20160802,000000,2.091,2.091,2.091,2.091,320,0
DFTK.DE,D,20160803,000000,2.05,2.442,2.01,2.2,3602,0
DFTK.DE,D,20160808,000000,2.15,2.15,2.15,2.15,16,0
DFTK.DE,D,20160810,000000,2,2,2,2,2500,0
DFTK.DE,D,20160811,000000,2,2,1.88,1.88,4450,0
DFTK.DE,D,20160812,000000,1.85,1.85,1.776,1.78,2620,0
DFTK.DE,D,20160815,000000,1.71,1.71,1.572,1.572,2830,0
DFTK.DE,D,20160816,000000,1.57,1.57,1.57,1.57,510,0
DFTK.DE,D,20160817,000000,1.5,1.65,1.5,1.65,2500,0
DFTK.DE,D,20160818,000000,1.45,1.45,1.42,1.42,6767,0
DFTK.DE,D,20160819,000000,1.4,1.4,1.27,1.3,9129,0
DFTK.DE,D,20160822,000000,1.24,1.24,1.197,1.197,13574,0
DFTK.DE,D,20160823,000000,1.25,1.25,1.25,1.25,2000,0
DFTK.DE,D,20160824,000000,1.324,1.324,1.18,1.18,2900,0
DFTK.DE,D,20160825,000000,1.17,1.17,1.085,1.123,6116,0
DFTK.DE,D,20160826,000000,1.165,1.299,1.165,1.199,13834,0
DFTK.DE,D,20160829,000000,1.2,1.4,1.199,1.23,19380,0
DFTK.DE,D,20160830,000000,1.288,1.288,1.288,1.288,2016,0
DFTK.DE,D,20160831,000000,1.3,1.3,1.274,1.275,1871,0
DFTK.DE,D,20160905,000000,1.238,1.238,1.238,1.238,2400,0
DFTK.DE,D,20160908,000000,1.279,1.3,1.279,1.3,1362,0
DFTK.DE,D,20160914,000000,1.3,1.3,1.3,1.3,300,0
DFTK.DE,D,20160916,000000,1.251,1.251,1.251,1.251,150,0
DFTK.DE,D,20160920,000000,1.26,1.28,1.209,1.28,2666,0
DFTK.DE,D,20160922,000000,1.3,1.3,1.3,1.3,75,0
DFTK.DE,D,20160927,000000,1.22,1.22,1.118,1.17,7792,0
DFTK.DE,D,20160928,000000,1.123,1.199,1.123,1.199,55,0
DFTK.DE,D,20160929,000000,1.2,1.2,1.2,1.2,2000,0
DFTK.DE,D,20160930,000000,1.151,1.151,1.15,1.15,900,0
DFTK.DE,D,20161004,000000,1.131,1.15,1.1,1.1,3036,0
DFTK.DE,D,20161005,000000,1.086,1.09,1.028,1.031,11412,0
DFTK.DE,D,20161006,000000,1.02,1.02,1.02,1.02,10,0
DFTK.DE,D,20161007,000000,1.06,1.209,1.06,1.147,10316,0
DFTK.DE,D,20161013,000000,1.186,1.186,1.186,1.186,100,0
DFTK.DE,D,20161014,000000,1.11,1.187,1.11,1.13,4994,0
DFTK.DE,D,20161017,000000,1.149,1.15,1.119,1.119,4608,0
DFTK.DE,D,20161018,000000,1.075,1.1,1.029,1.08,6200,0
DFTK.DE,D,20161019,000000,1.1,1.1,1.1,1.1,2000,0
DFTK.DE,D,20161020,000000,1.066,1.08,1,1,19600,0
DFTK.DE,D,20161021,000000,1.001,1.036,1.001,1.036,2500,0
DFTK.DE,D,20161024,000000,1.011,1.011,1.011,1.011,5,0
DFTK.DE,D,20161025,000000,1.011,1.05,1.01,1.03,11007,0
DFTK.DE,D,20161027,000000,1.05,1.05,1.05,1.05,2080,0
DFTK.DE,D,20161031,000000,1.06,1.07,1.06,1.07,460,0
DFTK.DE,D,20161102,000000,1.025,1.08,1.02,1.05,9000,0
DFTK.DE,D,20161104,000000,1.045,1.045,1,1.014,10719,0
DFTK.DE,D,20161108,000000,1.049,1.05,1.049,1.05,1000,0
DFTK.DE,D,20161109,000000,1.037,1.038,0.98,0.98,3798,0
DFTK.DE,D,20161110,000000,0.999,0.999,0.999,0.999,550,0
DFTK.DE,D,20161111,000000,0.983,1.03,0.983,1.03,2745,0
DFTK.DE,D,20161114,000000,1.059,1.059,1.059,1.059,154,0
DFTK.DE,D,20161121,000000,1.06,1.091,1.04,1.04,3240,0
DFTK.DE,D,20161122,000000,1.09,1.09,1.09,1.09,1000,0
DFTK.DE,D,20161123,000000,1.1,1.134,1.1,1.134,1100,0
DFTK.DE,D,20161124,000000,1.08,1.209,1.08,1.209,4367,0
DFTK.DE,D,20161125,000000,1.22,1.38,1.22,1.38,8647,0
DFTK.DE,D,20161128,000000,1.39,1.55,1.35,1.52,19763,0
DFTK.DE,D,20161129,000000,1.6,1.75,1.6,1.6,15028,0
DFTK.DE,D,20161130,000000,1.76,1.815,1.51,1.72,9238,0
DFTK.DE,D,20161201,000000,1.8,1.84,1.622,1.717,8311,0
DFTK.DE,D,20161205,000000,1.7,1.792,1.7,1.792,2811,0
DFTK.DE,D,20161207,000000,1.7,1.7,1.6,1.65,4669,0
DFTK.DE,D,20161208,000000,1.585,1.585,1.499,1.51,7752,0
DFTK.DE,D,20161209,000000,1.56,1.66,1.552,1.59,8100,0
DFTK.DE,D,20161212,000000,1.658,1.69,1.658,1.69,658,0
DFTK.DE,D,20161213,000000,1.608,1.63,1.58,1.63,2100,0
DFTK.DE,D,20161214,000000,1.7,1.744,1.7,1.744,1003,0
DFTK.DE,D,20161215,000000,1.608,1.608,1.608,1.608,118,0
DFTK.DE,D,20161216,000000,1.7,1.7,1.7,1.7,2000,0
DFTK.DE,D,20161219,000000,1.633,1.633,1.633,1.633,2400,0
DFTK.DE,D,20161220,000000,1.65,1.695,1.65,1.695,2000,0
DFTK.DE,D,20161222,000000,1.659,1.79,1.659,1.79,1322,0
DFTK.DE,D,20161223,000000,1.701,1.701,1.7,1.7,2259,0
DFTK.DE,D,20161227,000000,1.7,1.7,1.7,1.7,3500,0
DFTK.DE,D,20161228,000000,1.651,1.651,1.608,1.61,3785,0
DFTK.DE,D,20161229,000000,1.66,1.679,1.66,1.679,3060,0
DFTK.DE,D,20161230,000000,1.665,1.754,1.665,1.7,12406,0
DFTK.DE,D,20170102,000000,1.7,2.8,1.66,1.76,2450,0
DFTK.DE,D,20170103,000000,1.87,2.387,1.87,2.01,17457,0
DFTK.DE,D,20170104,000000,1.93,1.979,1.774,1.774,5984,0
DFTK.DE,D,20170105,000000,1.869,1.869,1.78,1.78,649,0
DFTK.DE,D,20170106,000000,1.904,1.947,1.904,1.947,2560,0
DFTK.DE,D,20170109,000000,1.851,1.94,1.804,1.94,3397,0
DFTK.DE,D,20170110,000000,1.909,1.98,1.909,1.98,5252,0
DFTK.DE,D,20170111,000000,1.98,2.01,1.92,1.999,3870,0
DFTK.DE,D,20170112,000000,1.97,1.97,1.97,1.97,2000,0
DFTK.DE,D,20170113,000000,1.91,1.91,1.91,1.91,550,0
DFTK.DE,D,20170116,000000,1.91,1.91,1.9,1.91,2950,0
DFTK.DE,D,20170117,000000,1.84,1.84,1.84,1.84,1600,0
DFTK.DE,D,20170118,000000,1.804,1.804,1.589,1.6,14056,0
DFTK.DE,D,20170119,000000,1.58,1.61,1.56,1.61,4499,0
DFTK.DE,D,20170120,000000,1.668,1.75,1.668,1.7,6310,0
DFTK.DE,D,20170123,000000,1.636,1.636,1.455,1.58,7188,0
DFTK.DE,D,20170124,000000,1.65,1.65,1.65,1.65,500,0
DFTK.DE,D,20170125,000000,1.622,1.622,1.622,1.622,2030,0
DFTK.DE,D,20170126,000000,1.6,1.6,1.6,1.6,39,0
DFTK.DE,D,20170130,000000,1.56,1.56,1.482,1.52,7515,0
DFTK.DE,D,20170131,000000,1.549,1.55,1.458,1.458,678,0
DFTK.DE,D,20170201,000000,1.551,1.58,1.421,1.421,2608,0
DFTK.DE,D,20170207,000000,1.29,1.29,1.29,1.29,330,0
DFTK.DE,D,20170209,000000,1.3,1.3,1.3,1.3,50,0
DFTK.DE,D,20170210,000000,1.3,1.3,1.3,1.3,2850,0
DFTK.DE,D,20170214,000000,1.3,1.41,1.299,1.41,6278,0
DFTK.DE,D,20170216,000000,1.35,1.36,1.35,1.36,4728,0
DFTK.DE,D,20170217,000000,1.4,1.4,1.4,1.4,150,0
DFTK.DE,D,20170220,000000,1.4,1.4,1.36,1.36,253,0
DFTK.DE,D,20170221,000000,1.399,1.399,1.34,1.34,1302,0
DFTK.DE,D,20170222,000000,1.32,1.399,1.32,1.399,520,0
DFTK.DE,D,20170223,000000,1.399,1.399,1.399,1.399,819,0
DFTK.DE,D,20170224,000000,1.36,1.4,1.36,1.4,3006,0
DFTK.DE,D,20170228,000000,1.379,1.38,1.379,1.38,2160,0
DFTK.DE,D,20170303,000000,1.35,1.35,1.35,1.35,587,0
DFTK.DE,D,20170307,000000,1.423,1.498,1.423,1.498,963,0
DFTK.DE,D,20170308,000000,1.45,1.48,1.4,1.48,10216,0
DFTK.DE,D,20170309,000000,1.551,1.551,1.501,1.51,5403,0
DFTK.DE,D,20170310,000000,1.48,1.51,1.459,1.459,4249,0
DFTK.DE,D,20170313,000000,1.429,1.429,1.41,1.41,1050,0
DFTK.DE,D,20170314,000000,1.4,1.4,1.337,1.337,1980,0
DFTK.DE,D,20170315,000000,1.368,1.399,1.368,1.399,3625,0
DFTK.DE,D,20170316,000000,1.399,1.4,1.399,1.4,1970,0
DFTK.DE,D,20170317,000000,1.349,1.35,1.349,1.35,2121,0
DFTK.DE,D,20170320,000000,1.34,1.34,1.34,1.34,200,0
DFTK.DE,D,20170321,000000,1.339,1.37,1.339,1.369,1725,0
DFTK.DE,D,20170322,000000,1.3,1.3,1.3,1.3,200,0
DFTK.DE,D,20170323,000000,1.265,1.265,1.251,1.251,3000,0
DFTK.DE,D,20170324,000000,1.28,1.3,1.28,1.3,5286,0
DFTK.DE,D,20170327,000000,1.262,1.329,1.262,1.329,1250,0
DFTK.DE,D,20170328,000000,1.28,1.28,1.28,1.28,500,0
DFTK.DE,D,20170329,000000,1.3,1.3,1.26,1.3,9753,0
DFTK.DE,D,20170330,000000,1.299,1.3,1.299,1.3,1890,0
DFTK.DE,D,20170403,000000,1.27,1.27,1.241,1.27,7993,0
DFTK.DE,D,20170404,000000,1.22,1.22,1.12,1.12,14741,0
DFTK.DE,D,20170405,000000,1.091,1.095,1.08,1.08,3300,0
DFTK.DE,D,20170406,000000,1.05,1.075,1.05,1.075,3875,0
DFTK.DE,D,20170410,000000,1.112,1.166,1.11,1.11,4555,0
DFTK.DE,D,20170412,000000,1.08,1.08,1.08,1.08,780,0
DFTK.DE,D,20170413,000000,1.08,1.08,1.08,1.08,150,0
DFTK.DE,D,20170418,000000,1.122,1.155,1.099,1.155,4335,0
DFTK.DE,D,20170419,000000,1.1,1.12,1.099,1.12,5479,0
DFTK.DE,D,20170424,000000,1.12,1.12,1.075,1.075,7763,0
DFTK.DE,D,20170425,000000,1.057,1.1,1.051,1.051,4030,0
DFTK.DE,D,20170426,000000,1.05,1.05,0.928,1.03,7259,0
DFTK.DE,D,20170427,000000,0.97,1.021,0.97,1.021,5347,0
DFTK.DE,D,20170428,000000,0.95,1.03,0.95,1.013,11667,0
DFTK.DE,D,20170502,000000,0.999,1,0.999,0.999,2508,0
DFTK.DE,D,20170503,000000,0.999,1,0.999,1,3461,0
DFTK.DE,D,20170504,000000,0.972,0.972,0.95,0.95,3500,0
DFTK.DE,D,20170505,000000,0.96,1.044,0.935,1.044,8291,0
DFTK.DE,D,20170508,000000,1.069,1.144,1.06,1.1,10745,0
DFTK.DE,D,20170509,000000,1.1,1.1,1.05,1.05,2830,0
DFTK.DE,D,20170510,000000,1.02,1.02,1.02,1.02,3000,0
DFTK.DE,D,20170511,000000,1,1,0.962,0.962,5314,0
DFTK.DE,D,20170512,000000,0.965,1.019,0.965,1.01,7400,0
DFTK.DE,D,20170515,000000,1.019,1.02,1,1,6000,0
DFTK.DE,D,20170518,000000,1.019,1.05,1.019,1.05,6180,0
DFTK.DE,D,20170519,000000,1,1,0.999,0.999,2600,0
DFTK.DE,D,20170522,000000,1,1,0.964,0.964,3500,0
DFTK.DE,D,20170524,000000,0.965,0.965,0.965,0.965,2950,0
DFTK.DE,D,20170526,000000,0.995,0.995,0.995,0.995,2000,0
DFTK.DE,D,20170529,000000,0.973,1.019,0.973,1.019,5350,0
DFTK.DE,D,20170530,000000,0.99,1.049,0.99,1.049,21750,0
DFTK.DE,D,20170531,000000,1,1,0.973,0.973,4050,0
DFTK.DE,D,20170601,000000,0.97,0.97,0.955,0.955,5233,0
DFTK.DE,D,20170607,000000,0.959,0.989,0.959,0.989,5952,0
DFTK.DE,D,20170608,000000,0.989,0.989,0.989,0.989,1599,0
DFTK.DE,D,20170609,000000,0.935,0.989,0.935,0.989,251,0
DFTK.DE,D,20170613,000000,0.935,0.935,0.935,0.935,996,0
DFTK.DE,D,20170614,000000,0.95,0.95,0.95,0.95,750,0
DFTK.DE,D,20170615,000000,0.906,0.93,0.906,0.93,2333,0
DFTK.DE,D,20170616,000000,0.957,0.958,0.957,0.958,2000,0
DFTK.DE,D,20170620,000000,0.92,0.92,0.92,0.92,3000,0
DFTK.DE,D,20170622,000000,0.91,0.91,0.91,0.91,250,0
DFTK.DE,D,20170623,000000,0.929,0.935,0.929,0.935,4689,0
DFTK.DE,D,20170626,000000,0.959,0.959,0.959,0.959,1181,0
DFTK.DE,D,20170627,000000,0.96,0.96,0.96,0.96,698,0
DFTK.DE,D,20170628,000000,0.91,0.92,0.91,0.92,2100,0
DFTK.DE,D,20170704,000000,0.93,0.949,0.93,0.93,150,0
DFTK.DE,D,20170706,000000,1.004,1.004,0.93,0.95,2240,0
DFTK.DE,D,20170707,000000,0.919,0.928,0.906,0.928,7329,0
DFTK.DE,D,20170710,000000,0.92,0.92,0.9,0.917,7500,0
DFTK.DE,D,20170711,000000,0.896,0.896,0.896,0.896,0,0
DFTK.DE,D,20170712,000000,0.881,0.91,0.865,0.865,4658,0
DFTK.DE,D,20170713,000000,0.86,0.86,0.806,0.818,31834,0
DFTK.DE,D,20170714,000000,0.8,0.8,0.65,0.679,22417,0
DFTK.DE,D,20170717,000000,0.719,0.719,0.654,0.654,5855,0
DFTK.DE,D,20170718,000000,0.688,0.689,0.656,0.656,4938,0
DFTK.DE,D,20170719,000000,0.673,0.68,0.67,0.67,3000,0
DFTK.DE,D,20170720,000000,0.71,0.71,0.701,0.701,2000,0
DFTK.DE,D,20170721,000000,0.7,0.706,0.7,0.706,690,0
DFTK.DE,D,20170724,000000,0.701,0.718,0.701,0.718,37,0
DFTK.DE,D,20170725,000000,0.715,0.735,0.715,0.735,5969,0
DFTK.DE,D,20170726,000000,0.718,0.718,0.718,0.718,0,0
DFTK.DE,D,20170727,000000,0.769,0.769,0.675,0.675,3450,0
DFTK.DE,D,20170728,000000,0.683,0.683,0.683,0.683,0,0
DFTK.DE,D,20170731,000000,0.674,0.674,0.674,0.674,0,0
DFTK.DE,D,20170801,000000,0.675,0.675,0.675,0.675,0,0
DFTK.DE,D,20170802,000000,0.668,0.668,0.668,0.668,0,0
DFTK.DE,D,20170803,000000,0.66,0.66,0.658,0.658,1200,0
DFTK.DE,D,20170804,000000,0.64,0.689,0.62,0.65,3722,0
DFTK.DE,D,20170807,000000,0.618,0.618,0.618,0.618,0,0
DFTK.DE,D,20170808,000000,0.618,0.618,0.618,0.618,0,0
DFTK.DE,D,20170809,000000,0.6,0.669,0.6,0.641,115,0
DFTK.DE,D,20170810,000000,0.65,0.659,0.61,0.632,500,0
DFTK.DE,D,20170811,000000,0.64,0.64,0.64,0.64,100,0
DFTK.DE,D,20170814,000000,0.628,0.628,0.628,0.628,0,0
DFTK.DE,D,20170815,000000,0.662,0.662,0.662,0.662,0,0
DFTK.DE,D,20170816,000000,0.66,0.66,0.633,0.633,100,0
DFTK.DE,D,20170817,000000,0.621,0.621,0.621,0.621,0,0
DFTK.DE,D,20170818,000000,0.624,0.624,0.624,0.624,0,0
DFTK.DE,D,20170821,000000,0.669,0.669,0.61,0.636,288,0
DFTK.DE,D,20170822,000000,0.626,0.626,0.626,0.626,4978,0
DFTK.DE,D,20170823,000000,0.619,0.619,0.619,0.619,0,0
DFTK.DE,D,20170824,000000,0.637,0.637,0.637,0.637,4621,0
DFTK.DE,D,20170825,000000,0.622,0.622,0.622,0.622,0,0
DFTK.DE,D,20170828,000000,0.669,0.669,0.649,0.649,60,0
DFTK.DE,D,20170829,000000,0.61,0.61,0.55,0.59,15098,0
DFTK.DE,D,20170830,000000,0.609,0.61,0.6,0.6,3701,0
DFTK.DE,D,20170831,000000,0.61,0.775,0.61,0.735,14178,0
DFTK.DE,D,20170901,000000,0.764,0.854,0.764,0.805,8891,0
DFTK.DE,D,20170904,000000,0.81,0.81,0.804,0.804,2000,0
DFTK.DE,D,20170905,000000,0.78,0.78,0.766,0.771,3400,0
DFTK.DE,D,20170906,000000,0.789,0.804,0.789,0.804,2248,0
DFTK.DE,D,20170907,000000,0.791,0.791,0.791,0.791,0,0
DFTK.DE,D,20170908,000000,0.802,0.802,0.802,0.802,0,0
DFTK.DE,D,20170911,000000,0.792,0.809,0.792,0.797,760,0
DFTK.DE,D,20170912,000000,0.803,0.803,0.803,0.803,0,0
DFTK.DE,D,20170913,000000,0.78,0.857,0.78,0.857,3979,0
DFTK.DE,D,20170914,000000,0.857,0.857,0.857,0.857,0,0
DFTK.DE,D,20170915,000000,0.857,0.857,0.857,0.857,0,0
DFTK.DE,D,20170918,000000,0.856,0.856,0.856,0.856,0,0
DFTK.DE,D,20170919,000000,0.891,0.891,0.857,0.857,274,0
DFTK.DE,D,20170920,000000,0.857,0.857,0.857,0.857,0,0
DFTK.DE,D,20170921,000000,0.836,0.836,0.836,0.836,0,0
DFTK.DE,D,20170922,000000,0.851,0.851,0.851,0.851,0,0
DFTK.DE,D,20170925,000000,0.873,0.873,0.848,0.848,1308,0
DFTK.DE,D,20170926,000000,0.85,0.85,0.85,0.85,0,0
DFTK.DE,D,20170927,000000,0.869,0.869,0.85,0.85,1247,0
DFTK.DE,D,20170928,000000,0.85,0.85,0.85,0.85,0,0
DFTK.DE,D,20170929,000000,0.836,0.836,0.836,0.836,0,0
DFTK.DE,D,20171002,000000,0.83,0.836,0.8,0.836,600,0
DFTK.DE,D,20171004,000000,0.819,0.826,0.819,0.826,3529,0
DFTK.DE,D,20171005,000000,0.828,0.828,0.828,0.828,0,0
DFTK.DE,D,20171006,000000,0.806,0.806,0.806,0.806,0,0
DFTK.DE,D,20171009,000000,0.802,0.812,0.799,0.812,3318,0
DFTK.DE,D,20171010,000000,0.8,0.8,0.795,0.795,200,0
DFTK.DE,D,20171011,000000,0.799,0.805,0.799,0.805,8841,0
DFTK.DE,D,20171012,000000,0.8,0.8,0.8,0.8,0,0
DFTK.DE,D,20171013,000000,0.78,0.78,0.69,0.725,8500,0
DFTK.DE,D,20171016,000000,0.715,0.73,0.715,0.73,3200,0
DFTK.DE,D,20171017,000000,0.701,0.767,0.701,0.74,1250,0
DFTK.DE,D,20171018,000000,0.74,0.74,0.74,0.74,0,0
DFTK.DE,D,20171019,000000,0.755,0.755,0.755,0.755,0,0
DFTK.DE,D,20171020,000000,0.745,0.745,0.745,0.745,0,0
DFTK.DE,D,20171023,000000,0.74,0.74,0.74,0.74,0,0
DFTK.DE,D,20171024,000000,0.779,0.779,0.74,0.74,32,0
DFTK.DE,D,20171025,000000,0.74,0.74,0.74,0.74,0,0
DFTK.DE,D,20171026,000000,0.74,0.74,0.74,0.74,0,0
DFTK.DE,D,20171027,000000,0.745,0.745,0.745,0.745,0,0
DFTK.DE,D,20171030,000000,0.71,0.74,0.71,0.74,50,0
DFTK.DE,D,20171101,000000,0.76,0.76,0.76,0.76,0,0
DFTK.DE,D,20171102,000000,0.745,0.745,0.745,0.745,0,0
DFTK.DE,D,20171103,000000,0.71,0.74,0.71,0.74,100,0
DFTK.DE,D,20171106,000000,0.71,0.71,0.7,0.7,3850,0
DFTK.DE,D,20171107,000000,0.735,0.735,0.735,0.735,0,0
DFTK.DE,D,20171108,000000,0.735,0.735,0.735,0.735,0,0
DFTK.DE,D,20171109,000000,0.7,0.715,0.7,0.715,2000,0
DFTK.DE,D,20171110,000000,0.69,0.69,0.66,0.66,3600,0
DFTK.DE,D,20171113,000000,0.683,0.683,0.683,0.683,0,0
DFTK.DE,D,20171114,000000,0.675,0.675,0.65,0.66,820,0
DFTK.DE,D,20171115,000000,0.655,0.655,0.655,0.655,0,0
DFTK.DE,D,20171116,000000,0.631,0.655,0.631,0.655,200,0
DFTK.DE,D,20171117,000000,0.65,0.655,0.65,0.655,2348,0
DFTK.DE,D,20171120,000000,0.63,0.63,0.59,0.613,5150,0
DFTK.DE,D,20171121,000000,0.618,0.618,0.618,0.618,0,0
DFTK.DE,D,20171122,000000,0.644,0.644,0.612,0.612,100,0
DFTK.DE,D,20171123,000000,0.621,0.621,0.621,0.621,0,0
DFTK.DE,D,20171124,000000,0.606,0.606,0.606,0.606,0,0
DFTK.DE,D,20171127,000000,0.611,0.611,0.611,0.611,0,0
DFTK.DE,D,20171128,000000,0.609,0.616,0.609,0.616,2391,0
DFTK.DE,D,20171129,000000,0.612,0.612,0.612,0.612,0,0
DFTK.DE,D,20171130,000000,0.585,0.63,0.585,0.621,3141,0
DFTK.DE,D,20171201,000000,0.63,0.645,0.63,0.645,400,0
DFTK.DE,D,20171204,000000,0.645,0.645,0.645,0.645,0,0
DFTK.DE,D,20171205,000000,0.66,0.66,0.66,0.66,0,0
DFTK.DE,D,20171206,000000,0.645,0.645,0.645,0.645,0,0
DFTK.DE,D,20171207,000000,0.645,0.645,0.645,0.645,0,0
DFTK.DE,D,20171208,000000,0.655,0.655,0.655,0.655,0,0
DFTK.DE,D,20171211,000000,0.69,0.69,0.685,0.685,1000,0
DFTK.DE,D,20171212,000000,0.685,0.685,0.685,0.685,0,0
DFTK.DE,D,20171213,000000,0.66,0.695,0.65,0.655,6020,0
DFTK.DE,D,20171214,000000,0.665,0.665,0.665,0.665,0,0
DFTK.DE,D,20171215,000000,0.665,0.665,0.665,0.665,0,0
DFTK.DE,D,20171218,000000,0.665,0.665,0.665,0.665,0,0
DFTK.DE,D,20171219,000000,0.655,0.655,0.655,0.655,0,0
DFTK.DE,D,20171220,000000,0.63,0.63,0.63,0.63,100,0
DFTK.DE,D,20171221,000000,0.63,0.645,0.63,0.645,90,0
DFTK.DE,D,20171222,000000,0.61,0.679,0.61,0.615,145,0
DFTK.DE,D,20171227,000000,0.635,0.635,0.635,0.635,0,0
DFTK.DE,D,20171228,000000,0.625,0.625,0.625,0.625,0,0
DFTK.DE,D,20171229,000000,0.59,0.59,0.461,0.525,46305,0
DFTK.DE,D,20180102,000000,0.55,0.555,0.515,0.515,5036,0
DFTK.DE,D,20180103,000000,0.5,0.535,0.5,0.535,1000,0
DFTK.DE,D,20180105,000000,0.56,0.56,0.56,0.56,0,0
DFTK.DE,D,20180108,000000,0.545,0.545,0.545,0.545,0,0
DFTK.DE,D,20180109,000000,0.57,0.57,0.57,0.57,0,0
DFTK.DE,D,20180110,000000,0.595,0.6,0.55,0.565,3391,0
DFTK.DE,D,20180111,000000,0.55,0.58,0.55,0.58,200,0
DFTK.DE,D,20180112,000000,0.565,0.565,0.565,0.565,0,0
DFTK.DE,D,20180115,000000,0.535,0.535,0.535,0.535,0,0
DFTK.DE,D,20180116,000000,0.565,0.565,0.53,0.53,1434,0
DFTK.DE,D,20180117,000000,0.555,0.625,0.555,0.625,10193,0
DFTK.DE,D,20180118,000000,0.655,0.66,0.645,0.645,2114,0
DFTK.DE,D,20180119,000000,0.635,0.67,0.635,0.67,4876,0
DFTK.DE,D,20180122,000000,0.67,0.67,0.67,0.67,0,0
DFTK.DE,D,20180123,000000,0.67,0.67,0.67,0.67,0,0
DFTK.DE,D,20180124,000000,0.655,0.655,0.655,0.655,0,0
DFTK.DE,D,20180125,000000,0.67,0.67,0.67,0.67,0,0
DFTK.DE,D,20180126,000000,0.695,0.695,0.67,0.67,1191,0
DFTK.DE,D,20180129,000000,0.67,0.67,0.67,0.67,0,0
DFTK.DE,D,20180130,000000,0.695,0.695,0.67,0.67,1076,0
DFTK.DE,D,20180131,000000,0.67,0.67,0.67,0.67,0,0
DFTK.DE,D,20180201,000000,0.67,0.67,0.67,0.67,0,0
DFTK.DE,D,20180202,000000,0.635,0.635,0.635,0.635,1000,0
DFTK.DE,D,20180205,000000,0.635,0.635,0.635,0.635,0,0
DFTK.DE,D,20180206,000000,0.665,0.665,0.665,0.665,0,0
DFTK.DE,D,20180207,000000,0.665,0.665,0.665,0.665,0,0
DFTK.DE,D,20180208,000000,0.58,0.58,0.565,0.575,6448,0
DFTK.DE,D,20180209,000000,0.53,0.57,0.53,0.57,50,0
DFTK.DE,D,20180212,000000,0.57,0.57,0.57,0.57,0,0
DFTK.DE,D,20180213,000000,0.58,0.58,0.56,0.56,10000,0
DFTK.DE,D,20180214,000000,0.575,0.575,0.575,0.575,0,0
DFTK.DE,D,20180215,000000,0.575,0.575,0.575,0.575,0,0
DFTK.DE,D,20180216,000000,0.575,0.575,0.555,0.555,500,0
DFTK.DE,D,20180219,000000,0.555,0.555,0.555,0.555,0,0
DFTK.DE,D,20180220,000000,0.555,0.555,0.555,0.555,0,0
DFTK.DE,D,20180221,000000,0.555,0.555,0.555,0.555,0,0
DFTK.DE,D,20180222,000000,0.55,0.55,0.55,0.55,0,0
DFTK.DE,D,20180223,000000,0.555,0.555,0.555,0.555,0,0
DFTK.DE,D,20180226,000000,0.575,0.575,0.555,0.555,50,0
DFTK.DE,D,20180227,000000,0.555,0.555,0.555,0.555,811,0
DFTK.DE,D,20180228,000000,0.55,0.55,0.55,0.55,0,0
DFTK.DE,D,20180301,000000,0.55,0.55,0.55,0.55,0,0
DFTK.DE,D,20180302,000000,0.565,0.565,0.565,0.565,0,0
DFTK.DE,D,20180305,000000,0.565,0.565,0.565,0.565,0,0
DFTK.DE,D,20180306,000000,0.565,0.565,0.565,0.565,0,0
DFTK.DE,D,20180307,000000,0.565,0.565,0.565,0.565,0,0
DFTK.DE,D,20180308,000000,0.52,0.57,0.52,0.57,50,0
DFTK.DE,D,20180309,000000,0.575,0.575,0.575,0.575,0,0
DFTK.DE,D,20180312,000000,0.55,0.55,0.55,0.55,0,0
DFTK.DE,D,20180313,000000,0.57,0.57,0.56,0.56,100,0
DFTK.DE,D,20180314,000000,0.55,0.55,0.55,0.55,0,0
DFTK.DE,D,20180315,000000,0.58,0.58,0.58,0.58,100,0
DFTK.DE,D,20180316,000000,0.52,0.52,0.51,0.51,1050,0
DFTK.DE,D,20180319,000000,0.5,0.5,0.47,0.47,3660,0
DFTK.DE,D,20180320,000000,0.545,0.63,0.52,0.56,14174,0
DFTK.DE,D,20180321,000000,0.52,0.54,0.52,0.54,2540,0
DFTK.DE,D,20180322,000000,0.47,0.47,0.45,0.47,2600,0
DFTK.DE,D,20180323,000000,0.464,0.464,0.464,0.464,0,0
DFTK.DE,D,20180326,000000,0.44,0.44,0.4,0.42,4480,0
DFTK.DE,D,20180327,000000,0.4,0.42,0.4,0.416,2100,0
DFTK.DE,D,20180328,000000,0.41,0.41,0.376,0.376,519,0
DFTK.DE,D,20180329,000000,0.39,0.39,0.39,0.39,0,0
DFTK.DE,D,20180403,000000,0.4,0.4,0.39,0.39,100,0
DFTK.DE,D,20180404,000000,0.39,0.39,0.39,0.39,0,0
DFTK.DE,D,20180405,000000,0.39,0.39,0.39,0.39,0,0
DFTK.DE,D,20180406,000000,0.39,0.39,0.39,0.39,0,0
DFTK.DE,D,20180409,000000,0.35,0.35,0.28,0.33,11047,0
DFTK.DE,D,20180411,000000,0.376,0.376,0.376,0.376,0,0
DFTK.DE,D,20180412,000000,0.34,0.34,0.34,0.34,0,0
DFTK.DE,D,20180413,000000,0.364,0.364,0.364,0.364,0,0
DFTK.DE,D,20180416,000000,0.374,0.374,0.374,0.374,0,0
DFTK.DE,D,20180417,000000,0.39,0.39,0.39,0.39,0,0
DFTK.DE,D,20180418,000000,0.396,0.396,0.396,0.396,0,0
DFTK.DE,D,20180419,000000,0.398,0.43,0.398,0.43,2368,0
DFTK.DE,D,20180420,000000,0.44,0.47,0.44,0.47,5000,0
DFTK.DE,D,20180423,000000,0.49,0.496,0.47,0.476,8962,0
DFTK.DE,D,20180424,000000,0.362,0.42,0.362,0.42,500,0
DFTK.DE,D,20180425,000000,0.41,0.44,0.41,0.44,1100,0
DFTK.DE,D,20180426,000000,0.39,0.39,0.37,0.37,23,0
DFTK.DE,D,20180427,000000,0.43,0.59,0.428,0.52,16859,0
DFTK.DE,D,20180430,000000,0.52,0.75,0.496,0.496,11547,0
DFTK.DE,D,20180502,000000,0.53,0.595,0.436,0.436,5045,0
DFTK.DE,D,20180504,000000,0.498,0.498,0.49,0.49,1000,0
DFTK.DE,D,20180507,000000,0.48,0.48,0.48,0.48,0,0
DFTK.DE,D,20180508,000000,0.5,0.6,0.476,0.51,19089,0
DFTK.DE,D,20180509,000000,0.45,0.45,0.42,0.43,21503,0
DFTK.DE,D,20180510,000000,0.458,0.458,0.458,0.458,0,0
DFTK.DE,D,20180511,000000,0.438,0.595,0.438,0.46,8773,0
DFTK.DE,D,20180514,000000,0.456,0.456,0.456,0.456,0,0
DFTK.DE,D,20180515,000000,0.446,0.446,0.446,0.446,0,0
DFTK.DE,D,20180516,000000,0.47,0.595,0.45,0.45,9001,0
DFTK.DE,D,20180517,000000,0.49,0.49,0.49,0.49,0,0
DFTK.DE,D,20180518,000000,0.4,0.416,0.4,0.416,100,0
DFTK.DE,D,20180522,000000,0.416,0.416,0.416,0.416,0,0
DFTK.DE,D,20180523,000000,0.406,0.406,0.406,0.406,0,0
DFTK.DE,D,20180524,000000,0.396,0.396,0.396,0.396,0,0
DFTK.DE,D,20180525,000000,0.394,0.394,0.394,0.394,0,0
DFTK.DE,D,20180528,000000,0.394,0.394,0.394,0.394,0,0
DFTK.DE,D,20180529,000000,0.424,0.424,0.424,0.424,0,0
DFTK.DE,D,20180530,000000,0.37,0.406,0.37,0.406,2000,0
DFTK.DE,D,20180531,000000,0.424,0.424,0.424,0.424,0,0
DFTK.DE,D,20180601,000000,0.36,0.36,0.36,0.36,1,0
DFTK.DE,D,20180604,000000,0.32,0.32,0.3,0.3,1286,0
DFTK.DE,D,20180605,000000,0.34,0.406,0.34,0.406,2049,0
DFTK.DE,D,20180606,000000,0.386,0.386,0.386,0.386,0,0
DFTK.DE,D,20180607,000000,0.33,0.346,0.33,0.346,2000,0
DFTK.DE,D,20180608,000000,0.36,0.36,0.36,0.36,0,0
DFTK.DE,D,20180611,000000,0.39,0.39,0.39,0.39,0,0
DFTK.DE,D,20180612,000000,0.35,0.35,0.346,0.346,100,0
DFTK.DE,D,20180613,000000,0.35,0.39,0.35,0.39,3174,0
DFTK.DE,D,20180614,000000,0.36,0.406,0.36,0.406,580,0
DFTK.DE,D,20180615,000000,0.374,0.374,0.374,0.374,0,0
DFTK.DE,D,20180618,000000,0.363,0.363,0.363,0.363,0,0
DFTK.DE,D,20180619,000000,0.32,0.35,0.32,0.35,3203,0
DFTK.DE,D,20180620,000000,0.21,0.298,0.21,0.276,4400,0
DFTK.DE,D,20180621,000000,0.29,0.29,0.29,0.29,0,0
DFTK.DE,D,20180622,000000,0.307,0.307,0.307,0.307,0,0
DFTK.DE,D,20180625,000000,0.26,0.26,0.21,0.229,12290,0
DFTK.DE,D,20180626,000000,0.234,0.234,0.234,0.234,0,0
DFTK.DE,D,20180627,000000,0.21,0.237,0.2,0.237,2500,0
DFTK.DE,D,20180628,000000,0.212,0.212,0.21,0.211,9565,0
DFTK.DE,D,20180629,000000,0.245,0.245,0.245,0.245,0,0
DFTK.DE,D,20180702,000000,0.21,0.228,0.21,0.228,1182,0
DFTK.DE,D,20180703,000000,0.23,0.255,0.23,0.255,4100,0
DFTK.DE,D,20180704,000000,0.29,0.29,0.29,0.29,0,0
DFTK.DE,D,20180705,000000,0.23,0.23,0.23,0.23,4150,0
DFTK.DE,D,20180706,000000,0.275,0.275,0.275,0.275,0,0
DFTK.DE,D,20180709,000000,0.26,0.26,0.26,0.26,0,0
DFTK.DE,D,20180710,000000,0.249,0.249,0.249,0.249,0,0
DFTK.DE,D,20180711,000000,0.265,0.265,0.265,0.265,0,0
DFTK.DE,D,20180712,000000,0.275,0.275,0.275,0.275,0,0
DFTK.DE,D,20180713,000000,0.275,0.275,0.275,0.275,0,0
DFTK.DE,D,20180716,000000,0.264,0.264,0.264,0.264,0,0
DFTK.DE,D,20180717,000000,0.24,0.286,0.24,0.286,8770,0
DFTK.DE,D,20180718,000000,0.25,0.25,0.25,0.25,0,0
DFTK.DE,D,20180719,000000,0.25,0.25,0.25,0.25,0,0
DFTK.DE,D,20180720,000000,0.24,0.24,0.206,0.206,10600,0
DFTK.DE,D,20180723,000000,0.198,0.198,0.198,0.198,0,0
DFTK.DE,D,20180724,000000,0.19,0.204,0.18,0.204,16500,0
DFTK.DE,D,20180725,000000,0.21,0.21,0.21,0.21,0,0
DFTK.DE,D,20180726,000000,0.22,0.22,0.22,0.22,0,0
DFTK.DE,D,20180727,000000,0.185,0.185,0.185,0.185,0,0
DFTK.DE,D,20180730,000000,0.17,0.216,0.17,0.216,2500,0
DFTK.DE,D,20180731,000000,0.195,0.195,0.195,0.195,0,0
DFTK.DE,D,20180801,000000,0.216,0.216,0.216,0.216,0,0
DFTK.DE,D,20180802,000000,0.218,0.24,0.218,0.236,2220,0
DFTK.DE,D,20180803,000000,0.18,0.185,0.18,0.185,5000,0
DFTK.DE,D,20180806,000000,0.2,0.26,0.2,0.26,4005,0
DFTK.DE,D,20180807,000000,0.226,0.226,0.226,0.226,0,0
DFTK.DE,D,20180808,000000,0.195,0.195,0.195,0.195,0,0
DFTK.DE,D,20180809,000000,0.2,0.2,0.2,0.2,1,0
DFTK.DE,D,20180810,000000,0.173,0.173,0.173,0.173,0,0
DFTK.DE,D,20180813,000000,0.17,0.17,0.17,0.17,1,0
DFTK.DE,D,20180814,000000,0.198,0.198,0.198,0.198,0,0
DFTK.DE,D,20180815,000000,0.199,0.199,0.199,0.199,0,0
DFTK.DE,D,20180816,000000,0.199,0.199,0.199,0.199,0,0
DFTK.DE,D,20180817,000000,0.199,0.199,0.199,0.199,0,0
DFTK.DE,D,20180820,000000,0.175,0.175,0.175,0.175,1,0
DFTK.DE,D,20180821,000000,0.173,0.173,0.173,0.173,0,0
DFTK.DE,D,20180822,000000,0.17,0.175,0.17,0.173,6378,0
DFTK.DE,D,20180823,000000,0.174,0.174,0.168,0.168,600,0
DFTK.DE,D,20180824,000000,0.168,0.168,0.168,0.168,0,0
DFTK.DE,D,20180827,000000,0.168,0.168,0.168,0.168,0,0
DFTK.DE,D,20180828,000000,0.163,0.163,0.15,0.155,14784,0
DFTK.DE,D,20180829,000000,0.174,0.175,0.174,0.175,2993,0
DFTK.DE,D,20180830,000000,0.174,0.174,0.158,0.158,1007,0
DFTK.DE,D,20180831,000000,0.158,0.158,0.158,0.158,0,0
DFTK.DE,D,20180903,000000,0.174,0.174,0.174,0.174,0,0
DFTK.DE,D,20180904,000000,0.195,0.195,0.195,0.195,0,0
DFTK.DE,D,20180905,000000,0.198,0.198,0.198,0.198,0,0
DFTK.DE,D,20180906,000000,0.17,0.17,0.17,0.17,1,0
DFTK.DE,D,20180907,000000,0.17,0.17,0.17,0.17,1,0
DFTK.DE,D,20180910,000000,0.17,0.17,0.17,0.17,0,0
DFTK.DE,D,20180911,000000,0.198,0.198,0.198,0.198,0,0
DFTK.DE,D,20180912,000000,0.17,0.17,0.17,0.17,0,0
DFTK.DE,D,20180913,000000,0.198,0.198,0.198,0.198,0,0
DFTK.DE,D,20180914,000000,0.17,0.17,0.17,0.17,0,0
DFTK.DE,D,20180917,000000,0.14,0.19,0.14,0.19,350,0
DFTK.DE,D,20180918,000000,0.165,0.165,0.165,0.165,0,0
DFTK.DE,D,20180919,000000,0.198,0.198,0.198,0.198,0,0
DFTK.DE,D,20180920,000000,0.141,0.141,0.141,0.141,1000,0
DFTK.DE,D,20180924,000000,0.146,0.175,0.146,0.175,21198,0
DFTK.DE,D,20180925,000000,0.171,0.171,0.171,0.171,0,0
DFTK.DE,D,20180926,000000,0.195,0.195,0.195,0.195,0,0
DFTK.DE,D,20180927,000000,0.189,0.189,0.189,0.189,0,0
DFTK.DE,D,20180928,000000,0.179,0.179,0.179,0.179,0,0
DFTK.DE,D,20181001,000000,0.195,0.195,0.195,0.195,0,0
DFTK.DE,D,20181002,000000,0.178,0.178,0.178,0.178,0,0
DFTK.DE,D,20181004,000000,0.195,0.195,0.195,0.195,0,0
DFTK.DE,D,20181005,000000,0.187,0.187,0.187,0.187,0,0
DFTK.DE,D,20181008,000000,0.188,0.188,0.188,0.188,0,0
DFTK.DE,D,20181009,000000,0.188,0.188,0.188,0.188,0,0
DFTK.DE,D,20181010,000000,0.188,0.188,0.188,0.188,0,0
DFTK.DE,D,20181011,000000,0.198,0.198,0.198,0.198,0,0
DFTK.DE,D,20181012,000000,0.188,0.188,0.188,0.188,0,0
DFTK.DE,D,20181015,000000,0.188,0.188,0.188,0.188,0,0
DFTK.DE,D,20181016,000000,0.185,0.185,0.185,0.185,0,0
DFTK.DE,D,20181017,000000,0.16,0.16,0.16,0.16,0,0
DFTK.DE,D,20181018,000000,0.185,0.185,0.185,0.185,0,0
DFTK.DE,D,20181019,000000,0.178,0.178,0.178,0.178,0,0
DFTK.DE,D,20181022,000000,0.175,0.175,0.175,0.175,0,0
DFTK.DE,D,20181023,000000,0.131,0.18,0.131,0.178,1536,0
DFTK.DE,D,20181024,000000,0.178,0.178,0.178,0.178,0,0
DFTK.DE,D,20181025,000000,0.168,0.168,0.168,0.168,0,0
DFTK.DE,D,20181026,000000,0.17,0.17,0.159,0.168,479,0
DFTK.DE,D,20181029,000000,0.15,0.15,0.12,0.139,6938,0
DFTK.DE,D,20181030,000000,0.14,0.14,0.14,0.14,0,0
DFTK.DE,D,20181031,000000,0.14,0.14,0.14,0.14,0,0
DFTK.DE,D,20181101,000000,0.121,0.155,0.12,0.155,5754,0
DFTK.DE,D,20181102,000000,0.121,0.159,0.121,0.159,323,0
DFTK.DE,D,20181105,000000,0.121,0.169,0.12,0.168,6910,0
DFTK.DE,D,20181106,000000,0.159,0.159,0.159,0.159,0,0
DFTK.DE,D,20181107,000000,0.13,0.159,0.13,0.159,5920,0
DFTK.DE,D,20181108,000000,0.159,0.159,0.159,0.159,0,0
DFTK.DE,D,20181109,000000,0.169,0.169,0.145,0.145,2000,0
DFTK.DE,D,20181112,000000,0.14,0.14,0.14,0.14,0,0
DFTK.DE,D,20181113,000000,0.145,0.145,0.145,0.145,0,0
DFTK.DE,D,20181114,000000,0.159,0.159,0.159,0.159,0,0
DFTK.DE,D,20181115,000000,0.159,0.159,0.159,0.159,0,0
DFTK.DE,D,20181116,000000,0.169,0.169,0.169,0.169,0,0
DFTK.DE,D,20181119,000000,0.14,0.14,0.14,0.14,0,0
DFTK.DE,D,20181120,000000,0.145,0.145,0.145,0.145,0,0
DFTK.DE,D,20181121,000000,0.13,0.145,0.13,0.145,30,0
DFTK.DE,D,20181122,000000,0.159,0.159,0.155,0.155,581,0
DFTK.DE,D,20181123,000000,0.143,0.143,0.143,0.143,0,0
DFTK.DE,D,20181126,000000,0.122,0.159,0.122,0.159,300,0
DFTK.DE,D,20181127,000000,0.15,0.159,0.15,0.159,2000,0
DFTK.DE,D,20181128,000000,0.159,0.159,0.159,0.159,0,0
DFTK.DE,D,20181129,000000,0.159,0.159,0.159,0.159,0,0
DFTK.DE,D,20181130,000000,0.179,0.179,0.179,0.179,0,0
DFTK.DE,D,20181204,000000,0.155,0.155,0.155,0.155,0,0
DFTK.DE,D,20181205,000000,0.105,0.105,0.105,0.105,0,0
DFTK.DE,D,20181206,000000,0.119,0.119,0.119,0.119,0,0
DFTK.DE,D,20181207,000000,0.139,0.169,0.139,0.159,16170,0
DFTK.DE,D,20181210,000000,0.132,0.139,0.126,0.139,3700,0
DFTK.DE,D,20181211,000000,0.148,0.148,0.148,0.148,0,0
DFTK.DE,D,20181212,000000,0.159,0.159,0.159,0.159,980,0
DFTK.DE,D,20181213,000000,0.159,0.159,0.159,0.159,0,0
DFTK.DE,D,20181214,000000,0.16,0.18,0.16,0.18,450,0
DFTK.DE,D,20181217,000000,0.169,0.169,0.169,0.169,0,0
DFTK.DE,D,20181218,000000,0.126,0.126,0.12,0.12,3500,0
DFTK.DE,D,20181219,000000,0.1,0.129,0.1,0.129,848,0
DFTK.DE,D,20181220,000000,0.129,0.129,0.129,0.129,0,0
DFTK.DE,D,20181221,000000,0.11,0.11,0.11,0.11,0,0
DFTK.DE,D,20181227,000000,0.12,0.12,0.111,0.111,1000,0
DFTK.DE,D,20181228,000000,0.128,0.128,0.128,0.128,0,0
DFTK.DE,D,20190102,000000,0.13,0.15,0.129,0.129,200,0
DFTK.DE,D,20190103,000000,0.129,0.129,0.129,0.129,0,0
DFTK.DE,D,20190104,000000,0.097,0.129,0.097,0.129,284,0
DFTK.DE,D,20190107,000000,0.119,0.119,0.119,0.119,0,0
DFTK.DE,D,20190108,000000,0.119,0.119,0.119,0.119,0,0
DFTK.DE,D,20190109,000000,0.12,0.157,0.12,0.157,7540,0
DFTK.DE,D,20190110,000000,0.14,0.149,0.14,0.149,2000,0
DFTK.DE,D,20190111,000000,0.157,0.157,0.157,0.157,0,0
DFTK.DE,D,20190114,000000,0.158,0.179,0.158,0.177,2350,0
DFTK.DE,D,20190115,000000,0.165,0.165,0.165,0.165,0,0
DFTK.DE,D,20190116,000000,0.178,0.178,0.121,0.121,1830,0
DFTK.DE,D,20190118,000000,0.178,0.179,0.151,0.177,5020,0
DFTK.DE,D,20190121,000000,0.179,0.179,0.178,0.178,5400,0
DFTK.DE,D,20190122,000000,0.178,0.178,0.178,0.178,0,0
DFTK.DE,D,20190123,000000,0.178,0.178,0.178,0.178,0,0
DFTK.DE,D,20190124,000000,0.15,0.178,0.15,0.178,30,0
DFTK.DE,D,20190125,000000,0.18,0.183,0.18,0.183,14110,0
DFTK.DE,D,20190129,000000,0.32,0.45,0.3,0.346,38897,0
DFTK.DE,D,20190130,000000,0.356,0.356,0.3,0.346,8198,0
DFTK.DE,D,20190131,000000,0.346,0.55,0.346,0.488,58837,0
DFTK.DE,D,20190201,000000,0.5,0.5,0.4,0.44,5670,0
DFTK.DE,D,20190204,000000,0.476,0.48,0.466,0.466,5456,0
DFTK.DE,D,20190205,000000,0.474,0.52,0.454,0.454,17517,0
DFTK.DE,D,20190206,000000,0.52,0.52,0.478,0.478,435,0
DFTK.DE,D,20190207,000000,0.5,0.5,0.4,0.436,6664,0
DFTK.DE,D,20190208,000000,0.48,0.48,0.464,0.464,1015,0
DFTK.DE,D,20190211,000000,0.496,0.496,0.464,0.464,128,0
DFTK.DE,D,20190212,000000,0.47,0.47,0.47,0.47,0,0
DFTK.DE,D,20190213,000000,0.494,0.498,0.47,0.47,2520,0
DFTK.DE,D,20190214,000000,0.442,0.468,0.442,0.468,200,0
DFTK.DE,D,20190215,000000,0.468,0.468,0.468,0.468,0,0
DFTK.DE,D,20190218,000000,0.49,0.496,0.478,0.478,4338,0
DFTK.DE,D,20190219,000000,0.478,0.478,0.478,0.478,0,0
DFTK.DE,D,20190220,000000,0.47,0.478,0.47,0.478,595,0
DFTK.DE,D,20190221,000000,0.494,0.494,0.492,0.492,2560,0
DFTK.DE,D,20190222,000000,0.47,0.472,0.466,0.466,9301,0
DFTK.DE,D,20190225,000000,0.47,0.47,0.466,0.466,40,0
DFTK.DE,D,20190226,000000,0.462,0.462,0.42,0.454,5159,0
DFTK.DE,D,20190227,000000,0.454,0.454,0.454,0.454,0,0
DFTK.DE,D,20190228,000000,0.454,0.454,0.454,0.454,0,0
DFTK.DE,D,20190301,000000,0.458,0.458,0.458,0.458,0,0
DFTK.DE,D,20190304,000000,0.478,0.478,0.478,0.478,0,0
DFTK.DE,D,20190305,000000,0.45,0.45,0.45,0.45,0,0
DFTK.DE,D,20190306,000000,0.45,0.45,0.45,0.45,0,0
DFTK.DE,D,20190307,000000,0.422,0.426,0.42,0.426,1885,0
DFTK.DE,D,20190308,000000,0.44,0.44,0.44,0.44,0,0
DFTK.DE,D,20190311,000000,0.46,0.468,0.46,0.468,1216,0
DFTK.DE,D,20190312,000000,0.46,0.46,0.448,0.448,1284,0
DFTK.DE,D,20190313,000000,0.448,0.448,0.448,0.448,0,0
DFTK.DE,D,20190314,000000,0.448,0.448,0.448,0.448,0,0
DFTK.DE,D,20190315,000000,0.448,0.448,0.448,0.448,0,0
DFTK.DE,D,20190318,000000,0.448,0.448,0.448,0.448,0,0
DFTK.DE,D,20190319,000000,0.476,0.476,0.476,0.476,1,0
DFTK.DE,D,20190320,000000,0.476,0.476,0.476,0.476,1,0
DFTK.DE,D,20190321,000000,0.47,0.47,0.47,0.47,2,0
DFTK.DE,D,20190322,000000,0.47,0.47,0.47,0.47,1,0
DFTK.DE,D,20190325,000000,0.47,0.47,0.47,0.47,1,0
DFTK.DE,D,20190326,000000,0.47,0.47,0.47,0.47,1,0
DFTK.DE,D,20190327,000000,0.448,0.448,0.448,0.448,0,0
DFTK.DE,D,20190328,000000,0.448,0.448,0.448,0.448,0,0
DFTK.DE,D,20190329,000000,0.422,0.446,0.422,0.446,56,0
DFTK.DE,D,20190401,000000,0.44,0.44,0.44,0.44,0,0
DFTK.DE,D,20190402,000000,0.422,0.44,0.422,0.44,1200,0
DFTK.DE,D,20190403,000000,0.428,0.428,0.428,0.428,0,0
DFTK.DE,D,20190404,000000,0.432,0.432,0.432,0.432,0,0
DFTK.DE,D,20190405,000000,0.432,0.432,0.432,0.432,0,0
DFTK.DE,D,20190408,000000,0.432,0.432,0.432,0.432,0,0
DFTK.DE,D,20190409,000000,0.46,0.476,0.46,0.468,2720,0
DFTK.DE,D,20190410,000000,0.478,0.48,0.46,0.46,2000,0
DFTK.DE,D,20190411,000000,0.505,0.51,0.49,0.51,15697,0
DFTK.DE,D,20190412,000000,0.5,0.54,0.5,0.535,11131,0
DFTK.DE,D,20190415,000000,0.55,0.55,0.55,0.55,0,0
DFTK.DE,D,20190416,000000,0.545,0.545,0.515,0.535,6913,0
DFTK.DE,D,20190417,000000,0.55,0.55,0.55,0.55,2,0
DFTK.DE,D,20190418,000000,0.55,0.79,0.55,0.78,21112,0
DFTK.DE,D,20190423,000000,0.8,0.84,0.755,0.785,12464,0
DFTK.DE,D,20190424,000000,0.765,0.765,0.765,0.765,0,0
DFTK.DE,D,20190425,000000,0.725,0.735,0.72,0.735,2000,0
DFTK.DE,D,20190426,000000,0.785,0.785,0.775,0.775,500,0
DFTK.DE,D,20190429,000000,0.8,0.8,0.78,0.78,30,0
DFTK.DE,D,20190430,000000,0.8,0.815,0.8,0.815,2478,0
DFTK.DE,D,20190502,000000,0.8,0.835,0.8,0.835,220,0
DFTK.DE,D,20190503,000000,0.81,0.81,0.8,0.8,3347,0
DFTK.DE,D,20190506,000000,0.805,0.805,0.805,0.805,0,0
DFTK.DE,D,20190507,000000,0.78,0.78,0.63,0.645,24072,0
DFTK.DE,D,20190508,000000,0.63,0.66,0.62,0.65,9749,0
DFTK.DE,D,20190509,000000,0.65,0.75,0.48,0.515,22045,0
DFTK.DE,D,20190510,000000,0.56,0.57,0.482,0.57,1199,0
DFTK.DE,D,20190513,000000,0.62,0.62,0.58,0.58,200,0
DFTK.DE,D,20190514,000000,0.62,0.62,0.57,0.57,200,0
DFTK.DE,D,20190515,000000,0.54,0.54,0.54,0.54,0,0
DFTK.DE,D,20190516,000000,0.53,0.53,0.53,0.53,0,0
DFTK.DE,D,20190517,000000,0.53,0.53,0.53,0.53,0,0
DFTK.DE,D,20190520,000000,0.57,0.57,0.57,0.57,0,0
DFTK.DE,D,20190521,000000,0.57,0.57,0.57,0.57,0,0
DFTK.DE,D,20190522,000000,0.525,0.525,0.525,0.525,0,0
DFTK.DE,D,20190523,000000,0.525,0.525,0.525,0.525,0,0
DFTK.DE,D,20190524,000000,0.52,0.52,0.52,0.52,0,0
DFTK.DE,D,20190527,000000,0.505,0.505,0.505,0.505,0,0
DFTK.DE,D,20190528,000000,0.52,0.52,0.505,0.505,270,0
DFTK.DE,D,20190529,000000,0.5,0.5,0.5,0.5,0,0
DFTK.DE,D,20190530,000000,0.5,0.5,0.5,0.5,0,0
DFTK.DE,D,20190531,000000,0.49,0.49,0.49,0.49,0,0
DFTK.DE,D,20190603,000000,0.52,0.52,0.52,0.52,4486,0
DFTK.DE,D,20190604,000000,0.525,0.525,0.525,0.525,0,0
DFTK.DE,D,20190605,000000,0.525,0.525,0.525,0.525,0,0
DFTK.DE,D,20190606,000000,0.5,0.5,0.5,0.5,1,0
DFTK.DE,D,20190607,000000,0.53,0.62,0.53,0.54,21615,0
DFTK.DE,D,20190611,000000,0.5,0.6,0.5,0.565,7866,0
DFTK.DE,D,20190612,000000,0.565,0.565,0.565,0.565,0,0
DFTK.DE,D,20190613,000000,0.565,0.565,0.565,0.565,0,0
DFTK.DE,D,20190614,000000,0.55,0.55,0.55,0.55,1,0
DFTK.DE,D,20190617,000000,0.555,0.555,0.555,0.555,0,0
DFTK.DE,D,20190618,000000,0.535,0.535,0.535,0.535,0,0
DFTK.DE,D,20190619,000000,0.525,0.525,0.525,0.525,0,0
DFTK.DE,D,20190620,000000,0.525,0.525,0.525,0.525,0,0
DFTK.DE,D,20190621,000000,0.525,0.525,0.525,0.525,0,0
DFTK.DE,D,20190624,000000,0.5,0.5,0.5,0.5,1,0
DFTK.DE,D,20190625,000000,0.525,0.525,0.525,0.525,0,0
DFTK.DE,D,20190626,000000,0.525,0.525,0.525,0.525,0,0
DFTK.DE,D,20190627,000000,0.5,0.5,0.41,0.45,5000,0
DFTK.DE,D,20190628,000000,0.48,0.484,0.48,0.484,2372,0
DFTK.DE,D,20190701,000000,0.464,0.464,0.464,0.464,0,0
DFTK.DE,D,20190702,000000,0.48,0.498,0.48,0.498,2998,0
DFTK.DE,D,20190703,000000,0.51,0.51,0.51,0.51,0,0
DFTK.DE,D,20190704,000000,0.505,0.505,0.505,0.505,0,0
DFTK.DE,D,20190705,000000,0.51,0.51,0.51,0.51,0,0
DFTK.DE,D,20190708,000000,0.52,0.52,0.52,0.52,0,0
DFTK.DE,D,20190709,000000,0.5,0.5,0.496,0.496,2000,0
DFTK.DE,D,20190710,000000,0.52,0.555,0.52,0.555,2000,0
DFTK.DE,D,20190711,000000,0.58,0.58,0.535,0.535,3400,0
DFTK.DE,D,20190712,000000,0.535,0.535,0.535,0.535,0,0
DFTK.DE,D,20190715,000000,0.61,0.61,0.575,0.575,2000,0
DFTK.DE,D,20190716,000000,0.575,0.575,0.575,0.575,0,0
DFTK.DE,D,20190717,000000,0.575,0.575,0.575,0.575,0,0
DFTK.DE,D,20190718,000000,0.605,0.605,0.575,0.575,657,0
DFTK.DE,D,20190719,000000,0.54,0.54,0.47,0.505,9265,0
DFTK.DE,D,20190722,000000,0.535,0.535,0.535,0.535,0,0
DFTK.DE,D,20190723,000000,0.5,0.55,0.5,0.55,35,0
DFTK.DE,D,20190724,000000,0.555,0.555,0.555,0.555,0,0
DFTK.DE,D,20190725,000000,0.575,0.575,0.575,0.575,0,0
DFTK.DE,D,20190726,000000,0.575,0.58,0.575,0.58,80,0
DFTK.DE,D,20190729,000000,0.595,0.595,0.595,0.595,0,0
DFTK.DE,D,20190730,000000,0.58,0.58,0.58,0.58,0,0
DFTK.DE,D,20190731,000000,0.575,0.575,0.575,0.575,0,0
DFTK.DE,D,20190801,000000,0.58,0.58,0.58,0.58,0,0
DFTK.DE,D,20190802,000000,0.6,0.6,0.6,0.6,300,0
DFTK.DE,D,20190806,000000,0.5,0.55,0.5,0.55,45,0
DFTK.DE,D,20190807,000000,0.57,0.57,0.57,0.57,0,0
DFTK.DE,D,20190808,000000,0.55,0.55,0.55,0.55,0,0
DFTK.DE,D,20190809,000000,0.535,0.535,0.535,0.535,0,0
DFTK.DE,D,20190812,000000,0.51,0.51,0.51,0.51,0,0
DFTK.DE,D,20190813,000000,0.52,0.52,0.52,0.52,0,0
DFTK.DE,D,20190814,000000,0.52,0.52,0.52,0.52,0,0
DFTK.DE,D,20190815,000000,0.52,0.52,0.52,0.52,0,0
DFTK.DE,D,20190816,000000,0.545,0.545,0.545,0.545,0,0
DFTK.DE,D,20190819,000000,0.51,0.51,0.51,0.51,0,0
DFTK.DE,D,20190820,000000,0.545,0.545,0.545,0.545,0,0
DFTK.DE,D,20190821,000000,0.565,0.565,0.565,0.565,0,0
DFTK.DE,D,20190822,000000,0.565,0.565,0.565,0.565,0,0
DFTK.DE,D,20190823,000000,0.57,0.57,0.57,0.57,0,0
DFTK.DE,D,20190826,000000,0.57,0.57,0.57,0.57,0,0
DFTK.DE,D,20190827,000000,0.565,0.93,0.565,0.88,65385,0
DFTK.DE,D,20190828,000000,0.91,0.92,0.845,0.92,23845,0
DFTK.DE,D,20190829,000000,0.94,1.3,0.94,1.2,42001,0
DFTK.DE,D,20190830,000000,1.16,1.16,1.06,1.1,2660,0
DFTK.DE,D,20190902,000000,1.14,1.15,1.14,1.15,3000,0
DFTK.DE,D,20190903,000000,1.16,1.16,1.12,1.12,4500,0
DFTK.DE,D,20190904,000000,1.15,1.24,1.15,1.24,6935,0
DFTK.DE,D,20190905,000000,1.18,1.18,1.07,1.17,9707,0
DFTK.DE,D,20190906,000000,1.15,1.18,1.1,1.18,1802,0
DFTK.DE,D,20190909,000000,1.25,1.31,1.25,1.31,9526,0
DFTK.DE,D,20190910,000000,1.35,1.6,1.35,1.52,38675,0
DFTK.DE,D,20190911,000000,1.53,1.53,1.5,1.5,10043,0
DFTK.DE,D,20190912,000000,1.55,1.72,1.5,1.54,27045,0
DFTK.DE,D,20190913,000000,1.59,1.68,1.59,1.6,3914,0
DFTK.DE,D,20190916,000000,1.69,2.3,1.63,2.24,63432,0
DFTK.DE,D,20190917,000000,2.3,2.5,1.7,1.85,57512,0
DFTK.DE,D,20190918,000000,1.8,2.4,1.75,2.34,30753,0
DFTK.DE,D,20190919,000000,2.36,2.38,2.02,2.16,64057,0
DFTK.DE,D,20190920,000000,2.1,2.1,1.83,1.91,26870,0
DFTK.DE,D,20190923,000000,1.92,2,1.75,2,18626,0
DFTK.DE,D,20190924,000000,1.84,2,1.51,1.76,39288,0
DFTK.DE,D,20190925,000000,1.69,1.69,1.39,1.42,17000,0
DFTK.DE,D,20190926,000000,1.6,1.83,1.6,1.82,33317,0
DFTK.DE,D,20190927,000000,1.71,1.72,1.67,1.68,3016,0
DFTK.DE,D,20190930,000000,1.72,1.72,1.72,1.72,0,0
DFTK.DE,D,20191001,000000,1.69,2.08,1.63,1.84,45483,0
DFTK.DE,D,20191002,000000,1.78,1.78,1.72,1.72,2956,0
DFTK.DE,D,20191004,000000,1.74,1.74,1.63,1.63,4179,0
DFTK.DE,D,20191007,000000,1.71,1.72,1.71,1.72,200,0
DFTK.DE,D,20191008,000000,1.74,1.74,1.69,1.69,100,0
DFTK.DE,D,20191009,000000,1.69,1.7,1.67,1.67,1180,0
DFTK.DE,D,20191010,000000,1.69,1.74,1.66,1.69,4298,0
DFTK.DE,D,20191011,000000,1.73,1.73,1.71,1.71,137,0
DFTK.DE,D,20191014,000000,1.68,1.68,1.68,1.68,100,0
DFTK.DE,D,20191015,000000,1.63,1.67,1.63,1.67,150,0
DFTK.DE,D,20191016,000000,1.67,1.67,1.67,1.67,0,0
DFTK.DE,D,20191017,000000,1.4,1.44,1.28,1.35,37252,0
DFTK.DE,D,20191018,000000,1.4,1.43,1.36,1.38,2435,0
DFTK.DE,D,20191021,000000,1.39,1.4,1.35,1.37,994,0
DFTK.DE,D,20191022,000000,1.38,1.47,1.38,1.47,2219,0
DFTK.DE,D,20191023,000000,1.42,1.55,1.42,1.55,11592,0
DFTK.DE,D,20191024,000000,1.6,1.86,1.59,1.59,18239,0
DFTK.DE,D,20191025,000000,1.65,1.67,1.61,1.61,400,0
DFTK.DE,D,20191028,000000,1.64,1.75,1.64,1.68,430,0
DFTK.DE,D,20191029,000000,1.68,1.7,1.46,1.46,11113,0
DFTK.DE,D,20191030,000000,1.45,1.63,1.45,1.63,22846,0
DFTK.DE,D,20191031,000000,1.54,1.54,1.53,1.53,904,0
DFTK.DE,D,20191101,000000,1.46,1.51,1.46,1.51,600,0
DFTK.DE,D,20191104,000000,1.46,1.46,1.4,1.44,3559,0
DFTK.DE,D,20191105,000000,1.51,1.51,1.48,1.5,5499,0
DFTK.DE,D,20191106,000000,1.55,1.7,1.55,1.63,23150,0
DFTK.DE,D,20191107,000000,1.63,1.65,1.59,1.63,7665,0
DFTK.DE,D,20191108,000000,1.66,1.71,1.56,1.59,26998,0
DFTK.DE,D,20191111,000000,1.66,1.66,1.62,1.62,300,0
DFTK.DE,D,20191112,000000,1.59,1.63,1.45,1.52,27485,0
DFTK.DE,D,20191113,000000,1.52,1.79,1.52,1.75,40688,0
DFTK.DE,D,20191114,000000,1.79,1.86,1.67,1.86,31086,0
DFTK.DE,D,20191115,000000,1.82,1.82,1.78,1.78,5000,0
DFTK.DE,D,20191118,000000,1.81,1.81,1.68,1.69,9140,0
DFTK.DE,D,20191119,000000,1.67,1.69,1.67,1.69,25,0
DFTK.DE,D,20191120,000000,1.78,1.78,1.63,1.67,12100,0
DFTK.DE,D,20191121,000000,1.63,1.66,1.52,1.61,16488,0
DFTK.DE,D,20191122,000000,1.64,1.9,1.64,1.73,12787,0
DFTK.DE,D,20191125,000000,1.71,1.71,1.66,1.66,310,0
DFTK.DE,D,20191126,000000,1.69,1.7,1.63,1.67,5460,0
DFTK.DE,D,20191127,000000,1.7,1.74,1.7,1.74,360,0
DFTK.DE,D,20191128,000000,1.7,1.72,1.7,1.72,4500,0
DFTK.DE,D,20191129,000000,1.67,1.77,1.63,1.7,29498,0
DFTK.DE,D,20191202,000000,1.73,1.73,1.69,1.69,7274,0
DFTK.DE,D,20191203,000000,1.63,1.63,1.61,1.61,1096,0
DFTK.DE,D,20191204,000000,1.6,1.65,1.6,1.65,16,0
DFTK.DE,D,20191205,000000,1.65,1.73,1.65,1.69,2600,0
DFTK.DE,D,20191206,000000,1.73,1.78,1.71,1.72,8258,0
DFTK.DE,D,20191209,000000,1.72,1.72,1.72,1.72,0,0
DFTK.DE,D,20191210,000000,1.77,1.77,1.72,1.72,3200,0
DFTK.DE,D,20191211,000000,1.75,1.76,1.73,1.73,500,0
DFTK.DE,D,20191212,000000,1.68,1.68,1.65,1.65,2000,0
DFTK.DE,D,20191213,000000,1.66,1.66,1.66,1.66,0,0
DFTK.DE,D,20191216,000000,1.63,1.63,1.63,1.63,2000,0
DFTK.DE,D,20191217,000000,1.67,1.68,1.65,1.65,4000,0
DFTK.DE,D,20191218,000000,1.62,1.64,1.55,1.6,13150,0
DFTK.DE,D,20191219,000000,1.62,1.62,1.62,1.62,0,0
DFTK.DE,D,20191220,000000,1.63,1.68,1.63,1.63,3000,0
DFTK.DE,D,20191223,000000,1.62,1.62,1.62,1.62,0,0
DFTK.DE,D,20191227,000000,1.65,1.65,1.57,1.58,2030,0
DFTK.DE,D,20191230,000000,1.65,1.65,1.6,1.63,1479,0
DFTK.DE,D,20200102,000000,1.66,1.66,1.62,1.62,25,0
DFTK.DE,D,20200103,000000,1.55,1.65,1.55,1.63,2185,0
DFTK.DE,D,20200106,000000,1.69,1.69,1.55,1.55,3500,0
DFTK.DE,D,20200107,000000,1.5,1.55,1.37,1.4,31323,0
DFTK.DE,D,20200108,000000,1.26,1.5,1.12,1.25,39152,0
DFTK.DE,D,20200109,000000,1.35,1.36,1.33,1.33,3495,0
DFTK.DE,D,20200110,000000,1.38,1.42,1.38,1.42,4078,0
DFTK.DE,D,20200113,000000,1.48,1.55,1.44,1.48,7804,0
DFTK.DE,D,20200114,000000,1.48,1.48,1.48,1.48,0,0
DFTK.DE,D,20200115,000000,1.53,1.53,1.48,1.48,132,0
DFTK.DE,D,20200116,000000,1.54,1.6,1.46,1.47,10100,0
DFTK.DE,D,20200117,000000,1.5,1.5,1.48,1.48,1015,0
DFTK.DE,D,20200120,000000,1.45,1.48,1.45,1.48,270,0
DFTK.DE,D,20200121,000000,1.45,1.45,1.44,1.44,849,0
DFTK.DE,D,20200122,000000,1.44,1.47,1.24,1.36,22430,0
DFTK.DE,D,20200123,000000,1.34,1.34,1.3,1.33,3700,0
DFTK.DE,D,20200124,000000,1.34,1.34,1.34,1.34,0,0
DFTK.DE,D,20200127,000000,1.3,1.3,1.19,1.24,18694,0
DFTK.DE,D,20200128,000000,1.22,1.29,1.22,1.26,500,0
DFTK.DE,D,20200129,000000,1.27,1.36,1.18,1.18,19804,0
DFTK.DE,D,20200130,000000,1.2,1.24,1.2,1.24,4000,0
DFTK.DE,D,20200131,000000,1.3,1.3,1.24,1.26,4549,0
DFTK.DE,D,20200203,000000,1.31,1.36,1.31,1.32,6200,0
DFTK.DE,D,20200204,000000,1.33,1.33,1.31,1.31,100,0
DFTK.DE,D,20200205,000000,1.36,1.4,1.34,1.34,7000,0
DFTK.DE,D,20200206,000000,1.39,1.6,1.33,1.38,35375,0
DFTK.DE,D,20200207,000000,1.31,1.42,1.31,1.35,20025,0
DFTK.DE,D,20200210,000000,1.3,1.34,1.3,1.34,64,0
DFTK.DE,D,20200211,000000,1.37,1.41,1.37,1.37,8950,0
DFTK.DE,D,20200212,000000,1.37,1.37,1.32,1.34,4548,0
DFTK.DE,D,20200213,000000,1.3,1.33,1.27,1.33,7000,0
DFTK.DE,D,20200214,000000,1.31,1.35,1.3,1.33,5186,0
DFTK.DE,D,20200217,000000,1.28,1.33,1.28,1.33,9617,0
DFTK.DE,D,20200218,000000,1.32,1.4,1.32,1.36,22322,0
DFTK.DE,D,20200219,000000,1.4,1.44,1.31,1.4,14133,0
DFTK.DE,D,20200220,000000,1.35,1.35,1.32,1.32,2076,0
DFTK.DE,D,20200221,000000,1.29,1.34,1.29,1.34,9430,0
DFTK.DE,D,20200224,000000,1.42,1.42,1.23,1.25,14116,0
DFTK.DE,D,20200225,000000,1.23,1.26,1.23,1.26,3000,0
DFTK.DE,D,20200226,000000,1.23,1.23,1.18,1.21,5700,0
DFTK.DE,D,20200227,000000,1.18,1.18,1.04,1.11,32322,0
DFTK.DE,D,20200228,000000,1.07,1.18,0.93,1,64663,0
DFTK.DE,D,20200302,000000,1,1.17,0.95,1.06,32818,0
DFTK.DE,D,20200303,000000,1.09,1.1,1.04,1.05,7757,0
DFTK.DE,D,20200304,000000,1,1.09,0.98,1.09,19000,0
DFTK.DE,D,20200305,000000,1.01,1.04,1,1.04,4308,0
DFTK.DE,D,20200306,000000,1.14,1.14,0.995,1.01,6079,0
DFTK.DE,D,20200309,000000,0.9,1,0.84,0.86,33129,0
DFTK.DE,D,20200310,000000,0.98,0.98,0.9,0.94,507,0
DFTK.DE,D,20200311,000000,0.95,0.99,0.865,0.92,13266,0
DFTK.DE,D,20200312,000000,0.84,0.87,0.84,0.87,10,0
DFTK.DE,D,20200313,000000,0.845,0.845,0.845,0.845,0,0
DFTK.DE,D,20200316,000000,0.8,0.8,0.8,0.8,200,0
DFTK.DE,D,20200317,000000,0.75,0.75,0.75,0.75,1000,0
DFTK.DE,D,20200318,000000,0.725,0.725,0.725,0.725,0,0
DFTK.DE,D,20200319,000000,0.605,0.605,0.6,0.605,3544,0
DFTK.DE,D,20200320,000000,0.79,0.79,0.75,0.75,1002,0
DFTK.DE,D,20200324,000000,0.725,0.725,0.65,0.65,3058,0
DFTK.DE,D,20200325,000000,0.75,0.75,0.735,0.735,6695,0
DFTK.DE,D,20200326,000000,0.66,0.81,0.66,0.775,7179,0
DFTK.DE,D,20200327,000000,0.78,0.78,0.78,0.78,0,0
DFTK.DE,D,20200330,000000,0.77,0.77,0.77,0.77,0,0
DFTK.DE,D,20200331,000000,0.765,0.765,0.765,0.765,0,0
DFTK.DE,D,20200401,000000,0.73,0.73,0.73,0.73,0,0
DFTK.DE,D,20200402,000000,0.77,0.87,0.77,0.87,6488,0
DFTK.DE,D,20200403,000000,0.84,0.935,0.84,0.935,3401,0
DFTK.DE,D,20200406,000000,0.975,1.15,0.9,1.08,22772,0
DFTK.DE,D,20200407,000000,1.15,1.15,1.15,1.15,21,0
DFTK.DE,D,20200408,000000,1.11,1.12,1.09,1.09,1100,0
DFTK.DE,D,20200409,000000,1.13,1.19,1.13,1.15,2220,0
DFTK.DE,D,20200414,000000,1.15,1.15,0.98,1.01,6490,0
DFTK.DE,D,20200415,000000,1.01,1.07,0.99,1.04,16784,0
DFTK.DE,D,20200416,000000,1.08,1.11,1.05,1.11,5448,0
DFTK.DE,D,20200417,000000,1.12,1.13,1.09,1.12,17580,0
DFTK.DE,D,20200420,000000,1.12,1.12,1.07,1.08,12000,0
DFTK.DE,D,20200421,000000,1.06,1.06,0.955,0.975,6845,0
DFTK.DE,D,20200422,000000,0.99,1.12,0.99,1.1,5025,0
DFTK.DE,D,20200423,000000,1.14,1.14,1.06,1.12,8060,0
DFTK.DE,D,20200424,000000,1.16,1.47,1.16,1.44,51257,0
DFTK.DE,D,20200427,000000,1.47,1.47,1.14,1.18,21239,0
DFTK.DE,D,20200428,000000,1.2,1.43,1.2,1.38,11636,0
DFTK.DE,D,20200429,000000,1.39,1.44,1.36,1.36,3413,0
DFTK.DE,D,20200430,000000,1.46,1.47,1.3,1.32,16893,0
DFTK.DE,D,20200504,000000,1.28,1.31,1.27,1.31,6000,0
DFTK.DE,D,20200505,000000,1.29,1.3,1.22,1.26,13967,0
DFTK.DE,D,20200506,000000,1.27,1.3,1.27,1.29,5392,0
DFTK.DE,D,20200507,000000,1.25,1.25,1.15,1.17,28650,0
DFTK.DE,D,20200508,000000,1.13,1.13,1.05,1.09,10394,0
DFTK.DE,D,20200511,000000,1.09,1.09,1.07,1.08,2192,0
DFTK.DE,D,20200512,000000,1.08,1.09,1.07,1.09,2500,0
DFTK.DE,D,20200513,000000,1.09,1.09,1.03,1.05,14372,0
DFTK.DE,D,20200514,000000,1.01,1.01,0.995,0.995,2000,0
DFTK.DE,D,20200515,000000,1,1.14,1,1.1,31600,0
DFTK.DE,D,20200518,000000,1.15,1.15,0.955,1.11,7645,0
DFTK.DE,D,20200519,000000,1.13,1.16,1.12,1.12,1466,0
DFTK.DE,D,20200520,000000,1.15,1.2,1.15,1.18,6637,0
DFTK.DE,D,20200521,000000,1.12,1.19,1.12,1.19,674,0
DFTK.DE,D,20200522,000000,1.15,1.22,1.15,1.21,15305,0
DFTK.DE,D,20200525,000000,1.21,1.25,1.21,1.25,16400,0
DFTK.DE,D,20200526,000000,1.2,1.24,1.2,1.22,7587,0
DFTK.DE,D,20200527,000000,1.23,1.23,1.2,1.2,580,0
DFTK.DE,D,20200528,000000,1.26,1.76,1.26,1.47,25368,0
DFTK.DE,D,20200529,000000,1.48,1.48,1.23,1.29,42925,0
DFTK.DE,D,20200602,000000,1.3,1.33,1.26,1.32,25514,0
DFTK.DE,D,20200603,000000,1.35,1.4,1.34,1.36,14723,0
DFTK.DE,D,20200604,000000,1.39,1.4,1.36,1.36,1000,0
DFTK.DE,D,20200605,000000,1.4,1.49,1.4,1.41,14140,0
DFTK.DE,D,20200608,000000,1.35,1.38,1.35,1.38,1885,0
DFTK.DE,D,20200609,000000,1.4,1.4,1.35,1.39,4750,0
DFTK.DE,D,20200610,000000,1.36,1.36,1.3,1.31,27100,0
DFTK.DE,D,20200611,000000,1.33,1.33,1.28,1.28,2375,0
DFTK.DE,D,20200612,000000,1.32,1.33,1.28,1.29,4100,0
DFTK.DE,D,20200615,000000,1.27,1.27,1.27,1.27,0,0
DFTK.DE,D,20200616,000000,1.28,1.28,1.28,1.28,0,0
DFTK.DE,D,20200617,000000,1.3,1.34,1.3,1.34,2612,0
DFTK.DE,D,20200618,000000,1.35,1.36,1.23,1.25,11450,0
DFTK.DE,D,20200619,000000,1.21,1.26,1.11,1.15,57273,0
DFTK.DE,D,20200622,000000,1.14,1.14,1.01,1.09,12456,0
DFTK.DE,D,20200623,000000,1.14,1.29,1.1,1.29,14529,0
DFTK.DE,D,20200624,000000,1.18,1.18,1.13,1.13,7999,0
DFTK.DE,D,20200625,000000,1.13,1.13,1.05,1.06,19821,0
DFTK.DE,D,20200626,000000,1.07,1.07,1.06,1.06,3000,0
DFTK.DE,D,20200629,000000,1.07,1.13,1.07,1.11,4084,0
DFTK.DE,D,20200630,000000,1.15,1.33,1.15,1.24,68365,0
DFTK.DE,D,20200701,000000,1.24,1.24,1.24,1.24,0,0
DFTK.DE,D,20200702,000000,1.21,1.22,1.21,1.22,2091,0
DFTK.DE,D,20200703,000000,1.25,1.25,1.24,1.24,543,0
DFTK.DE,D,20200706,000000,1.2,1.27,1.2,1.25,3525,0
DFTK.DE,D,20200707,000000,1.23,1.23,1.23,1.23,0,0
DFTK.DE,D,20200708,000000,1.22,1.23,1.22,1.23,3000,0
DFTK.DE,D,20200709,000000,1.25,1.25,1.2,1.21,9609,0
DFTK.DE,D,20200710,000000,1.2,1.22,1.18,1.22,4049,0
DFTK.DE,D,20200713,000000,1.15,1.15,1.15,1.15,4,0
DFTK.DE,D,20200714,000000,1.16,1.16,1.14,1.14,2000,0
DFTK.DE,D,20200715,000000,1.13,1.13,1.07,1.11,7500,0
DFTK.DE,D,20200716,000000,1.1,1.12,1.09,1.12,7518,0
DFTK.DE,D,20200717,000000,1.08,1.09,1.06,1.09,11210,0
DFTK.DE,D,20200720,000000,1.1,1.1,1.1,1.1,0,0
DFTK.DE,D,20200721,000000,1.1,1.11,1.1,1.11,5000,0
DFTK.DE,D,20200722,000000,1.11,1.11,1.11,1.11,1357,0
DFTK.DE,D,20200723,000000,1.11,1.11,1.11,1.11,0,0
DFTK.DE,D,20200724,000000,1.11,1.11,1.11,1.11,0,0
DFTK.DE,D,20200727,000000,1.07,1.15,1.04,1.09,35570,0
DFTK.DE,D,20200728,000000,1.12,1.15,1.04,1.06,18970,0
DFTK.DE,D,20200729,000000,1.1,1.19,1.06,1.06,14783,0
DFTK.DE,D,20200730,000000,1.06,1.06,1.06,1.06,0,0
DFTK.DE,D,20200731,000000,1.06,1.06,1.06,1.06,0,0
DFTK.DE,D,20200803,000000,1.02,1.02,0.99,0.995,17276,0
DFTK.DE,D,20200804,000000,0.99,1.05,0.99,1.05,10823,0
DFTK.DE,D,20200805,000000,1.06,1.06,1.06,1.06,0,0
DFTK.DE,D,20200806,000000,1.04,1.09,1.03,1.07,11297,0
DFTK.DE,D,20200807,000000,1.09,1.16,1.09,1.12,7341,0
DFTK.DE,D,20200810,000000,1.1,1.1,1.05,1.05,19831,0
DFTK.DE,D,20200811,000000,1.04,1.05,1.03,1.03,7177,0
DFTK.DE,D,20200812,000000,1.05,1.1,1.05,1.1,4673,0
DFTK.DE,D,20200813,000000,1.06,1.06,1.06,1.06,1000,0
DFTK.DE,D,20200814,000000,1.04,1.04,1.04,1.04,0,0
DFTK.DE,D,20200817,000000,1.02,1.03,1.02,1.03,2000,0
DFTK.DE,D,20200818,000000,1.01,1.04,1.01,1.04,1250,0
DFTK.DE,D,20200819,000000,1.02,1.02,1.02,1.02,0,0
DFTK.DE,D,20200820,000000,1,1,0.985,0.995,2500,0
DFTK.DE,D,20200821,000000,0.995,0.995,0.995,0.995,0,0
DFTK.DE,D,20200824,000000,1,1.07,1,1.07,4802,0
DFTK.DE,D,20200825,000000,1.05,1.07,1.05,1.07,12,0
DFTK.DE,D,20200826,000000,1.07,1.07,1.07,1.07,0,0
DFTK.DE,D,20200827,000000,1.05,1.05,1.04,1.04,88,0
DFTK.DE,D,20200828,000000,1.05,1.05,1.05,1.05,0,0
DFTK.DE,D,20200831,000000,1.05,1.05,1.05,1.05,0,0
DFTK.DE,D,20200901,000000,1.05,1.05,1.05,1.05,0,0
DFTK.DE,D,20200902,000000,1.08,1.08,1.06,1.06,200,0
DFTK.DE,D,20200903,000000,1.06,1.06,1.06,1.06,0,0
DFTK.DE,D,20200904,000000,1.05,1.1,1.05,1.07,3720,0
DFTK.DE,D,20200907,000000,1.08,1.08,1.08,1.08,0,0
DFTK.DE,D,20200908,000000,1.1,1.12,1.09,1.09,10500,0
DFTK.DE,D,20200909,000000,1.06,1.11,1.06,1.08,11000,0
DFTK.DE,D,20200910,000000,1.11,1.14,1.11,1.13,15497,0
DFTK.DE,D,20200911,000000,1.14,1.17,1.13,1.17,4750,0
DFTK.DE,D,20200914,000000,1.17,1.17,1.17,1.17,0,0
DFTK.DE,D,20200915,000000,1.13,1.13,1.13,1.13,5000,0
DFTK.DE,D,20200916,000000,1.1,1.1,1.05,1.1,2250,0
DFTK.DE,D,20200917,000000,1.07,1.1,1.06,1.07,10500,0
DFTK.DE,D,20200918,000000,1.08,1.08,1.08,1.08,0,0
DFTK.DE,D,20200921,000000,1.05,1.05,1.04,1.04,5000,0
DFTK.DE,D,20200922,000000,1.08,1.1,1.08,1.09,10000,0
DFTK.DE,D,20200923,000000,1.09,1.34,1.09,1.32,48629,0
DFTK.DE,D,20200924,000000,1.27,1.29,1.27,1.29,2700,0
DFTK.DE,D,20200925,000000,1.23,1.26,1.23,1.26,1884,0
DFTK.DE,D,20200928,000000,1.23,1.28,1.16,1.21,14575,0
DFTK.DE,D,20200929,000000,1.21,1.21,1.21,1.21,1589,0
DFTK.DE,D,20200930,000000,1.17,1.19,1.12,1.12,11967,0
DFTK.DE,D,20201001,000000,1.12,1.14,1.12,1.14,1005,0
DFTK.DE,D,20201002,000000,1.11,1.14,1.1,1.12,2060,0
DFTK.DE,D,20201005,000000,1.15,1.16,1.15,1.15,600,0
DFTK.DE,D,20201006,000000,1.18,1.18,1.16,1.16,211,0
DFTK.DE,D,20201007,000000,1.18,1.18,1.15,1.15,7000,0
DFTK.DE,D,20201008,000000,1.12,1.15,1.11,1.15,5000,0
DFTK.DE,D,20201009,000000,1.13,1.15,1.13,1.15,1750,0
DFTK.DE,D,20201012,000000,1.12,1.12,1.11,1.12,4140,0
DFTK.DE,D,20201013,000000,1.11,1.18,1.1,1.13,19145,0
DFTK.DE,D,20201014,000000,1.16,1.2,1.16,1.16,13326,0
DFTK.DE,D,20201015,000000,1.16,1.16,1.12,1.15,6000,0
DFTK.DE,D,20201016,000000,1.17,1.19,1.17,1.19,9740,0
DFTK.DE,D,20201019,000000,1.2,1.2,1.18,1.18,8501,0
DFTK.DE,D,20201020,000000,1.15,1.16,1.15,1.16,1250,0
DFTK.DE,D,20201021,000000,1.14,1.19,1.14,1.16,7206,0
DFTK.DE,D,20201022,000000,1.13,1.16,1.13,1.16,3460,0
DFTK.DE,D,20201023,000000,1.14,1.14,1.1,1.1,4000,0
DFTK.DE,D,20201026,000000,1.1,1.11,1.09,1.11,3081,0
DFTK.DE,D,20201027,000000,1.09,1.12,1.07,1.11,6079,0
DFTK.DE,D,20201028,000000,1.09,1.1,1.07,1.09,15308,0
DFTK.DE,D,20201029,000000,1.12,1.12,1.12,1.12,0,0
DFTK.DE,D,20201030,000000,1.12,1.17,1.12,1.15,7583,0
DFTK.DE,D,20201102,000000,1.17,1.24,1.15,1.22,30790,0
DFTK.DE,D,20201103,000000,1.23,1.38,1.23,1.26,29077,0
DFTK.DE,D,20201104,000000,1.25,1.25,1.25,1.25,0,0
DFTK.DE,D,20201105,000000,1.23,1.23,1.22,1.22,2000,0
DFTK.DE,D,20201106,000000,1.19,1.24,1.19,1.24,1000,0
DFTK.DE,D,20201109,000000,1.23,1.27,1.21,1.25,5700,0
DFTK.DE,D,20201110,000000,1.25,1.25,1.25,1.25,0,0
DFTK.DE,D,20201111,000000,1.29,1.3,1.28,1.28,2000,0
DFTK.DE,D,20201112,000000,1.3,1.4,1.3,1.35,30382,0
DFTK.DE,D,20201113,000000,1.37,1.44,1.26,1.35,64152,0
DFTK.DE,D,20201116,000000,1.27,1.28,1.27,1.28,1940,0
DFTK.DE,D,20201117,000000,1.26,1.3,1.26,1.3,10,0
DFTK.DE,D,20201118,000000,1.28,1.28,1.28,1.28,0,0
DFTK.DE,D,20201119,000000,1.28,1.28,1.28,1.28,0,0
DFTK.DE,D,20201120,000000,1.28,1.28,1.28,1.28,974,0
DFTK.DE,D,20201123,000000,1.26,1.28,1.26,1.28,750,0
DFTK.DE,D,20201124,000000,1.28,1.28,1.28,1.28,0,0
DFTK.DE,D,20201125,000000,1.27,1.27,1.27,1.27,0,0
DFTK.DE,D,20201126,000000,1.25,1.27,1.24,1.26,11383,0
DFTK.DE,D,20201127,000000,1.26,1.26,1.24,1.26,716,0
DFTK.DE,D,20201130,000000,1.24,1.24,1.22,1.23,3097,0
DFTK.DE,D,20201201,000000,1.21,1.26,1.21,1.25,2894,0
DFTK.DE,D,20201202,000000,1.25,1.25,1.25,1.25,0,0
DFTK.DE,D,20201203,000000,1.25,1.25,1.25,1.25,0,0
DFTK.DE,D,20201204,000000,1.3,1.31,1.2,1.24,13003,0
DFTK.DE,D,20201207,000000,1.25,1.25,1.25,1.25,0,0
DFTK.DE,D,20201208,000000,1.2,1.2,1.17,1.18,15468,0
DFTK.DE,D,20201209,000000,1.15,1.15,1.11,1.13,8705,0
DFTK.DE,D,20201210,000000,1.13,1.2,1.11,1.15,8750,0
DFTK.DE,D,20201211,000000,1.17,1.17,1.13,1.15,6998,0
DFTK.DE,D,20201214,000000,1.15,1.15,1.15,1.15,0,0
DFTK.DE,D,20201215,000000,1.16,1.17,1.16,1.16,3900,0
DFTK.DE,D,20201216,000000,1.16,1.16,1.16,1.16,0,0
DFTK.DE,D,20201217,000000,1.15,1.23,1.15,1.21,7183,0
DFTK.DE,D,20201218,000000,1.19,1.19,1.19,1.19,500,0
DFTK.DE,D,20201221,000000,1.18,1.18,1.18,1.18,0,0
DFTK.DE,D,20201222,000000,1.16,1.18,1.16,1.18,3019,0
DFTK.DE,D,20201223,000000,1.15,1.16,1.12,1.15,18012,0
DFTK.DE,D,20201228,000000,1.14,1.19,1.14,1.17,1033,0
DFTK.DE,D,20201229,000000,1.14,1.16,1.13,1.15,11550,0
DFTK.DE,D,20201230,000000,1.19,1.19,1.14,1.18,17625,0
DFTK.DE,D,20210104,000000,1.15,1.2,1.15,1.19,5438,0
DFTK.DE,D,20210105,000000,1.2,1.22,1.18,1.2,7820,0
DFTK.DE,D,20210106,000000,1.18,1.19,1.17,1.18,5407,0
DFTK.DE,D,20210107,000000,1.15,1.16,1.14,1.16,7000,0
DFTK.DE,D,20210108,000000,1.17,1.17,1.16,1.16,400,0
DFTK.DE,D,20210111,000000,1.15,1.17,1.15,1.17,6000,0
DFTK.DE,D,20210112,000000,1.19,1.2,1.18,1.18,2500,0
DFTK.DE,D,20210113,000000,1.19,1.2,1.18,1.18,2066,0
DFTK.DE,D,20210114,000000,1.18,1.18,1.18,1.18,0,0
DFTK.DE,D,20210115,000000,1.16,1.17,1.16,1.17,2809,0
DFTK.DE,D,20210118,000000,1.18,1.18,1.16,1.17,2700,0
DFTK.DE,D,20210119,000000,1.18,1.18,1.18,1.18,0,0
DFTK.DE,D,20210120,000000,1.16,1.18,1.16,1.18,6980,0
DFTK.DE,D,20210121,000000,1.17,1.17,1.14,1.14,15178,0
DFTK.DE,D,20210122,000000,1.16,1.16,1.16,1.16,0,0
DFTK.DE,D,20210125,000000,1.13,1.16,1.13,1.16,3040,0
DFTK.DE,D,20210126,000000,1.15,1.15,1.15,1.15,1500,0
DFTK.DE,D,20210127,000000,1.14,1.16,1.14,1.16,2790,0
DFTK.DE,D,20210128,000000,1.16,1.16,1.16,1.16,0,0
DFTK.DE,D,20210129,000000,1.14,1.15,1.14,1.15,999,0
DFTK.DE,D,20210201,000000,1.16,1.16,1.14,1.16,3038,0
DFTK.DE,D,20210202,000000,1.14,1.15,1.14,1.15,7300,0
DFTK.DE,D,20210203,000000,1.16,1.17,1.14,1.16,15400,0
DFTK.DE,D,20210204,000000,1.22,1.22,1.18,1.2,29295,0
DFTK.DE,D,20210205,000000,1.23,1.4,1.23,1.28,45434,0
DFTK.DE,D,20210208,000000,1.26,1.34,1.26,1.32,4908,0
DFTK.DE,D,20210209,000000,1.28,1.31,1.28,1.3,6730,0
DFTK.DE,D,20210210,000000,1.31,1.33,1.26,1.27,8837,0
DFTK.DE,D,20210211,000000,1.29,1.29,1.28,1.28,2,0
DFTK.DE,D,20210212,000000,1.28,1.28,1.28,1.28,0,0
DFTK.DE,D,20210215,000000,1.26,1.32,1.25,1.3,5346,0
DFTK.DE,D,20210216,000000,1.32,1.32,1.31,1.31,100,0
DFTK.DE,D,20210217,000000,1.29,1.29,1.29,1.29,1504,0
DFTK.DE,D,20210218,000000,1.27,1.29,1.27,1.29,340,0
DFTK.DE,D,20210219,000000,1.25,1.3,1.25,1.29,5088,0
DFTK.DE,D,20210222,000000,1.29,1.33,1.26,1.3,12267,0
DFTK.DE,D,20210223,000000,1.32,1.4,1.28,1.32,33800,0
DFTK.DE,D,20210224,000000,1.3,1.32,1.3,1.32,1000,0
DFTK.DE,D,20210225,000000,1.28,1.29,1.28,1.29,100,0
DFTK.DE,D,20210226,000000,1.29,1.29,1.29,1.29,0,0
DFTK.DE,D,20210301,000000,1.27,1.29,1.26,1.29,502,0
DFTK.DE,D,20210302,000000,1.31,1.32,1.28,1.29,8021,0
DFTK.DE,D,20210303,000000,1.32,1.45,1.32,1.4,24250,0
DFTK.DE,D,20210304,000000,1.38,1.48,1.38,1.43,25600,0
DFTK.DE,D,20210305,000000,1.41,1.48,1.4,1.42,11319,0
DFTK.DE,D,20210308,000000,1.47,1.62,1.47,1.58,21087,0
DFTK.DE,D,20210309,000000,1.55,1.7,1.55,1.64,23721,0
DFTK.DE,D,20210310,000000,1.6,1.67,1.54,1.55,34974,0
DFTK.DE,D,20210311,000000,1.49,1.49,1.46,1.46,8230,0
DFTK.DE,D,20210312,000000,1.43,1.48,1.43,1.45,505,0
DFTK.DE,D,20210315,000000,1.43,1.43,1.37,1.4,11502,0
DFTK.DE,D,20210316,000000,1.41,1.41,1.41,1.41,0,0
DFTK.DE,D,20210317,000000,1.38,1.39,1.36,1.39,3526,0
DFTK.DE,D,20210318,000000,1.4,1.4,1.4,1.4,0,0
DFTK.DE,D,20210319,000000,1.41,1.41,1.41,1.41,0,0
DFTK.DE,D,20210322,000000,1.38,1.42,1.38,1.42,3465,0
DFTK.DE,D,20210323,000000,1.47,1.47,1.43,1.43,9,0
DFTK.DE,D,20210324,000000,1.37,1.42,1.37,1.42,3500,0
DFTK.DE,D,20210325,000000,1.38,1.4,1.38,1.4,1233,0
DFTK.DE,D,20210326,000000,1.42,1.42,1.42,1.42,0,0
DFTK.DE,D,20210329,000000,1.42,1.42,1.38,1.4,6050,0
DFTK.DE,D,20210330,000000,1.38,1.4,1.36,1.4,4500,0
DFTK.DE,D,20210331,000000,1.36,1.39,1.36,1.39,810,0
DFTK.DE,D,20210401,000000,1.43,1.43,1.41,1.41,10,0
DFTK.DE,D,20210406,000000,1.61,1.74,1.61,1.65,23803,0
DFTK.DE,D,20210407,000000,1.7,1.71,1.69,1.71,1700,0
DFTK.DE,D,20210408,000000,1.75,1.76,1.74,1.74,1000,0
DFTK.DE,D,20210409,000000,1.75,1.86,1.75,1.79,5449,0
DFTK.DE,D,20210412,000000,1.7,1.85,1.7,1.83,13780,0
DFTK.DE,D,20210413,000000,1.87,1.94,1.87,1.92,11890,0
DFTK.DE,D,20210414,000000,1.87,1.89,1.86,1.89,5485,0
DFTK.DE,D,20210415,000000,1.9,1.9,1.89,1.89,1200,0
DFTK.DE,D,20210416,000000,1.92,1.92,1.91,1.91,400,0
DFTK.DE,D,20210419,000000,1.92,1.92,1.92,1.92,0,0
DFTK.DE,D,20210420,000000,1.93,2.06,1.93,2.02,7182,0
DFTK.DE,D,20210421,000000,1.97,2.06,1.95,2.04,4313,0
DFTK.DE,D,20210422,000000,2.06,2.1,2.06,2.1,500,0
DFTK.DE,D,20210423,000000,2.04,2.1,2.04,2.06,1429,0
DFTK.DE,D,20210426,000000,2.06,2.06,2,2.04,6900,0
DFTK.DE,D,20210427,000000,1.93,2.08,1.93,1.98,1040,0
DFTK.DE,D,20210428,000000,2,2.02,1.94,2.02,5628,0
DFTK.DE,D,20210429,000000,1.95,2.02,1.95,2.02,1000,0
DFTK.DE,D,20210430,000000,1.92,1.92,1.6,1.81,50960,0
DFTK.DE,D,20210503,000000,1.72,1.76,1.7,1.7,11731,0
DFTK.DE,D,20210504,000000,1.66,1.72,1.64,1.67,7300,0
DFTK.DE,D,20210505,000000,1.7,1.77,1.7,1.77,3455,0
DFTK.DE,D,20210506,000000,1.79,1.85,1.79,1.83,24529,0
DFTK.DE,D,20210507,000000,1.77,1.79,1.77,1.78,2300,0
DFTK.DE,D,20210510,000000,1.74,1.74,1.74,1.74,0,0
DFTK.DE,D,20210511,000000,1.75,1.79,1.75,1.77,2778,0
DFTK.DE,D,20210512,000000,1.71,1.78,1.71,1.77,9169,0
DFTK.DE,D,20210513,000000,1.77,1.77,1.77,1.77,0,0
DFTK.DE,D,20210514,000000,1.8,1.8,1.79,1.79,900,0
DFTK.DE,D,20210517,000000,1.75,1.8,1.74,1.78,5500,0
DFTK.DE,D,20210518,000000,1.76,1.76,1.65,1.69,14023,0
DFTK.DE,D,20210519,000000,1.72,1.72,1.72,1.72,0,0
DFTK.DE,D,20210520,000000,1.73,1.73,1.7,1.7,4052,0
DFTK.DE,D,20210521,000000,1.74,1.79,1.74,1.79,3920,0
DFTK.DE,D,20210525,000000,1.73,1.76,1.73,1.76,2,0
DFTK.DE,D,20210526,000000,1.71,1.72,1.69,1.72,9070,0
DFTK.DE,D,20210527,000000,1.77,1.77,1.75,1.77,2019,0
DFTK.DE,D,20210528,000000,1.73,1.73,1.73,1.73,19,0
DFTK.DE,D,20210531,000000,1.77,1.8,1.77,1.8,2000,0
DFTK.DE,D,20210601,000000,1.79,1.79,1.79,1.79,500,0
DFTK.DE,D,20210602,000000,1.76,1.76,1.76,1.76,100,0
DFTK.DE,D,20210603,000000,1.74,1.75,1.74,1.75,100,0
DFTK.DE,D,20210604,000000,1.75,1.75,1.75,1.75,0,0
DFTK.DE,D,20210607,000000,1.77,1.77,1.76,1.76,67,0
DFTK.DE,D,20210608,000000,1.73,1.77,1.73,1.77,6603,0
DFTK.DE,D,20210609,000000,1.77,1.77,1.77,1.77,1346,0
DFTK.DE,D,20210610,000000,1.75,1.8,1.7,1.78,11864,0
DFTK.DE,D,20210611,000000,1.76,1.76,1.74,1.75,3100,0
DFTK.DE,D,20210614,000000,1.79,1.8,1.79,1.79,2103,0
DFTK.DE,D,20210615,000000,1.8,1.81,1.8,1.81,500,0
DFTK.DE,D,20210616,000000,1.8,1.8,1.8,1.8,0,0
DFTK.DE,D,20210617,000000,1.82,1.87,1.82,1.85,2433,0
DFTK.DE,D,20210618,000000,1.8,1.84,1.8,1.84,3045,0
DFTK.DE,D,20210621,000000,1.82,1.83,1.82,1.83,800,0
DFTK.DE,D,20210622,000000,1.87,1.87,1.82,1.82,300,0
DFTK.DE,D,20210623,000000,1.81,2.04,1.75,1.98,45018,0
DFTK.DE,D,20210624,000000,2.02,2.02,1.9,1.9,7000,0
DFTK.DE,D,20210625,000000,1.9,1.97,1.9,1.97,5300,0
DFTK.DE,D,20210628,000000,1.89,1.89,1.89,1.89,0,0
DFTK.DE,D,20210629,000000,1.92,1.94,1.92,1.92,7962,0
DFTK.DE,D,20210630,000000,1.9,1.9,1.9,1.9,0,0
DFTK.DE,D,20210701,000000,1.89,1.89,1.89,1.89,0,0
DFTK.DE,D,20210702,000000,1.89,1.89,1.86,1.88,2499,0
DFTK.DE,D,20210705,000000,1.89,1.89,1.88,1.88,2049,0
DFTK.DE,D,20210706,000000,1.88,1.91,1.88,1.91,3302,0
DFTK.DE,D,20210707,000000,1.88,1.91,1.87,1.91,3962,0
DFTK.DE,D,20210708,000000,1.86,1.86,1.84,1.84,4950,0
DFTK.DE,D,20210709,000000,1.92,1.93,1.81,1.85,14911,0
DFTK.DE,D,20210712,000000,1.9,1.9,1.87,1.87,13,0
DFTK.DE,D,20210713,000000,1.9,1.9,1.85,1.88,3100,0
DFTK.DE,D,20210714,000000,1.83,1.84,1.8,1.84,5500,0
DFTK.DE,D,20210715,000000,1.8,1.82,1.8,1.82,4600,0
DFTK.DE,D,20210716,000000,1.8,1.8,1.6,1.75,53302,0
DFTK.DE,D,20210719,000000,1.69,1.69,1.69,1.69,3700,0
DFTK.DE,D,20210720,000000,1.65,1.68,1.65,1.68,250,0
DFTK.DE,D,20210721,000000,1.63,1.63,1.59,1.59,7681,0
DFTK.DE,D,20210722,000000,1.62,1.69,1.62,1.65,3500,0
DFTK.DE,D,20210723,000000,1.66,1.66,1.66,1.66,0,0
DFTK.DE,D,20210726,000000,1.63,1.65,1.62,1.65,2300,0
DFTK.DE,D,20210727,000000,1.62,1.62,1.62,1.62,1680,0
DFTK.DE,D,20210728,000000,1.63,1.63,1.63,1.63,0,0
DFTK.DE,D,20210729,000000,1.63,1.63,1.63,1.63,0,0
DFTK.DE,D,20210730,000000,1.64,1.64,1.63,1.63,5060,0
DFTK.DE,D,20210802,000000,1.63,1.63,1.63,1.63,0,0
DFTK.DE,D,20210803,000000,1.63,1.63,1.63,1.63,0,0
DFTK.DE,D,20210804,000000,1.63,1.63,1.63,1.63,0,0
DFTK.DE,D,20210805,000000,1.65,1.65,1.64,1.64,1100,0
DFTK.DE,D,20210806,000000,1.64,1.64,1.64,1.64,0,0
DFTK.DE,D,20210809,000000,1.67,1.67,1.67,1.67,0,0
DFTK.DE,D,20210810,000000,1.68,1.68,1.68,1.68,0,0
DFTK.DE,D,20210811,000000,1.69,1.8,1.69,1.77,4484,0
DFTK.DE,D,20210812,000000,1.77,1.77,1.77,1.77,0,0
DFTK.DE,D,20210813,000000,1.74,1.76,1.74,1.76,1100,0
DFTK.DE,D,20210816,000000,1.77,1.78,1.73,1.77,911,0
DFTK.DE,D,20210817,000000,1.76,1.76,1.76,1.76,0,0
DFTK.DE,D,20210818,000000,1.73,1.76,1.73,1.76,1500,0
DFTK.DE,D,20210819,000000,1.76,1.76,1.76,1.76,0,0
DFTK.DE,D,20210820,000000,1.73,1.73,1.71,1.71,1852,0
DFTK.DE,D,20210823,000000,1.71,1.71,1.71,1.71,0,0
DFTK.DE,D,20210824,000000,1.72,1.72,1.72,1.72,0,0
