<TICKER>,<PER>,<DATE>,<TIME>,<OPEN>,<HIGH>,<LOW>,<CLOSE>,<VOL>,<OPENINT>
EDMU.DE,D,20190423,000000,4.451,4.4955,4.451,4.4955,14942,0
EDMU.DE,D,20190424,000000,4.5015,4.515,4.5015,4.515,0,0
EDMU.DE,D,20190425,000000,4.5325,4.5325,4.5,4.524,500,0
EDMU.DE,D,20190426,000000,4.5045,4.52,4.5045,4.52,2440,0
EDMU.DE,D,20190429,000000,4.531,4.5325,4.527,4.5325,0,0
EDMU.DE,D,20190430,000000,4.52,4.52,4.5005,4.5005,0,0
EDMU.DE,D,20190502,000000,4.4975,4.4975,4.4805,4.4805,0,0
EDMU.DE,D,20190503,000000,4.5035,4.5185,4.5035,4.5185,0,0
EDMU.DE,D,20190506,000000,4.4805,4.486,4.4575,4.486,10,0
EDMU.DE,D,20190507,000000,4.4925,4.4925,4.4485,4.4485,0,0
EDMU.DE,D,20190508,000000,4.439,4.439,4.415,4.4305,0,0
EDMU.DE,D,20190509,000000,4.4065,4.4105,4.3525,4.3525,0,0
EDMU.DE,D,20190510,000000,4.3975,4.3975,4.333,4.333,0,0
EDMU.DE,D,20190513,000000,4.3775,4.3775,4.307,4.307,0,0
EDMU.DE,D,20190514,000000,4.3165,4.371,4.3165,4.371,2537,0
EDMU.DE,D,20190515,000000,4.3705,4.379,4.3535,4.379,0,0
EDMU.DE,D,20190516,000000,4.3735,4.451,4.3735,4.451,2506,0
EDMU.DE,D,20190517,000000,4.4235,4.439,4.418,4.439,0,0
EDMU.DE,D,20190520,000000,4.4245,4.4245,4.379,4.379,2510,0
EDMU.DE,D,20190521,000000,4.4015,4.4165,4.4015,4.4165,14200,0
EDMU.DE,D,20190522,000000,4.4135,4.4135,4.406,4.411,0,0
EDMU.DE,D,20190523,000000,4.3835,4.3835,4.347,4.347,0,0
EDMU.DE,D,20190524,000000,4.3565,4.3655,4.343,4.343,0,0
EDMU.DE,D,20190527,000000,4.3555,4.3565,4.355,4.3565,0,0
EDMU.DE,D,20190528,000000,4.3655,4.3655,4.354,4.354,0,0
EDMU.DE,D,20190529,000000,4.3035,4.308,4.2975,4.2975,0,0
EDMU.DE,D,20190530,000000,4.314,4.314,4.307,4.307,0,0
EDMU.DE,D,20190531,000000,4.279,4.279,4.2585,4.273,2584,0
EDMU.DE,D,20190603,000000,4.2315,4.2375,4.225,4.2375,0,0
EDMU.DE,D,20190604,000000,4.201,4.2795,4.201,4.2795,2601,0
EDMU.DE,D,20190605,000000,4.3035,4.322,4.3035,4.3125,0,0
EDMU.DE,D,20190606,000000,4.3375,4.3505,4.3275,4.3275,0,0
EDMU.DE,D,20190607,000000,4.36,4.378,4.36,4.3765,1000,0
EDMU.DE,D,20190611,000000,4.413,4.437,4.4105,4.4105,28476,0
EDMU.DE,D,20190612,000000,4.3855,4.4015,4.3855,4.3965,10,0
EDMU.DE,D,20190613,000000,4.4005,4.426,4.4005,4.4215,0,0
EDMU.DE,D,20190614,000000,4.417,4.446,4.417,4.446,7490,0
EDMU.DE,D,20190617,000000,4.4585,4.4585,4.4455,4.4455,0,0
EDMU.DE,D,20190618,000000,4.439,4.5095,4.439,4.5095,0,0
EDMU.DE,D,20190619,000000,4.5045,4.5045,4.4905,4.4905,0,0
EDMU.DE,D,20190620,000000,4.5115,4.5115,4.5055,4.5055,0,0
EDMU.DE,D,20190621,000000,4.512,4.514,4.506,4.514,0,0
EDMU.DE,D,20190624,000000,4.487,4.487,4.473,4.473,0,0
EDMU.DE,D,20190625,000000,4.4505,4.4625,4.4455,4.4455,0,0
EDMU.DE,D,20190626,000000,4.4335,4.451,4.426,4.426,19826,0
EDMU.DE,D,20190627,000000,4.446,4.446,4.4275,4.4305,4951,0
EDMU.DE,D,20190628,000000,4.444,4.4475,4.444,4.4475,0,0
EDMU.DE,D,20190701,000000,4.531,4.5335,4.522,4.5235,69764,0
EDMU.DE,D,20190702,000000,4.537,4.537,4.525,4.5255,2431,0
EDMU.DE,D,20190703,000000,4.5495,4.5785,4.5495,4.5785,2413,0
EDMU.DE,D,20190704,000000,4.5875,4.5935,4.584,4.5935,7198,0
EDMU.DE,D,20190705,000000,4.5955,4.5955,4.5845,4.5845,7191,0
EDMU.DE,D,20190708,000000,4.585,4.5915,4.579,4.579,11999,0
EDMU.DE,D,20190709,000000,4.5625,4.5765,4.5625,4.5765,2407,0
EDMU.DE,D,20190710,000000,4.575,4.6065,4.567,4.586,16806,0
EDMU.DE,D,20190711,000000,4.593,4.5975,4.59,4.5975,18184,0
EDMU.DE,D,20190712,000000,4.598,4.6115,4.598,4.6115,14342,0
EDMU.DE,D,20190715,000000,4.6165,4.6195,4.6165,4.619,44000,0
EDMU.DE,D,20190716,000000,4.626,4.642,4.626,4.638,55672,0
EDMU.DE,D,20190717,000000,4.6345,4.6345,4.6085,4.6085,0,0
EDMU.DE,D,20190718,000000,4.573,4.593,4.573,4.578,4809,0
EDMU.DE,D,20190719,000000,4.6085,4.613,4.605,4.613,9555,0
EDMU.DE,D,20190722,000000,4.5845,4.591,4.582,4.5885,2401,0
EDMU.DE,D,20190723,000000,4.6155,4.6325,4.6155,4.6325,0,0
EDMU.DE,D,20190724,000000,4.6525,4.6625,4.647,4.6625,4734,0
EDMU.DE,D,20190725,000000,4.694,4.694,4.657,4.657,9394,0
EDMU.DE,D,20190726,000000,4.6715,4.699,4.6715,4.699,0,0
EDMU.DE,D,20190729,000000,4.693,4.7025,4.688,4.688,2,0
EDMU.DE,D,20190730,000000,4.694,4.694,4.6765,4.679,2353,0
EDMU.DE,D,20190731,000000,4.677,4.6925,4.677,4.6925,90272,0
EDMU.DE,D,20190801,000000,4.6705,4.72,4.6705,4.72,9380,0
EDMU.DE,D,20190802,000000,4.609,4.616,4.558,4.558,72948,0
EDMU.DE,D,20190805,000000,4.52,4.526,4.441,4.441,31821,0
EDMU.DE,D,20190806,000000,4.3945,4.4295,4.3945,4.4085,62864,0
EDMU.DE,D,20190807,000000,4.4435,4.4715,4.3855,4.409,76240,0
EDMU.DE,D,20190808,000000,4.4735,4.5185,4.4665,4.5185,7378,0
EDMU.DE,D,20190809,000000,4.542,4.542,4.493,4.493,486,0
EDMU.DE,D,20190812,000000,4.533,4.537,4.468,4.468,735,0
EDMU.DE,D,20190813,000000,4.451,4.5265,4.4395,4.5265,1860,0
EDMU.DE,D,20190814,000000,4.539,4.539,4.455,4.455,985,0
EDMU.DE,D,20190815,000000,4.447,4.449,4.395,4.44,33335,0
EDMU.DE,D,20190816,000000,4.4625,4.505,4.4625,4.505,5904,0
EDMU.DE,D,20190819,000000,4.55,4.5665,4.5495,4.5665,968,0
EDMU.DE,D,20190820,000000,4.569,4.5715,4.556,4.556,3146,0
EDMU.DE,D,20190821,000000,4.5465,4.569,4.5465,4.569,247,0
EDMU.DE,D,20190822,000000,4.5665,4.591,4.556,4.556,3611,0
EDMU.DE,D,20190823,000000,4.59,4.59,4.469,4.469,2156,0
EDMU.DE,D,20190826,000000,4.4535,4.4915,4.449,4.473,10854,0
EDMU.DE,D,20190827,000000,4.4815,4.518,4.4765,4.4975,5148,0
EDMU.DE,D,20190828,000000,4.4875,4.506,4.473,4.506,6642,0
EDMU.DE,D,20190829,000000,4.5035,4.58,4.5035,4.58,975,0
EDMU.DE,D,20190830,000000,4.5915,4.622,4.5915,4.6085,6197,0
EDMU.DE,D,20190902,000000,4.6045,4.6185,4.6045,4.606,478,0
EDMU.DE,D,20190903,000000,4.5945,4.5985,4.592,4.592,1200,0
EDMU.DE,D,20190904,000000,4.621,4.621,4.6055,4.608,0,0
EDMU.DE,D,20190905,000000,4.65,4.6775,4.6445,4.6775,19110,0
EDMU.DE,D,20190906,000000,4.678,4.6905,4.678,4.6785,0,0
EDMU.DE,D,20190909,000000,4.6955,4.6975,4.6785,4.6785,0,0
EDMU.DE,D,20190910,000000,4.6645,4.676,4.645,4.645,22000,0
EDMU.DE,D,20190911,000000,4.6795,4.715,4.6795,4.715,470,0
EDMU.DE,D,20190912,000000,4.733,4.733,4.7265,4.7275,0,0
EDMU.DE,D,20190913,000000,4.712,4.721,4.712,4.719,0,0
EDMU.DE,D,20190916,000000,4.685,4.729,4.685,4.729,235,0
EDMU.DE,D,20190917,000000,4.7185,4.7185,4.707,4.707,0,0
EDMU.DE,D,20190918,000000,4.703,4.712,4.6975,4.6975,0,0
EDMU.DE,D,20190919,000000,4.6985,4.7415,4.6985,4.7415,0,0
EDMU.DE,D,20190920,000000,4.7185,4.7455,4.7185,4.7455,0,0
EDMU.DE,D,20190923,000000,4.7265,4.7265,4.723,4.723,0,0
EDMU.DE,D,20190924,000000,4.738,4.746,4.7135,4.7135,0,0
EDMU.DE,D,20190925,000000,4.684,4.705,4.6725,4.705,0,0
EDMU.DE,D,20190926,000000,4.7185,4.7435,4.7095,4.7095,0,0
EDMU.DE,D,20190927,000000,4.7375,4.743,4.718,4.728,10009,0
EDMU.DE,D,20191001,000000,4.7675,4.7675,4.701,4.701,0,0
EDMU.DE,D,20191002,000000,4.67,4.67,4.567,4.567,42,0
EDMU.DE,D,20191004,000000,4.598,4.6425,4.5835,4.6425,45000,0
EDMU.DE,D,20191007,000000,4.6435,4.661,4.6435,4.661,0,0
EDMU.DE,D,20191008,000000,4.6545,4.6545,4.592,4.592,0,0
EDMU.DE,D,20191009,000000,4.5775,4.612,4.5775,4.6015,1728,0
EDMU.DE,D,20191010,000000,4.5965,4.6425,4.588,4.6425,33175,0
EDMU.DE,D,20191011,000000,4.6475,4.7015,4.6475,4.7015,5739,0
EDMU.DE,D,20191014,000000,4.681,4.681,4.6605,4.679,0,0
EDMU.DE,D,20191015,000000,4.688,4.712,4.688,4.712,0,0
EDMU.DE,D,20191016,000000,4.7035,4.708,4.69,4.69,0,0
EDMU.DE,D,20191017,000000,4.679,4.683,4.6745,4.6745,0,0
EDMU.DE,D,20191018,000000,4.6735,4.674,4.655,4.655,0,0
EDMU.DE,D,20191021,000000,4.655,4.6785,4.655,4.6785,0,0
EDMU.DE,D,20191022,000000,4.687,4.691,4.687,4.691,0,0
EDMU.DE,D,20191023,000000,4.6695,4.687,4.6695,4.687,0,0
EDMU.DE,D,20191024,000000,4.691,4.7195,4.691,4.7195,4649,0
EDMU.DE,D,20191025,000000,4.705,4.744,4.705,4.744,54000,0
EDMU.DE,D,20191028,000000,4.7445,4.7675,4.7445,4.764,10,0
EDMU.DE,D,20191029,000000,4.766,4.7685,4.765,4.7685,0,0
EDMU.DE,D,20191030,000000,4.7455,4.7555,4.7455,4.7515,5637,0
EDMU.DE,D,20191031,000000,4.7525,4.7525,4.72,4.72,0,0
EDMU.DE,D,20191101,000000,4.741,4.768,4.741,4.768,0,0
EDMU.DE,D,20191104,000000,4.7885,4.8125,4.7885,4.8125,919,0
EDMU.DE,D,20191105,000000,4.8235,4.837,4.8235,4.837,103,0
EDMU.DE,D,20191106,000000,4.822,4.829,4.822,4.829,0,0
EDMU.DE,D,20191107,000000,4.8535,4.876,4.8485,4.876,0,0
EDMU.DE,D,20191108,000000,4.8535,4.8685,4.8535,4.8685,0,0
EDMU.DE,D,20191111,000000,4.8565,4.8605,4.8565,4.8605,0,0
EDMU.DE,D,20191112,000000,4.879,4.8975,4.879,4.8975,0,0
EDMU.DE,D,20191113,000000,4.8815,4.89,4.8705,4.89,0,0
EDMU.DE,D,20191114,000000,4.89,4.8975,4.886,4.886,20,0
EDMU.DE,D,20191115,000000,4.917,4.917,4.9025,4.9095,16812,0
EDMU.DE,D,20191118,000000,4.916,4.9195,4.9045,4.9045,22500,0
EDMU.DE,D,20191119,000000,4.918,4.9205,4.902,4.902,500,0
EDMU.DE,D,20191120,000000,4.894,4.907,4.894,4.907,0,0
EDMU.DE,D,20191121,000000,4.883,4.8865,4.88,4.8805,500,0
EDMU.DE,D,20191122,000000,4.891,4.901,4.891,4.9005,8097,0
EDMU.DE,D,20191125,000000,4.924,4.9515,4.924,4.9515,0,0
EDMU.DE,D,20191126,000000,4.9555,4.966,4.9555,4.966,0,0
EDMU.DE,D,20191127,000000,4.9865,4.99,4.9835,4.9885,20042,0
EDMU.DE,D,20191128,000000,4.9785,4.989,4.9785,4.989,2000,0
EDMU.DE,D,20191129,000000,4.9775,4.989,4.9735,4.9735,0,0
EDMU.DE,D,20191202,000000,4.9945,4.9945,4.891,4.891,50,0
EDMU.DE,D,20191203,000000,4.9065,4.9065,4.838,4.838,18000,0
EDMU.DE,D,20191204,000000,4.855,4.9,4.855,4.9,0,0
EDMU.DE,D,20191205,000000,4.907,4.91,4.8835,4.8835,150,0
EDMU.DE,D,20191206,000000,4.903,4.971,4.903,4.971,1,0
EDMU.DE,D,20191209,000000,4.954,4.954,4.949,4.953,0,0
EDMU.DE,D,20191210,000000,4.9395,4.9395,4.9185,4.9335,0,0
EDMU.DE,D,20191211,000000,4.938,4.9405,4.9325,4.9325,0,0
EDMU.DE,D,20191212,000000,4.924,4.9595,4.924,4.9595,0,0
EDMU.DE,D,20191213,000000,4.966,4.966,4.9545,4.9565,313,0
EDMU.DE,D,20191216,000000,4.992,5.006,4.98,5.006,16359,0
EDMU.DE,D,20191217,000000,5.013,5.013,4.9895,4.996,40006,0
EDMU.DE,D,20191218,000000,5,5.014,5,5.014,394,0
EDMU.DE,D,20191219,000000,5.012,5.025,5.01,5.025,5672,0
EDMU.DE,D,20191220,000000,5.031,5.083,5.031,5.083,0,0
EDMU.DE,D,20191223,000000,5.08,5.096,5.08,5.082,97,0
EDMU.DE,D,20191227,000000,5.09,5.093,5.073,5.073,0,0
EDMU.DE,D,20191230,000000,5.06,5.063,5.055,5.056,13236,0
EDMU.DE,D,20200102,000000,5.065,5.093,5.058,5.06,268508,0
EDMU.DE,D,20200103,000000,5.054,5.066,5.054,5.066,29399,0
EDMU.DE,D,20200106,000000,5.046,5.056,5.026,5.056,6923,0
EDMU.DE,D,20200107,000000,5.078,5.092,5.077,5.092,0,0
EDMU.DE,D,20200108,000000,5.068,5.112,5.068,5.112,25000,0
EDMU.DE,D,20200109,000000,5.146,5.19,5.146,5.161,67687,0
EDMU.DE,D,20200110,000000,5.182,5.182,5.159,5.159,4215,0
EDMU.DE,D,20200113,000000,5.156,5.156,5.149,5.149,97,0
EDMU.DE,D,20200114,000000,5.161,5.174,5.161,5.173,0,0
EDMU.DE,D,20200115,000000,5.182,5.198,5.158,5.177,51938,0
EDMU.DE,D,20200116,000000,5.201,5.203,5.182,5.203,31612,0
EDMU.DE,D,20200117,000000,5.237,5.25,5.233,5.247,40031,0
EDMU.DE,D,20200120,000000,5.261,5.261,5.253,5.258,51218,0
EDMU.DE,D,20200121,000000,5.244,5.258,5.233,5.258,32382,0
EDMU.DE,D,20200122,000000,5.289,5.289,5.271,5.273,405,0
EDMU.DE,D,20200123,000000,5.255,5.262,5.248,5.262,11,0
EDMU.DE,D,20200124,000000,5.302,5.312,5.279,5.279,49945,0
EDMU.DE,D,20200127,000000,5.202,5.202,5.175,5.175,580,0
EDMU.DE,D,20200128,000000,5.198,5.232,5.184,5.232,2613,0
EDMU.DE,D,20200129,000000,5.254,5.261,5.248,5.248,40044,0
EDMU.DE,D,20200130,000000,5.175,5.19,5.175,5.19,95,0
EDMU.DE,D,20200131,000000,5.234,5.234,5.142,5.142,43110,0
EDMU.DE,D,20200203,000000,5.166,5.197,5.139,5.171,53265,0
EDMU.DE,D,20200204,000000,5.225,5.275,5.225,5.275,14827,0
EDMU.DE,D,20200205,000000,5.313,5.316,5.308,5.316,8343,0
EDMU.DE,D,20200206,000000,5.36,5.366,5.351,5.36,2423,0
EDMU.DE,D,20200207,000000,5.362,5.377,5.352,5.365,3088,0
EDMU.DE,D,20200210,000000,5.364,5.39,5.349,5.39,37729,0
EDMU.DE,D,20200211,000000,5.426,5.443,5.426,5.431,16006,0
EDMU.DE,D,20200212,000000,5.435,5.462,5.435,5.462,0,0
EDMU.DE,D,20200213,000000,5.452,5.493,5.452,5.493,1000,0
EDMU.DE,D,20200214,000000,5.503,5.505,5.502,5.502,0,0
EDMU.DE,D,20200217,000000,5.529,5.529,5.514,5.519,30062,0
EDMU.DE,D,20200218,000000,5.478,5.503,5.478,5.485,402,0
EDMU.DE,D,20200219,000000,5.522,5.549,5.522,5.549,863,0
EDMU.DE,D,20200220,000000,5.544,5.544,5.483,5.483,0,0
EDMU.DE,D,20200221,000000,5.477,5.499,5.444,5.444,10372,0
EDMU.DE,D,20200224,000000,5.357,5.357,5.273,5.273,82191,0
EDMU.DE,D,20200225,000000,5.296,5.296,5.174,5.174,10100,0
EDMU.DE,D,20200226,000000,5.112,5.147,5.091,5.141,5685,0
EDMU.DE,D,20200227,000000,5.005,5.005,4.9125,4.9125,18414,0
EDMU.DE,D,20200228,000000,4.713,4.75,4.682,4.682,663,0
EDMU.DE,D,20200302,000000,4.7595,4.7795,4.633,4.7795,5201,0
EDMU.DE,D,20200303,000000,4.881,4.933,4.824,4.824,215597,0
EDMU.DE,D,20200304,000000,4.8185,4.8855,4.8185,4.8645,111716,0
EDMU.DE,D,20200305,000000,4.909,4.909,4.8335,4.858,300,0
EDMU.DE,D,20200306,000000,4.717,4.717,4.6065,4.624,21422,0
EDMU.DE,D,20200309,000000,4.284,4.382,4.284,4.3305,62778,0
EDMU.DE,D,20200310,000000,4.3785,4.502,4.2885,4.2885,115570,0
EDMU.DE,D,20200311,000000,4.3695,4.3945,4.3365,4.3365,18487,0
EDMU.DE,D,20200312,000000,4.121,4.121,4.0005,4.0005,1950,0
EDMU.DE,D,20200313,000000,4.096,4.187,4.0335,4.0485,6731,0
EDMU.DE,D,20200316,000000,4.081,4.081,3.7975,4.005,53917,0
EDMU.DE,D,20200317,000000,3.845,4.028,3.83,4.028,79156,0
EDMU.DE,D,20200318,000000,3.8575,3.9955,3.8045,3.884,90836,0
EDMU.DE,D,20200319,000000,3.9475,4.004,3.8925,4.004,625,0
EDMU.DE,D,20200320,000000,4.0665,4.1855,3.927,3.9495,25613,0
EDMU.DE,D,20200323,000000,3.6845,3.844,3.592,3.694,17491,0
EDMU.DE,D,20200324,000000,3.8025,3.9965,3.8025,3.9965,1299,0
EDMU.DE,D,20200325,000000,4.0615,4.1135,3.9845,4.099,4877,0
EDMU.DE,D,20200326,000000,3.9275,4.1855,3.9275,4.173,17301,0
EDMU.DE,D,20200327,000000,4.173,4.173,4.089,4.089,1763,0
EDMU.DE,D,20200330,000000,4.083,4.183,4.08,4.183,885,0
EDMU.DE,D,20200331,000000,4.2525,4.27,4.2105,4.27,38268,0
EDMU.DE,D,20200401,000000,4.085,4.085,4.033,4.0605,768,0
EDMU.DE,D,20200402,000000,4.0515,4.0925,4.0495,4.0925,805,0
EDMU.DE,D,20200403,000000,4.098,4.134,4.095,4.095,885,0
EDMU.DE,D,20200406,000000,4.2385,4.2925,4.238,4.2925,9944,0
EDMU.DE,D,20200407,000000,4.4085,4.535,4.4085,4.438,156813,0
EDMU.DE,D,20200408,000000,4.343,4.4355,4.331,4.4355,22993,0
EDMU.DE,D,20200409,000000,4.513,4.547,4.438,4.5135,16763,0
EDMU.DE,D,20200414,000000,4.543,4.5715,4.54,4.5715,70898,0
EDMU.DE,D,20200415,000000,4.6055,4.613,4.53,4.613,28178,0
EDMU.DE,D,20200416,000000,4.6055,4.621,4.54,4.621,1491,0
EDMU.DE,D,20200417,000000,4.7545,4.7545,4.5835,4.6335,334697,0
EDMU.DE,D,20200420,000000,4.716,4.716,4.608,4.679,14244,0
EDMU.DE,D,20200421,000000,4.6095,4.6165,4.4615,4.4615,4404,0
EDMU.DE,D,20200422,000000,4.5225,4.573,4.5225,4.573,7470,0
EDMU.DE,D,20200423,000000,4.6095,4.6425,4.5705,4.6425,129557,0
EDMU.DE,D,20200424,000000,4.5915,4.64,4.5915,4.608,10427,0
EDMU.DE,D,20200427,000000,4.671,4.715,4.671,4.715,3325,0
EDMU.DE,D,20200428,000000,4.7265,4.77,4.7265,4.7335,3686,0
EDMU.DE,D,20200429,000000,4.7475,4.807,4.7355,4.807,8317,0
EDMU.DE,D,20200430,000000,4.832,4.846,4.7375,4.7375,13884,0
EDMU.DE,D,20200504,000000,4.5905,4.5965,4.552,4.5965,68975,0
EDMU.DE,D,20200505,000000,4.6725,4.7505,4.6725,4.7505,12104,0
EDMU.DE,D,20200506,000000,4.7475,4.783,4.733,4.733,16183,0
EDMU.DE,D,20200507,000000,4.7355,4.786,4.7355,4.786,176598,0
EDMU.DE,D,20200508,000000,4.8115,4.8255,4.791,4.809,6574,0
EDMU.DE,D,20200511,000000,4.865,4.865,4.7945,4.835,141797,0
EDMU.DE,D,20200512,000000,4.823,4.856,4.82,4.82,11975,0
EDMU.DE,D,20200513,000000,4.734,4.744,4.686,4.686,10066,0
EDMU.DE,D,20200514,000000,4.696,4.696,4.636,4.6515,50828,0
EDMU.DE,D,20200515,000000,4.7735,4.7735,4.6585,4.6895,454896,0
EDMU.DE,D,20200518,000000,4.7875,4.867,4.7875,4.866,22893,0
EDMU.DE,D,20200519,000000,4.857,4.857,4.8085,4.8425,15041,0
EDMU.DE,D,20200520,000000,4.7915,4.8485,4.7915,4.8485,8639,0
EDMU.DE,D,20200521,000000,4.8075,4.831,4.782,4.812,62013,0
EDMU.DE,D,20200522,000000,4.775,4.8295,4.775,4.825,6457,0
EDMU.DE,D,20200525,000000,4.909,4.915,4.8865,4.915,19603,0
EDMU.DE,D,20200526,000000,4.9865,4.9865,4.899,4.9015,271002,0
EDMU.DE,D,20200527,000000,4.9365,4.966,4.871,4.872,7275,0
EDMU.DE,D,20200528,000000,4.9435,4.9695,4.935,4.9415,14471,0
EDMU.DE,D,20200529,000000,4.88,4.9205,4.845,4.8555,713382,0
EDMU.DE,D,20200602,000000,4.93,4.939,4.895,4.906,21409,0
EDMU.DE,D,20200603,000000,4.931,4.979,4.93,4.9755,170156,0
EDMU.DE,D,20200604,000000,4.966,5.003,4.929,4.929,22086,0
EDMU.DE,D,20200605,000000,4.932,5.082,4.932,5.082,299045,0
EDMU.DE,D,20200608,000000,5.043,5.09,5.018,5.083,33836,0
EDMU.DE,D,20200609,000000,5.119,5.119,5.06,5.06,14429,0
EDMU.DE,D,20200610,000000,5.077,5.077,5.034,5.034,6933,0
EDMU.DE,D,20200611,000000,4.984,4.984,4.855,4.855,21583,0
EDMU.DE,D,20200612,000000,4.815,4.881,4.7745,4.844,7415,0
EDMU.DE,D,20200615,000000,4.719,4.8015,4.6915,4.8015,27272,0
EDMU.DE,D,20200616,000000,4.8955,4.9885,4.8955,4.977,8382,0
EDMU.DE,D,20200617,000000,4.9795,5.027,4.9795,4.9925,27670,0
EDMU.DE,D,20200618,000000,4.963,4.9855,4.959,4.9855,1773,0
EDMU.DE,D,20200619,000000,5.005,5.042,5.001,5.02,32860,0
EDMU.DE,D,20200622,000000,4.9645,4.9865,4.9475,4.9565,24457,0
EDMU.DE,D,20200623,000000,5.005,5.008,4.95,5.002,7581,0
EDMU.DE,D,20200624,000000,4.969,4.978,4.864,4.864,63255,0
EDMU.DE,D,20200625,000000,4.862,4.915,4.855,4.879,45011,0
EDMU.DE,D,20200626,000000,4.9385,4.9635,4.8675,4.8705,7279,0
EDMU.DE,D,20200629,000000,4.8305,4.8685,4.805,4.8685,30006,0
EDMU.DE,D,20200630,000000,4.907,4.9355,4.8945,4.932,6935,0
EDMU.DE,D,20200701,000000,5.026,5.026,4.956,4.9755,2241,0
EDMU.DE,D,20200702,000000,4.996,5.06,4.996,5.041,12320,0
EDMU.DE,D,20200703,000000,5.047,5.047,5.017,5.017,2588,0
EDMU.DE,D,20200706,000000,5.068,5.103,5.049,5.078,7935,0
EDMU.DE,D,20200707,000000,5.058,5.096,5.046,5.086,27209,0
EDMU.DE,D,20200708,000000,5.036,5.067,5.004,5.019,23097,0
EDMU.DE,D,20200709,000000,5.04,5.064,4.996,4.9985,9816,0
EDMU.DE,D,20200710,000000,5.016,5.048,5.016,5.048,36861,0
EDMU.DE,D,20200713,000000,5.112,5.148,5.077,5.148,3210,0
EDMU.DE,D,20200714,000000,5.046,5.059,4.9745,5.011,14131,0
EDMU.DE,D,20200715,000000,5.097,5.106,5.057,5.09,111812,0
EDMU.DE,D,20200716,000000,5.088,5.093,5.062,5.065,202635,0
EDMU.DE,D,20200717,000000,5.093,5.094,5.066,5.076,17007,0
EDMU.DE,D,20200720,000000,5.055,5.12,5.028,5.12,28173,0
EDMU.DE,D,20200721,000000,5.161,5.188,5.134,5.152,182353,0
EDMU.DE,D,20200722,000000,5.11,5.11,5.068,5.096,41512,0
EDMU.DE,D,20200723,000000,5.126,5.132,5.102,5.102,12868,0
EDMU.DE,D,20200724,000000,5.015,5.038,4.9765,5.001,71276,0
EDMU.DE,D,20200727,000000,4.969,4.998,4.94,4.94,25449,0
EDMU.DE,D,20200728,000000,4.992,5.004,4.9625,4.9895,30676,0
EDMU.DE,D,20200729,000000,4.955,4.9905,4.955,4.9905,42858,0
EDMU.DE,D,20200730,000000,4.9905,4.9905,4.927,4.9655,37640,0
EDMU.DE,D,20200731,000000,4.9585,4.9975,4.944,4.945,14745,0
EDMU.DE,D,20200803,000000,5.038,5.088,5.022,5.088,33945,0
EDMU.DE,D,20200804,000000,5.076,5.084,5.049,5.079,213158,0
EDMU.DE,D,20200805,000000,5.084,5.092,5.057,5.057,15531,0
EDMU.DE,D,20200806,000000,5.08,5.09,5.07,5.086,62974,0
EDMU.DE,D,20200807,000000,5.112,5.15,5.11,5.129,33666,0
EDMU.DE,D,20200810,000000,5.158,5.168,5.127,5.154,27374,0
EDMU.DE,D,20200811,000000,5.186,5.199,5.169,5.186,61995,0
EDMU.DE,D,20200812,000000,5.169,5.179,5.163,5.179,16266,0
EDMU.DE,D,20200813,000000,5.165,5.181,5.15,5.175,12309,0
EDMU.DE,D,20200814,000000,5.183,5.183,5.145,5.169,108909,0
EDMU.DE,D,20200817,000000,5.166,5.172,5.16,5.17,61146,0
EDMU.DE,D,20200818,000000,5.152,5.174,5.144,5.156,35304,0
EDMU.DE,D,20200819,000000,5.157,5.179,5.154,5.179,125322,0
EDMU.DE,D,20200820,000000,5.158,5.18,5.135,5.178,20428,0
EDMU.DE,D,20200821,000000,5.19,5.221,5.19,5.221,73128,0
EDMU.DE,D,20200824,000000,5.253,5.264,5.25,5.255,5770,0
EDMU.DE,D,20200825,000000,5.302,5.302,5.262,5.272,68652,0
EDMU.DE,D,20200826,000000,5.295,5.322,5.259,5.322,117567,0
EDMU.DE,D,20200827,000000,5.344,5.391,5.331,5.391,78364,0
EDMU.DE,D,20200828,000000,5.37,5.37,5.324,5.33,83041,0
EDMU.DE,D,20200831,000000,5.374,5.38,5.324,5.324,4991,0
EDMU.DE,D,20200901,000000,5.349,5.349,5.32,5.343,217303,0
EDMU.DE,D,20200902,000000,5.415,5.462,5.406,5.45,20525,0
EDMU.DE,D,20200903,000000,5.513,5.526,5.338,5.338,4481,0
EDMU.DE,D,20200904,000000,5.274,5.328,5.192,5.194,104496,0
EDMU.DE,D,20200907,000000,5.216,5.275,5.207,5.27,1308,0
EDMU.DE,D,20200908,000000,5.281,5.288,5.142,5.161,71700,0
EDMU.DE,D,20200909,000000,5.136,5.214,5.136,5.214,8006,0
EDMU.DE,D,20200910,000000,5.209,5.223,5.179,5.2,82325,0
EDMU.DE,D,20200911,000000,5.169,5.169,5.13,5.13,56211,0
EDMU.DE,D,20200914,000000,5.177,5.19,5.148,5.19,5110,0
EDMU.DE,D,20200915,000000,5.187,5.239,5.185,5.239,8221,0
EDMU.DE,D,20200916,000000,5.242,5.249,5.217,5.246,6176,0
EDMU.DE,D,20200917,000000,5.141,5.171,5.136,5.171,106999,0
EDMU.DE,D,20200918,000000,5.142,5.167,5.109,5.109,26927,0
EDMU.DE,D,20200921,000000,5.075,5.083,5.013,5.018,34843,0
EDMU.DE,D,20200922,000000,5.072,5.103,5.053,5.094,8282,0
EDMU.DE,D,20200923,000000,5.151,5.168,5.129,5.129,100050,0
EDMU.DE,D,20200924,000000,5.032,5.067,5.018,5.067,8515,0
EDMU.DE,D,20200925,000000,5.067,5.118,5.033,5.118,23956,0
EDMU.DE,D,20200928,000000,5.194,5.229,5.159,5.222,38043,0
EDMU.DE,D,20200929,000000,5.228,5.228,5.174,5.182,28349,0
EDMU.DE,D,20200930,000000,5.142,5.264,5.142,5.23,38261,0
EDMU.DE,D,20201001,000000,5.253,5.259,5.229,5.236,27535,0
EDMU.DE,D,20201002,000000,5.171,5.218,5.155,5.212,34600,0
EDMU.DE,D,20201005,000000,5.237,5.244,5.214,5.244,71835,0
EDMU.DE,D,20201006,000000,5.261,5.277,5.242,5.26,263260,0
EDMU.DE,D,20201007,000000,5.25,5.276,5.234,5.274,34322,0
EDMU.DE,D,20201008,000000,5.327,5.339,5.32,5.322,5748,0
EDMU.DE,D,20201009,000000,5.351,5.363,5.34,5.35,16407,0
EDMU.DE,D,20201012,000000,5.372,5.447,5.372,5.443,36125,0
EDMU.DE,D,20201013,000000,5.456,5.482,5.442,5.48,91283,0
EDMU.DE,D,20201014,000000,5.482,5.495,5.446,5.448,17928,0
EDMU.DE,D,20201015,000000,5.385,5.401,5.367,5.401,44883,0
EDMU.DE,D,20201016,000000,5.441,5.475,5.433,5.458,68276,0
EDMU.DE,D,20201019,000000,5.456,5.471,5.383,5.383,65500,0
EDMU.DE,D,20201020,000000,5.345,5.353,5.306,5.316,262391,0
EDMU.DE,D,20201021,000000,5.312,5.329,5.286,5.301,59113,0
EDMU.DE,D,20201022,000000,5.272,5.314,5.263,5.297,167357,0
EDMU.DE,D,20201023,000000,5.33,5.365,5.315,5.315,109254,0
EDMU.DE,D,20201026,000000,5.278,5.305,5.225,5.225,153486,0
EDMU.DE,D,20201027,000000,5.26,5.297,5.237,5.237,5105,0
EDMU.DE,D,20201028,000000,5.214,5.227,5.116,5.129,113841,0
EDMU.DE,D,20201029,000000,5.14,5.176,5.095,5.176,199429,0
EDMU.DE,D,20201030,000000,5.097,5.162,5.072,5.112,468536,0
EDMU.DE,D,20201102,000000,5.152,5.204,5.115,5.19,68783,0
EDMU.DE,D,20201103,000000,5.213,5.269,5.204,5.268,26631,0
EDMU.DE,D,20201104,000000,5.25,5.4,5.25,5.4,12411,0
EDMU.DE,D,20201105,000000,5.413,5.451,5.4,5.43,165818,0
EDMU.DE,D,20201106,000000,5.402,5.436,5.349,5.399,22795,0
EDMU.DE,D,20201109,000000,5.477,5.641,5.461,5.586,117897,0
EDMU.DE,D,20201110,000000,5.485,5.515,5.439,5.466,83750,0
EDMU.DE,D,20201111,000000,5.484,5.543,5.454,5.534,38111,0
EDMU.DE,D,20201112,000000,5.498,5.535,5.469,5.494,458238,0
EDMU.DE,D,20201113,000000,5.484,5.507,5.484,5.502,57027,0
EDMU.DE,D,20201116,000000,5.566,5.597,5.55,5.583,58916,0
EDMU.DE,D,20201117,000000,5.565,5.63,5.533,5.557,125413,0
EDMU.DE,D,20201118,000000,5.544,5.578,5.534,5.567,55906,0
EDMU.DE,D,20201119,000000,5.512,5.518,5.487,5.504,36078,0
EDMU.DE,D,20201120,000000,5.499,5.532,5.499,5.523,32141,0
EDMU.DE,D,20201123,000000,5.514,5.55,5.491,5.52,89600,0
EDMU.DE,D,20201124,000000,5.57,5.599,5.556,5.599,129177,0
EDMU.DE,D,20201125,000000,5.607,5.616,5.58,5.585,51910,0
EDMU.DE,D,20201126,000000,5.588,5.604,5.587,5.592,22360,0
EDMU.DE,D,20201127,000000,5.582,5.605,5.575,5.585,170406,0
EDMU.DE,D,20201130,000000,5.565,5.575,5.518,5.531,144078,0
EDMU.DE,D,20201201,000000,5.611,5.684,5.585,5.593,291486,0
EDMU.DE,D,20201202,000000,5.549,5.581,5.527,5.548,48054,0
EDMU.DE,D,20201203,000000,5.543,5.554,5.534,5.546,132237,0
EDMU.DE,D,20201204,000000,5.541,5.581,5.516,5.581,347243,0
EDMU.DE,D,20201207,000000,5.588,5.615,5.573,5.589,221503,0
EDMU.DE,D,20201208,000000,5.58,5.613,5.557,5.613,660516,0
EDMU.DE,D,20201209,000000,5.629,5.638,5.616,5.618,567196,0
EDMU.DE,D,20201210,000000,5.566,5.579,5.523,5.571,449047,0
EDMU.DE,D,20201211,000000,5.591,5.591,5.503,5.522,335547,0
EDMU.DE,D,20201214,000000,5.565,5.601,5.526,5.569,200284,0
EDMU.DE,D,20201215,000000,5.546,5.596,5.544,5.548,99929,0
EDMU.DE,D,20201216,000000,5.586,5.61,5.576,5.59,14552,0
EDMU.DE,D,20201217,000000,5.59,5.622,5.58,5.582,63946,0
EDMU.DE,D,20201218,000000,5.589,5.62,5.578,5.578,222591,0
EDMU.DE,D,20201221,000000,5.594,5.604,5.501,5.534,121986,0
EDMU.DE,D,20201222,000000,5.561,5.606,5.561,5.593,226916,0
EDMU.DE,D,20201223,000000,5.595,5.612,5.592,5.606,115663,0
EDMU.DE,D,20201228,000000,5.633,5.649,5.602,5.632,10257,0
EDMU.DE,D,20201229,000000,5.65,5.671,5.62,5.626,98211,0
EDMU.DE,D,20201230,000000,5.617,5.64,5.607,5.607,71573,0
EDMU.DE,D,20210104,000000,5.676,5.703,5.555,5.555,341975,0
EDMU.DE,D,20210105,000000,5.56,5.586,5.542,5.571,158510,0
EDMU.DE,D,20210106,000000,5.553,5.663,5.533,5.653,103023,0
EDMU.DE,D,20210107,000000,5.649,5.724,5.632,5.711,58232,0
EDMU.DE,D,20210108,000000,5.762,5.78,5.734,5.734,215505,0
EDMU.DE,D,20210111,000000,5.779,5.791,5.756,5.784,40331,0
EDMU.DE,D,20210112,000000,5.779,5.79,5.771,5.779,277153,0
EDMU.DE,D,20210113,000000,5.766,5.792,5.743,5.792,70382,0
EDMU.DE,D,20210114,000000,5.809,5.826,5.79,5.801,135634,0
EDMU.DE,D,20210115,000000,5.777,5.778,5.748,5.769,360700,0
EDMU.DE,D,20210118,000000,5.758,5.782,5.734,5.78,23186,0
EDMU.DE,D,20210119,000000,5.785,5.794,5.769,5.771,121895,0
EDMU.DE,D,20210120,000000,5.784,5.864,5.784,5.861,37734,0
EDMU.DE,D,20210121,000000,5.893,5.914,5.864,5.865,26718,0
EDMU.DE,D,20210122,000000,5.822,5.839,5.804,5.832,36483,0
EDMU.DE,D,20210125,000000,5.86,5.884,5.824,5.836,64259,0
EDMU.DE,D,20210126,000000,5.857,5.884,5.85,5.859,282739,0
EDMU.DE,D,20210127,000000,5.842,5.862,5.787,5.787,96073,0
EDMU.DE,D,20210128,000000,5.709,5.81,5.676,5.81,89966,0
EDMU.DE,D,20210129,000000,5.711,5.741,5.687,5.687,37796,0
EDMU.DE,D,20210201,000000,5.726,5.762,5.68,5.762,97624,0
EDMU.DE,D,20210202,000000,5.827,5.907,5.821,5.907,86806,0
EDMU.DE,D,20210203,000000,5.919,5.924,5.886,5.892,57959,0
EDMU.DE,D,20210204,000000,5.9,5.964,5.9,5.963,33653,0
EDMU.DE,D,20210205,000000,6.002,6.023,5.976,5.985,179422,0
EDMU.DE,D,20210208,000000,5.988,6.014,5.988,5.992,47888,0
EDMU.DE,D,20210209,000000,5.999,6.025,5.978,5.994,97762,0
EDMU.DE,D,20210210,000000,5.99,6.019,5.947,5.963,174043,0
EDMU.DE,D,20210211,000000,5.992,5.998,5.983,5.993,72180,0
EDMU.DE,D,20210212,000000,5.982,6.013,5.975,6.005,257731,0
EDMU.DE,D,20210215,000000,6.048,6.095,6.037,6.056,47679,0
EDMU.DE,D,20210216,000000,6.048,6.058,6.025,6.031,129912,0
EDMU.DE,D,20210217,000000,6.037,6.044,6.004,6.004,122835,0
EDMU.DE,D,20210218,000000,6.034,6.034,5.963,5.982,31157,0
EDMU.DE,D,20210219,000000,5.982,6.004,5.982,5.996,76644,0
EDMU.DE,D,20210222,000000,5.937,5.937,5.903,5.923,106914,0
EDMU.DE,D,20210223,000000,5.931,5.941,5.809,5.868,100588,0
EDMU.DE,D,20210224,000000,5.893,5.938,5.88,5.938,23936,0
EDMU.DE,D,20210225,000000,5.952,5.973,5.862,5.862,249564,0
EDMU.DE,D,20210226,000000,5.818,5.855,5.771,5.853,516790,0
EDMU.DE,D,20210301,000000,5.911,5.973,5.875,5.97,305080,0
EDMU.DE,D,20210302,000000,5.984,5.992,5.929,5.929,124384,0
EDMU.DE,D,20210303,000000,5.948,5.964,5.876,5.899,208688,0
EDMU.DE,D,20210304,000000,5.842,5.86,5.793,5.846,56960,0
EDMU.DE,D,20210305,000000,5.785,5.879,5.76,5.764,242899,0
EDMU.DE,D,20210308,000000,5.897,5.997,5.873,5.997,143661,0
EDMU.DE,D,20210309,000000,5.949,6.021,5.925,6.019,296651,0
EDMU.DE,D,20210310,000000,5.988,6.036,5.988,6.034,27772,0
EDMU.DE,D,20210311,000000,6.044,6.084,6.021,6.078,540846,0
EDMU.DE,D,20210312,000000,6.047,6.072,6.038,6.038,107216,0
EDMU.DE,D,20210315,000000,6.109,6.11,6.055,6.085,51834,0
EDMU.DE,D,20210316,000000,6.136,6.166,6.119,6.147,149440,0
EDMU.DE,D,20210317,000000,6.133,6.161,6.087,6.1,74039,0
EDMU.DE,D,20210318,000000,6.102,6.126,6.085,6.101,602710,0
EDMU.DE,D,20210319,000000,6.051,6.075,6.028,6.064,279067,0
EDMU.DE,D,20210322,000000,6.037,6.084,6.037,6.084,100681,0
EDMU.DE,D,20210323,000000,6.083,6.12,6.056,6.113,85187,0
EDMU.DE,D,20210324,000000,6.09,6.133,6.082,6.109,63398,0
EDMU.DE,D,20210325,000000,6.062,6.088,6.011,6.073,140559,0
EDMU.DE,D,20210326,000000,6.138,6.142,6.102,6.136,173494,0
EDMU.DE,D,20210329,000000,6.167,6.195,6.145,6.175,111870,0
EDMU.DE,D,20210330,000000,6.22,6.232,6.184,6.209,211099,0
EDMU.DE,D,20210331,000000,6.199,6.245,6.175,6.245,41352,0
EDMU.DE,D,20210401,000000,6.264,6.282,6.252,6.271,258996,0
EDMU.DE,D,20210406,000000,6.346,6.36,6.327,6.349,83027,0
EDMU.DE,D,20210407,000000,6.327,6.329,6.295,6.311,100433,0
EDMU.DE,D,20210408,000000,6.359,6.359,6.328,6.33,350177,0
EDMU.DE,D,20210409,000000,6.349,6.364,6.337,6.359,114079,0
EDMU.DE,D,20210412,000000,6.382,6.391,6.366,6.367,74717,0
EDMU.DE,D,20210413,000000,6.396,6.405,6.373,6.38,222016,0
EDMU.DE,D,20210414,000000,6.38,6.402,6.377,6.379,87706,0
EDMU.DE,D,20210415,000000,6.382,6.416,6.366,6.416,529426,0
EDMU.DE,D,20210416,000000,6.428,6.433,6.395,6.429,102590,0
EDMU.DE,D,20210419,000000,6.421,6.426,6.373,6.373,71276,0
EDMU.DE,D,20210420,000000,6.359,6.368,6.307,6.307,178058,0
EDMU.DE,D,20210421,000000,6.344,6.365,6.329,6.365,39451,0
EDMU.DE,D,20210422,000000,6.387,6.413,6.37,6.413,1010773,0
EDMU.DE,D,20210423,000000,6.352,6.384,6.316,6.384,108895,0
EDMU.DE,D,20210426,000000,6.388,6.405,6.36,6.402,69104,0
EDMU.DE,D,20210427,000000,6.41,6.419,6.38,6.393,373643,0
EDMU.DE,D,20210428,000000,6.394,6.409,6.382,6.382,90311,0
EDMU.DE,D,20210429,000000,6.397,6.409,6.372,6.372,28239,0
EDMU.DE,D,20210430,000000,6.389,6.409,6.358,6.399,109753,0
EDMU.DE,D,20210503,000000,6.4,6.438,6.393,6.399,334879,0
EDMU.DE,D,20210504,000000,6.405,6.418,6.321,6.332,149847,0
EDMU.DE,D,20210505,000000,6.386,6.429,6.376,6.397,98369,0
EDMU.DE,D,20210506,000000,6.384,6.387,6.329,6.357,163093,0
EDMU.DE,D,20210507,000000,6.395,6.419,6.371,6.401,176422,0
EDMU.DE,D,20210510,000000,6.401,6.417,6.366,6.383,83324,0
EDMU.DE,D,20210511,000000,6.311,6.32,6.218,6.255,98075,0
EDMU.DE,D,20210512,000000,6.258,6.297,6.218,6.218,59624,0
EDMU.DE,D,20210513,000000,6.161,6.274,6.139,6.246,60396,0
EDMU.DE,D,20210514,000000,6.282,6.302,6.246,6.302,291889,0
EDMU.DE,D,20210517,000000,6.318,6.318,6.271,6.272,88638,0
EDMU.DE,D,20210518,000000,6.296,6.304,6.245,6.256,104884,0
EDMU.DE,D,20210519,000000,6.167,6.167,6.111,6.133,36316,0
EDMU.DE,D,20210520,000000,6.195,6.264,6.168,6.264,106267,0
EDMU.DE,D,20210521,000000,6.264,6.316,6.263,6.296,59589,0
EDMU.DE,D,20210525,000000,6.325,6.348,6.301,6.302,132034,0
EDMU.DE,D,20210526,000000,6.313,6.338,6.298,6.328,79682,0
EDMU.DE,D,20210527,000000,6.322,6.357,6.305,6.347,149090,0
EDMU.DE,D,20210528,000000,6.362,6.382,6.35,6.357,187783,0
EDMU.DE,D,20210531,000000,6.369,6.371,6.318,6.318,136244,0
EDMU.DE,D,20210601,000000,6.342,6.374,6.316,6.327,437501,0
EDMU.DE,D,20210602,000000,6.335,6.362,6.335,6.352,30582,0
EDMU.DE,D,20210603,000000,6.355,6.376,6.303,6.376,1145837,0
EDMU.DE,D,20210604,000000,6.371,6.385,6.347,6.384,195695,0
EDMU.DE,D,20210607,000000,6.399,6.41,6.379,6.38,140254,0
EDMU.DE,D,20210608,000000,6.402,6.414,6.373,6.382,179507,0
EDMU.DE,D,20210609,000000,6.387,6.423,6.377,6.397,210924,0
EDMU.DE,D,20210610,000000,6.395,6.432,6.385,6.424,16492,0
EDMU.DE,D,20210611,000000,6.418,6.467,6.408,6.467,99904,0
EDMU.DE,D,20210614,000000,6.489,6.506,6.453,6.459,101489,0
EDMU.DE,D,20210615,000000,6.496,6.513,6.458,6.458,114520,0
EDMU.DE,D,20210616,000000,6.469,6.478,6.453,6.471,75353,0
EDMU.DE,D,20210617,000000,6.484,6.555,6.484,6.555,64363,0
EDMU.DE,D,20210618,000000,6.567,6.578,6.512,6.512,191622,0
EDMU.DE,D,20210621,000000,6.48,6.546,6.452,6.545,65298,0
EDMU.DE,D,20210622,000000,6.558,6.591,6.553,6.585,1214547,0
EDMU.DE,D,20210623,000000,6.605,6.616,6.567,6.576,50858,0
EDMU.DE,D,20210624,000000,6.589,6.615,6.589,6.612,40071,0
EDMU.DE,D,20210625,000000,6.61,6.625,6.608,6.621,68701,0
EDMU.DE,D,20210628,000000,6.638,6.658,6.631,6.645,93462,0
EDMU.DE,D,20210629,000000,6.655,6.697,6.648,6.677,256981,0
EDMU.DE,D,20210630,000000,6.689,6.715,6.671,6.704,209476,0
EDMU.DE,D,20210701,000000,6.728,6.761,6.697,6.719,424410,0
EDMU.DE,D,20210702,000000,6.756,6.777,6.752,6.771,49026,0
EDMU.DE,D,20210705,000000,6.78,6.792,6.768,6.79,116796,0
EDMU.DE,D,20210706,000000,6.771,6.811,6.758,6.771,77286,0
EDMU.DE,D,20210707,000000,6.802,6.829,6.792,6.818,91451,0
EDMU.DE,D,20210708,000000,6.806,6.811,6.698,6.733,121953,0
EDMU.DE,D,20210709,000000,6.783,6.805,6.752,6.802,768696,0
EDMU.DE,D,20210712,000000,6.812,6.828,6.79,6.826,130122,0
EDMU.DE,D,20210713,000000,6.834,6.874,6.829,6.874,160189,0
EDMU.DE,D,20210714,000000,6.848,6.866,6.837,6.837,176147,0
EDMU.DE,D,20210715,000000,6.837,6.837,6.806,6.825,47025,0
EDMU.DE,D,20210716,000000,6.835,6.849,6.804,6.804,212339,0
EDMU.DE,D,20210719,000000,6.774,6.784,6.642,6.692,142263,0
EDMU.DE,D,20210720,000000,6.734,6.8,6.703,6.79,153496,0
EDMU.DE,D,20210721,000000,6.821,6.838,6.802,6.826,58483,0
EDMU.DE,D,20210722,000000,6.854,6.861,6.82,6.857,279137,0
EDMU.DE,D,20210723,000000,6.897,6.939,6.891,6.939,143549,0
EDMU.DE,D,20210726,000000,6.927,6.933,6.901,6.933,34436,0
EDMU.DE,D,20210727,000000,6.935,6.944,6.856,6.856,209587,0
EDMU.DE,D,20210728,000000,6.885,6.921,6.885,6.906,36606,0
EDMU.DE,D,20210729,000000,6.9,6.9,6.869,6.89,92426,0
EDMU.DE,D,20210730,000000,6.825,6.868,6.809,6.858,65815,0
EDMU.DE,D,20210802,000000,6.912,6.912,6.867,6.878,393698,0
EDMU.DE,D,20210803,000000,6.862,6.866,6.834,6.855,260008,0
EDMU.DE,D,20210804,000000,6.888,6.901,6.854,6.891,21008,0
EDMU.DE,D,20210805,000000,6.894,6.925,6.884,6.922,246599,0
EDMU.DE,D,20210806,000000,6.936,6.987,6.936,6.976,165126,0
EDMU.DE,D,20210809,000000,6.977,6.991,6.968,6.985,96390,0
EDMU.DE,D,20210810,000000,6.99,7.025,6.99,7.008,108014,0
EDMU.DE,D,20210811,000000,7.009,7.018,6.988,6.997,62054,0
EDMU.DE,D,20210812,000000,7.003,7.016,6.995,7.015,89707,0
EDMU.DE,D,20210813,000000,7.033,7.042,6.997,6.997,164443,0
EDMU.DE,D,20210816,000000,6.998,7.01,6.971,6.991,90531,0
EDMU.DE,D,20210817,000000,7.009,7.031,6.993,7.025,95372,0
EDMU.DE,D,20210818,000000,7.025,7.033,7.005,7.015,198165,0
EDMU.DE,D,20210819,000000,6.916,6.974,6.893,6.963,55789,0
EDMU.DE,D,20210820,000000,6.972,7.036,6.933,7.027,156153,0
EDMU.DE,D,20210823,000000,7.046,7.07,7.029,7.07,51852,0
EDMU.DE,D,20210824,000000,7.081,7.092,7.064,7.078,306204,0
