<TICKER>,<PER>,<DATE>,<TIME>,<OPEN>,<HIGH>,<LOW>,<CLOSE>,<VOL>,<OPENINT>
EMNU.DE,D,20190508,000000,4.898922,4.908451,4.884628,4.908451,0,0
EMNU.DE,D,20190509,000000,4.884628,4.884628,4.835077,4.835077,0,0
EMNU.DE,D,20190510,000000,4.870335,4.87224,4.850323,4.850323,0,0
EMNU.DE,D,20190513,000000,4.848418,4.848418,4.788384,4.788384,500,0
EMNU.DE,D,20190514,000000,4.80649,4.844606,4.80649,4.844606,0,0
EMNU.DE,D,20190515,000000,4.848418,4.863664,4.831265,4.863664,0,0
EMNU.DE,D,20190516,000000,4.855088,4.927509,4.855088,4.927509,0,0
EMNU.DE,D,20190517,000000,4.905592,4.909404,4.889393,4.909404,0,0
EMNU.DE,D,20190520,000000,4.906545,4.906545,4.854135,4.856041,500,0
EMNU.DE,D,20190521,000000,4.88177,4.894157,4.88177,4.893205,0,0
EMNU.DE,D,20190522,000000,4.890346,4.890346,4.887487,4.889393,0,0
EMNU.DE,D,20190523,000000,4.856994,4.856994,4.816972,4.816972,550,0
EMNU.DE,D,20190524,000000,4.837936,4.855088,4.837936,4.844606,0,0
EMNU.DE,D,20190527,000000,4.867476,4.867476,4.851276,4.856041,0,0
EMNU.DE,D,20190528,000000,4.864617,4.864617,4.839841,4.839841,0,0
EMNU.DE,D,20190529,000000,4.804584,4.804584,4.780761,4.780761,550,0
EMNU.DE,D,20190530,000000,4.800772,4.810301,4.798866,4.810301,0,0
EMNU.DE,D,20190531,000000,4.76742,4.76742,4.740739,4.76742,0,0
EMNU.DE,D,20190603,000000,4.740739,4.780761,4.740739,4.779808,1050,0
EMNU.DE,D,20190604,000000,4.749315,4.808395,4.749315,4.808395,0,0
EMNU.DE,D,20190605,000000,4.80649,4.830312,4.80649,4.820783,0,0
EMNU.DE,D,20190606,000000,4.821736,4.851276,4.818877,4.818877,0,0
EMNU.DE,D,20190607,000000,4.838889,4.882723,4.838889,4.866523,1050,0
EMNU.DE,D,20190611,000000,4.891299,4.919886,4.891299,4.909404,50,0
EMNU.DE,D,20190612,000000,4.887487,4.897969,4.887487,4.897969,0,0
EMNU.DE,D,20190613,000000,4.911577,4.911577,4.907689,4.907689,0,0
EMNU.DE,D,20190614,000000,4.888249,4.888249,4.872697,4.888249,500,0
EMNU.DE,D,20190617,000000,4.894081,4.894081,4.880473,4.880473,0,0
EMNU.DE,D,20190618,000000,4.877557,4.969898,4.877557,4.969898,50,0
EMNU.DE,D,20190619,000000,4.967954,4.967954,4.965038,4.966982,200,0
EMNU.DE,D,20190620,000000,5.001974,5.001974,4.989338,4.989338,0,0
EMNU.DE,D,20190621,000000,4.993226,4.993226,4.971842,4.971842,700,0
EMNU.DE,D,20190624,000000,4.971842,4.971842,4.95629,4.95629,20000,0
EMNU.DE,D,20190625,000000,4.939766,4.95143,4.939766,4.949486,0,0
EMNU.DE,D,20190626,000000,4.938794,4.95143,4.934906,4.934906,0,0
EMNU.DE,D,20190627,000000,4.944626,4.944626,4.931018,4.934906,0,0
EMNU.DE,D,20190628,000000,4.937822,4.972814,4.937822,4.972814,0,0
EMNU.DE,D,20190701,000000,5.033079,5.033079,5.014611,5.015583,20000,0
EMNU.DE,D,20190702,000000,5.021415,5.031135,5.021415,5.031135,0,0
EMNU.DE,D,20190703,000000,5.037939,5.075847,5.037939,5.075847,1000,0
EMNU.DE,D,20190704,000000,5.087511,5.087511,5.074875,5.079735,0,0
EMNU.DE,D,20190705,000000,5.071959,5.071959,5.042799,5.042799,0,0
EMNU.DE,D,20190708,000000,5.030163,5.041827,5.030163,5.035995,0,0
EMNU.DE,D,20190709,000000,5.011695,5.011695,5.00975,5.00975,0,0
EMNU.DE,D,20190710,000000,4.993226,5.027247,4.993226,4.999058,1000,0
EMNU.DE,D,20190711,000000,5.014611,5.014611,4.993226,4.993226,0,0
EMNU.DE,D,20190712,000000,4.994198,5.003918,4.993226,4.993226,1000,0
EMNU.DE,D,20190715,000000,4.998086,5.003918,4.997114,5.003918,0,0
EMNU.DE,D,20190716,000000,5.001974,5.018499,5.001974,5.018499,0,0
EMNU.DE,D,20190717,000000,5.014611,5.018499,4.997114,4.997114,0,0
EMNU.DE,D,20190718,000000,4.960178,4.988366,4.960178,4.972814,0,0
EMNU.DE,D,20190719,000000,4.996142,4.996142,4.97087,4.982534,1000,0
EMNU.DE,D,20190722,000000,4.983506,4.99031,4.983506,4.99031,0,0
EMNU.DE,D,20190723,000000,5.011695,5.041827,5.011695,5.041827,0,0
EMNU.DE,D,20190724,000000,5.042799,5.050575,5.042799,5.050575,0,0
EMNU.DE,D,20190725,000000,5.063211,5.063211,5.019471,5.019471,0,0
EMNU.DE,D,20190726,000000,5.023359,5.043771,5.023359,5.043771,0,0
EMNU.DE,D,20190729,000000,5.030163,5.055435,5.030163,5.044743,0,0
EMNU.DE,D,20190730,000000,5.030163,5.030163,4.973786,4.973786,0,0
EMNU.DE,D,20190731,000000,4.969898,4.978646,4.969898,4.978646,0,0
EMNU.DE,D,20190801,000000,4.964066,5.011695,4.964066,5.011695,0,0
EMNU.DE,D,20190802,000000,4.918381,4.918381,4.885333,4.885333,0,0
EMNU.DE,D,20190805,000000,4.838676,4.838676,4.773066,4.773066,4854,0
EMNU.DE,D,20190806,000000,4.768691,4.802712,4.747793,4.747793,0,0
EMNU.DE,D,20190807,000000,4.762859,4.793964,4.762859,4.763831,0,0
EMNU.DE,D,20190808,000000,4.814376,4.845966,4.807572,4.845966,0,0
EMNU.DE,D,20190809,000000,4.840134,4.844022,4.80417,4.80417,398,0
EMNU.DE,D,20190812,000000,4.835274,4.835274,4.78716,4.78716,1000,0
EMNU.DE,D,20190813,000000,4.774038,4.820208,4.765289,4.820208,0,0
EMNU.DE,D,20190814,000000,4.815834,4.815834,4.763345,4.763345,0,0
EMNU.DE,D,20190815,000000,4.756055,4.756055,4.703567,4.734185,0,0
EMNU.DE,D,20190816,000000,4.750709,4.792506,4.750709,4.792506,0,0
EMNU.DE,D,20190819,000000,4.829442,4.845966,4.829442,4.845966,500,0
EMNU.DE,D,20190820,000000,4.84791,4.84791,4.815348,4.815348,0,0
EMNU.DE,D,20190821,000000,4.832358,4.874641,4.832358,4.874641,0,0
EMNU.DE,D,20190822,000000,4.853743,4.863949,4.853743,4.857631,0,0
EMNU.DE,D,20190823,000000,4.875613,4.885333,4.812432,4.812432,0,0
EMNU.DE,D,20190826,000000,4.805142,4.836732,4.805142,4.836732,500,0
EMNU.DE,D,20190827,000000,4.810974,4.856659,4.810974,4.856659,0,0
EMNU.DE,D,20190828,000000,4.839162,4.846452,4.827498,4.846452,0,0
EMNU.DE,D,20190829,000000,4.832844,4.896997,4.832844,4.896997,17,0
EMNU.DE,D,20190830,000000,4.898941,4.940738,4.898941,4.934906,0,0
EMNU.DE,D,20190902,000000,4.94171,4.960178,4.94171,4.950458,0,0
EMNU.DE,D,20190903,000000,4.939766,4.943654,4.937822,4.943654,0,0
EMNU.DE,D,20190904,000000,4.976702,4.98545,4.976702,4.98545,0,0
EMNU.DE,D,20190905,000000,5.018499,5.030163,5.016555,5.023359,17,0
EMNU.DE,D,20190906,000000,5.019471,5.037939,5.019471,5.037939,0,0
EMNU.DE,D,20190909,000000,5.045715,5.045715,5.021415,5.021415,0,0
EMNU.DE,D,20190910,000000,5.011695,5.027247,5.011695,5.027247,0,0
EMNU.DE,D,20190911,000000,5.045715,5.073903,5.045715,5.073903,0,0
EMNU.DE,D,20190912,000000,5.083623,5.083623,5.070987,5.083623,10,0
EMNU.DE,D,20190913,000000,5.087511,5.100148,5.087511,5.100148,0,0
EMNU.DE,D,20190916,000000,5.082651,5.087511,5.078763,5.078763,0,0
EMNU.DE,D,20190917,000000,5.071959,5.075847,5.065155,5.075847,0,0
EMNU.DE,D,20190918,000000,5.071959,5.080707,5.071959,5.075847,0,0
EMNU.DE,D,20190919,000000,5.075847,5.11084,5.075847,5.11084,0,0
EMNU.DE,D,20190920,000000,5.116672,5.128336,5.116672,5.121532,0,0
EMNU.DE,D,20190923,000000,5.116672,5.116672,5.088483,5.088483,0,0
EMNU.DE,D,20190924,000000,5.102092,5.103064,5.083623,5.083623,0,0
EMNU.DE,D,20190925,000000,5.064183,5.064183,5.019471,5.051547,0,0
EMNU.DE,D,20190926,000000,5.053491,5.095288,5.053491,5.095288,0,0
EMNU.DE,D,20190927,000000,5.109868,5.121532,5.109868,5.114728,0,0
EMNU.DE,D,20191001,000000,5.147776,5.147776,5.065155,5.065155,0,0
EMNU.DE,D,20191002,000000,5.052519,5.052519,4.921297,4.921297,23,0
EMNU.DE,D,20191004,000000,4.933934,4.969898,4.933934,4.969898,0,0
EMNU.DE,D,20191007,000000,4.96115,5.003918,4.96115,5.003918,0,0
EMNU.DE,D,20191008,000000,5.002946,5.002946,4.939766,4.939766,0,0
EMNU.DE,D,20191009,000000,4.938794,4.969898,4.938794,4.965038,0,0
EMNU.DE,D,20191010,000000,4.968926,5.003918,4.960178,5.003918,0,0
EMNU.DE,D,20191011,000000,5.026275,5.114728,5.026275,5.114728,0,0
EMNU.DE,D,20191014,000000,5.087511,5.094316,5.075847,5.094316,0,0
EMNU.DE,D,20191015,000000,5.132224,5.145832,5.111812,5.145832,350,0
EMNU.DE,D,20191016,000000,5.14972,5.151664,5.136112,5.140972,225,0
EMNU.DE,D,20191017,000000,5.128336,5.151664,5.128336,5.129308,0,0
EMNU.DE,D,20191018,000000,5.121532,5.215817,5.118616,5.118616,135509,0
EMNU.DE,D,20191021,000000,5.16916,5.16916,5.145832,5.153608,810,0
EMNU.DE,D,20191022,000000,5.158468,5.166244,5.158468,5.166244,0,0
EMNU.DE,D,20191023,000000,5.143888,5.172077,5.143888,5.172077,1500,0
EMNU.DE,D,20191024,000000,5.184713,5.206097,5.184713,5.203181,0,0
EMNU.DE,D,20191025,000000,5.205125,5.209013,5.187629,5.209013,0,0
EMNU.DE,D,20191028,000000,5.208041,5.223593,5.208041,5.223593,0,0
EMNU.DE,D,20191029,000000,5.215817,5.215817,5.200265,5.211929,0,0
EMNU.DE,D,20191030,000000,5.215817,5.218733,5.213873,5.218733,0,0
EMNU.DE,D,20191031,000000,5.218733,5.218733,5.194433,5.194433,0,0
EMNU.DE,D,20191101,000000,5.210957,5.227481,5.210957,5.227481,0,0
EMNU.DE,D,20191104,000000,5.245949,5.277054,5.245949,5.277054,0,0
EMNU.DE,D,20191105,000000,5.273166,5.28969,5.273166,5.28969,45,0
EMNU.DE,D,20191106,000000,5.287746,5.296494,5.287746,5.296494,0,0
EMNU.DE,D,20191107,000000,5.317878,5.319822,5.308158,5.319822,0,0
EMNU.DE,D,20191108,000000,5.300382,5.308158,5.300382,5.303298,2,0
EMNU.DE,D,20191111,000000,5.283858,5.300382,5.281914,5.300382,0,0
EMNU.DE,D,20191112,000000,5.313018,5.321766,5.311074,5.321766,0,0
EMNU.DE,D,20191113,000000,5.307186,5.30913,5.288718,5.30913,1000,0
EMNU.DE,D,20191114,000000,5.306214,5.308158,5.276082,5.276082,0,0
EMNU.DE,D,20191115,000000,5.300382,5.300382,5.276082,5.296494,72,0
EMNU.DE,D,20191118,000000,5.306214,5.306214,5.29941,5.29941,0,0
EMNU.DE,D,20191119,000000,5.302326,5.322738,5.290662,5.290662,0,0
EMNU.DE,D,20191120,000000,5.256642,5.266362,5.25567,5.266362,500,0
EMNU.DE,D,20191121,000000,5.231369,5.244005,5.231369,5.244005,72,0
EMNU.DE,D,20191122,000000,5.253726,5.271222,5.253726,5.27025,0,0
EMNU.DE,D,20191125,000000,5.298438,5.326626,5.298438,5.326626,0,0
EMNU.DE,D,20191126,000000,5.319822,5.32857,5.319822,5.32857,0,0
EMNU.DE,D,20191127,000000,5.342179,5.354815,5.334403,5.347039,1023,0
EMNU.DE,D,20191128,000000,5.337319,5.337319,5.334403,5.336347,0,0
EMNU.DE,D,20191129,000000,5.316906,5.334403,5.313018,5.313018,0,0
EMNU.DE,D,20191202,000000,5.350927,5.350927,5.224565,5.224565,1000,0
EMNU.DE,D,20191203,000000,5.244977,5.244977,5.201237,5.201237,0,0
EMNU.DE,D,20191204,000000,5.204153,5.256642,5.204153,5.256642,225,0
EMNU.DE,D,20191205,000000,5.272194,5.27997,5.246921,5.246921,0,0
EMNU.DE,D,20191206,000000,5.272194,5.317878,5.272194,5.317878,0,0
EMNU.DE,D,20191209,000000,5.316906,5.316906,5.301354,5.301354,4300,0
EMNU.DE,D,20191210,000000,5.282886,5.287746,5.243033,5.287746,0,0
EMNU.DE,D,20191211,000000,5.285802,5.297466,5.282886,5.297466,0,0
EMNU.DE,D,20191212,000000,5.304425,5.321087,5.303445,5.321087,0,0
EMNU.DE,D,20191213,000000,5.393616,5.397537,5.373034,5.373034,0,0
EMNU.DE,D,20191216,000000,5.404397,5.447523,5.404397,5.447523,400,0
EMNU.DE,D,20191217,000000,5.429881,5.429881,5.408318,5.408318,0,0
EMNU.DE,D,20191218,000000,5.407338,5.431841,5.406358,5.406358,9792,0
EMNU.DE,D,20191219,000000,5.411258,5.414199,5.405378,5.414199,4975,0
EMNU.DE,D,20191220,000000,5.42204,5.460264,5.42204,5.460264,0,0
EMNU.DE,D,20191223,000000,5.488688,5.488688,5.458304,5.458304,21372,0
EMNU.DE,D,20191227,000000,5.481827,5.483787,5.474966,5.474966,0,0
EMNU.DE,D,20191230,000000,5.462225,5.462225,5.440662,5.452424,405,0
EMNU.DE,D,20200102,000000,5.449483,5.483787,5.449483,5.477907,0,0
EMNU.DE,D,20200103,000000,5.428901,5.454384,5.424,5.454384,0,0
EMNU.DE,D,20200106,000000,5.418119,5.432821,5.400477,5.432821,0,0
EMNU.DE,D,20200107,000000,5.457324,5.457324,5.441642,5.447523,4805,0
EMNU.DE,D,20200108,000000,5.42596,5.459284,5.42596,5.459284,0,0
EMNU.DE,D,20200109,000000,5.486728,5.486728,5.466145,5.466145,0,0
EMNU.DE,D,20200110,000000,5.479867,5.479867,5.455364,5.455364,0,0
EMNU.DE,D,20200113,000000,5.457324,5.457324,5.448503,5.450463,0,0
EMNU.DE,D,20200114,000000,5.450463,5.465165,5.450463,5.465165,0,0
EMNU.DE,D,20200115,000000,5.467125,5.471046,5.462225,5.465165,1000,0
EMNU.DE,D,20200116,000000,5.474966,5.478887,5.463205,5.478887,79,0
EMNU.DE,D,20200117,000000,5.50535,5.526913,5.50535,5.526913,0,0
EMNU.DE,D,20200120,000000,5.520052,5.530833,5.50633,5.525933,9550,0
EMNU.DE,D,20200121,000000,5.482807,5.515151,5.482807,5.515151,0,0
EMNU.DE,D,20200122,000000,5.525933,5.527893,5.512211,5.512211,8043,0
EMNU.DE,D,20200123,000000,5.50143,5.50143,5.476927,5.476927,1575,0
EMNU.DE,D,20200124,000000,5.50437,5.546515,5.50437,5.521032,500,0
EMNU.DE,D,20200127,000000,5.482807,5.482807,5.396557,5.396557,2000,0
EMNU.DE,D,20200128,000000,5.413219,5.437722,5.398517,5.437722,0,0
EMNU.DE,D,20200129,000000,5.436742,5.463205,5.436742,5.457324,200,0
EMNU.DE,D,20200130,000000,5.395576,5.412238,5.395576,5.412238,0,0
EMNU.DE,D,20200131,000000,5.429881,5.429881,5.349511,5.349511,24,0
EMNU.DE,D,20200203,000000,5.359312,5.359312,5.34755,5.354411,277,0
EMNU.DE,D,20200204,000000,5.388716,5.444583,5.388716,5.444583,0,0
EMNU.DE,D,20200205,000000,5.50731,5.514171,5.50731,5.514171,0,0
EMNU.DE,D,20200206,000000,5.554356,5.554356,5.537694,5.538674,200,0
EMNU.DE,D,20200207,000000,5.536714,5.536714,5.519072,5.522012,3750,0
EMNU.DE,D,20200210,000000,5.512211,5.524953,5.512211,5.524953,0,0
EMNU.DE,D,20200211,000000,5.564158,5.574939,5.564158,5.574939,0,0
EMNU.DE,D,20200212,000000,5.58572,5.610223,5.58572,5.610223,0,0
EMNU.DE,D,20200213,000000,5.571999,5.611203,5.571999,5.611203,0,0
EMNU.DE,D,20200214,000000,5.609243,5.621985,5.606303,5.606303,0,0
EMNU.DE,D,20200217,000000,5.624925,5.624925,5.620025,5.621985,0,0
EMNU.DE,D,20200218,000000,5.58376,5.605323,5.58376,5.605323,0,0
EMNU.DE,D,20200219,000000,5.621985,5.648448,5.621985,5.648448,0,0
EMNU.DE,D,20200220,000000,5.644528,5.644528,5.596502,5.596502,0,0
EMNU.DE,D,20200221,000000,5.577879,5.604343,5.574939,5.574939,116,0
EMNU.DE,D,20200224,000000,5.463205,5.463205,5.351471,5.365193,234,0
EMNU.DE,D,20200225,000000,5.398517,5.398517,5.269141,5.269141,500,0
EMNU.DE,D,20200226,000000,5.235816,5.273061,5.235816,5.273061,0,0
EMNU.DE,D,20200227,000000,5.193671,5.193671,5.087818,5.087818,0,0
EMNU.DE,D,20200228,000000,4.919237,4.921197,4.876111,4.917276,3300,0
EMNU.DE,D,20200302,000000,4.994706,4.994706,4.850628,4.924137,0,0
EMNU.DE,D,20200303,000000,5.001567,5.056454,4.988825,4.988825,0,0
EMNU.DE,D,20200304,000000,4.988825,5.076056,4.988825,5.057434,9238,0
EMNU.DE,D,20200305,000000,5.086838,5.086838,4.976084,4.976084,0,0
EMNU.DE,D,20200306,000000,4.894734,4.894734,4.804562,4.804562,0,0
EMNU.DE,D,20200309,000000,4.453678,4.482102,4.437016,4.437016,0,0
EMNU.DE,D,20200310,000000,4.516406,4.562962,4.413983,4.413983,300,0
EMNU.DE,D,20200311,000000,4.473281,4.473281,4.370368,4.370368,0,0
EMNU.DE,D,20200312,000000,4.142979,4.142979,3.879326,3.879326,84946,0
EMNU.DE,D,20200313,000000,4.079761,4.161112,3.960186,3.960186,0,0
EMNU.DE,D,20200316,000000,3.607832,3.791115,3.607832,3.786215,1750,0
EMNU.DE,D,20200317,000000,3.923922,3.923922,3.722017,3.839631,13025,0
EMNU.DE,D,20200318,000000,3.742599,3.742599,3.660269,3.679871,0,0
EMNU.DE,D,20200319,000000,3.758281,3.82738,3.685752,3.82738,0,0
EMNU.DE,D,20200320,000000,3.956756,3.956756,3.882757,3.882757,4000,0
EMNU.DE,D,20200323,000000,3.698494,3.801407,3.698494,3.731818,8000,0
EMNU.DE,D,20200324,000000,3.894518,4.013113,3.892558,4.013113,0,0
EMNU.DE,D,20200325,000000,4.106225,4.193456,4.090543,4.175813,3511,0
EMNU.DE,D,20200326,000000,4.053298,4.261084,4.053298,4.261084,7050,0
EMNU.DE,D,20200327,000000,4.185125,4.185125,4.122887,4.155721,0,0
EMNU.DE,D,20200330,000000,4.117986,4.189535,4.117986,4.189535,1321,0
EMNU.DE,D,20200331,000000,4.236581,4.255693,4.209138,4.255693,0,0
EMNU.DE,D,20200401,000000,4.123867,4.141019,4.117006,4.141019,0,0
EMNU.DE,D,20200402,000000,4.14641,4.14641,4.134648,4.142489,312,0
EMNU.DE,D,20200403,000000,4.116516,4.116516,4.099854,4.099854,9550,0
EMNU.DE,D,20200406,000000,4.215999,4.277746,4.215999,4.263534,11650,0
EMNU.DE,D,20200407,000000,4.370368,4.370368,4.330673,4.330673,0,0
EMNU.DE,D,20200408,000000,4.292938,4.324302,4.285587,4.324302,95,0
EMNU.DE,D,20200409,000000,4.363507,4.393401,4.351746,4.393401,560,0
EMNU.DE,D,20200414,000000,4.477201,4.477201,4.407613,4.407613,3819,0
EMNU.DE,D,20200415,000000,4.412023,4.412023,4.288528,4.288528,0,0
EMNU.DE,D,20200416,000000,4.324302,4.324302,4.30911,4.30911,0,0
EMNU.DE,D,20200417,000000,4.407613,4.441917,4.407613,4.420354,0,0
EMNU.DE,D,20200420,000000,4.406632,4.462499,4.396831,4.462499,4470,0
EMNU.DE,D,20200421,000000,4.396831,4.396831,4.297839,4.297839,0,0
EMNU.DE,D,20200422,000000,4.318911,4.376739,4.318911,4.376739,100,0
EMNU.DE,D,20200423,000000,4.38899,4.411043,4.38605,4.411043,0,0
EMNU.DE,D,20200424,000000,4.350765,4.406632,4.350765,4.377719,1000,0
EMNU.DE,D,20200427,000000,4.437506,4.446817,4.408103,4.446817,217400,0
EMNU.DE,D,20200428,000000,4.451228,4.522777,4.451228,4.522777,0,0
EMNU.DE,D,20200429,000000,4.522287,4.599227,4.522287,4.599227,500,0
EMNU.DE,D,20200430,000000,4.615399,4.615399,4.508565,4.508565,28838,0
EMNU.DE,D,20200504,000000,4.375268,4.375268,4.363017,4.363017,1500,0
EMNU.DE,D,20200505,000000,4.424275,4.450248,4.423785,4.450248,0,0
EMNU.DE,D,20200506,000000,4.449268,4.461519,4.433096,4.433096,0,0
EMNU.DE,D,20200507,000000,4.455639,4.487493,4.455639,4.487493,0,0
EMNU.DE,D,20200508,000000,4.519347,4.528658,4.519347,4.528658,0,0
EMNU.DE,D,20200511,000000,4.536009,4.536009,4.493373,4.505625,328,0
EMNU.DE,D,20200512,000000,4.487983,4.522287,4.487983,4.512486,0,0
EMNU.DE,D,20200513,000000,4.462499,4.462499,4.432606,4.432606,0,0
EMNU.DE,D,20200514,000000,4.3836,4.3836,4.351255,4.351255,0,0
EMNU.DE,D,20200515,000000,4.3836,4.3836,4.357136,4.357626,760,0
EMNU.DE,D,20200518,000000,4.424765,4.535519,4.424765,4.535519,4530,0
EMNU.DE,D,20200519,000000,4.536009,4.536009,4.497784,4.505625,0,0
EMNU.DE,D,20200520,000000,4.484062,4.555121,4.484062,4.555121,4540,0
EMNU.DE,D,20200521,000000,4.499744,4.514446,4.499744,4.514446,0,0
EMNU.DE,D,20200522,000000,4.450248,4.511506,4.450248,4.511506,0,0
EMNU.DE,D,20200525,000000,4.536499,4.592856,4.536499,4.592856,0,0
EMNU.DE,D,20200526,000000,4.62324,4.62422,4.610988,4.62422,0,0
EMNU.DE,D,20200527,000000,4.632061,4.659504,4.632061,4.641862,0,0
EMNU.DE,D,20200528,000000,4.674206,4.715371,4.674206,4.715371,0,0
EMNU.DE,D,20200529,000000,4.672246,4.672246,4.639902,4.639902,1516,0
EMNU.DE,D,20200602,000000,4.775159,4.775159,4.768298,4.768788,4000,0
EMNU.DE,D,20200603,000000,4.810933,4.890813,4.810933,4.890813,0,0
EMNU.DE,D,20200604,000000,4.871701,4.871701,4.86435,4.86435,0,0
EMNU.DE,D,20200605,000000,4.889833,4.975104,4.889833,4.975104,250,0
EMNU.DE,D,20200608,000000,4.920217,4.963342,4.920217,4.963342,0,0
EMNU.DE,D,20200609,000000,4.972163,4.972163,4.896694,4.900124,0,0
EMNU.DE,D,20200610,000000,4.928058,4.928058,4.876111,4.876111,0,0
EMNU.DE,D,20200611,000000,4.772569,4.772569,4.677763,4.677763,217,0
EMNU.DE,D,20200612,000000,4.633586,4.746758,4.633586,4.711516,0,0
EMNU.DE,D,20200615,000000,4.589906,4.7001,4.589906,4.686698,185,0
EMNU.DE,D,20200616,000000,4.763138,4.82022,4.763138,4.82022,8180,0
EMNU.DE,D,20200617,000000,4.819228,4.867872,4.819228,4.861419,171,0
EMNU.DE,D,20200618,000000,4.8366,4.8366,4.819724,4.819724,0,0
EMNU.DE,D,20200619,000000,4.848513,4.875813,4.848513,4.852484,0,0
EMNU.DE,D,20200622,000000,4.805329,4.824688,4.805329,4.817739,0,0
EMNU.DE,D,20200623,000000,4.840571,4.891201,4.840571,4.875813,2076,0
EMNU.DE,D,20200624,000000,4.845535,4.845535,4.741298,4.741298,0,0
EMNU.DE,D,20200625,000000,4.725414,4.785971,4.692158,4.777533,4151,0
EMNU.DE,D,20200626,000000,4.819228,4.846528,4.765124,4.765124,11910,0
EMNU.DE,D,20200629,000000,4.747751,4.793417,4.747751,4.789446,18438,0
EMNU.DE,D,20200630,000000,4.795898,4.795898,4.789942,4.789942,0,0
EMNU.DE,D,20200701,000000,4.755196,4.803344,4.755196,4.803344,0,0
EMNU.DE,D,20200702,000000,4.837593,4.899143,4.837593,4.899143,0,0
EMNU.DE,D,20200703,000000,4.90361,4.90361,4.840571,4.862412,6081,0
EMNU.DE,D,20200706,000000,4.937363,4.941334,4.926443,4.941334,50,0
EMNU.DE,D,20200707,000000,4.910559,4.911056,4.895668,4.911056,200,0
EMNU.DE,D,20200708,000000,4.873828,4.895172,4.873828,4.875317,0,0
EMNU.DE,D,20200709,000000,4.898646,4.898646,4.843053,4.843053,0,0
EMNU.DE,D,20200710,000000,4.819228,4.889215,4.819228,4.889215,0,0
EMNU.DE,D,20200713,000000,4.933888,4.939845,4.930414,4.939845,0,0
EMNU.DE,D,20200714,000000,4.880281,4.902617,4.879784,4.902617,0,0
EMNU.DE,D,20200715,000000,4.943816,4.984518,4.943816,4.980547,0,0
EMNU.DE,D,20200716,000000,4.944808,4.966649,4.944808,4.966649,0,0
EMNU.DE,D,20200717,000000,4.978561,4.978561,4.96367,4.973598,0,0
EMNU.DE,D,20200720,000000,4.969627,5.008343,4.969627,5.008343,2500,0
EMNU.DE,D,20200721,000000,5.050038,5.093719,5.027205,5.027205,46625,0
EMNU.DE,D,20200722,000000,5.008343,5.008343,4.983525,4.985511,0,0
EMNU.DE,D,20200723,000000,5.006358,5.008343,4.985511,4.985511,3384,0
EMNU.DE,D,20200724,000000,4.924457,4.929421,4.901128,4.901128,0,0
EMNU.DE,D,20200727,000000,4.905099,4.905099,4.885741,4.885741,1891,0
EMNU.DE,D,20200728,000000,4.898646,4.910559,4.885244,4.910559,0,0
EMNU.DE,D,20200729,000000,4.91453,4.919494,4.913537,4.913537,0,0
EMNU.DE,D,20200730,000000,4.89815,4.89815,4.8093,4.8093,0,0
EMNU.DE,D,20200731,000000,4.806818,4.823199,4.746262,4.746262,1500,0
EMNU.DE,D,20200803,000000,4.760656,4.853973,4.760656,4.853973,0,0
EMNU.DE,D,20200804,000000,4.874821,4.874821,4.843053,4.847521,0,0
EMNU.DE,D,20200805,000000,4.873332,4.879288,4.864397,4.864397,12,0
EMNU.DE,D,20200806,000000,4.850499,4.85447,4.820717,4.830148,472,0
EMNU.DE,D,20200807,000000,4.83114,4.84901,4.83114,4.84901,0,0
EMNU.DE,D,20200810,000000,4.860922,4.867872,4.860922,4.867872,0,0
EMNU.DE,D,20200811,000000,4.910559,4.966649,4.910559,4.943816,0,0
EMNU.DE,D,20200812,000000,4.934881,4.997423,4.934881,4.997423,7500,0
EMNU.DE,D,20200813,000000,4.984518,4.984518,4.972605,4.972605,0,0
EMNU.DE,D,20200814,000000,4.955729,4.955729,4.905595,4.917012,3967,0
EMNU.DE,D,20200817,000000,4.924954,4.929421,4.924954,4.929421,0,0
EMNU.DE,D,20200818,000000,4.902617,4.953247,4.902617,4.904603,0,0
EMNU.DE,D,20200819,000000,4.895668,4.942823,4.895668,4.942823,0,0
EMNU.DE,D,20200820,000000,4.879784,4.904603,4.879784,4.894675,0,0
EMNU.DE,D,20200821,000000,4.902617,4.902617,4.877799,4.877799,0,0
EMNU.DE,D,20200824,000000,4.935874,4.96367,4.935874,4.957218,0,0
EMNU.DE,D,20200825,000000,4.990474,4.994445,4.945305,4.945305,0,0
EMNU.DE,D,20200826,000000,4.937859,4.989481,4.937859,4.989481,0,0
EMNU.DE,D,20200827,000000,4.986503,4.986503,4.956721,4.956721,0,0
EMNU.DE,D,20200828,000000,4.961189,4.961189,4.932399,4.932399,0,0
EMNU.DE,D,20200831,000000,4.962678,4.962678,4.893683,4.893683,202,0
EMNU.DE,D,20200901,000000,4.917508,4.917508,4.879288,4.879288,0,0
EMNU.DE,D,20200902,000000,4.911056,4.967641,4.911056,4.95821,0,0
EMNU.DE,D,20200903,000000,5.007351,5.008343,4.893186,4.893186,6219,0
EMNU.DE,D,20200904,000000,4.84206,4.896164,4.84206,4.844542,0,0
EMNU.DE,D,20200907,000000,4.866382,4.913041,4.866382,4.913041,0,0
EMNU.DE,D,20200908,000000,4.923465,4.923465,4.835111,4.853973,1334,0
EMNU.DE,D,20200909,000000,4.867872,4.943319,4.867872,4.943319,1382,0
EMNU.DE,D,20200910,000000,4.943319,4.943319,4.90907,4.90907,1362,0
EMNU.DE,D,20200911,000000,4.904106,4.915026,4.904106,4.915026,0,0
EMNU.DE,D,20200914,000000,4.948283,4.948283,4.912545,4.922968,1000,0
EMNU.DE,D,20200915,000000,4.935377,4.956225,4.935377,4.956225,0,0
EMNU.DE,D,20200916,000000,4.964663,4.983525,4.964663,4.983525,750,0
EMNU.DE,D,20200917,000000,4.922968,4.956721,4.922968,4.956721,0,0
EMNU.DE,D,20200918,000000,4.969627,4.969627,4.928925,4.928925,6000,0
EMNU.DE,D,20200921,000000,4.875813,4.875813,4.760656,4.760656,0,0
EMNU.DE,D,20200922,000000,4.790935,4.791431,4.766613,4.766613,0,0
EMNU.DE,D,20200923,000000,4.802351,4.841068,4.796891,4.796891,613,0
EMNU.DE,D,20200924,000000,4.750233,4.782993,4.750233,4.755196,0,0
EMNU.DE,D,20200925,000000,4.749736,4.749736,4.701589,4.745765,0,0
EMNU.DE,D,20200928,000000,4.814264,4.847024,4.814264,4.847024,0,0
EMNU.DE,D,20200929,000000,4.837097,4.841564,4.826673,4.826673,0,0
EMNU.DE,D,20200930,000000,4.805826,4.821213,4.805826,4.821213,0,0
EMNU.DE,D,20201001,000000,4.859433,4.859433,4.8366,4.8366,0,0
EMNU.DE,D,20201002,000000,4.79838,4.850499,4.79838,4.850499,24,0
EMNU.DE,D,20201005,000000,4.899639,4.899639,4.888719,4.891201,0,0
EMNU.DE,D,20201006,000000,4.899143,4.899143,4.886237,4.893683,0,0
EMNU.DE,D,20201007,000000,4.901625,4.901625,4.890704,4.896164,0,0
EMNU.DE,D,20201008,000000,4.923961,4.928925,4.921479,4.928925,0,0
EMNU.DE,D,20201009,000000,4.954736,4.960196,4.942823,4.960196,0,0
EMNU.DE,D,20201012,000000,4.967641,4.994445,4.967641,4.994445,0,0
EMNU.DE,D,20201013,000000,5.004373,5.004373,4.967641,4.967641,0,0
EMNU.DE,D,20201014,000000,4.959203,4.96367,4.959203,4.961189,0,0
EMNU.DE,D,20201015,000000,4.89815,4.89815,4.846528,4.859433,781,0
EMNU.DE,D,20201016,000000,4.902617,4.923961,4.897654,4.923961,0,0
EMNU.DE,D,20201019,000000,4.959203,4.959203,4.915523,4.915523,21408,0
EMNU.DE,D,20201020,000000,4.903114,4.921976,4.894675,4.894675,5040,0
EMNU.DE,D,20201021,000000,4.905595,4.905595,4.83263,4.83263,0,0
EMNU.DE,D,20201022,000000,4.80384,4.839579,4.80384,4.829155,0,0
EMNU.DE,D,20201023,000000,4.8366,4.875813,4.8366,4.863404,186,0
EMNU.DE,D,20201026,000000,4.794906,4.818731,4.774058,4.774058,2927,0
EMNU.DE,D,20201027,000000,4.813768,4.813768,4.730874,4.730874,299,0
EMNU.DE,D,20201028,000000,4.667339,4.667339,4.596359,4.596359,0,0
EMNU.DE,D,20201029,000000,4.624652,4.624652,4.577497,4.593877,0,0
EMNU.DE,D,20201030,000000,4.555657,4.593877,4.555657,4.593877,0,0
EMNU.DE,D,20201102,000000,4.595862,4.667836,4.595862,4.667836,0,0
EMNU.DE,D,20201103,000000,4.706552,4.774058,4.706552,4.774058,0,0
EMNU.DE,D,20201104,000000,4.718465,4.872339,4.718465,4.872339,0,0
EMNU.DE,D,20201105,000000,4.913041,4.915026,4.904106,4.915026,0,0
EMNU.DE,D,20201106,000000,4.918501,4.918501,4.897654,4.914034,0,0
EMNU.DE,D,20201109,000000,4.976576,5.133428,4.973598,5.114566,58,0
EMNU.DE,D,20201110,000000,5.138392,5.165195,5.138392,5.165195,0,0
EMNU.DE,D,20201111,000000,5.199941,5.216818,5.199941,5.216818,7708,0
EMNU.DE,D,20201112,000000,5.184057,5.184057,5.172145,5.172145,0,0
EMNU.DE,D,20201113,000000,5.159239,5.175123,5.159239,5.175123,5000,0
EMNU.DE,D,20201116,000000,5.20689,5.252556,5.20689,5.233694,4798,0
EMNU.DE,D,20201117,000000,5.238658,5.238658,5.212847,5.225752,2000,0
EMNU.DE,D,20201118,000000,5.201927,5.253549,5.201927,5.249578,5214,0
EMNU.DE,D,20201119,000000,5.208876,5.210861,5.20689,5.20689,0,0
EMNU.DE,D,20201120,000000,5.207883,5.23568,5.207883,5.231709,96,0
EMNU.DE,D,20201123,000000,5.25752,5.25752,5.21781,5.21781,0,0
EMNU.DE,D,20201124,000000,5.252556,5.272411,5.251563,5.272411,0,0
EMNU.DE,D,20201125,000000,5.27936,5.27936,5.260498,5.266454,0,0
EMNU.DE,D,20201126,000000,5.271418,5.271418,5.25752,5.260498,4000,0
EMNU.DE,D,20201127,000000,5.251563,5.280353,5.251563,5.280353,0,0
EMNU.DE,D,20201130,000000,5.256527,5.281345,5.226745,5.226745,0,0
EMNU.DE,D,20201201,000000,5.281345,5.281345,5.273403,5.273403,2431,0
EMNU.DE,D,20201202,000000,5.248585,5.258512,5.248585,5.258512,0,0
EMNU.DE,D,20201203,000000,5.25752,5.264469,5.254541,5.261491,19,0
EMNU.DE,D,20201204,000000,5.263476,5.294251,5.263476,5.294251,0,0
EMNU.DE,D,20201207,000000,5.283331,5.283331,5.275389,5.276382,0,0
EMNU.DE,D,20201208,000000,5.272411,5.288294,5.244614,5.288294,387,0
EMNU.DE,D,20201209,000000,5.302193,5.313113,5.3012,5.3012,0,0
EMNU.DE,D,20201210,000000,5.31,5.31,5.28,5.28,0,0
EMNU.DE,D,20201211,000000,5.264,5.264,5.213,5.234,0,0
EMNU.DE,D,20201214,000000,5.281,5.292,5.26,5.26,0,0
EMNU.DE,D,20201215,000000,5.26,5.277,5.26,5.277,0,0
EMNU.DE,D,20201216,000000,5.302,5.321,5.302,5.321,0,0
EMNU.DE,D,20201217,000000,5.353,5.353,5.321,5.321,0,0
EMNU.DE,D,20201218,000000,5.311,5.33,5.304,5.304,554,0
EMNU.DE,D,20201221,000000,5.198,5.208,5.176,5.187,11358,0
EMNU.DE,D,20201222,000000,5.202,5.247,5.202,5.238,396,0
EMNU.DE,D,20201223,000000,5.256,5.293,5.254,5.293,0,0
EMNU.DE,D,20201228,000000,5.339,5.353,5.339,5.35,15,0
EMNU.DE,D,20201229,000000,5.376,5.385,5.372,5.379,350,0
EMNU.DE,D,20201230,000000,5.378,5.387,5.376,5.376,328,0
EMNU.DE,D,20210104,000000,5.331,5.432,5.331,5.367,9716,0
EMNU.DE,D,20210105,000000,5.363,5.371,5.339,5.371,3400,0
EMNU.DE,D,20210106,000000,5.39,5.449,5.39,5.449,0,0
EMNU.DE,D,20210107,000000,5.478,5.478,5.454,5.471,0,0
EMNU.DE,D,20210108,000000,5.512,5.512,5.501,5.509,110,0
EMNU.DE,D,20210111,000000,5.491,5.491,5.469,5.469,0,0
EMNU.DE,D,20210112,000000,5.488,5.488,5.468,5.468,0,0
EMNU.DE,D,20210113,000000,5.465,5.481,5.465,5.475,11513,0
EMNU.DE,D,20210114,000000,5.483,5.514,5.483,5.514,200,0
EMNU.DE,D,20210115,000000,5.486,5.486,5.455,5.463,50,0
EMNU.DE,D,20210118,000000,5.446,5.471,5.446,5.471,0,0
EMNU.DE,D,20210119,000000,5.496,5.496,5.461,5.461,18,0
EMNU.DE,D,20210120,000000,5.477,5.5,5.477,5.5,0,0
EMNU.DE,D,20210121,000000,5.536,5.536,5.493,5.493,200,0
EMNU.DE,D,20210122,000000,5.471,5.471,5.444,5.465,394,0
EMNU.DE,D,20210125,000000,5.496,5.496,5.426,5.426,0,0
EMNU.DE,D,20210126,000000,5.422,5.479,5.422,5.456,0,0
EMNU.DE,D,20210127,000000,5.434,5.434,5.4,5.4,0,0
EMNU.DE,D,20210128,000000,5.337,5.404,5.337,5.404,0,0
EMNU.DE,D,20210129,000000,5.318,5.355,5.29,5.29,2450,0
EMNU.DE,D,20210201,000000,5.333,5.37,5.333,5.365,386,0
EMNU.DE,D,20210202,000000,5.394,5.443,5.394,5.442,20,0
EMNU.DE,D,20210203,000000,5.495,5.495,5.447,5.447,22,0
EMNU.DE,D,20210204,000000,5.462,5.488,5.454,5.485,1099,0
EMNU.DE,D,20210205,000000,5.488,5.496,5.479,5.479,0,0
EMNU.DE,D,20210208,000000,5.502,5.502,5.487,5.487,0,0
EMNU.DE,D,20210209,000000,5.487,5.498,5.474,5.498,1892,0
EMNU.DE,D,20210210,000000,5.503,5.508,5.476,5.476,2250,0
EMNU.DE,D,20210211,000000,5.486,5.501,5.486,5.501,0,0
EMNU.DE,D,20210212,000000,5.494,5.538,5.494,5.538,360,0
EMNU.DE,D,20210215,000000,5.571,5.61,5.571,5.61,1500,0
EMNU.DE,D,20210216,000000,5.625,5.625,5.605,5.605,9250,0
EMNU.DE,D,20210217,000000,5.588,5.598,5.564,5.564,7500,0
EMNU.DE,D,20210218,000000,5.581,5.581,5.531,5.531,248,0
EMNU.DE,D,20210219,000000,5.537,5.568,5.537,5.559,100,0
EMNU.DE,D,20210222,000000,5.515,5.536,5.515,5.536,0,0
EMNU.DE,D,20210223,000000,5.55,5.55,5.487,5.514,3339,0
EMNU.DE,D,20210224,000000,5.489,5.536,5.489,5.536,902,0
EMNU.DE,D,20210225,000000,5.569,5.569,5.521,5.521,500,0
EMNU.DE,D,20210226,000000,5.438,5.472,5.438,5.442,0,0
EMNU.DE,D,20210301,000000,5.528,5.537,5.502,5.537,271,0
EMNU.DE,D,20210302,000000,5.527,5.574,5.527,5.542,6165,0
EMNU.DE,D,20210303,000000,5.576,5.576,5.555,5.555,0,0
EMNU.DE,D,20210304,000000,5.532,5.541,5.519,5.541,0,0
EMNU.DE,D,20210305,000000,5.498,5.527,5.49,5.497,1,0
EMNU.DE,D,20210308,000000,5.536,5.617,5.536,5.609,1065,0
EMNU.DE,D,20210309,000000,5.611,5.665,5.611,5.656,61,0
EMNU.DE,D,20210310,000000,5.637,5.679,5.637,5.679,0,0
EMNU.DE,D,20210311,000000,5.693,5.71,5.686,5.705,1955,0
EMNU.DE,D,20210312,000000,5.679,5.689,5.679,5.689,0,0
EMNU.DE,D,20210315,000000,5.713,5.713,5.685,5.685,88,0
EMNU.DE,D,20210316,000000,5.708,5.733,5.702,5.733,112256,0
EMNU.DE,D,20210317,000000,5.733,5.733,5.706,5.712,198,0
EMNU.DE,D,20210318,000000,5.737,5.737,5.723,5.737,10000,0
EMNU.DE,D,20210319,000000,5.695,5.719,5.69,5.69,8255,0
EMNU.DE,D,20210322,000000,5.659,5.705,5.659,5.7,3000,0
EMNU.DE,D,20210323,000000,5.674,5.69,5.674,5.688,0,0
EMNU.DE,D,20210324,000000,5.656,5.695,5.656,5.695,0,0
EMNU.DE,D,20210325,000000,5.664,5.699,5.656,5.699,0,0
EMNU.DE,D,20210326,000000,5.733,5.748,5.725,5.748,8501,0
EMNU.DE,D,20210329,000000,5.763,5.771,5.759,5.759,0,0
EMNU.DE,D,20210330,000000,5.783,5.802,5.783,5.802,350,0
EMNU.DE,D,20210331,000000,5.801,5.806,5.801,5.803,58653,0
EMNU.DE,D,20210401,000000,5.805,5.827,5.805,5.821,2093,0
EMNU.DE,D,20210406,000000,5.874,5.874,5.854,5.854,0,0
EMNU.DE,D,20210407,000000,5.84,5.859,5.84,5.841,21,0
EMNU.DE,D,20210408,000000,5.868,5.879,5.867,5.879,0,0
EMNU.DE,D,20210409,000000,5.877,5.89,5.877,5.886,103,0
EMNU.DE,D,20210412,000000,5.87,5.875,5.858,5.858,0,0
EMNU.DE,D,20210413,000000,5.872,5.872,5.86,5.86,0,0
EMNU.DE,D,20210414,000000,5.873,5.873,5.872,5.872,0,0
EMNU.DE,D,20210415,000000,5.896,5.916,5.889,5.903,171,0
EMNU.DE,D,20210416,000000,5.911,5.953,5.911,5.953,1000,0
EMNU.DE,D,20210419,000000,5.984,5.984,5.954,5.954,2117,0
EMNU.DE,D,20210420,000000,5.948,5.948,5.848,5.848,3000,0
EMNU.DE,D,20210421,000000,5.882,5.908,5.882,5.893,423,0
EMNU.DE,D,20210422,000000,5.909,5.945,5.909,5.936,1271,0
EMNU.DE,D,20210423,000000,5.927,5.928,5.909,5.928,0,0
EMNU.DE,D,20210426,000000,5.929,5.94,5.928,5.94,0,0
EMNU.DE,D,20210427,000000,5.947,5.947,5.935,5.942,0,0
EMNU.DE,D,20210428,000000,5.955,5.955,5.947,5.947,0,0
EMNU.DE,D,20210429,000000,5.976,5.98,5.937,5.937,1010,0
EMNU.DE,D,20210430,000000,5.953,5.953,5.923,5.923,0,0
EMNU.DE,D,20210503,000000,5.968,5.974,5.955,5.968,122,0
EMNU.DE,D,20210504,000000,5.975,5.978,5.873,5.873,450,0
EMNU.DE,D,20210505,000000,5.93,5.993,5.93,5.993,111,0
EMNU.DE,D,20210506,000000,6.007,6.007,5.988,5.988,0,0
EMNU.DE,D,20210507,000000,6.031,6.042,6.019,6.042,200,0
EMNU.DE,D,20210510,000000,6.062,6.062,6.043,6.05,408,0
EMNU.DE,D,20210511,000000,5.987,5.987,5.921,5.931,324,0
EMNU.DE,D,20210512,000000,5.955,5.955,5.952,5.954,0,0
EMNU.DE,D,20210513,000000,5.891,5.96,5.882,5.96,0,0
EMNU.DE,D,20210514,000000,6.003,6.029,5.991,6.029,0,0
EMNU.DE,D,20210517,000000,6.055,6.055,6.007,6.022,95260,0
EMNU.DE,D,20210518,000000,6.068,6.068,6.029,6.029,0,0
EMNU.DE,D,20210519,000000,5.973,5.973,5.94,5.953,24500,0
EMNU.DE,D,20210520,000000,5.991,6.028,5.977,6.028,1000,0
EMNU.DE,D,20210521,000000,6.045,6.069,6.045,6.059,125,0
EMNU.DE,D,20210525,000000,6.09,6.095,6.068,6.068,1001,0
EMNU.DE,D,20210526,000000,6.082,6.082,6.068,6.068,0,0
EMNU.DE,D,20210527,000000,6.071,6.083,6.071,6.083,0,0
EMNU.DE,D,20210528,000000,6.103,6.129,6.103,6.122,163,0
EMNU.DE,D,20210531,000000,6.11,6.116,6.087,6.087,3795,0
EMNU.DE,D,20210601,000000,6.138,6.163,6.138,6.141,416,0
EMNU.DE,D,20210602,000000,6.161,6.161,6.156,6.157,827,0
EMNU.DE,D,20210603,000000,6.156,6.159,6.122,6.151,45,0
EMNU.DE,D,20210604,000000,6.162,6.176,6.159,6.173,147,0
EMNU.DE,D,20210607,000000,6.166,6.2,6.166,6.197,100,0
EMNU.DE,D,20210608,000000,6.199,6.208,6.198,6.198,0,0
EMNU.DE,D,20210609,000000,6.202,6.208,6.195,6.208,72961,0
EMNU.DE,D,20210610,000000,6.222,6.222,6.204,6.212,0,0
EMNU.DE,D,20210611,000000,6.223,6.255,6.223,6.253,4500,0
EMNU.DE,D,20210614,000000,6.281,6.281,6.241,6.244,43044,0
EMNU.DE,D,20210615,000000,6.277,6.277,6.258,6.258,339,0
EMNU.DE,D,20210616,000000,6.282,6.283,6.261,6.27,13118,0
EMNU.DE,D,20210617,000000,6.16,6.174,6.16,6.174,7900,0
EMNU.DE,D,20210618,000000,6.176,6.176,6.075,6.075,1030,0
EMNU.DE,D,20210621,000000,6.043,6.124,6.043,6.124,100,0
EMNU.DE,D,20210622,000000,6.131,6.137,6.123,6.137,0,0
EMNU.DE,D,20210623,000000,6.154,6.154,6.089,6.089,0,0
EMNU.DE,D,20210624,000000,6.121,6.152,6.121,6.137,33788,0
EMNU.DE,D,20210625,000000,6.155,6.155,6.144,6.15,0,0
EMNU.DE,D,20210628,000000,6.154,6.176,6.113,6.113,147364,0
EMNU.DE,D,20210629,000000,6.136,6.138,6.134,6.136,700,0
EMNU.DE,D,20210630,000000,6.147,6.147,6.091,6.091,50,0
EMNU.DE,D,20210701,000000,6.144,6.144,6.085,6.133,905,0
EMNU.DE,D,20210702,000000,6.142,6.146,6.138,6.138,13519,0
EMNU.DE,D,20210705,000000,6.147,6.159,6.147,6.158,37926,0
EMNU.DE,D,20210706,000000,6.15,6.157,6.116,6.128,238,0
EMNU.DE,D,20210707,000000,6.153,6.173,6.153,6.173,91,0
EMNU.DE,D,20210708,000000,6.134,6.134,6.052,6.066,75,0
EMNU.DE,D,20210709,000000,6.1,6.145,6.1,6.145,8136,0
EMNU.DE,D,20210712,000000,6.159,6.18,6.146,6.18,0,0
EMNU.DE,D,20210713,000000,6.194,6.194,6.185,6.192,2824,0
EMNU.DE,D,20210714,000000,6.197,6.197,6.164,6.183,23400,0
EMNU.DE,D,20210715,000000,6.176,6.176,6.127,6.127,543,0
EMNU.DE,D,20210716,000000,6.137,6.151,6.107,6.107,141,0
EMNU.DE,D,20210719,000000,6.054,6.054,5.972,5.972,0,0
EMNU.DE,D,20210720,000000,6.012,6.012,5.971,5.999,0,0
EMNU.DE,D,20210721,000000,6.038,6.098,6.036,6.098,2,0
EMNU.DE,D,20210722,000000,6.133,6.147,6.126,6.126,0,0
EMNU.DE,D,20210723,000000,6.156,6.193,6.156,6.193,0,0
EMNU.DE,D,20210726,000000,6.172,6.188,6.169,6.188,0,0
EMNU.DE,D,20210727,000000,6.168,6.168,6.15,6.15,0,0
EMNU.DE,D,20210728,000000,6.161,6.19,6.161,6.19,0,0
EMNU.DE,D,20210729,000000,6.206,6.228,6.206,6.217,2573,0
EMNU.DE,D,20210730,000000,6.178,6.188,6.178,6.188,0,0
EMNU.DE,D,20210802,000000,6.244,6.244,6.205,6.218,414,0
EMNU.DE,D,20210803,000000,6.224,6.243,6.224,6.242,200,0
EMNU.DE,D,20210804,000000,6.267,6.285,6.267,6.277,91,0
EMNU.DE,D,20210805,000000,6.283,6.307,6.283,6.307,0,0
EMNU.DE,D,20210806,000000,6.305,6.31,6.305,6.31,0,0
EMNU.DE,D,20210809,000000,6.323,6.33,6.313,6.324,707,0
EMNU.DE,D,20210810,000000,6.337,6.356,6.337,6.344,848,0
EMNU.DE,D,20210811,000000,6.361,6.373,6.352,6.373,350,0
EMNU.DE,D,20210812,000000,6.371,6.403,6.371,6.403,395087,0
EMNU.DE,D,20210813,000000,6.405,6.406,6.399,6.401,1278,0
EMNU.DE,D,20210816,000000,6.386,6.39,6.37,6.374,1037,0
EMNU.DE,D,20210817,000000,6.371,6.375,6.368,6.375,23804,0
EMNU.DE,D,20210818,000000,6.39,6.396,6.38,6.387,23904,0
EMNU.DE,D,20210819,000000,6.305,6.305,6.264,6.288,45537,0
EMNU.DE,D,20210820,000000,6.3,6.321,6.268,6.313,98,0
EMNU.DE,D,20210823,000000,6.358,6.358,6.34,6.352,0,0
EMNU.DE,D,20210824,000000,6.378,6.378,6.348,6.352,29777,0
