<TICKER>,<PER>,<DATE>,<TIME>,<OPEN>,<HIGH>,<LOW>,<CLOSE>,<VOL>,<OPENINT>
ETLK.DE,D,20200420,000000,8.435,8.511,8.435,8.511,8908,0
ETLK.DE,D,20200421,000000,8.156,8.161,8.147,8.156,9230,0
ETLK.DE,D,20200422,000000,8.293,8.402,8.293,8.365,10846,0
ETLK.DE,D,20200423,000000,8.41,8.451,8.37,8.425,6603,0
ETLK.DE,D,20200424,000000,8.425,8.45,8.417,8.417,8478,0
ETLK.DE,D,20200427,000000,8.493,8.526,8.446,8.526,8417,0
ETLK.DE,D,20200428,000000,8.546,8.635,8.546,8.618,4670,0
ETLK.DE,D,20200429,000000,8.634,8.84,8.634,8.747,22143,0
ETLK.DE,D,20200430,000000,8.832,8.832,8.644,8.644,10186,0
ETLK.DE,D,20200504,000000,8.312,8.34,8.291,8.335,7599,0
ETLK.DE,D,20200505,000000,8.51,8.57,8.51,8.563,9439,0
ETLK.DE,D,20200506,000000,8.63,8.67,8.518,8.518,36260,0
ETLK.DE,D,20200507,000000,8.539,8.596,8.539,8.594,6675,0
ETLK.DE,D,20200508,000000,8.626,8.656,8.626,8.648,8969,0
ETLK.DE,D,20200511,000000,8.793,8.803,8.674,8.675,4472,0
ETLK.DE,D,20200512,000000,8.655,8.667,8.61,8.652,3919,0
ETLK.DE,D,20200513,000000,8.659,8.659,8.567,8.567,6169,0
ETLK.DE,D,20200514,000000,8.448,8.448,8.324,8.398,5177,0
ETLK.DE,D,20200515,000000,8.499,8.517,8.439,8.448,5313,0
ETLK.DE,D,20200518,000000,8.712,8.764,8.677,8.764,4806,0
ETLK.DE,D,20200519,000000,8.767,8.767,8.657,8.728,7499,0
ETLK.DE,D,20200520,000000,8.717,8.818,8.717,8.806,7548,0
ETLK.DE,D,20200521,000000,8.648,8.648,8.588,8.588,8,0
ETLK.DE,D,20200522,000000,8.449,8.47,8.449,8.47,6956,0
ETLK.DE,D,20200525,000000,8.597,8.619,8.55,8.619,5764,0
ETLK.DE,D,20200526,000000,8.733,8.782,8.725,8.742,4422,0
ETLK.DE,D,20200527,000000,8.764,8.796,8.675,8.697,3678,0
ETLK.DE,D,20200528,000000,8.719,8.76,8.719,8.729,3133,0
ETLK.DE,D,20200529,000000,8.585,8.59,8.481,8.494,25500,0
ETLK.DE,D,20200602,000000,8.922,9.014,8.922,9.011,4461,0
ETLK.DE,D,20200603,000000,9.156,9.312,9.156,9.256,12636,0
ETLK.DE,D,20200604,000000,9.206,9.212,9.151,9.151,22638,0
ETLK.DE,D,20200605,000000,9.227,9.496,9.227,9.476,3860,0
ETLK.DE,D,20200608,000000,9.428,9.495,9.428,9.465,4903,0
ETLK.DE,D,20200609,000000,9.658,9.658,9.385,9.385,7117,0
ETLK.DE,D,20200610,000000,9.448,9.448,9.377,9.395,9593,0
ETLK.DE,D,20200611,000000,9.455,9.455,8.972,8.972,0,0
ETLK.DE,D,20200612,000000,9.054,9.1,8.974,9.1,30708,0
ETLK.DE,D,20200615,000000,9.398,9.398,8.85,9.069,12493,0
ETLK.DE,D,20200616,000000,9.108,9.31,9.108,9.159,4847,0
ETLK.DE,D,20200617,000000,9.223,9.309,9.197,9.273,6202,0
ETLK.DE,D,20200618,000000,9.2,9.239,9.14,9.214,7712,0
ETLK.DE,D,20200619,000000,9.27,9.284,9.194,9.25,8674,0
ETLK.DE,D,20200622,000000,9.242,9.262,9.189,9.231,9365,0
ETLK.DE,D,20200623,000000,9.26,9.33,9.26,9.318,5995,0
ETLK.DE,D,20200624,000000,9.252,9.252,9.09,9.09,4797,0
ETLK.DE,D,20200625,000000,9.08,9.174,9.061,9.098,9292,0
ETLK.DE,D,20200626,000000,9.203,9.203,9.077,9.077,6181,0
ETLK.DE,D,20200629,000000,9.072,9.138,9.042,9.138,2916,0
ETLK.DE,D,20200630,000000,9.188,9.242,9.123,9.179,2911,0
ETLK.DE,D,20200701,000000,9.172,9.345,9.151,9.216,7486,0
ETLK.DE,D,20200702,000000,9.381,9.579,9.38,9.457,10750,0
ETLK.DE,D,20200703,000000,9.431,9.475,9.409,9.409,25277,0
ETLK.DE,D,20200706,000000,9.673,9.673,9.504,9.545,5807,0
ETLK.DE,D,20200707,000000,9.435,9.501,9.403,9.476,147,0
ETLK.DE,D,20200708,000000,9.349,9.401,9.295,9.341,18246,0
ETLK.DE,D,20200709,000000,9.341,9.41,9.287,9.287,20823,0
ETLK.DE,D,20200710,000000,9.684,9.684,9.3,9.325,13909,0
ETLK.DE,D,20200713,000000,9.359,9.389,9.328,9.389,8409,0
ETLK.DE,D,20200714,000000,9.276,9.293,9.249,9.293,3322,0
ETLK.DE,D,20200715,000000,9.364,9.426,9.34,9.406,8144,0
ETLK.DE,D,20200716,000000,9.263,9.263,9.227,9.247,33172,0
ETLK.DE,D,20200717,000000,9.273,9.273,9.241,9.256,8647,0
ETLK.DE,D,20200720,000000,9.135,9.267,9.135,9.267,47577,0
ETLK.DE,D,20200721,000000,9.431,9.5,9.431,9.439,4962,0
ETLK.DE,D,20200722,000000,9.372,9.372,9.231,9.271,8164,0
ETLK.DE,D,20200723,000000,9.316,9.316,9.264,9.264,3342,0
ETLK.DE,D,20200724,000000,9.115,9.142,9.085,9.085,8133,0
ETLK.DE,D,20200727,000000,9.094,9.094,9.052,9.052,4059,0
ETLK.DE,D,20200728,000000,9.056,9.08,9.049,9.075,4046,0
ETLK.DE,D,20200729,000000,9.087,9.105,9.085,9.085,5626,0
ETLK.DE,D,20200730,000000,9.049,9.049,8.94,8.952,8926,0
ETLK.DE,D,20200731,000000,8.9,8.962,8.878,8.878,12354,0
ETLK.DE,D,20200803,000000,8.916,9.014,8.916,9.013,5738,0
ETLK.DE,D,20200804,000000,9.125,9.125,9.071,9.094,20966,0
ETLK.DE,D,20200805,000000,9.091,9.13,9.091,9.091,73088,0
ETLK.DE,D,20200806,000000,9.072,9.079,9.063,9.079,0,0
ETLK.DE,D,20200807,000000,9.062,9.082,9.048,9.075,12519,0
ETLK.DE,D,20200810,000000,9.15,9.186,9.146,9.146,13872,0
ETLK.DE,D,20200811,000000,9.27,9.32,9.27,9.282,6132,0
ETLK.DE,D,20200812,000000,9.279,9.35,9.279,9.35,144996,0
ETLK.DE,D,20200813,000000,9.223,9.244,9.22,9.237,4528,0
ETLK.DE,D,20200814,000000,9.251,9.251,9.181,9.21,6616,0
ETLK.DE,D,20200817,000000,9.202,9.253,9.196,9.253,3361,0
ETLK.DE,D,20200818,000000,9.21,9.249,9.184,9.19,10097,0
ETLK.DE,D,20200819,000000,9.249,9.278,9.24,9.278,3932,0
ETLK.DE,D,20200820,000000,9.123,9.154,9.123,9.147,4859,0
ETLK.DE,D,20200821,000000,9.193,9.224,9.193,9.197,7481,0
ETLK.DE,D,20200824,000000,9.3,9.316,9.286,9.3,6441,0
ETLK.DE,D,20200825,000000,9.336,9.336,9.259,9.27,4112,0
ETLK.DE,D,20200826,000000,9.266,9.327,9.266,9.327,25313,0
ETLK.DE,D,20200827,000000,9.297,9.303,9.268,9.302,4224,0
ETLK.DE,D,20200828,000000,9.355,9.355,9.289,9.289,4853,0
ETLK.DE,D,20200831,000000,9.34,9.34,9.223,9.223,4224,0
ETLK.DE,D,20200901,000000,9.212,9.225,9.212,9.225,7863,0
ETLK.DE,D,20200902,000000,9.346,9.415,9.346,9.381,22960,0
ETLK.DE,D,20200903,000000,9.446,9.446,9.251,9.251,32292,0
ETLK.DE,D,20200904,000000,9.116,9.208,9.069,9.069,26261,0
ETLK.DE,D,20200907,000000,9.2,9.27,9.2,9.264,22509,0
ETLK.DE,D,20200908,000000,9.278,9.278,9.104,9.116,21663,0
ETLK.DE,D,20200909,000000,9.106,9.204,9.106,9.204,10463,0
ETLK.DE,D,20200910,000000,9.14,9.14,9.062,9.062,6971,0
ETLK.DE,D,20200911,000000,9.09,9.096,9.07,9.079,5632,0
ETLK.DE,D,20200914,000000,9.156,9.156,9.1,9.13,4212,0
ETLK.DE,D,20200915,000000,9.16,9.242,9.159,9.239,5192,0
ETLK.DE,D,20200916,000000,9.256,9.278,9.255,9.271,4081,0
ETLK.DE,D,20200917,000000,9.156,9.156,9.14,9.152,7987,0
ETLK.DE,D,20200918,000000,9.122,9.158,9.097,9.097,6815,0
ETLK.DE,D,20200921,000000,9.037,9.037,8.894,8.894,25631,0
ETLK.DE,D,20200922,000000,8.955,8.988,8.945,8.945,5603,0
ETLK.DE,D,20200923,000000,9.045,9.075,9.029,9.029,13371,0
ETLK.DE,D,20200924,000000,8.934,8.954,8.924,8.928,17480,0
ETLK.DE,D,20200925,000000,9.04,9.04,8.944,9,8024,0
ETLK.DE,D,20200928,000000,9.048,9.09,9.034,9.09,22150,0
ETLK.DE,D,20200929,000000,9.02,9.02,8.97,8.97,7470,0
ETLK.DE,D,20200930,000000,8.899,9.03,8.899,8.984,7760,0
ETLK.DE,D,20201001,000000,9.058,9.08,9.038,9.038,5819,0
ETLK.DE,D,20201002,000000,8.949,9.04,8.949,9.04,8670,0
ETLK.DE,D,20201005,000000,9.123,9.123,9.093,9.105,50210,0
ETLK.DE,D,20201006,000000,9.114,9.146,9.11,9.13,13974,0
ETLK.DE,D,20201007,000000,9.216,9.228,9.191,9.222,13040,0
ETLK.DE,D,20201008,000000,9.264,9.287,9.252,9.263,13191,0
ETLK.DE,D,20201009,000000,9.262,9.282,9.242,9.282,6056,0
ETLK.DE,D,20201012,000000,9.289,9.358,9.289,9.353,9956,0
ETLK.DE,D,20201013,000000,9.36,9.377,9.353,9.361,22002,0
ETLK.DE,D,20201014,000000,9.361,9.398,9.361,9.367,8505,0
ETLK.DE,D,20201015,000000,9.295,9.295,9.226,9.238,52673,0
ETLK.DE,D,20201016,000000,9.256,9.275,9.23,9.275,9153,0
ETLK.DE,D,20201019,000000,9.325,9.325,9.246,9.246,21138,0
ETLK.DE,D,20201020,000000,9.178,9.178,9.147,9.147,8732,0
ETLK.DE,D,20201021,000000,9.153,9.159,9.083,9.13,6150,0
ETLK.DE,D,20201022,000000,9.162,9.217,9.162,9.199,8343,0
ETLK.DE,D,20201023,000000,9.221,9.242,9.215,9.215,9624,0
ETLK.DE,D,20201026,000000,9.151,9.204,9.134,9.134,4443,0
ETLK.DE,D,20201027,000000,9.095,9.112,9.078,9.078,11237,0
ETLK.DE,D,20201028,000000,9.118,9.118,8.979,8.979,9142,0
ETLK.DE,D,20201029,000000,9,9,8.938,8.993,10716,0
ETLK.DE,D,20201030,000000,8.893,8.954,8.893,8.938,40134,0
ETLK.DE,D,20201102,000000,8.987,9.063,8.987,9.044,9996,0
ETLK.DE,D,20201103,000000,9.199,9.252,9.178,9.238,21903,0
ETLK.DE,D,20201104,000000,9.184,9.383,9.184,9.383,48375,0
ETLK.DE,D,20201105,000000,9.422,9.494,9.422,9.494,7668,0
ETLK.DE,D,20201106,000000,9.478,9.478,9.428,9.461,24427,0
ETLK.DE,D,20201109,000000,9.567,9.901,9.567,9.884,9868,0
ETLK.DE,D,20201110,000000,9.861,9.884,9.834,9.884,4723,0
ETLK.DE,D,20201111,000000,9.929,9.98,9.929,9.959,9022,0
ETLK.DE,D,20201112,000000,9.847,9.864,9.839,9.841,15350,0
ETLK.DE,D,20201113,000000,9.82,9.858,9.816,9.852,10868,0
ETLK.DE,D,20201116,000000,9.944,10.042,9.934,10.032,15763,0
ETLK.DE,D,20201117,000000,10.044,10.044,9.991,10.036,8488,0
ETLK.DE,D,20201118,000000,10.032,10.134,10.032,10.13,11491,0
ETLK.DE,D,20201119,000000,10.076,10.104,10.034,10.064,11905,0
ETLK.DE,D,20201120,000000,10.064,10.128,10.064,10.128,31264,0
ETLK.DE,D,20201123,000000,10.118,10.13,10.086,10.108,6446,0
ETLK.DE,D,20201124,000000,10.258,10.29,10.256,10.29,21181,0
ETLK.DE,D,20201125,000000,10.272,10.274,10.222,10.254,31089,0
ETLK.DE,D,20201126,000000,10.178,10.21,10.178,10.196,27846,0
ETLK.DE,D,20201127,000000,10.176,10.228,10.176,10.194,15465,0
ETLK.DE,D,20201130,000000,10.014,10.036,9.982,9.982,18383,0
ETLK.DE,D,20201201,000000,10.05,10.098,10.05,10.062,17568,0
ETLK.DE,D,20201202,000000,9.986,10.018,9.986,10.018,15520,0
ETLK.DE,D,20201203,000000,10.028,10.052,10.016,10.052,38182,0
ETLK.DE,D,20201204,000000,10.052,10.124,10.052,10.124,2426,0
ETLK.DE,D,20201207,000000,10.078,10.106,10.038,10.086,43472,0
ETLK.DE,D,20201208,000000,10.094,10.134,10.062,10.134,59848,0
ETLK.DE,D,20201209,000000,10.178,10.27,10.166,10.166,44785,0
ETLK.DE,D,20201210,000000,10.202,10.226,10.182,10.2,32064,0
ETLK.DE,D,20201211,000000,10.18,10.18,10.086,10.13,23983,0
ETLK.DE,D,20201214,000000,10.23,10.24,10.19,10.19,33925,0
ETLK.DE,D,20201215,000000,10.148,10.188,10.148,10.188,14130,0
ETLK.DE,D,20201216,000000,10.256,10.274,10.24,10.258,21440,0
ETLK.DE,D,20201217,000000,10.316,10.328,10.298,10.298,11068,0
ETLK.DE,D,20201218,000000,10.204,10.228,10.204,10.206,12237,0
ETLK.DE,D,20201221,000000,10.166,10.166,10.048,10.088,8505,0
ETLK.DE,D,20201222,000000,10.058,10.106,10.058,10.09,27180,0
ETLK.DE,D,20201223,000000,10.168,10.202,10.162,10.202,12769,0
ETLK.DE,D,20201228,000000,10.4,10.4,10.1,10.256,25693,0
ETLK.DE,D,20201229,000000,10.262,10.288,10.254,10.254,10891,0
ETLK.DE,D,20201230,000000,10.342,10.346,10.328,10.328,1104,0
ETLK.DE,D,20210104,000000,10.464,10.464,10.344,10.344,104054,0
ETLK.DE,D,20210105,000000,10.428,10.46,10.42,10.44,3722,0
ETLK.DE,D,20210106,000000,10.384,10.526,10.384,10.526,74837,0
ETLK.DE,D,20210107,000000,10.564,10.6,10.522,10.568,11370,0
ETLK.DE,D,20210108,000000,10.696,10.696,10.656,10.656,97434,0
ETLK.DE,D,20210111,000000,10.634,10.672,10.606,10.62,34856,0
ETLK.DE,D,20210112,000000,10.68,10.686,10.652,10.652,36293,0
ETLK.DE,D,20210113,000000,10.662,10.678,10.66,10.668,23257,0
ETLK.DE,D,20210114,000000,10.714,10.782,10.714,10.76,20824,0
ETLK.DE,D,20210115,000000,10.764,10.766,10.722,10.722,27343,0
ETLK.DE,D,20210118,000000,10.714,10.748,10.7,10.748,26023,0
ETLK.DE,D,20210119,000000,10.856,10.856,10.806,10.806,16073,0
ETLK.DE,D,20210120,000000,10.838,10.956,10.838,10.936,25540,0
ETLK.DE,D,20210121,000000,11.008,11.008,10.948,10.948,35332,0
ETLK.DE,D,20210122,000000,10.822,10.83,10.75,10.808,71635,0
ETLK.DE,D,20210125,000000,10.896,10.904,10.842,10.842,25738,0
ETLK.DE,D,20210126,000000,10.824,10.914,10.824,10.87,26489,0
ETLK.DE,D,20210127,000000,10.822,10.876,10.734,10.758,44925,0
ETLK.DE,D,20210128,000000,10.562,10.7,10.56,10.7,24980,0
ETLK.DE,D,20210129,000000,10.46,10.514,10.43,10.43,22382,0
ETLK.DE,D,20210201,000000,10.564,10.618,10.564,10.578,17732,0
ETLK.DE,D,20210202,000000,10.716,10.794,10.716,10.794,24050,0
ETLK.DE,D,20210203,000000,10.852,10.852,10.79,10.796,35792,0
ETLK.DE,D,20210204,000000,10.774,10.84,10.774,10.838,43257,0
ETLK.DE,D,20210205,000000,10.906,10.928,10.896,10.896,47533,0
ETLK.DE,D,20210208,000000,10.936,10.956,10.914,10.932,15899,0
ETLK.DE,D,20210209,000000,10.88,10.888,10.846,10.888,21405,0
ETLK.DE,D,20210210,000000,10.942,10.964,10.878,10.878,21565,0
ETLK.DE,D,20210211,000000,10.978,11.012,10.978,11.012,18951,0
ETLK.DE,D,20210212,000000,10.946,11.016,10.946,11.014,15478,0
ETLK.DE,D,20210215,000000,11.052,11.096,11.03,11.094,11837,0
ETLK.DE,D,20210216,000000,11.14,11.148,11.11,11.11,16915,0
ETLK.DE,D,20210217,000000,11.142,11.164,11.11,11.11,33813,0
ETLK.DE,D,20210218,000000,11.16,11.16,11.078,11.084,13911,0
ETLK.DE,D,20210219,000000,11.018,11.102,11.018,11.102,30724,0
ETLK.DE,D,20210222,000000,11.052,11.082,11.012,11.082,31837,0
ETLK.DE,D,20210223,000000,11.21,11.21,11.12,11.19,18716,0
ETLK.DE,D,20210224,000000,11.068,11.158,11.068,11.158,19548,0
ETLK.DE,D,20210225,000000,11.204,11.204,11.072,11.072,113248,0
ETLK.DE,D,20210226,000000,10.86,10.934,10.774,10.834,14751,0
ETLK.DE,D,20210301,000000,11.02,11.124,11,11.122,19013,0
ETLK.DE,D,20210302,000000,10.984,11.06,10.984,10.986,23348,0
ETLK.DE,D,20210303,000000,11.124,11.13,11.044,11.08,15060,0
ETLK.DE,D,20210304,000000,11.092,11.132,11.084,11.106,25367,0
ETLK.DE,D,20210305,000000,11.02,11.128,11.004,11.004,31943,0
ETLK.DE,D,20210308,000000,11.014,11.128,10.996,11.128,17260,0
ETLK.DE,D,20210309,000000,11.096,11.21,11.096,11.166,28242,0
ETLK.DE,D,20210310,000000,11.058,11.126,11.058,11.116,14763,0
ETLK.DE,D,20210311,000000,11.14,11.168,11.11,11.158,45129,0
ETLK.DE,D,20210312,000000,11.082,11.128,11.054,11.092,20249,0
ETLK.DE,D,20210315,000000,11.146,11.18,11.146,11.16,22549,0
ETLK.DE,D,20210316,000000,11.202,11.242,11.166,11.242,16996,0
ETLK.DE,D,20210317,000000,11.222,11.222,11.182,11.182,18279,0
ETLK.DE,D,20210318,000000,11.202,11.228,11.174,11.204,33735,0
ETLK.DE,D,20210319,000000,11.108,11.154,11.102,11.102,8947,0
ETLK.DE,D,20210322,000000,11.126,11.176,11.122,11.142,21032,0
ETLK.DE,D,20210323,000000,11.068,11.128,11.04,11.102,23076,0
ETLK.DE,D,20210324,000000,11,11.09,11,11.056,21223,0
ETLK.DE,D,20210325,000000,11.056,11.11,11.046,11.11,11280,0
ETLK.DE,D,20210326,000000,11.178,11.214,11.138,11.204,28799,0
ETLK.DE,D,20210329,000000,11.216,11.266,11.216,11.24,24905,0
ETLK.DE,D,20210330,000000,11.27,11.308,11.238,11.272,12366,0
ETLK.DE,D,20210331,000000,11.248,11.248,11.196,11.244,16112,0
ETLK.DE,D,20210401,000000,11.232,11.336,11.226,11.314,19334,0
ETLK.DE,D,20210406,000000,11.326,11.364,11.282,11.348,31295,0
ETLK.DE,D,20210407,000000,11.26,11.278,11.214,11.214,1886,0
ETLK.DE,D,20210408,000000,11.384,11.41,11.326,11.334,88689,0
ETLK.DE,D,20210409,000000,11.312,11.364,11.312,11.314,6962,0
ETLK.DE,D,20210412,000000,11.252,11.28,11.234,11.234,67808,0
ETLK.DE,D,20210413,000000,11.304,11.304,11.274,11.288,38543,0
ETLK.DE,D,20210414,000000,11.372,11.408,11.366,11.408,45908,0
ETLK.DE,D,20210415,000000,11.468,11.516,11.468,11.5,16148,0
ETLK.DE,D,20210416,000000,11.492,11.518,11.486,11.506,20315,0
ETLK.DE,D,20210419,000000,11.516,11.516,11.442,11.442,25028,0
ETLK.DE,D,20210420,000000,11.452,11.452,11.266,11.266,27564,0
ETLK.DE,D,20210421,000000,11.328,11.388,11.316,11.368,40669,0
ETLK.DE,D,20210422,000000,11.418,11.44,11.404,11.432,13039,0
ETLK.DE,D,20210423,000000,11.418,11.438,11.39,11.438,16196,0
ETLK.DE,D,20210426,000000,11.44,11.482,11.422,11.474,23364,0
ETLK.DE,D,20210427,000000,11.432,11.458,11.42,11.43,36525,0
ETLK.DE,D,20210428,000000,11.46,11.498,11.45,11.482,24400,0
ETLK.DE,D,20210429,000000,11.532,11.532,11.44,11.44,15017,0
ETLK.DE,D,20210430,000000,11.386,11.42,11.358,11.368,13434,0
ETLK.DE,D,20210503,000000,11.344,11.38,11.294,11.374,25605,0
ETLK.DE,D,20210504,000000,11.446,11.466,11.324,11.324,21026,0
ETLK.DE,D,20210505,000000,11.436,11.518,11.436,11.518,35024,0
ETLK.DE,D,20210506,000000,11.476,11.488,11.422,11.47,39837,0
ETLK.DE,D,20210507,000000,11.496,11.512,11.49,11.512,17150,0
ETLK.DE,D,20210510,000000,11.59,11.602,11.58,11.594,51875,0
ETLK.DE,D,20210511,000000,11.45,11.45,11.32,11.354,17977,0
ETLK.DE,D,20210512,000000,11.374,11.4,11.34,11.34,23248,0
ETLK.DE,D,20210513,000000,11.19,11.306,11.132,11.256,23959,0
ETLK.DE,D,20210514,000000,11.278,11.314,11.268,11.314,13634,0
ETLK.DE,D,20210517,000000,11.286,11.286,11.23,11.256,20113,0
ETLK.DE,D,20210518,000000,11.408,11.408,11.306,11.322,20161,0
ETLK.DE,D,20210519,000000,11.132,11.166,11.008,11.086,23680,0
ETLK.DE,D,20210520,000000,11.268,11.312,11.196,11.302,22677,0
ETLK.DE,D,20210521,000000,11.238,11.322,11.238,11.282,20326,0
ETLK.DE,D,20210525,000000,11.38,11.408,11.33,11.342,8153,0
ETLK.DE,D,20210526,000000,11.406,11.422,11.38,11.402,41940,0
ETLK.DE,D,20210527,000000,11.408,11.504,11.408,11.476,20292,0
ETLK.DE,D,20210528,000000,11.52,11.564,11.51,11.52,36614,0
ETLK.DE,D,20210531,000000,11.45,11.45,11.364,11.368,21428,0
ETLK.DE,D,20210601,000000,11.444,11.502,11.444,11.468,19797,0
ETLK.DE,D,20210602,000000,11.5,11.544,11.498,11.542,21181,0
ETLK.DE,D,20210603,000000,11.508,11.518,11.462,11.518,26322,0
ETLK.DE,D,20210604,000000,11.55,11.584,11.55,11.584,19180,0
ETLK.DE,D,20210607,000000,11.568,11.588,11.54,11.54,69337,0
ETLK.DE,D,20210608,000000,11.574,11.586,11.546,11.564,54160,0
ETLK.DE,D,20210609,000000,11.53,11.53,11.508,11.508,36886,0
ETLK.DE,D,20210610,000000,11.558,11.592,11.532,11.566,34282,0
ETLK.DE,D,20210611,000000,11.564,11.62,11.564,11.594,21553,0
ETLK.DE,D,20210614,000000,11.634,11.634,11.6,11.604,18607,0
ETLK.DE,D,20210615,000000,11.598,11.602,11.572,11.572,20152,0
ETLK.DE,D,20210616,000000,11.598,11.618,11.526,11.608,95347,0
ETLK.DE,D,20210617,000000,11.606,11.65,11.606,11.64,27049,0
ETLK.DE,D,20210618,000000,11.6,11.6,11.51,11.51,20186,0
ETLK.DE,D,20210621,000000,11.418,11.536,11.418,11.536,15685,0
ETLK.DE,D,20210622,000000,11.544,11.544,11.48,11.52,25261,0
ETLK.DE,D,20210623,000000,11.528,11.528,11.472,11.482,19824,0
ETLK.DE,D,20210624,000000,11.522,11.566,11.522,11.552,14054,0
ETLK.DE,D,20210625,000000,11.572,11.582,11.562,11.568,19131,0
ETLK.DE,D,20210628,000000,11.58,11.58,11.524,11.524,17098,0
ETLK.DE,D,20210629,000000,11.534,11.58,11.534,11.534,18162,0
ETLK.DE,D,20210630,000000,11.542,11.542,11.46,11.53,28782,0
ETLK.DE,D,20210701,000000,11.488,11.536,11.442,11.476,65673,0
ETLK.DE,D,20210702,000000,11.492,11.55,11.492,11.532,32016,0
ETLK.DE,D,20210705,000000,11.552,11.604,11.552,11.572,28235,0
ETLK.DE,D,20210706,000000,11.582,11.62,11.508,11.508,89415,0
ETLK.DE,D,20210707,000000,11.62,11.658,11.62,11.632,34787,0
ETLK.DE,D,20210708,000000,11.5,11.5,11.368,11.41,99951,0
ETLK.DE,D,20210709,000000,11.42,11.538,11.42,11.524,25574,0
ETLK.DE,D,20210712,000000,11.526,11.6,11.488,11.574,45634,0
ETLK.DE,D,20210713,000000,11.6,11.634,11.6,11.618,32375,0
ETLK.DE,D,20210714,000000,11.61,11.644,11.584,11.602,25475,0
ETLK.DE,D,20210715,000000,11.574,11.592,11.542,11.544,19115,0
ETLK.DE,D,20210716,000000,11.598,11.604,11.536,11.536,43702,0
ETLK.DE,D,20210719,000000,11.414,11.414,11.262,11.284,23740,0
ETLK.DE,D,20210720,000000,11.322,11.344,11.26,11.344,20895,0
ETLK.DE,D,20210721,000000,11.374,11.456,11.374,11.446,40465,0
ETLK.DE,D,20210722,000000,11.558,11.568,11.518,11.538,15160,0
ETLK.DE,D,20210723,000000,11.548,11.576,11.52,11.566,21157,0
ETLK.DE,D,20210726,000000,11.456,11.492,11.438,11.492,52699,0
ETLK.DE,D,20210727,000000,11.41,11.41,11.312,11.312,23521,0
ETLK.DE,D,20210728,000000,11.27,11.374,11.24,11.352,42952,0
ETLK.DE,D,20210729,000000,11.408,11.442,11.406,11.436,16440,0
ETLK.DE,D,20210730,000000,11.378,11.45,11.35,11.404,23382,0
ETLK.DE,D,20210802,000000,11.472,11.5,11.446,11.476,52947,0
ETLK.DE,D,20210803,000000,11.484,11.506,11.44,11.468,20619,0
ETLK.DE,D,20210804,000000,11.562,11.568,11.548,11.548,16546,0
ETLK.DE,D,20210805,000000,11.56,11.61,11.56,11.594,58785,0
ETLK.DE,D,20210806,000000,11.598,11.644,11.582,11.608,28559,0
ETLK.DE,D,20210809,000000,11.618,11.636,11.616,11.624,60161,0
ETLK.DE,D,20210810,000000,11.642,11.678,11.642,11.666,2236,0
ETLK.DE,D,20210811,000000,11.702,11.728,11.686,11.712,40217,0
ETLK.DE,D,20210812,000000,11.678,11.692,11.66,11.66,17098,0
ETLK.DE,D,20210813,000000,11.7,11.712,11.682,11.682,44359,0
ETLK.DE,D,20210816,000000,11.594,11.618,11.594,11.618,20998,0
ETLK.DE,D,20210817,000000,11.502,11.502,11.476,11.488,17473,0
ETLK.DE,D,20210818,000000,11.51,11.51,11.48,11.484,29752,0
ETLK.DE,D,20210819,000000,11.33,11.374,11.274,11.362,39407,0
ETLK.DE,D,20210820,000000,11.278,11.358,11.232,11.34,27333,0
ETLK.DE,D,20210823,000000,11.346,11.392,11.332,11.39,23532,0
ETLK.DE,D,20210824,000000,11.412,11.444,11.412,11.44,38352,0
