<TICKER>,<PER>,<DATE>,<TIME>,<OPEN>,<HIGH>,<LOW>,<CLOSE>,<VOL>,<OPENINT>
G2X.DE,D,20150624,000000,16.8,16.8,16.799999,16.799999,0,0
G2X.DE,D,20150625,000000,17.5,17.5,16.77,16.77,5144,0
G2X.DE,D,20150626,000000,16.72,16.72,16.68,16.709999,6000,0
G2X.DE,D,20150629,000000,16.89,16.89,16.58,16.58,3140,0
G2X.DE,D,20150630,000000,16.52,16.52,16.379999,16.379999,6421,0
G2X.DE,D,20150701,000000,16.36,16.36,16.33,16.33,122,0
G2X.DE,D,20150702,000000,16.16,16.2,16.16,16.17,6000,0
G2X.DE,D,20150703,000000,16.27,16.27,16.219999,16.219999,100,0
G2X.DE,D,20150706,000000,16.5,16.5,16.5,16.5,0,0
G2X.DE,D,20150707,000000,15.92,15.92,15.92,15.92,0,0
G2X.DE,D,20150708,000000,15.68,16,15.68,15.81,66740,0
G2X.DE,D,20150709,000000,15.97,15.97,15.75,15.75,63,0
G2X.DE,D,20150710,000000,15.62,15.65,15.46,15.46,3280,0
G2X.DE,D,20150713,000000,15.4,15.59,15.27,15.59,23700,0
G2X.DE,D,20150714,000000,15.58,15.7,15.58,15.7,6600,0
G2X.DE,D,20150715,000000,15.63,15.68,15.4,15.4,10380,0
G2X.DE,D,20150716,000000,15.27,15.3,15.27,15.3,70,0
G2X.DE,D,20150717,000000,15.24,15.24,14.77,14.77,23100,0
G2X.DE,D,20150720,000000,14.2,14.2,13.49,13.59,10410,0
G2X.DE,D,20150721,000000,13.35,13.54,13.29,13.49,34900,0
G2X.DE,D,20150722,000000,13.12,13.41,13.12,13.41,3500,0
G2X.DE,D,20150723,000000,13.41,13.41,12.98,12.98,3400,0
G2X.DE,D,20150724,000000,12.66,12.66,12.53,12.53,3500,0
G2X.DE,D,20150727,000000,13.17,13.17,13.03,13.04,17210,0
G2X.DE,D,20150728,000000,12.72,12.81,12.55,12.76,52440,0
G2X.DE,D,20150729,000000,12.84,12.91,12.84,12.91,1600,0
G2X.DE,D,20150730,000000,12.89,12.91,12.83,12.91,20800,0
G2X.DE,D,20150731,000000,12.61,12.83,12.52,12.83,13380,0
G2X.DE,D,20150803,000000,12.89,12.89,12.67,12.67,1280,0
G2X.DE,D,20150804,000000,12.62,12.7,12.62,12.65,1200,0
G2X.DE,D,20150805,000000,12.63,12.69,12.56,12.56,12400,0
G2X.DE,D,20150806,000000,12.51,12.6,12.45,12.6,1200,0
G2X.DE,D,20150807,000000,12.7,13.02,12.56,12.78,19845,0
G2X.DE,D,20150810,000000,12.8,13.18,12.8,13.18,400,0
G2X.DE,D,20150811,000000,13.25,13.56,13.18,13.27,23525,0
G2X.DE,D,20150812,000000,13.6,14.08,13.6,14.08,11415,0
G2X.DE,D,20150813,000000,14.25,14.25,13.79,13.79,20059,0
G2X.DE,D,20150814,000000,13.64,13.7,13.49,13.49,9275,0
G2X.DE,D,20150817,000000,13.61,13.88,13.61,13.88,32100,0
G2X.DE,D,20150818,000000,13.96,13.96,13.74,13.87,5540,0
G2X.DE,D,20150819,000000,13.85,14.12,13.85,14.12,67780,0
G2X.DE,D,20150820,000000,14.39,14.61,14.39,14.56,32410,0
G2X.DE,D,20150821,000000,14.58,14.58,14.14,14.14,12040,0
G2X.DE,D,20150824,000000,13.41,13.58,13.32,13.32,16237,0
G2X.DE,D,20150825,000000,12.82,13.04,12.3,12.59,12451,0
G2X.DE,D,20150826,000000,12.4,12.4,11.92,11.92,3700,0
G2X.DE,D,20150827,000000,12.5,12.5,12.5,12.5,0,0
G2X.DE,D,20150828,000000,12.64,13,12.64,13,4000,0
G2X.DE,D,20150831,000000,12.98,13.02,12.52,12.77,8180,0
G2X.DE,D,20150901,000000,12.89,12.97,12.76,12.76,4506,0
G2X.DE,D,20150902,000000,12.57,12.57,12.31,12.31,12432,0
G2X.DE,D,20150903,000000,12.45,12.61,12.34,12.61,8407,0
G2X.DE,D,20150904,000000,12.38,12.38,12.19,12.19,167,0
G2X.DE,D,20150907,000000,12.36,12.37,12.34,12.34,600,0
G2X.DE,D,20150908,000000,12.62,12.62,12.62,12.62,0,0
G2X.DE,D,20150909,000000,12.64,12.64,12.3,12.3,25870,0
G2X.DE,D,20150910,000000,12.11,12.2,12.11,12.14,4885,0
G2X.DE,D,20150911,000000,11.93,11.93,11.52,11.52,4200,0
G2X.DE,D,20150914,000000,12.03,12.03,12.03,12.03,390,0
G2X.DE,D,20150915,000000,11.93,12.1,11.85,12.1,17600,0
G2X.DE,D,20150916,000000,12.61,12.61,12.61,12.61,0,0
G2X.DE,D,20150917,000000,12.62,12.62,12.49,12.61,4600,0
G2X.DE,D,20150918,000000,13.13,13.13,13.06,13.06,150,0
G2X.DE,D,20150921,000000,13.15,13.15,12.97,13.07,1776,0
G2X.DE,D,20150922,000000,12.88,12.93,12.55,12.55,50165,0
G2X.DE,D,20150923,000000,12.37,12.37,12.37,12.37,0,0
G2X.DE,D,20150924,000000,12.9,12.9,12.9,12.9,0,0
G2X.DE,D,20150925,000000,12.95,12.95,12.91,12.93,36060,0
G2X.DE,D,20150928,000000,12.75,12.75,12.39,12.39,10600,0
G2X.DE,D,20150929,000000,12.16,12.42,12.16,12.42,150,0
G2X.DE,D,20150930,000000,12.38,12.5,12.38,12.5,120,0
G2X.DE,D,20151001,000000,12.54,12.54,12.54,12.54,0,0
G2X.DE,D,20151002,000000,12.3,12.98,12.3,12.98,2050,0
G2X.DE,D,20151005,000000,13.23,13.87,13.23,13.87,50426,0
G2X.DE,D,20151006,000000,13.87,14.35,13.86,14.35,36400,0
G2X.DE,D,20151007,000000,14.5,14.55,14.16,14.16,6160,0
G2X.DE,D,20151008,000000,14.12,14.24,14.1,14.24,8710,0
G2X.DE,D,20151009,000000,14.41,14.62,14.41,14.62,32280,0
G2X.DE,D,20151012,000000,14.86,15.03,14.55,14.55,8440,0
G2X.DE,D,20151013,000000,14.1,14.47,14.08,14.47,21436,0
G2X.DE,D,20151014,000000,14.79,14.79,14.79,14.79,0,0
G2X.DE,D,20151015,000000,15.04,15.28,15.04,15.11,28670,0
G2X.DE,D,20151016,000000,15.18,15.27,15.18,15.26,5000,0
G2X.DE,D,20151019,000000,14.8,14.84,14.55,14.55,43195,0
G2X.DE,D,20151020,000000,14.38,14.79,14.38,14.71,4830,0
G2X.DE,D,20151021,000000,14.85,14.85,14.37,14.43,37800,0
G2X.DE,D,20151022,000000,14.47,15.01,14.47,15.01,8400,0
G2X.DE,D,20151023,000000,15.16,15.53,14.95,15.12,26500,0
G2X.DE,D,20151026,000000,15.36,15.37,15.08,15.08,7182,0
G2X.DE,D,20151027,000000,15.02,15.02,14.97,14.97,2150,0
G2X.DE,D,20151028,000000,15.57,15.57,15.54,15.54,175,0
G2X.DE,D,20151029,000000,14.77,14.77,14.37,14.37,2135,0
G2X.DE,D,20151030,000000,14.32,14.32,14.06,14.19,17055,0
G2X.DE,D,20151102,000000,13.96,13.99,13.9,13.99,7660,0
G2X.DE,D,20151103,000000,14.08,14.08,13.89,14.06,4350,0
G2X.DE,D,20151104,000000,14.12,14.12,14.09,14.09,4200,0
G2X.DE,D,20151105,000000,13.9,13.9,13.44,13.44,18300,0
G2X.DE,D,20151106,000000,13.41,13.41,12.97,12.97,100,0
G2X.DE,D,20151109,000000,12.77,12.77,12.77,12.77,0,0
G2X.DE,D,20151110,000000,13.14,13.14,13.14,13.14,0,0
G2X.DE,D,20151111,000000,13,13,13,13,0,0
G2X.DE,D,20151112,000000,12.91,12.91,12.91,12.91,0,0
G2X.DE,D,20151113,000000,12.99,13.01,12.94,13.01,445,0
G2X.DE,D,20151116,000000,13.19,13.19,13.19,13.19,0,0
G2X.DE,D,20151117,000000,13.17,13.17,12.9,12.9,12900,0
G2X.DE,D,20151118,000000,12.69,12.69,12.54,12.54,8250,0
G2X.DE,D,20151119,000000,13.09,13.41,13.09,13.41,12601,0
G2X.DE,D,20151120,000000,13.46,13.57,13.13,13.13,5260,0
G2X.DE,D,20151123,000000,12.92,13.07,12.86,13.07,29400,0
G2X.DE,D,20151124,000000,13.15,13.28,13.14,13.24,33000,0
G2X.DE,D,20151125,000000,13.34,13.51,13.25,13.51,8460,0
G2X.DE,D,20151126,000000,13.4,13.45,13.4,13.44,11420,0
G2X.DE,D,20151127,000000,13.05,13.05,13.05,13.05,0,0
G2X.DE,D,20151130,000000,13.04,13.37,13.04,13.37,9200,0
G2X.DE,D,20151201,000000,13.55,13.55,13.42,13.42,13396,0
G2X.DE,D,20151202,000000,13.68,13.68,13.42,13.42,14000,0
G2X.DE,D,20151203,000000,13.45,13.45,13.23,13.23,14471,0
G2X.DE,D,20151204,000000,13.37,13.86,13.37,13.86,1480,0
G2X.DE,D,20151207,000000,14.03,14.03,13.77,13.77,50,0
G2X.DE,D,20151208,000000,13.28,13.28,13.28,13.28,0,0
G2X.DE,D,20151209,000000,13.44,13.62,13.3,13.3,37200,0
G2X.DE,D,20151210,000000,13.46,13.51,13.46,13.51,4200,0
G2X.DE,D,20151211,000000,13.33,13.55,13.33,13.55,9540,0
G2X.DE,D,20151214,000000,13.44,13.44,12.98,12.98,126000,0
G2X.DE,D,20151215,000000,12.88,12.92,12.81,12.81,46200,0
G2X.DE,D,20151216,000000,12.93,13.26,12.92,13.16,99990,0
G2X.DE,D,20151217,000000,13.32,13.32,12.75,12.75,21000,0
G2X.DE,D,20151218,000000,13.03,13.03,13.03,13.03,0,0
G2X.DE,D,20151221,000000,13.15,13.15,13.13,13.13,4570,0
G2X.DE,D,20151222,000000,13.09,13.09,13.09,13.09,0,0
G2X.DE,D,20151223,000000,13.18,13.29,13.1,13.29,16800,0
G2X.DE,D,20151228,000000,13.55,13.55,13.08,13.08,54875,0
G2X.DE,D,20151229,000000,13.17,13.23,13.17,13.23,547,0
G2X.DE,D,20151230,000000,13.2,13.2,13.2,13.2,0,0
G2X.DE,D,20160104,000000,13.42,13.42,13.42,13.42,0,0
G2X.DE,D,20160105,000000,13.57,13.57,13.53,13.53,1000,0
G2X.DE,D,20160106,000000,13.81,13.82,13.81,13.82,261,0
G2X.DE,D,20160107,000000,13.71,13.9,13.71,13.86,38862,0
G2X.DE,D,20160108,000000,13.97,13.97,13.82,13.91,58570,0
G2X.DE,D,20160111,000000,13.91,14.02,13.46,13.46,10016,0
G2X.DE,D,20160112,000000,13.35,13.44,12.88,12.9,98080,0
G2X.DE,D,20160113,000000,12.94,13.11,12.93,12.97,35100,0
G2X.DE,D,20160114,000000,12.91,12.92,12.63,12.63,19500,0
G2X.DE,D,20160115,000000,12.69,12.8,12.52,12.52,42340,0
G2X.DE,D,20160118,000000,12.58,12.72,12.54,12.55,29311,0
G2X.DE,D,20160119,000000,12.73,12.76,11.92,11.92,30836,0
G2X.DE,D,20160120,000000,12.06,12.3,11.99,11.99,25270,0
G2X.DE,D,20160121,000000,12.18,12.39,11.98,12.02,14367,0
G2X.DE,D,20160122,000000,12.25,12.62,12.24,12.37,6771,0
G2X.DE,D,20160125,000000,12.67,12.82,12.65,12.72,40469,0
G2X.DE,D,20160126,000000,12.9,13.4,12.9,13.38,104799,0
G2X.DE,D,20160127,000000,13.3,13.46,13.24,13.46,14765,0
G2X.DE,D,20160128,000000,13.48,13.49,13.16,13.26,50764,0
G2X.DE,D,20160129,000000,13.16,13.53,13.08,13.52,55840,0
G2X.DE,D,20160201,000000,13.66,13.96,13.66,13.83,35339,0
G2X.DE,D,20160202,000000,13.8,13.9,13.62,13.64,82299,0
G2X.DE,D,20160203,000000,13.61,14.19,13.6,14.19,25340,0
G2X.DE,D,20160204,000000,14.47,15.05,14.43,15.05,16358,0
G2X.DE,D,20160205,000000,14.98,15.26,14.62,15.26,71989,0
G2X.DE,D,20160208,000000,15.66,16.6,15.58,16.54,143281,0
G2X.DE,D,20160209,000000,16.35,16.38,15.87,16.05,73841,0
G2X.DE,D,20160210,000000,15.59,15.59,15.02,15.3,73434,0
G2X.DE,D,20160211,000000,16.14,16.84,16.14,16.84,61540,0
G2X.DE,D,20160212,000000,16.74,16.95,16.49,16.91,43227,0
G2X.DE,D,20160215,000000,17.02,17.02,16.07,16.14,34363,0
G2X.DE,D,20160216,000000,15.91,16.93,15.91,16.91,139705,0
G2X.DE,D,20160217,000000,16.29,16.57,16.27,16.49,56899,0
G2X.DE,D,20160218,000000,16.4,17.13,16.22,17.13,62494,0
G2X.DE,D,20160219,000000,17.16,17.5,17.15,17.15,65746,0
G2X.DE,D,20160222,000000,17.1,17.26,16.5,17.2,85107,0
G2X.DE,D,20160223,000000,17.5,18.07,17.5,17.84,40634,0
G2X.DE,D,20160224,000000,17.88,18.64,17.88,18.48,42237,0
G2X.DE,D,20160225,000000,18.19,18.33,17.83,18.14,50853,0
G2X.DE,D,20160226,000000,18.12,18.21,17.79,17.87,15094,0
G2X.DE,D,20160229,000000,17.97,18.34,17.95,18.3,39250,0
G2X.DE,D,20160301,000000,18.56,19.07,18,18,19313,0
G2X.DE,D,20160302,000000,18.22,18.22,17.66,18.13,41853,0
G2X.DE,D,20160303,000000,18.19,18.82,18.16,18.82,31875,0
G2X.DE,D,20160304,000000,18.94,19.54,18.68,19.49,38933,0
G2X.DE,D,20160307,000000,18.82,19.54,18.82,19.22,10677,0
G2X.DE,D,20160308,000000,19.81,19.81,18.46,18.46,12828,0
G2X.DE,D,20160309,000000,18.38,18.39,17.89,18.35,12131,0
G2X.DE,D,20160310,000000,18.29,19.11,18.29,18.62,17164,0
G2X.DE,D,20160311,000000,19.13,19.13,18.76,18.76,19756,0
G2X.DE,D,20160314,000000,18.76,18.76,17.99,17.99,70,0
G2X.DE,D,20160315,000000,17.87,18.01,17.74,17.9,10128,0
G2X.DE,D,20160316,000000,18.13,18.13,17.81,17.81,18374,0
G2X.DE,D,20160317,000000,19.2,19.52,19.19,19.52,17871,0
G2X.DE,D,20160318,000000,19.07,19.07,18.69,19.03,34344,0
G2X.DE,D,20160321,000000,19.14,19.14,18.67,19.03,5092,0
G2X.DE,D,20160322,000000,19.42,19.46,19,19,5699,0
G2X.DE,D,20160323,000000,18.51,18.54,18,18.19,18471,0
G2X.DE,D,20160324,000000,17.7,18.05,17.66,17.99,22809,0
G2X.DE,D,20160329,000000,17.94,18.16,17.83,18.05,15924,0
G2X.DE,D,20160330,000000,18.66,18.73,18.3,18.32,49548,0
G2X.DE,D,20160331,000000,18.59,18.67,18.41,18.41,10017,0
G2X.DE,D,20160401,000000,18.27,18.27,17.68,17.83,49583,0
G2X.DE,D,20160404,000000,18.1,18.1,18.02,18.02,3280,0
G2X.DE,D,20160405,000000,18.21,18.39,17.95,18.24,9815,0
G2X.DE,D,20160406,000000,18.3,18.31,18.16,18.17,18194,0
G2X.DE,D,20160407,000000,18.38,18.99,18.38,18.94,8323,0
G2X.DE,D,20160408,000000,18.89,19.4,18.71,19.4,7135,0
G2X.DE,D,20160411,000000,19.81,20.53,19.81,20.53,3760,0
G2X.DE,D,20160412,000000,20.7,20.85,20.55,20.85,4838,0
G2X.DE,D,20160413,000000,20.67,20.68,20.37,20.68,45080,0
G2X.DE,D,20160414,000000,20.27,20.51,20.1,20.1,20667,0
G2X.DE,D,20160415,000000,20.07,20.18,19.89,20.18,903,0
G2X.DE,D,20160418,000000,20.38,20.5,20.16,20.5,12090,0
G2X.DE,D,20160419,000000,20.73,21.18,20.72,21.18,8499,0
G2X.DE,D,20160420,000000,21.08,21.58,21.08,21.58,36778,0
G2X.DE,D,20160421,000000,21.38,21.58,21.24,21.47,7852,0
G2X.DE,D,20160422,000000,21.19,21.48,21.19,21.22,9650,0
G2X.DE,D,20160425,000000,21.01,21.02,20.85,20.85,4163,0
G2X.DE,D,20160426,000000,20.65,20.88,20.6,20.88,1190,0
G2X.DE,D,20160427,000000,21.41,21.41,21.2,21.2,200,0
G2X.DE,D,20160428,000000,21.51,22.16,21.45,22.16,28790,0
G2X.DE,D,20160429,000000,22.4,23.1,22.34,23.06,14267,0
G2X.DE,D,20160502,000000,23.27,23.86,23.2,23.2,24612,0
G2X.DE,D,20160503,000000,23.2,23.2,22.12,22.22,29795,0
G2X.DE,D,20160504,000000,21.86,22.06,21.3,21.32,15630,0
G2X.DE,D,20160505,000000,21.34,21.84,21.26,21.71,12377,0
G2X.DE,D,20160506,000000,22.06,23.03,22.06,23.03,21096,0
G2X.DE,D,20160509,000000,23,23,21.52,21.52,14688,0
G2X.DE,D,20160510,000000,21.99,21.99,21.44,21.44,1179,0
G2X.DE,D,20160511,000000,22.32,22.9,21.97,22.08,20700,0
G2X.DE,D,20160512,000000,22.52,23.04,22.25,22.5,7574,0
G2X.DE,D,20160513,000000,22.69,22.91,22.44,22.84,11100,0
G2X.DE,D,20160517,000000,23.21,23.5,22.84,23.5,2108,0
G2X.DE,D,20160518,000000,23.21,23.3,23.17,23.3,5970,0
G2X.DE,D,20160519,000000,21.74,22.16,21.3,22.16,11666,0
G2X.DE,D,20160520,000000,22.29,22.29,21.73,21.73,4433,0
G2X.DE,D,20160523,000000,22.15,22.18,21.91,22.04,9827,0
G2X.DE,D,20160524,000000,21.83,21.84,21.35,21.35,12580,0
G2X.DE,D,20160525,000000,20.86,21.1,20.5,21.1,11102,0
G2X.DE,D,20160526,000000,21.51,21.65,21.2,21.25,21938,0
G2X.DE,D,20160527,000000,21.33,21.33,20.99,20.99,816,0
G2X.DE,D,20160530,000000,20.45,20.69,20.44,20.63,5254,0
G2X.DE,D,20160531,000000,20.91,21.12,20.65,21.12,15675,0
G2X.DE,D,20160601,000000,21.16,21.24,21.02,21.02,2613,0
G2X.DE,D,20160602,000000,21.14,21.15,20.96,21.15,3305,0
G2X.DE,D,20160603,000000,21.21,22.63,21.21,22.63,3591,0
G2X.DE,D,20160606,000000,23.2,23.22,22.94,23.08,54137,0
G2X.DE,D,20160607,000000,23.17,23.17,22.77,23.07,61578,0
G2X.DE,D,20160608,000000,23.27,24.07,23.03,23.78,65356,0
G2X.DE,D,20160609,000000,23.56,24.04,23.48,24.04,19034,0
G2X.DE,D,20160610,000000,23.95,24.66,23.75,23.75,44733,0
G2X.DE,D,20160613,000000,24.21,24.58,23.94,23.94,16552,0
G2X.DE,D,20160614,000000,23.67,23.97,23.32,23.32,25290,0
G2X.DE,D,20160615,000000,23.48,23.71,23.29,23.54,53697,0
G2X.DE,D,20160616,000000,24.86,25.17,24.8,24.87,37935,0
G2X.DE,D,20160617,000000,23.59,23.96,23.41,23.47,1527,0
G2X.DE,D,20160620,000000,23.64,23.64,22.89,23.45,32210,0
G2X.DE,D,20160621,000000,23.22,23.34,22.83,23.34,3630,0
G2X.DE,D,20160622,000000,23,23.08,22.88,22.99,14329,0
G2X.DE,D,20160623,000000,22.99,23.34,22.99,23.34,1803,0
G2X.DE,D,20160624,000000,25.65,26.13,24.63,24.63,122551,0
G2X.DE,D,20160627,000000,25.57,25.74,24.91,24.91,15031,0
G2X.DE,D,20160628,000000,25.12,25.15,24.4,25.15,6205,0
G2X.DE,D,20160629,000000,25.5,25.66,25.23,25.66,13190,0
G2X.DE,D,20160630,000000,25.45,25.79,25.39,25.74,32565,0
G2X.DE,D,20160701,000000,26.55,26.78,26.55,26.78,3819,0
G2X.DE,D,20160704,000000,26.89,27.69,26.89,27.69,48328,0
G2X.DE,D,20160705,000000,27.99,27.99,27,27.52,35565,0
G2X.DE,D,20160706,000000,28.31,28.62,28.18,28.38,43298,0
G2X.DE,D,20160707,000000,28.54,28.64,27.59,27.61,10865,0
G2X.DE,D,20160708,000000,27.63,28.12,27.18,28,110129,0
G2X.DE,D,20160711,000000,28.7,28.74,28.39,28.69,38664,0
G2X.DE,D,20160712,000000,28.82,28.82,28.15,28.3,22327,0
G2X.DE,D,20160713,000000,28.16,28.36,27.84,28.18,57420,0
G2X.DE,D,20160714,000000,27.3,28.11,27.3,28.11,56866,0
G2X.DE,D,20160715,000000,27.95,28.22,27.93,28.05,24100,0
G2X.DE,D,20160718,000000,27.94,28.15,27.81,27.81,59719,0
G2X.DE,D,20160719,000000,27.95,28.13,27.95,28.03,5412,0
G2X.DE,D,20160720,000000,27.84,27.84,26.91,26.95,27980,0
G2X.DE,D,20160721,000000,26.53,27.17,26.48,27.14,22209,0
G2X.DE,D,20160722,000000,26.96,27.1,26.81,27.1,18784,0
G2X.DE,D,20160725,000000,26.86,26.91,25.92,26.39,6346,0
G2X.DE,D,20160726,000000,26.43,26.81,26.41,26.81,13578,0
G2X.DE,D,20160727,000000,26.97,27.4,26.97,27.12,1314,0
G2X.DE,D,20160728,000000,27.92,28.19,27.48,27.48,9037,0
G2X.DE,D,20160729,000000,27.7,28.46,27.62,28.42,6695,0
G2X.DE,D,20160801,000000,28.47,28.55,28.39,28.46,7892,0
G2X.DE,D,20160802,000000,28.69,29.19,28.62,29.11,25255,0
G2X.DE,D,20160803,000000,29.08,29.18,28.53,28.74,28006,0
G2X.DE,D,20160804,000000,28.48,29.3,28.43,29.28,14464,0
G2X.DE,D,20160805,000000,29.28,29.33,28.39,28.43,32992,0
G2X.DE,D,20160808,000000,28.21,28.8,28.05,28.77,70002,0
G2X.DE,D,20160809,000000,28.36,28.83,28.32,28.78,23777,0
G2X.DE,D,20160810,000000,29.38,29.46,29.04,29.04,15478,0
G2X.DE,D,20160811,000000,28.95,29.25,28.93,29.24,28931,0
G2X.DE,D,20160812,000000,29.06,29.53,28.96,29.28,68120,0
G2X.DE,D,20160815,000000,29.12,29.12,28.83,28.93,12616,0
G2X.DE,D,20160816,000000,28.96,29.02,28.34,28.58,26592,0
G2X.DE,D,20160817,000000,28.11,28.23,27.42,27.46,17193,0
G2X.DE,D,20160818,000000,27.95,27.95,27.95,27.95,0,0
G2X.DE,D,20160819,000000,27.96,27.98,27.46,27.59,61417,0
G2X.DE,D,20160822,000000,27.12,27.19,26.91,26.92,64172,0
G2X.DE,D,20160823,000000,27.09,27.11,26.84,26.84,472,0
G2X.DE,D,20160824,000000,26.71,26.71,25.62,25.65,170662,0
G2X.DE,D,20160825,000000,24.93,25.42,24.51,25.39,71382,0
G2X.DE,D,20160826,000000,25.26,25.78,25.24,25.73,6877,0
G2X.DE,D,20160829,000000,24.95,25.32,24.87,25.32,33078,0
G2X.DE,D,20160830,000000,25.13,25.13,24.67,24.67,9000,0
G2X.DE,D,20160831,000000,24.18,24.22,23.68,23.68,33942,0
G2X.DE,D,20160901,000000,23.62,24.23,23.41,24.23,74686,0
G2X.DE,D,20160902,000000,24.25,25.38,24.25,25.05,87289,0
G2X.DE,D,20160905,000000,25.55,25.7,25.52,25.7,9803,0
G2X.DE,D,20160906,000000,25.64,26.15,25.63,26.15,54472,0
G2X.DE,D,20160907,000000,26.53,26.53,25.96,25.96,16874,0
G2X.DE,D,20160908,000000,26.23,26.32,25.82,25.82,2662,0
G2X.DE,D,20160909,000000,25.54,25.54,25.03,25.03,504,0
G2X.DE,D,20160912,000000,24.21,24.66,23.91,24.57,70787,0
G2X.DE,D,20160913,000000,24.92,25.06,24.2,24.2,10234,0
G2X.DE,D,20160914,000000,24.26,24.49,24.05,24.05,34981,0
G2X.DE,D,20160915,000000,23.99,24.4,23.73,24.4,84541,0
G2X.DE,D,20160916,000000,24.19,24.4,24,24.11,36059,0
G2X.DE,D,20160919,000000,24.38,24.42,24.21,24.35,47962,0
G2X.DE,D,20160920,000000,24.32,24.4,24.22,24.22,17760,0
G2X.DE,D,20160921,000000,24.57,25.14,24.54,25.06,23080,0
G2X.DE,D,20160922,000000,25.9,26.49,25.77,25.79,89829,0
G2X.DE,D,20160923,000000,25.56,25.73,25.4,25.42,110724,0
G2X.DE,D,20160926,000000,24.88,25.21,24.82,24.95,18833,0
G2X.DE,D,20160927,000000,24.78,24.82,24.19,24.22,55737,0
G2X.DE,D,20160928,000000,24.44,24.44,24,24.05,12021,0
G2X.DE,D,20160929,000000,24.78,24.78,24.45,24.59,14809,0
G2X.DE,D,20160930,000000,25.07,25.1,24.51,24.68,10125,0
G2X.DE,D,20161004,000000,24.03,24.03,22.51,22.58,37007,0
G2X.DE,D,20161005,000000,21.88,22.11,21.54,21.54,75686,0
G2X.DE,D,20161006,000000,21.69,21.77,21.05,21.13,94096,0
G2X.DE,D,20161007,000000,21.41,21.73,21.1,21.1,36320,0
G2X.DE,D,20161010,000000,21.66,21.74,21.46,21.61,6348,0
G2X.DE,D,20161011,000000,21.6,21.61,21.1,21.61,24740,0
G2X.DE,D,20161012,000000,21.45,21.58,21.24,21.55,16478,0
G2X.DE,D,20161013,000000,21.93,22.02,21.78,21.91,19809,0
G2X.DE,D,20161014,000000,22,22.13,21.77,21.78,16131,0
G2X.DE,D,20161017,000000,21.75,21.9,21.66,21.9,9675,0
G2X.DE,D,20161018,000000,22.36,22.55,22.27,22.45,44692,0
G2X.DE,D,20161019,000000,22.89,23.55,22.84,23.55,26743,0
G2X.DE,D,20161020,000000,23.48,23.56,23.21,23.3,35722,0
G2X.DE,D,20161021,000000,23.45,23.52,23.4,23.52,12457,0
G2X.DE,D,20161024,000000,23.39,23.65,22.84,22.84,6200,0
G2X.DE,D,20161025,000000,23.25,23.59,23.14,23.59,20494,0
G2X.DE,D,20161026,000000,23.45,23.45,22.98,23.07,36934,0
G2X.DE,D,20161027,000000,23.03,23.09,22.47,22.5,12749,0
G2X.DE,D,20161028,000000,22.18,22.73,22.18,22.29,15000,0
G2X.DE,D,20161031,000000,22.68,22.99,22.58,22.99,13305,0
G2X.DE,D,20161101,000000,23.31,23.87,23.31,23.87,23666,0
G2X.DE,D,20161102,000000,23.95,24.2,23.93,24.01,46017,0
G2X.DE,D,20161103,000000,23.61,23.61,22.98,23.6,18374,0
G2X.DE,D,20161104,000000,23.45,23.61,23.11,23.23,22589,0
G2X.DE,D,20161107,000000,22.84,22.91,22.33,22.4,17696,0
G2X.DE,D,20161108,000000,22.75,22.76,22.47,22.47,1847,0
G2X.DE,D,20161109,000000,24,24.08,23.41,23.64,12884,0
G2X.DE,D,20161110,000000,23.9,23.98,22.34,22.45,10301,0
G2X.DE,D,20161111,000000,21.7,21.89,20.45,20.45,35727,0
G2X.DE,D,20161114,000000,20,20.08,19.2,20.02,57050,0
G2X.DE,D,20161115,000000,20.37,20.94,20.37,20.94,9347,0
G2X.DE,D,20161116,000000,21.31,21.35,20.89,20.89,11886,0
G2X.DE,D,20161117,000000,21.25,21.56,21.25,21.38,25536,0
G2X.DE,D,20161118,000000,20.65,20.75,20.55,20.55,1175,0
G2X.DE,D,20161121,000000,20.83,21.08,20.77,20.98,16932,0
G2X.DE,D,20161122,000000,21.14,21.15,20.61,20.76,20995,0
G2X.DE,D,20161123,000000,21.07,21.07,19.9,20.2,18949,0
G2X.DE,D,20161124,000000,19.98,20.2,19.98,20.14,7554,0
G2X.DE,D,20161125,000000,20.13,20.18,20.07,20.12,20925,0
G2X.DE,D,20161128,000000,20.43,20.84,20.42,20.8,11268,0
G2X.DE,D,20161129,000000,20.62,20.62,20.51,20.51,1943,0
G2X.DE,D,20161130,000000,20.76,20.76,20.17,20.18,11144,0
G2X.DE,D,20161201,000000,20.39,20.39,19.9,20.08,23829,0
G2X.DE,D,20161202,000000,20.35,20.84,20.35,20.72,6697,0
G2X.DE,D,20161205,000000,20.74,20.74,20.03,20.38,13159,0
G2X.DE,D,20161206,000000,20.63,20.68,20.53,20.53,6000,0
G2X.DE,D,20161207,000000,20.58,20.92,20.58,20.8,13985,0
G2X.DE,D,20161208,000000,21.03,21.03,20.79,20.79,4513,0
G2X.DE,D,20161209,000000,20.78,20.9,20.6,20.6,18285,0
G2X.DE,D,20161212,000000,20.23,20.5,20.23,20.4,3170,0
G2X.DE,D,20161213,000000,20.16,20.36,20.1,20.36,12670,0
G2X.DE,D,20161214,000000,20.8,20.83,20.68,20.68,1465,0
G2X.DE,D,20161215,000000,19.4,19.4,18.79,18.79,19000,0
G2X.DE,D,20161216,000000,19,19.2,18.7,19.05,57544,0
G2X.DE,D,20161219,000000,19.14,19.18,18.91,19.18,12554,0
G2X.DE,D,20161220,000000,19,19,18.79,18.86,33870,0
G2X.DE,D,20161221,000000,19.28,19.3,18.96,19.14,14133,0
G2X.DE,D,20161222,000000,19.1,19.2,18.93,19.2,9238,0
G2X.DE,D,20161223,000000,19.09,19.32,19.09,19.32,9448,0
G2X.DE,D,20161227,000000,19.77,19.77,19.45,19.48,15313,0
G2X.DE,D,20161228,000000,19.87,20.09,19.66,20.05,42150,0
G2X.DE,D,20161229,000000,20.5,21.3,20.21,21.3,36201,0
G2X.DE,D,20161230,000000,21.49,21.56,21.41,21.45,5212,0
G2X.DE,D,20170102,000000,20.88,20.97,20.88,20.95,6145,0
G2X.DE,D,20170103,000000,20.97,21.52,20.97,21.46,79980,0
G2X.DE,D,20170104,000000,21.73,21.95,21.49,21.51,23040,0
G2X.DE,D,20170105,000000,21.9,22.72,21.9,22.72,29640,0
G2X.DE,D,20170106,000000,22.5,22.64,22.02,22.02,4416,0
G2X.DE,D,20170109,000000,22.11,22.71,22.11,22.37,37439,0
G2X.DE,D,20170110,000000,22.21,22.54,22.15,22.22,2474,0
G2X.DE,D,20170111,000000,22.36,22.36,21.8,22.19,9520,0
G2X.DE,D,20170112,000000,22.56,22.56,22.41,22.41,15660,0
G2X.DE,D,20170113,000000,22.12,22.26,21.86,22.15,14887,0
G2X.DE,D,20170116,000000,22.56,22.67,22.43,22.51,12121,0
G2X.DE,D,20170117,000000,22.94,22.95,22.53,22.7,22564,0
G2X.DE,D,20170118,000000,22.56,22.86,22.56,22.85,14840,0
G2X.DE,D,20170119,000000,22.39,22.53,22.15,22.4,33365,0
G2X.DE,D,20170120,000000,22.33,22.46,22.29,22.44,7425,0
G2X.DE,D,20170123,000000,22.68,22.87,22.68,22.87,19561,0
G2X.DE,D,20170124,000000,22.97,23.41,22.9,23.21,34550,0
G2X.DE,D,20170125,000000,22.91,23.02,22.52,22.57,61478,0
G2X.DE,D,20170126,000000,22.57,22.57,22.17,22.29,26333,0
G2X.DE,D,20170127,000000,22.14,22.57,22.02,22.57,13377,0
G2X.DE,D,20170130,000000,22.56,22.89,22.49,22.81,5897,0
G2X.DE,D,20170131,000000,22.7,23.02,22.64,22.99,16897,0
G2X.DE,D,20170201,000000,23.06,23.06,22.75,22.87,37223,0
G2X.DE,D,20170202,000000,23.21,23.59,23.21,23.51,40014,0
G2X.DE,D,20170203,000000,23.35,23.73,23.35,23.63,9654,0
G2X.DE,D,20170206,000000,23.88,24.26,23.88,24.04,9555,0
G2X.DE,D,20170207,000000,24.52,24.83,24.44,24.8,13187,0
G2X.DE,D,20170208,000000,25.07,25.07,24.84,24.84,5995,0
G2X.DE,D,20170209,000000,24.64,24.7,24.32,24.41,1525,0
G2X.DE,D,20170210,000000,24.12,24.7,24.03,24.7,19364,0
G2X.DE,D,20170213,000000,24.75,24.75,24.41,24.46,12274,0
G2X.DE,D,20170214,000000,24.48,24.76,24.29,24.38,2244,0
G2X.DE,D,20170215,000000,24.41,24.6,24.15,24.43,11920,0
G2X.DE,D,20170216,000000,24.6,24.6,24.45,24.6,2482,0
G2X.DE,D,20170217,000000,24.75,25.06,24.4,24.4,11259,0
G2X.DE,D,20170220,000000,24.47,24.49,24.47,24.49,2012,0
G2X.DE,D,20170221,000000,24.41,24.46,23.9,24.29,14585,0
G2X.DE,D,20170222,000000,24.33,24.33,23.64,23.66,5777,0
G2X.DE,D,20170223,000000,24.05,24.26,24.05,24.18,7350,0
G2X.DE,D,20170224,000000,24.2,24.35,24.05,24.05,4506,0
G2X.DE,D,20170227,000000,23.68,24.03,23.62,24.03,28531,0
G2X.DE,D,20170228,000000,22.5,22.83,22.49,22.78,7959,0
G2X.DE,D,20170301,000000,22.5,22.5,22,22.21,11628,0
G2X.DE,D,20170302,000000,22.54,22.54,21.87,21.87,14314,0
G2X.DE,D,20170303,000000,21.41,21.65,21.3,21.42,12109,0
G2X.DE,D,20170306,000000,21.68,21.8,21.2,21.2,11800,0
G2X.DE,D,20170307,000000,21.29,21.29,20.92,21.24,14146,0
G2X.DE,D,20170308,000000,21.03,21.1,20.98,21.07,11050,0
G2X.DE,D,20170309,000000,21.02,21.11,20.98,21.01,5251,0
G2X.DE,D,20170310,000000,20.58,20.97,20.58,20.76,36425,0
G2X.DE,D,20170313,000000,21.44,21.5,21.29,21.49,5522,0
G2X.DE,D,20170314,000000,21.42,21.57,21.33,21.4,8736,0
G2X.DE,D,20170315,000000,21.23,21.28,21.23,21.25,3400,0
G2X.DE,D,20170316,000000,22.44,22.52,22.03,22.15,32000,0
G2X.DE,D,20170317,000000,22.03,22.3,21.93,21.93,14185,0
G2X.DE,D,20170320,000000,22.17,22.2,21.88,21.88,13844,0
G2X.DE,D,20170321,000000,21.93,22.45,21.91,22.32,16819,0
G2X.DE,D,20170322,000000,22.55,22.66,22.28,22.42,37284,0
G2X.DE,D,20170323,000000,22.45,22.48,21.88,22,18370,0
G2X.DE,D,20170324,000000,22.04,22.25,22.04,22.15,17214,0
G2X.DE,D,20170327,000000,22.43,22.43,22.16,22.32,36006,0
G2X.DE,D,20170328,000000,22.31,22.4,21.91,21.91,8780,0
G2X.DE,D,20170329,000000,22.02,22.16,22,22.16,2660,0
G2X.DE,D,20170330,000000,22.22,22.22,22.01,22.06,6639,0
G2X.DE,D,20170331,000000,21.9,22.23,21.9,22.23,410,0
G2X.DE,D,20170403,000000,22.17,22.55,22.15,22.55,3790,0
G2X.DE,D,20170404,000000,22.65,22.97,22.65,22.77,11169,0
G2X.DE,D,20170405,000000,22.55,22.74,22.52,22.74,11200,0
G2X.DE,D,20170406,000000,22.7,22.78,22.7,22.72,8000,0
G2X.DE,D,20170407,000000,23.3,23.51,23.28,23.37,5831,0
G2X.DE,D,20170410,000000,23.11,23.13,22.94,23.02,9135,0
G2X.DE,D,20170411,000000,23.31,23.88,23.31,23.88,31293,0
G2X.DE,D,20170412,000000,23.95,24,23.79,23.79,4523,0
G2X.DE,D,20170413,000000,24,24.19,24,24.13,4570,0
G2X.DE,D,20170418,000000,23.83,23.95,23.52,23.65,28299,0
G2X.DE,D,20170419,000000,23.35,23.46,23.01,23.01,3447,0
G2X.DE,D,20170420,000000,22.66,22.84,22.58,22.83,9984,0
G2X.DE,D,20170421,000000,22.95,22.97,22.95,22.97,3258,0
G2X.DE,D,20170424,000000,22.28,22.35,22.1,22.35,11335,0
G2X.DE,D,20170425,000000,21.99,22.07,21.15,21.15,6308,0
G2X.DE,D,20170426,000000,21.18,21.3,21.06,21.06,1129,0
G2X.DE,D,20170427,000000,21.21,21.21,20.83,20.83,2936,0
G2X.DE,D,20170428,000000,21.03,21.3,20.89,21.3,537,0
G2X.DE,D,20170502,000000,20.68,20.89,20.55,20.86,13594,0
G2X.DE,D,20170503,000000,20.72,20.78,20.65,20.75,16180,0
G2X.DE,D,20170504,000000,20.5,20.53,19.93,19.93,15327,0
G2X.DE,D,20170505,000000,20.26,20.49,20.04,20.49,16769,0
G2X.DE,D,20170508,000000,20.32,20.64,20.3,20.3,19085,0
G2X.DE,D,20170509,000000,20.51,20.53,20.32,20.46,16597,0
G2X.DE,D,20170510,000000,20.7,20.98,20.7,20.93,9254,0
G2X.DE,D,20170511,000000,21.01,21.43,21.01,21.43,3419,0
G2X.DE,D,20170512,000000,21.58,21.72,21.58,21.67,5064,0
G2X.DE,D,20170515,000000,21.68,22.01,21.64,21.64,63717,0
G2X.DE,D,20170516,000000,21.57,21.58,21.52,21.58,3785,0
G2X.DE,D,20170517,000000,21.82,22.29,21.76,21.95,29763,0
G2X.DE,D,20170518,000000,21.67,21.83,21.15,21.37,33498,0
G2X.DE,D,20170519,000000,21.28,21.34,21.21,21.31,37041,0
G2X.DE,D,20170522,000000,21.41,21.55,21.32,21.55,29269,0
G2X.DE,D,20170523,000000,21.45,21.56,21.32,21.32,33870,0
G2X.DE,D,20170524,000000,20.93,21.07,20.89,20.96,19108,0
G2X.DE,D,20170525,000000,21.25,21.25,20.95,20.96,30650,0
G2X.DE,D,20170526,000000,21.22,21.42,21.22,21.31,78223,0
G2X.DE,D,20170529,000000,21.3,21.3,21.24,21.24,100,0
G2X.DE,D,20170530,000000,21.36,21.36,21.05,21.08,25903,0
G2X.DE,D,20170531,000000,21.04,21.05,20.84,20.84,7200,0
G2X.DE,D,20170601,000000,20.98,21.03,20.83,21.03,7423,0
G2X.DE,D,20170602,000000,20.78,21.12,20.75,21.11,8415,0
G2X.DE,D,20170606,000000,21.24,21.68,21.24,21.68,48262,0
G2X.DE,D,20170607,000000,21.9,21.95,21.65,21.68,12048,0
G2X.DE,D,20170608,000000,21.72,21.72,21.35,21.35,8320,0
G2X.DE,D,20170609,000000,21.5,21.5,21.35,21.39,19776,0
G2X.DE,D,20170612,000000,21.19,21.24,21.19,21.24,6125,0
G2X.DE,D,20170613,000000,21.05,21.2,21.03,21.2,4113,0
G2X.DE,D,20170614,000000,21.38,21.62,21.32,21.32,9423,0
G2X.DE,D,20170615,000000,20.79,20.79,20.55,20.55,20880,0
G2X.DE,D,20170616,000000,20.56,20.56,20.49,20.49,3138,0
G2X.DE,D,20170619,000000,20.42,20.61,20.37,20.61,4063,0
G2X.DE,D,20170620,000000,20.48,20.55,20.43,20.43,24939,0
G2X.DE,D,20170621,000000,20.46,20.56,20.31,20.56,6574,0
G2X.DE,D,20170622,000000,20.82,20.94,20.81,20.94,550,0
G2X.DE,D,20170623,000000,21.01,21.19,21.01,21.07,21001,0
G2X.DE,D,20170626,000000,21.16,21.16,20.64,20.96,7783,0
G2X.DE,D,20170627,000000,20.97,20.97,20.69,20.69,2540,0
G2X.DE,D,20170628,000000,20.58,20.58,20.43,20.54,21317,0
G2X.DE,D,20170629,000000,20.33,20.33,20.08,20.08,10374,0
G2X.DE,D,20170630,000000,20,20.08,19.9,20.06,15464,0
G2X.DE,D,20170703,000000,19.93,19.93,19.72,19.78,20560,0
G2X.DE,D,20170704,000000,19.86,19.88,19.76,19.82,14474,0
G2X.DE,D,20170705,000000,19.9,19.99,19.67,19.8,18947,0
G2X.DE,D,20170706,000000,19.86,19.86,19.68,19.68,7520,0
G2X.DE,D,20170707,000000,19.5,19.53,19.24,19.24,15190,0
G2X.DE,D,20170710,000000,19.18,19.65,19.18,19.65,9573,0
G2X.DE,D,20170711,000000,19.59,19.59,19.51,19.54,27200,0
G2X.DE,D,20170712,000000,19.65,19.9,19.65,19.9,2941,0
G2X.DE,D,20170713,000000,20.01,20.05,19.7,19.7,8210,0
G2X.DE,D,20170714,000000,19.68,19.98,19.68,19.92,5717,0
G2X.DE,D,20170717,000000,19.98,20.04,19.87,20.04,3992,0
G2X.DE,D,20170718,000000,20,20.01,19.91,19.95,3571,0
G2X.DE,D,20170719,000000,19.93,20.01,19.9,20.01,3690,0
G2X.DE,D,20170720,000000,19.96,19.98,19.92,19.98,10565,0
G2X.DE,D,20170721,000000,20,20,19.9,19.94,3700,0
G2X.DE,D,20170724,000000,20,20.07,19.86,19.86,9045,0
G2X.DE,D,20170725,000000,19.75,19.85,19.6,19.84,20349,0
G2X.DE,D,20170726,000000,19.83,20,19.83,19.99,11459,0
G2X.DE,D,20170727,000000,20.4,20.46,20.09,20.09,4323,0
G2X.DE,D,20170728,000000,20,20.2,19.99,20.2,9236,0
G2X.DE,D,20170731,000000,20.21,20.27,20.16,20.23,9183,0
G2X.DE,D,20170801,000000,20,20.24,19.97,20.16,2734,0
G2X.DE,D,20170802,000000,20.04,20.15,19.94,20.1,7888,0
G2X.DE,D,20170803,000000,19.88,20.07,19.88,19.99,5859,0
G2X.DE,D,20170804,000000,19.92,19.95,19.65,19.65,31194,0
G2X.DE,D,20170807,000000,19.66,19.67,19.6,19.67,1939,0
G2X.DE,D,20170808,000000,19.67,19.67,19.55,19.59,7756,0
G2X.DE,D,20170809,000000,19.93,20.02,19.93,20.02,7457,0
G2X.DE,D,20170810,000000,20.15,20.35,20.12,20.33,34766,0
G2X.DE,D,20170811,000000,20.48,20.5,20.28,20.28,6920,0
G2X.DE,D,20170814,000000,20.12,20.24,20.08,20.2,1518,0
G2X.DE,D,20170815,000000,20.1,20.1,19.96,20.02,17799,0
G2X.DE,D,20170816,000000,20,20.21,20,20.21,3255,0
G2X.DE,D,20170817,000000,20.57,20.57,20.39,20.39,1671,0
G2X.DE,D,20170818,000000,20.61,20.68,20.5,20.5,20856,0
G2X.DE,D,20170821,000000,20.33,20.42,20.33,20.42,2002,0
G2X.DE,D,20170822,000000,20.42,20.47,20.42,20.46,2054,0
G2X.DE,D,20170823,000000,20.5,20.5,20.34,20.34,127,0
G2X.DE,D,20170824,000000,20.41,20.52,20.4,20.5,16780,0
G2X.DE,D,20170825,000000,20.47,20.58,20.46,20.58,5822,0
G2X.DE,D,20170828,000000,20.63,20.91,20.6,20.91,1200,0
G2X.DE,D,20170829,000000,21,21.5,21,21.06,1959,0
G2X.DE,D,20170830,000000,21.25,21.38,21.13,21.13,319,0
G2X.DE,D,20170831,000000,21.2,21.46,21.2,21.46,3461,0
G2X.DE,D,20170901,000000,21.52,21.68,21.45,21.68,12865,0
G2X.DE,D,20170904,000000,21.87,22.01,21.87,22.01,356,0
G2X.DE,D,20170905,000000,21.89,21.93,21.75,21.92,1747,0
G2X.DE,D,20170906,000000,21.97,22.04,21.96,21.97,6215,0
G2X.DE,D,20170907,000000,21.78,22.16,21.78,22.08,11063,0
G2X.DE,D,20170908,000000,21.99,22.01,21.74,21.74,1779,0
G2X.DE,D,20170911,000000,21.53,21.53,21.48,21.48,700,0
G2X.DE,D,20170912,000000,21.34,21.45,21.28,21.31,275,0
G2X.DE,D,20170913,000000,21.31,21.31,21.26,21.31,400,0
G2X.DE,D,20170914,000000,21.35,21.35,21.13,21.15,6085,0
G2X.DE,D,20170915,000000,21.12,21.13,20.98,20.98,5953,0
G2X.DE,D,20170918,000000,20.86,20.91,20.56,20.56,296,0
G2X.DE,D,20170919,000000,20.64,20.68,20.64,20.68,154,0
G2X.DE,D,20170920,000000,20.91,20.91,20.91,20.91,0,0
G2X.DE,D,20170921,000000,20.33,20.33,20.15,20.33,1865,0
G2X.DE,D,20170922,000000,20.13,20.48,20.13,20.35,610,0
G2X.DE,D,20170925,000000,20.44,20.8,20.44,20.78,289,0
G2X.DE,D,20170926,000000,20.79,20.79,20.65,20.77,66891,0
G2X.DE,D,20170927,000000,20.45,20.49,20.4,20.4,13308,0
G2X.DE,D,20170928,000000,20.27,20.36,20.19,20.36,7155,0
G2X.DE,D,20170929,000000,20.31,20.31,20.31,20.31,90,0
G2X.DE,D,20171002,000000,20.39,20.39,20.35,20.35,465,0
G2X.DE,D,20171004,000000,20.7,20.7,20.62,20.62,300,0
G2X.DE,D,20171005,000000,20.85,20.85,20.67,20.75,5711,0
G2X.DE,D,20171006,000000,20.73,20.81,20.5,20.79,19249,0
G2X.DE,D,20171009,000000,21.04,21.04,20.97,20.97,100,0
G2X.DE,D,20171010,000000,21,21,20.93,20.93,100,0
G2X.DE,D,20171011,000000,20.87,20.87,20.56,20.56,3459,0
G2X.DE,D,20171012,000000,20.95,20.95,20.78,20.81,1181,0
G2X.DE,D,20171013,000000,20.91,20.93,20.91,20.93,1350,0
G2X.DE,D,20171016,000000,20.9,21.02,20.84,20.84,2800,0
G2X.DE,D,20171017,000000,20.61,20.67,20.55,20.6,702,0
G2X.DE,D,20171018,000000,20.63,20.63,20.6,20.6,140,0
G2X.DE,D,20171019,000000,20.64,20.66,20.64,20.66,6138,0
G2X.DE,D,20171020,000000,20.51,20.52,20.44,20.47,1862,0
G2X.DE,D,20171023,000000,20.32,20.43,20.32,20.34,25293,0
G2X.DE,D,20171024,000000,20.35,20.38,20.34,20.34,5295,0
G2X.DE,D,20171025,000000,20.02,20.21,20.02,20.06,10723,0
G2X.DE,D,20171026,000000,20.05,20.18,20.05,20.07,6988,0
G2X.DE,D,20171027,000000,19.95,20.16,19.95,20.16,4689,0
G2X.DE,D,20171030,000000,20.18,20.41,20.12,20.41,946,0
G2X.DE,D,20171101,000000,20.3,20.4,20.3,20.32,11130,0
G2X.DE,D,20171102,000000,20.15,20.15,20.08,20.08,284,0
G2X.DE,D,20171103,000000,20.12,20.12,19.93,20,525,0
G2X.DE,D,20171106,000000,20.11,20.51,20.11,20.51,830,0
G2X.DE,D,20171107,000000,20.43,20.45,20.37,20.37,290,0
G2X.DE,D,20171108,000000,20.61,20.61,20.61,20.61,0,0
G2X.DE,D,20171109,000000,20.57,20.57,20.42,20.42,1420,0
G2X.DE,D,20171110,000000,20.35,20.35,20.13,20.13,400,0
G2X.DE,D,20171113,000000,20.17,20.17,20.15,20.15,500,0
G2X.DE,D,20171114,000000,20.05,20.05,19.81,19.95,9336,0
G2X.DE,D,20171115,000000,19.96,19.96,19.87,19.87,328,0
G2X.DE,D,20171116,000000,19.96,19.96,19.96,19.96,0,0
G2X.DE,D,20171117,000000,19.97,20.01,19.97,20,204,0
G2X.DE,D,20171120,000000,20.03,20.03,20,20.03,197,0
G2X.DE,D,20171121,000000,20.03,20.14,20.03,20.14,500,0
G2X.DE,D,20171122,000000,20.23,20.23,20.2,20.2,1436,0
G2X.DE,D,20171123,000000,19.92,20.2,19.92,20.2,346,0
G2X.DE,D,20171124,000000,20.01,20.01,19.94,19.94,2,0
G2X.DE,D,20171127,000000,20.05,20.11,20,20.08,5645,0
G2X.DE,D,20171128,000000,20.24,20.24,20.24,20.24,0,0
G2X.DE,D,20171129,000000,20.18,20.18,19.74,19.74,1236,0
G2X.DE,D,20171130,000000,19.69,19.69,19.55,19.55,3115,0
G2X.DE,D,20171201,000000,19.72,19.79,19.52,19.79,1450,0
G2X.DE,D,20171204,000000,19.49,19.525,19.49,19.525,6957,0
G2X.DE,D,20171205,000000,19.26,19.39,19.195,19.195,5349,0
G2X.DE,D,20171206,000000,19.2,19.2,18.99,19.06,10668,0
G2X.DE,D,20171207,000000,18.9,19.03,18.79,19.03,12878,0
G2X.DE,D,20171208,000000,19.02,19.16,19.02,19.16,6298,0
G2X.DE,D,20171211,000000,19.31,19.31,19.01,19.01,815,0
G2X.DE,D,20171212,000000,19.15,19.15,18.905,18.905,1400,0
G2X.DE,D,20171213,000000,19.15,19.18,19.15,19.18,10000,0
G2X.DE,D,20171214,000000,19.3,19.5,19.25,19.435,18238,0
G2X.DE,D,20171215,000000,19.56,19.56,19.5,19.5,1008,0
G2X.DE,D,20171218,000000,19.64,19.68,19.53,19.68,417,0
G2X.DE,D,20171219,000000,19.78,19.78,19.59,19.59,840,0
G2X.DE,D,20171220,000000,19.67,19.8,19.67,19.8,5782,0
G2X.DE,D,20171221,000000,19.95,19.95,19.81,19.93,6790,0
G2X.DE,D,20171222,000000,19.95,20.25,19.95,20.25,4156,0
G2X.DE,D,20171227,000000,20.56,20.56,20.41,20.45,14646,0
G2X.DE,D,20171228,000000,20.51,20.52,20.25,20.31,25048,0
G2X.DE,D,20171229,000000,20.22,20.38,20.21,20.31,2880,0
G2X.DE,D,20180102,000000,20.52,20.6,20.405,20.595,36450,0
G2X.DE,D,20180103,000000,20.75,20.805,20.5,20.51,4857,0
G2X.DE,D,20180104,000000,20.61,20.61,20.475,20.475,500,0
G2X.DE,D,20180105,000000,20.565,20.585,20.565,20.585,245,0
G2X.DE,D,20180108,000000,20.385,20.575,20.385,20.415,600,0
G2X.DE,D,20180109,000000,20.45,20.48,20.32,20.385,1016,0
G2X.DE,D,20180110,000000,20.46,20.46,20.385,20.385,2500,0
G2X.DE,D,20180111,000000,20.355,20.365,20.3,20.335,7131,0
G2X.DE,D,20180112,000000,20.475,20.5,20.41,20.49,71442,0
G2X.DE,D,20180115,000000,20.85,20.85,20.685,20.705,5879,0
G2X.DE,D,20180116,000000,20.85,20.85,20.61,20.645,9151,0
G2X.DE,D,20180117,000000,20.795,20.885,20.705,20.705,16594,0
G2X.DE,D,20180118,000000,20.65,20.655,20.41,20.415,3117,0
G2X.DE,D,20180119,000000,20.42,20.47,20.345,20.355,12545,0
G2X.DE,D,20180122,000000,20.34,20.34,20.205,20.33,7642,0
G2X.DE,D,20180123,000000,20.49,20.5,20.18,20.235,14838,0
G2X.DE,D,20180124,000000,20.59,20.89,20.59,20.825,10349,0
G2X.DE,D,20180222,000000,18.6,18.716,18.596,18.674,1395,0
G2X.DE,D,20180223,000000,18.572,18.574,18.556,18.556,5885,0
G2X.DE,D,20180226,000000,18.954,18.954,18.824,18.824,2100,0
G2X.DE,D,20180227,000000,18.938,18.938,18.366,18.366,622,0
G2X.DE,D,20180228,000000,18.576,18.576,18.404,18.404,1903,0
G2X.DE,D,20180301,000000,18.202,18.208,18.022,18.156,20307,0
G2X.DE,D,20180302,000000,18.392,18.578,18.354,18.354,8092,0
G2X.DE,D,20180305,000000,18.368,18.39,18.282,18.282,4865,0
G2X.DE,D,20180306,000000,18.22,18.806,18.22,18.702,1107,0
G2X.DE,D,20180307,000000,18.498,18.552,18.292,18.292,14651,0
G2X.DE,D,20180308,000000,18.282,18.338,18.276,18.276,3715,0
G2X.DE,D,20180309,000000,18.294,18.46,18.294,18.46,1091,0
G2X.DE,D,20180312,000000,18.262,18.326,18.226,18.326,24279,0
G2X.DE,D,20180313,000000,18.322,18.412,18.32,18.342,7885,0
G2X.DE,D,20180314,000000,18.362,18.482,18.342,18.44,6638,0
G2X.DE,D,20180315,000000,18.432,18.432,18.238,18.238,700,0
G2X.DE,D,20180316,000000,18.252,18.278,18.146,18.278,17875,0
G2X.DE,D,20180319,000000,18.102,18.2,18.1,18.2,6149,0
G2X.DE,D,20180320,000000,18.138,18.16,18.138,18.146,815,0
G2X.DE,D,20180321,000000,18.276,18.54,18.276,18.502,6159,0
G2X.DE,D,20180322,000000,18.37,18.54,18.37,18.462,5505,0
G2X.DE,D,20180323,000000,18.556,18.862,18.55,18.862,2944,0
G2X.DE,D,20180326,000000,18.938,18.938,18.824,18.834,865,0
G2X.DE,D,20180327,000000,18.934,18.934,18.612,18.612,7694,0
G2X.DE,D,20180328,000000,18.53,18.53,18.324,18.324,791,0
G2X.DE,D,20180329,000000,18.514,18.514,18.514,18.514,0,0
G2X.DE,D,20180403,000000,18.818,18.818,18.818,18.818,0,0
G2X.DE,D,20180404,000000,18.92,18.92,18.64,18.64,240,0
G2X.DE,D,20180405,000000,18.61,18.72,18.61,18.69,1231,0
G2X.DE,D,20180406,000000,18.648,18.798,18.646,18.798,7983,0
G2X.DE,D,20180409,000000,18.67,18.684,18.638,18.684,1235,0
G2X.DE,D,20180410,000000,18.874,18.874,18.874,18.874,0,0
G2X.DE,D,20180411,000000,18.892,19.47,18.89,19.47,11901,0
G2X.DE,D,20180412,000000,19.408,19.408,19.172,19.172,6703,0
G2X.DE,D,20180413,000000,19.288,19.54,19.222,19.538,7678,0
G2X.DE,D,20180416,000000,19.512,19.512,19.314,19.314,277,0
G2X.DE,D,20180417,000000,19.37,19.428,19.202,19.428,7455,0
G2X.DE,D,20180418,000000,19.418,19.654,19.392,19.654,964,0
G2X.DE,D,20180419,000000,19.794,19.794,19.524,19.524,1636,0
G2X.DE,D,20180420,000000,19.478,19.478,19.4,19.45,170,0
G2X.DE,D,20180423,000000,19.266,19.428,19.232,19.31,1099,0
G2X.DE,D,20180424,000000,19.358,19.44,19.332,19.44,3546,0
G2X.DE,D,20180425,000000,19.136,19.394,19.126,19.394,550,0
G2X.DE,D,20180426,000000,19.4,19.554,19.4,19.554,22266,0
G2X.DE,D,20180427,000000,19.608,19.666,19.608,19.644,1219,0
G2X.DE,D,20180430,000000,19.5,19.5,19.332,19.332,425,0
G2X.DE,D,20180502,000000,19.548,19.644,19.504,19.596,1407,0
G2X.DE,D,20180503,000000,19.592,19.852,19.592,19.828,541,0
G2X.DE,D,20180504,000000,19.754,19.884,19.754,19.818,190,0
G2X.DE,D,20180507,000000,20.03,20.03,19.8,19.942,4117,0
G2X.DE,D,20180508,000000,19.86,19.868,19.73,19.73,748,0
G2X.DE,D,20180509,000000,19.92,20.07,19.92,19.992,12853,0
G2X.DE,D,20180510,000000,20.16,20.16,19.97,20.15,1014,0
G2X.DE,D,20180511,000000,20.22,20.33,20.12,20.155,3445,0
G2X.DE,D,20180514,000000,20.06,20.06,20.025,20.025,565,0
G2X.DE,D,20180515,000000,19.838,19.838,19.666,19.71,2054,0
G2X.DE,D,20180516,000000,19.708,19.792,19.708,19.754,334,0
G2X.DE,D,20180517,000000,19.732,19.75,19.676,19.676,1716,0
G2X.DE,D,20180518,000000,19.514,19.75,19.514,19.706,244,0
G2X.DE,D,20180522,000000,19.78,19.83,19.78,19.83,1240,0
G2X.DE,D,20180523,000000,19.816,19.962,19.816,19.962,2741,0
G2X.DE,D,20180524,000000,20.145,20.165,20.105,20.12,3000,0
G2X.DE,D,20180525,000000,20.215,20.215,20.115,20.115,267,0
G2X.DE,D,20180528,000000,19.718,19.998,19.718,19.884,3274,0
G2X.DE,D,20180529,000000,20,20.215,19.918,20.215,4657,0
G2X.DE,D,20180530,000000,20.035,20.115,19.97,20.07,4068,0
G2X.DE,D,20180531,000000,20.24,20.24,19.992,20.06,638,0
G2X.DE,D,20180601,000000,20.03,20.105,19.93,20.105,150,0
G2X.DE,D,20180604,000000,20.04,20.04,19.974,19.986,705,0
G2X.DE,D,20180605,000000,19.88,20.075,19.88,20.075,39,0
G2X.DE,D,20180606,000000,20,20.02,19.986,20,2049,0
G2X.DE,D,20180607,000000,19.924,19.95,19.852,19.852,640,0
G2X.DE,D,20180608,000000,19.88,19.88,19.846,19.846,480,0
G2X.DE,D,20180611,000000,19.8,19.93,19.784,19.93,321,0
G2X.DE,D,20180612,000000,19.922,20,19.922,20,5400,0
G2X.DE,D,20180613,000000,20.005,20.005,20.005,20.005,0,0
G2X.DE,D,20180614,000000,20,20.34,20,20.34,498,0
G2X.DE,D,20180615,000000,20.22,20.22,19.98,19.98,20454,0
G2X.DE,D,20180618,000000,20.15,20.15,20.05,20.05,75,0
G2X.DE,D,20180619,000000,20.06,20.06,19.808,20.0105,1305,0
G2X.DE,D,20180620,000000,19.908,19.959,19.9,19.959,1621,0
G2X.DE,D,20180621,000000,19.74,19.843,19.74,19.843,9954,0
G2X.DE,D,20180622,000000,19.74,19.9815,19.74,19.9815,2120,0
G2X.DE,D,20180625,000000,19.75,19.94,19.663,19.663,1786,0
G2X.DE,D,20180626,000000,19.526,19.658,19.418,19.658,79,0
G2X.DE,D,20180627,000000,19.634,19.78,19.634,19.757,475,0
G2X.DE,D,20180628,000000,19.736,19.828,19.736,19.828,594,0
G2X.DE,D,20180629,000000,19.772,19.992,19.766,19.992,15000,0
G2X.DE,D,20180702,000000,19.79,20,19.79,19.886,769,0
G2X.DE,D,20180703,000000,19.89,20.25,19.89,20.25,1000,0
G2X.DE,D,20180704,000000,20.35,20.35,20.3,20.3125,2587,0
G2X.DE,D,20180705,000000,20.25,20.325,20.21,20.325,2788,0
G2X.DE,D,20180706,000000,20.295,20.295,20.2475,20.2475,19409,0
G2X.DE,D,20180709,000000,20.4,20.46,20.165,20.165,1192,0
G2X.DE,D,20180710,000000,20.1,20.1,19.974,20.0625,2603,0
G2X.DE,D,20180711,000000,20.015,20.02,19.815,19.815,488,0
G2X.DE,D,20180712,000000,19.928,19.965,19.928,19.965,75,0
G2X.DE,D,20180713,000000,19.79,19.854,19.79,19.814,600,0
G2X.DE,D,20180716,000000,19.75,19.75,19.546,19.622,2430,0
G2X.DE,D,20180717,000000,19.542,19.544,19.532,19.532,1875,0
G2X.DE,D,20180718,000000,19.488,19.62,19.488,19.536,522,0
G2X.DE,D,20180719,000000,19.35,19.51,19.35,19.51,3065,0
G2X.DE,D,20180720,000000,19.5,19.5,19.414,19.414,1351,0
G2X.DE,D,20180723,000000,19.42,19.42,19.14,19.14,1450,0
G2X.DE,D,20180724,000000,19.274,19.274,19.274,19.274,0,0
G2X.DE,D,20180725,000000,19.256,19.474,19.256,19.306,2550,0
G2X.DE,D,20180726,000000,19.5,19.5,19.334,19.41,1287,0
G2X.DE,D,20180727,000000,19.16,19.188,19.074,19.172,411,0
G2X.DE,D,20180730,000000,18.886,19.062,18.886,19.02,748,0
G2X.DE,D,20180731,000000,18.878,19.07,18.878,19.07,2808,0
G2X.DE,D,20180801,000000,19.092,19.092,18.986,19.002,1684,0
G2X.DE,D,20180802,000000,18.972,18.972,18.962,18.962,100,0
G2X.DE,D,20180803,000000,18.858,19.2,18.858,19.186,4399,0
G2X.DE,D,20180806,000000,19.068,19.068,19.042,19.042,3,0
G2X.DE,D,20180807,000000,19.04,19.146,18.81,18.81,1006,0
G2X.DE,D,20180808,000000,18.772,18.772,18.608,18.608,8771,0
G2X.DE,D,20180809,000000,18.84,18.936,18.772,18.936,5161,0
G2X.DE,D,20180810,000000,18.938,18.986,18.926,18.926,4363,0
G2X.DE,D,20180813,000000,18.576,18.628,18.404,18.404,8866,0
G2X.DE,D,20180814,000000,18.44,18.522,18.33,18.37,14461,0
G2X.DE,D,20180815,000000,18.2,18.2,17.086,17.164,5474,0
G2X.DE,D,20180816,000000,17.212,17.35,17.134,17.134,28985,0
G2X.DE,D,20180817,000000,16.734,17.224,16.734,17.126,75336,0
G2X.DE,D,20180820,000000,17.304,17.304,17.096,17.096,3917,0
G2X.DE,D,20180821,000000,17.214,17.214,17.036,17.076,7469,0
G2X.DE,D,20180822,000000,17.1,17.238,17.088,17.126,24808,0
G2X.DE,D,20180823,000000,17.018,17.05,16.774,16.774,13980,0
G2X.DE,D,20180824,000000,16.872,17.3,16.734,17.228,17005,0
G2X.DE,D,20180827,000000,17.184,17.224,17.128,17.224,152,0
G2X.DE,D,20180828,000000,17.394,17.394,17.12,17.12,5203,0
G2X.DE,D,20180829,000000,17.098,17.098,16.986,16.986,950,0
G2X.DE,D,20180830,000000,16.872,16.878,16.836,16.836,550,0
G2X.DE,D,20180831,000000,16.8,16.94,16.8,16.838,7982,0
G2X.DE,D,20180903,000000,16.842,16.88,16.842,16.846,160,0
G2X.DE,D,20180904,000000,16.846,16.846,16.306,16.306,9127,0
G2X.DE,D,20180905,000000,16.5,16.5,16.188,16.242,27207,0
G2X.DE,D,20180906,000000,16.15,16.256,16.04,16.166,12472,0
G2X.DE,D,20180907,000000,16.106,16.222,16.046,16.18,470,0
G2X.DE,D,20180910,000000,16.166,16.166,16.054,16.054,2228,0
G2X.DE,D,20180911,000000,15.998,15.998,15.69,15.8,2711,0
G2X.DE,D,20180912,000000,15.786,16.212,15.786,16.212,1875,0
G2X.DE,D,20180913,000000,16.26,16.3,16.188,16.188,339,0
G2X.DE,D,20180914,000000,16.374,16.374,16.15,16.188,864,0
G2X.DE,D,20180917,000000,16.2,16.476,16.2,16.476,11406,0
G2X.DE,D,20180918,000000,16.442,16.48,16.358,16.404,6653,0
G2X.DE,D,20180919,000000,16.688,16.958,16.634,16.872,12028,0
G2X.DE,D,20180920,000000,16.9,16.932,16.722,16.722,2380,0
G2X.DE,D,20180921,000000,16.932,16.932,16.794,16.896,12245,0
G2X.DE,D,20180924,000000,16.828,16.98,16.796,16.888,2373,0
G2X.DE,D,20180925,000000,16.83,16.95,16.634,16.934,2172,0
G2X.DE,D,20180926,000000,16.75,16.75,16.648,16.648,2340,0
G2X.DE,D,20180927,000000,16.51,16.52,16.354,16.496,13503,0
G2X.DE,D,20180928,000000,16.55,16.884,16.55,16.778,9596,0
G2X.DE,D,20181001,000000,16.656,16.816,16.628,16.816,4003,0
G2X.DE,D,20181002,000000,16.964,17.232,16.84,17.21,8795,0
G2X.DE,D,20181004,000000,17.232,17.24,17.126,17.136,27794,0
G2X.DE,D,20181005,000000,17.09,17.172,17,17.016,7754,0
G2X.DE,D,20181008,000000,16.838,16.838,16.668,16.668,1987,0
G2X.DE,D,20181009,000000,17.118,17.118,16.782,16.86,667,0
G2X.DE,D,20181010,000000,16.75,16.75,16.512,16.574,1118,0
G2X.DE,D,20181011,000000,17.294,17.58,17.216,17.58,4092,0
G2X.DE,D,20181012,000000,18.066,18.066,17.58,17.644,8942,0
G2X.DE,D,20181015,000000,18.2,18.458,18.15,18.266,20308,0
G2X.DE,D,20181016,000000,18.33,18.384,18.182,18.182,8836,0
G2X.DE,D,20181017,000000,18.23,18.27,18.1,18.104,10111,0
G2X.DE,D,20181018,000000,18.194,18.454,18.194,18.454,354,0
G2X.DE,D,20181019,000000,18.366,18.494,18.338,18.338,3307,0
G2X.DE,D,20181022,000000,18.2,18.2,18.12,18.156,213,0
G2X.DE,D,20181023,000000,18.394,18.73,18.36,18.482,11605,0
G2X.DE,D,20181024,000000,18.49,18.564,18.316,18.316,932,0
G2X.DE,D,20181025,000000,18.46,18.46,17.62,17.76,3987,0
G2X.DE,D,20181026,000000,17.494,17.944,17.494,17.944,8723,0
G2X.DE,D,20181029,000000,17.508,17.794,17.42,17.774,3842,0
G2X.DE,D,20181030,000000,17.4,17.57,17.4,17.464,1614,0
G2X.DE,D,20181031,000000,17.314,17.43,17.272,17.43,4313,0
G2X.DE,D,20181101,000000,17.88,17.944,17.88,17.944,3131,0
G2X.DE,D,20181102,000000,18.004,18.004,17.888,17.89,3192,0
G2X.DE,D,20181105,000000,18.038,18.038,17.888,17.888,244,0
G2X.DE,D,20181106,000000,18.092,18.092,17.882,17.898,7092,0
G2X.DE,D,20181107,000000,17.94,18.038,17.76,17.76,660,0
G2X.DE,D,20181108,000000,17.728,17.728,17.728,17.728,0,0
G2X.DE,D,20181109,000000,17.67,17.672,17.4,17.464,7656,0
G2X.DE,D,20181112,000000,17.5,17.512,17.39,17.39,1135,0
G2X.DE,D,20181113,000000,17.42,17.42,17.1,17.156,3881,0
G2X.DE,D,20181114,000000,17.016,17.11,17.016,17.11,1358,0
G2X.DE,D,20181115,000000,17.554,17.6,17.43,17.434,415,0
G2X.DE,D,20181116,000000,17.686,17.892,17.684,17.836,4618,0
G2X.DE,D,20181119,000000,17.902,17.902,17.902,17.902,0,0
G2X.DE,D,20181120,000000,17.88,17.984,17.736,17.736,10394,0
G2X.DE,D,20181121,000000,17.944,18.176,17.89,18.174,954,0
G2X.DE,D,20181122,000000,18.286,18.314,18.174,18.174,6740,0
G2X.DE,D,20181123,000000,18.172,18.36,17.9,17.9,7358,0
G2X.DE,D,20181126,000000,17.996,18.072,17.97,17.97,16321,0
G2X.DE,D,20181127,000000,17.854,17.854,17.458,17.458,76,0
G2X.DE,D,20181128,000000,17.54,17.61,17.474,17.61,580,0
G2X.DE,D,20181129,000000,17.872,17.968,17.792,17.792,2706,0
G2X.DE,D,20181130,000000,17.638,17.666,17.638,17.666,312,0
G2X.DE,D,20181203,000000,18.048,18.048,17.75,17.8,3957,0
G2X.DE,D,20181204,000000,18.026,18.188,18.026,18.154,11160,0
G2X.DE,D,20181205,000000,18.152,18.152,18.086,18.092,528,0
G2X.DE,D,20181206,000000,18.086,18.288,18,18.244,1320,0
G2X.DE,D,20181207,000000,18.158,18.432,18.158,18.344,4850,0
G2X.DE,D,20181210,000000,18.53,18.916,18.47,18.916,1095,0
G2X.DE,D,20181211,000000,18.632,18.798,18.532,18.574,6734,0
G2X.DE,D,20181212,000000,18.55,18.744,18.534,18.744,12935,0
G2X.DE,D,20181213,000000,18.604,18.88,18.604,18.834,20013,0
G2X.DE,D,20181214,000000,18.808,18.904,18.714,18.826,12551,0
G2X.DE,D,20181217,000000,19.002,19.002,18.666,18.838,9722,0
G2X.DE,D,20181218,000000,19.026,19.268,19,19.268,5376,0
G2X.DE,D,20181219,000000,19.838,19.838,19.218,19.218,17003,0
G2X.DE,D,20181220,000000,18.51,19.006,18.398,18.958,37376,0
G2X.DE,D,20181221,000000,19.098,19.216,18.906,18.964,5074,0
G2X.DE,D,20181227,000000,19.4,19.4,19.02,19.308,26336,0
G2X.DE,D,20181228,000000,19.4,19.496,19.356,19.422,27174,0
G2X.DE,D,20190102,000000,19.502,19.666,19.31,19.542,2294,0
G2X.DE,D,20190103,000000,19.64,19.786,19.502,19.662,5280,0
G2X.DE,D,20190104,000000,19.874,19.94,19.556,19.592,40262,0
G2X.DE,D,20190107,000000,19.956,19.956,19.386,19.386,2318,0
G2X.DE,D,20190108,000000,19.342,19.342,19.134,19.134,44693,0
G2X.DE,D,20190109,000000,19.376,19.486,19.192,19.402,8327,0
G2X.DE,D,20190110,000000,19.508,19.54,19.364,19.392,383,0
G2X.DE,D,20190111,000000,19.48,19.484,19.32,19.334,5003,0
G2X.DE,D,20190114,000000,19.562,19.562,19.22,19.22,1412,0
G2X.DE,D,20190115,000000,19.272,19.408,19.084,19.084,744,0
G2X.DE,D,20190116,000000,19.088,19.128,19,19.128,13618,0
G2X.DE,D,20190117,000000,19.11,19.132,19,19.084,1886,0
G2X.DE,D,20190118,000000,19.136,19.136,18.846,19.058,16317,0
G2X.DE,D,20190121,000000,18.998,18.998,18.626,18.742,13430,0
G2X.DE,D,20190122,000000,18.824,18.942,18.792,18.822,4629,0
G2X.DE,D,20190123,000000,19.03,19.03,18.792,19.002,8070,0
G2X.DE,D,20190124,000000,18.852,19.052,18.78,19.052,8547,0
G2X.DE,D,20190125,000000,19.33,19.582,19.216,19.582,22763,0
G2X.DE,D,20190128,000000,19.816,19.87,19.6,19.726,17715,0
G2X.DE,D,20190129,000000,19.846,20.185,19.846,20.125,44850,0
G2X.DE,D,20190130,000000,20.33,20.355,20.105,20.185,13997,0
G2X.DE,D,20190131,000000,20.425,20.715,20.395,20.675,18968,0
G2X.DE,D,20190201,000000,20.865,20.865,20.47,20.53,17049,0
G2X.DE,D,20190204,000000,20.715,20.715,20.5,20.705,5870,0
G2X.DE,D,20190205,000000,20.7,20.825,20.545,20.61,19163,0
G2X.DE,D,20190206,000000,20.825,20.845,20.59,20.815,5557,0
G2X.DE,D,20190207,000000,20.555,20.705,20.375,20.375,4686,0
G2X.DE,D,20190208,000000,20.365,20.68,20.365,20.645,2315,0
G2X.DE,D,20190211,000000,20.695,20.75,20.555,20.75,174,0
G2X.DE,D,20190212,000000,20.945,20.945,20.49,20.49,10644,0
G2X.DE,D,20190213,000000,20.605,20.69,20.535,20.59,1816,0
G2X.DE,D,20190214,000000,20.545,20.575,20.39,20.575,2641,0
G2X.DE,D,20190215,000000,20.66,20.875,20.61,20.61,7027,0
G2X.DE,D,20190218,000000,20.835,21.01,20.835,21.01,3458,0
G2X.DE,D,20190219,000000,20.91,21.375,20.91,21.375,10889,0
G2X.DE,D,20190220,000000,21.725,21.89,21.565,21.815,9491,0
G2X.DE,D,20190221,000000,21.735,21.735,21.36,21.41,19336,0
G2X.DE,D,20190222,000000,21.535,21.695,21.395,21.695,13440,0
G2X.DE,D,20190225,000000,21.61,21.61,21.325,21.365,16575,0
G2X.DE,D,20190226,000000,21.15,21.15,20.9,20.955,5255,0
G2X.DE,D,20190227,000000,20.885,20.955,20.795,20.825,6672,0
G2X.DE,D,20190228,000000,20.69,20.785,20.54,20.575,1310,0
G2X.DE,D,20190301,000000,20.61,20.635,20.295,20.415,5736,0
G2X.DE,D,20190304,000000,20.24,20.24,19.892,20.085,11961,0
G2X.DE,D,20190305,000000,20.115,20.37,20.115,20.37,2812,0
G2X.DE,D,20190306,000000,20.465,20.465,20.195,20.195,1173,0
G2X.DE,D,20190307,000000,19.908,20.465,19.908,20.465,2466,0
G2X.DE,D,20190308,000000,20.585,20.85,20.585,20.725,9830,0
G2X.DE,D,20190311,000000,20.92,20.94,20.685,20.775,2420,0
G2X.DE,D,20190312,000000,20.825,20.92,20.815,20.92,13605,0
G2X.DE,D,20190313,000000,21.36,21.42,21.19,21.2,3527,0
G2X.DE,D,20190314,000000,21.135,21.135,20.69,20.72,3518,0
G2X.DE,D,20190315,000000,21.015,21.015,20.72,20.72,1849,0
G2X.DE,D,20190318,000000,20.945,20.945,20.53,20.53,2465,0
G2X.DE,D,20190319,000000,20.55,20.7,20.55,20.7,150,0
G2X.DE,D,20190320,000000,20.55,20.565,20.28,20.28,860,0
G2X.DE,D,20190321,000000,20.97,20.98,20.795,20.795,450,0
G2X.DE,D,20190322,000000,20.885,21.215,20.885,21.15,9688,0
G2X.DE,D,20190325,000000,21.345,21.605,21.33,21.605,4553,0
G2X.DE,D,20190326,000000,21.61,21.675,21.42,21.66,19488,0
G2X.DE,D,20190327,000000,21.755,21.765,21.58,21.58,3853,0
G2X.DE,D,20190328,000000,21.59,21.6,20.985,20.985,4757,0
G2X.DE,D,20190329,000000,20.99,21.225,20.99,21.225,2088,0
G2X.DE,D,20190401,000000,21.01,21.13,20.785,20.785,5962,0
G2X.DE,D,20190402,000000,20.785,20.785,20.59,20.72,3895,0
G2X.DE,D,20190403,000000,20.775,20.82,20.7,20.735,4689,0
G2X.DE,D,20190404,000000,20.73,20.74,20.49,20.74,5600,0
G2X.DE,D,20190405,000000,20.98,21.055,20.975,20.975,2865,0
G2X.DE,D,20190408,000000,21.22,21.325,21.135,21.135,5111,0
G2X.DE,D,20190409,000000,21.24,21.4,21.24,21.25,520,0
G2X.DE,D,20190410,000000,21.515,21.515,21.25,21.355,5995,0
G2X.DE,D,20190411,000000,21.06,21.06,20.84,20.84,5805,0
G2X.DE,D,20190412,000000,20.87,20.87,20.62,20.76,12132,0
G2X.DE,D,20190415,000000,20.685,20.715,20.41,20.715,4391,0
G2X.DE,D,20190416,000000,20.74,20.74,20.39,20.39,4277,0
G2X.DE,D,20190417,000000,20.22,20.325,20.22,20.245,5604,0
G2X.DE,D,20190418,000000,20.19,20.33,20.16,20.16,2820,0
G2X.DE,D,20190423,000000,19.788,19.788,19.5,19.61,5175,0
G2X.DE,D,20190424,000000,19.564,19.784,19.5,19.784,15244,0
G2X.DE,D,20190425,000000,19.77,20.03,19.718,19.718,6298,0
G2X.DE,D,20190426,000000,19.818,20.175,19.81,20.12,9006,0
G2X.DE,D,20190429,000000,20.165,20.165,19.708,19.714,2215,0
G2X.DE,D,20190430,000000,19.632,19.734,19.596,19.734,1238,0
G2X.DE,D,20190502,000000,19.348,19.348,19.048,19.176,42270,0
G2X.DE,D,20190503,000000,18.984,19.316,18.984,19.278,700,0
G2X.DE,D,20190506,000000,19.302,19.302,18.986,19.17,6477,0
G2X.DE,D,20190507,000000,19.21,19.274,19.17,19.274,123,0
G2X.DE,D,20190508,000000,19.568,19.738,19.242,19.242,11094,0
G2X.DE,D,20190509,000000,19.32,19.362,19.24,19.278,7000,0
G2X.DE,D,20190510,000000,19.218,19.292,19.018,19.018,10956,0
G2X.DE,D,20190513,000000,19.066,19.354,18.918,19.354,548,0
G2X.DE,D,20190514,000000,19.58,19.622,19.348,19.348,39240,0
G2X.DE,D,20190515,000000,19.518,19.73,19.518,19.526,146,0
G2X.DE,D,20190516,000000,19.594,19.594,19.242,19.242,500,0
G2X.DE,D,20190517,000000,19.262,19.42,19.244,19.42,3283,0
G2X.DE,D,20190520,000000,19.464,19.566,19.366,19.566,200,0
G2X.DE,D,20190521,000000,19.436,19.508,19.422,19.486,450,0
G2X.DE,D,20190522,000000,19.33,19.542,19.328,19.358,3078,0
G2X.DE,D,20190523,000000,19.252,19.508,19.252,19.492,8555,0
G2X.DE,D,20190524,000000,19.352,19.352,19.18,19.202,9325,0
G2X.DE,D,20190527,000000,19.356,19.356,19.266,19.266,255,0
G2X.DE,D,20190528,000000,19.242,19.256,19.19,19.256,40,0
G2X.DE,D,20190529,000000,19.344,19.344,19.25,19.308,80,0
G2X.DE,D,20190530,000000,19.344,19.486,19.228,19.486,111,0
G2X.DE,D,20190531,000000,19.776,20.41,19.774,20.365,36940,0
G2X.DE,D,20190603,000000,20.67,20.86,20.6,20.85,16624,0
G2X.DE,D,20190604,000000,21.005,21.125,20.77,20.93,10887,0
G2X.DE,D,20190605,000000,21.21,21.375,20.98,20.98,25723,0
G2X.DE,D,20190606,000000,21.3,21.365,21.18,21.18,1037,0
G2X.DE,D,20190607,000000,21.31,21.44,21.205,21.205,8284,0
G2X.DE,D,20190611,000000,21.005,21.005,20.66,20.965,19028,0
G2X.DE,D,20190612,000000,21.425,21.425,21.195,21.375,5491,0
G2X.DE,D,20190613,000000,21.595,21.6,21.42,21.575,1914,0
G2X.DE,D,20190614,000000,21.965,22.19,21.965,22.065,7124,0
G2X.DE,D,20190617,000000,21.825,21.925,21.64,21.74,4155,0
G2X.DE,D,20190618,000000,22.16,22.42,22.015,22.13,35506,0
G2X.DE,D,20190619,000000,22.175,22.175,22.045,22.045,3786,0
G2X.DE,D,20190620,000000,23.33,23.33,22.895,23.22,39540,0
G2X.DE,D,20190621,000000,23.495,23.495,23.02,23.05,19269,0
G2X.DE,D,20190624,000000,23.52,23.675,23.315,23.59,10170,0
G2X.DE,D,20190625,000000,24.14,24.385,23.57,23.725,34496,0
G2X.DE,D,20190626,000000,23.335,23.605,23.04,23.605,11131,0
G2X.DE,D,20190627,000000,23.52,23.57,23.34,23.34,4058,0
G2X.DE,D,20190628,000000,23.545,23.61,23.435,23.56,10134,0
G2X.DE,D,20190701,000000,23.535,23.535,22.87,23.03,18452,0
G2X.DE,D,20190702,000000,23.35,23.45,23.14,23.45,15310,0
G2X.DE,D,20190703,000000,24.17,24.23,23.62,23.89,21942,0
G2X.DE,D,20190704,000000,24.025,24.025,23.78,23.935,7922,0
G2X.DE,D,20190705,000000,23.95,24.01,23.245,23.6,15255,0
G2X.DE,D,20190708,000000,24.11,24.11,23.74,23.8,2693,0
G2X.DE,D,20190709,000000,23.8,23.91,23.585,23.875,9919,0
G2X.DE,D,20190710,000000,24.015,24.445,23.885,24.245,14999,0
G2X.DE,D,20190711,000000,24.43,24.72,24.43,24.44,17209,0
G2X.DE,D,20190712,000000,24.4,24.42,24.26,24.29,11877,0
G2X.DE,D,20190715,000000,24.505,24.6,24.38,24.4,4390,0
G2X.DE,D,20190716,000000,24.625,24.625,24.4,24.62,3608,0
G2X.DE,D,20190717,000000,24.695,25.075,24.31,25.075,8993,0
G2X.DE,D,20190718,000000,25.215,25.725,25.17,25.725,25547,0
G2X.DE,D,20190719,000000,26.23,26.4,25.73,26.005,61474,0
G2X.DE,D,20190722,000000,26.37,26.485,26.24,26.31,7211,0
G2X.DE,D,20190723,000000,26.35,26.62,26.095,26.095,41846,0
G2X.DE,D,20190724,000000,26.395,26.555,26.265,26.265,10570,0
G2X.DE,D,20190725,000000,26.39,26.715,25.835,26.09,12225,0
G2X.DE,D,20190726,000000,26.225,26.225,25.815,25.815,1391,0
G2X.DE,D,20190729,000000,26.07,26.07,25.855,25.935,8858,0
G2X.DE,D,20190730,000000,26.265,26.36,26.235,26.265,12459,0
G2X.DE,D,20190731,000000,26.405,26.405,25.895,25.9,18296,0
G2X.DE,D,20190801,000000,25.215,25.865,24.87,25.795,199109,0
G2X.DE,D,20190802,000000,26.05,26.535,25.975,26.345,32016,0
G2X.DE,D,20190805,000000,26.67,27.12,26.645,27.005,8976,0
G2X.DE,D,20190806,000000,26.84,26.95,26.63,26.945,7482,0
G2X.DE,D,20190807,000000,27.495,28.02,27.485,27.71,30603,0
G2X.DE,D,20190808,000000,27.725,27.725,27.13,27.615,19538,0
G2X.DE,D,20190809,000000,27.81,28.01,27.7,27.88,6930,0
G2X.DE,D,20190812,000000,27.47,27.88,27.195,27.665,3690,0
G2X.DE,D,20190813,000000,27.97,28.04,26.35,26.965,22114,0
G2X.DE,D,20190814,000000,26.81,27.295,26.62,27.05,18541,0
G2X.DE,D,20190815,000000,26.91,27.13,26.65,27.025,8315,0
G2X.DE,D,20190816,000000,27.155,27.155,26.67,26.815,976,0
G2X.DE,D,20190819,000000,26.55,26.765,26.16,26.75,13440,0
G2X.DE,D,20190820,000000,26.625,27.035,26.625,27.035,17610,0
G2X.DE,D,20190821,000000,27.09,27.28,26.96,27.17,4775,0
G2X.DE,D,20190822,000000,27.21,27.21,26.945,27.055,12218,0
G2X.DE,D,20190823,000000,26.965,27.8,26.875,27.8,28168,0
G2X.DE,D,20190826,000000,28.35,28.35,27.8,28.325,7907,0
G2X.DE,D,20190827,000000,28.095,28.7,27.915,28.7,15199,0
G2X.DE,D,20190828,000000,28.895,29.06,28.59,28.805,14422,0
G2X.DE,D,20190829,000000,29.275,29.275,28.375,28.45,8366,0
G2X.DE,D,20190830,000000,28.43,28.725,28.09,28.67,5488,0
G2X.DE,D,20190902,000000,28.585,28.695,28.415,28.67,2395,0
G2X.DE,D,20190903,000000,28.895,29.48,28.815,29.29,10694,0
G2X.DE,D,20190904,000000,28.965,29.05,28.755,28.98,5869,0
G2X.DE,D,20190905,000000,29.175,29.175,27.8,27.89,19807,0
G2X.DE,D,20190906,000000,27.5,28.025,27.34,27.885,23101,0
G2X.DE,D,20190909,000000,27.285,27.445,26.235,26.415,29166,0
G2X.DE,D,20190910,000000,26.045,26.685,26.035,26.57,14700,0
G2X.DE,D,20190911,000000,26.4,26.845,26.315,26.82,30106,0
G2X.DE,D,20190912,000000,26.76,27.55,26.75,26.895,20785,0
G2X.DE,D,20190913,000000,26.225,26.225,25.535,25.555,10681,0
G2X.DE,D,20190916,000000,26.29,26.29,25.69,26.055,25277,0
G2X.DE,D,20190917,000000,26.095,26.715,26.015,26.69,4095,0
G2X.DE,D,20190918,000000,26.83,26.83,26.5,26.585,3995,0
G2X.DE,D,20190919,000000,26.47,26.565,26.25,26.565,3677,0
G2X.DE,D,20190920,000000,27.08,27.08,26.735,26.8,19510,0
G2X.DE,D,20190923,000000,27.325,27.725,27.115,27.565,12375,0
G2X.DE,D,20190924,000000,27.8,27.965,27.53,27.965,2609,0
G2X.DE,D,20190925,000000,27.82,28.125,27.415,27.53,17399,0
G2X.DE,D,20190926,000000,27.515,27.53,27.305,27.4,5994,0
G2X.DE,D,20190927,000000,27.005,27.005,26.26,26.26,4297,0
G2X.DE,D,20191001,000000,25.76,26.37,25.46,26.275,4209,0
G2X.DE,D,20191002,000000,25.955,26.36,25.955,26.36,33106,0
G2X.DE,D,20191004,000000,26.375,26.56,26.15,26.44,11988,0
G2X.DE,D,20191007,000000,26.565,26.72,26.44,26.72,783,0
G2X.DE,D,20191008,000000,26.28,26.945,26.28,26.905,7742,0
G2X.DE,D,20191009,000000,27.23,27.41,26.84,26.84,3137,0
G2X.DE,D,20191010,000000,26.85,26.99,26.35,26.635,11224,0
G2X.DE,D,20191011,000000,26.92,27.15,25.765,25.885,27234,0
G2X.DE,D,20191014,000000,25.805,25.99,25.755,25.99,3769,0
G2X.DE,D,20191015,000000,25.75,25.98,25.245,25.405,21994,0
G2X.DE,D,20191016,000000,25.005,25.315,24.87,25.22,2783,0
G2X.DE,D,20191017,000000,25.395,25.725,24.975,25.725,6185,0
G2X.DE,D,20191018,000000,25.455,25.675,25.325,25.445,7815,0
G2X.DE,D,20191021,000000,25.6,25.755,25.105,25.105,8970,0
G2X.DE,D,20191022,000000,25.175,25.255,24.92,24.925,2135,0
G2X.DE,D,20191023,000000,25.185,25.575,25.185,25.465,4861,0
G2X.DE,D,20191024,000000,25.375,26.005,25.18,25.815,6185,0
G2X.DE,D,20191025,000000,26.115,26.635,26.115,26.285,10742,0
G2X.DE,D,20191028,000000,26.27,26.275,25.64,25.64,5508,0
G2X.DE,D,20191029,000000,25.71,25.875,25.405,25.875,6601,0
G2X.DE,D,20191030,000000,25.695,25.86,25.695,25.84,5398,0
G2X.DE,D,20191031,000000,25.9,26.55,25.89,26.29,16903,0
G2X.DE,D,20191101,000000,26.585,26.68,26.145,26.25,10801,0
G2X.DE,D,20191104,000000,26.48,26.48,26.005,26.005,10469,0
G2X.DE,D,20191105,000000,26,26,25.48,25.48,5601,0
G2X.DE,D,20191106,000000,25.7,25.925,25.55,25.875,3738,0
G2X.DE,D,20191107,000000,25.92,25.92,25.105,25.16,20859,0
G2X.DE,D,20191108,000000,25.07,25.345,24.79,25.23,8200,0
G2X.DE,D,20191111,000000,25.25,25.325,24.915,25.17,7048,0
G2X.DE,D,20191112,000000,25,25.2,24.82,24.935,4275,0
G2X.DE,D,20191113,000000,25.29,25.79,25.29,25.6,2650,0
G2X.DE,D,20191114,000000,25.625,25.81,25.625,25.765,682,0
G2X.DE,D,20191115,000000,25.71,25.745,25.5,25.67,3826,0
G2X.DE,D,20191118,000000,25.5,25.8,25.145,25.765,2697,0
G2X.DE,D,20191119,000000,25.695,26.11,25.645,26.045,3492,0
G2X.DE,D,20191120,000000,26.1,26.1,25.815,25.815,1792,0
G2X.DE,D,20191121,000000,25.985,25.99,25.78,25.85,3141,0
G2X.DE,D,20191122,000000,25.71,25.815,25.4,25.555,5029,0
G2X.DE,D,20191125,000000,25.46,25.46,25.235,25.275,11378,0
G2X.DE,D,20191126,000000,25.155,25.39,24.97,25.39,35840,0
G2X.DE,D,20191127,000000,25.49,25.49,25.3,25.325,7581,0
G2X.DE,D,20191128,000000,25.61,25.66,25.48,25.63,4563,0
G2X.DE,D,20191129,000000,25.655,25.815,25.48,25.815,55940,0
G2X.DE,D,20191202,000000,25.76,25.78,25.54,25.71,9514,0
G2X.DE,D,20191203,000000,25.8,26.5,25.785,26.3,18186,0
G2X.DE,D,20191204,000000,26.3,26.445,25.9,26.005,86328,0
G2X.DE,D,20191205,000000,26.18,26.255,25.935,26.255,22228,0
G2X.DE,D,20191206,000000,26.175,26.175,25.72,25.8,8583,0
G2X.DE,D,20191209,000000,25.8,25.8,25.515,25.57,7070,0
G2X.DE,D,20191210,000000,25.67,25.825,25.485,25.485,3526,0
G2X.DE,D,20191211,000000,25.755,26.1,25.7,26.1,17708,0
G2X.DE,D,20191212,000000,26.185,26.45,25.97,26.025,25693,0
G2X.DE,D,20191213,000000,25.93,26.24,25.78,26.24,6412,0
G2X.DE,D,20191216,000000,26.365,26.365,25.92,25.92,4022,0
G2X.DE,D,20191217,000000,25.89,25.91,25.7,25.78,3265,0
G2X.DE,D,20191218,000000,25.79,25.83,25.7,25.83,4978,0
G2X.DE,D,20191219,000000,25.97,26.05,25.83,25.91,3021,0
G2X.DE,D,20191220,000000,26.04,26.21,25.92,25.92,11837,0
G2X.DE,D,20191223,000000,26.05,26.405,25.92,26.305,9625,0
G2X.DE,D,20191227,000000,27.48,27.645,27.195,27.565,28178,0
G2X.DE,D,20191230,000000,27.455,27.455,27.34,27.38,9058,0
G2X.DE,D,20200102,000000,27.645,28.155,27.645,27.935,23163,0
G2X.DE,D,20200103,000000,28.165,28.53,28.025,28.095,20865,0
G2X.DE,D,20200106,000000,28.435,28.58,27.445,27.505,55432,0
G2X.DE,D,20200107,000000,27.695,27.88,27.58,27.88,28508,0
G2X.DE,D,20200108,000000,28.375,28.55,27.07,27.255,10767,0
G2X.DE,D,20200109,000000,26.59,27.03,26.475,26.855,53226,0
G2X.DE,D,20200110,000000,26.68,27.185,26.585,27.185,16255,0
G2X.DE,D,20200113,000000,26.945,26.99,26.62,26.63,15192,0
G2X.DE,D,20200114,000000,26.435,26.585,26.325,26.58,10787,0
G2X.DE,D,20200115,000000,27.095,27.12,26.75,26.89,22640,0
G2X.DE,D,20200116,000000,27.09,27.33,27,27.15,7345,0
G2X.DE,D,20200117,000000,27.36,27.46,27.04,27.2,47689,0
G2X.DE,D,20200120,000000,27.405,27.435,27.24,27.435,4031,0
G2X.DE,D,20200121,000000,27.395,27.53,26.995,27.325,1638,0
G2X.DE,D,20200122,000000,27.52,27.67,27.485,27.485,9790,0
G2X.DE,D,20200123,000000,27.395,27.895,27.24,27.835,8080,0
G2X.DE,D,20200124,000000,27.495,27.915,27.28,27.915,2742,0
G2X.DE,D,20200127,000000,28.115,28.485,27.89,27.97,26924,0
G2X.DE,D,20200128,000000,27.825,27.845,27.25,27.385,12821,0
G2X.DE,D,20200129,000000,27.215,27.525,27.21,27.39,15715,0
G2X.DE,D,20200130,000000,27.72,27.83,27.535,27.82,25938,0
G2X.DE,D,20200131,000000,27.595,27.975,27.595,27.855,1986,0
G2X.DE,D,20200203,000000,27.42,27.575,27.36,27.44,8454,0
G2X.DE,D,20200204,000000,27.41,27.41,26.69,26.75,48740,0
G2X.DE,D,20200205,000000,26.885,27.205,26.865,27.205,8207,0
G2X.DE,D,20200206,000000,27.23,27.3,27.15,27.225,14037,0
G2X.DE,D,20200207,000000,27.535,27.725,27.075,27.075,8901,0
G2X.DE,D,20200210,000000,27.24,27.605,27.19,27.59,14688,0
G2X.DE,D,20200211,000000,27.265,27.59,27.265,27.455,3674,0
G2X.DE,D,20200212,000000,27.3,27.6,27.3,27.525,12873,0
G2X.DE,D,20200213,000000,27.585,27.94,27.585,27.715,22636,0
G2X.DE,D,20200214,000000,27.775,27.775,27.56,27.575,10664,0
G2X.DE,D,20200217,000000,27.675,27.68,27.575,27.655,6624,0
G2X.DE,D,20200218,000000,27.7,28.39,27.7,28.39,26591,0
G2X.DE,D,20200219,000000,28.915,29.105,28.8,28.9,31469,0
G2X.DE,D,20200220,000000,29.165,29.545,29,29.235,16541,0
G2X.DE,D,20200221,000000,29.505,29.945,29.505,29.82,36336,0
G2X.DE,D,20200224,000000,30.79,31.45,30.36,30.665,83575,0
G2X.DE,D,20200225,000000,29.745,30.41,29.57,30.105,70120,0
G2X.DE,D,20200226,000000,29.65,29.695,29.085,29.365,146429,0
G2X.DE,D,20200227,000000,29.345,29.415,28.04,28.25,34366,0
G2X.DE,D,20200228,000000,28,28,24.55,25.47,126468,0
G2X.DE,D,20200302,000000,26.21,26.305,25.41,25.805,59532,0
G2X.DE,D,20200303,000000,26.3,27.605,26.2,27.51,74558,0
G2X.DE,D,20200304,000000,27.4,27.885,26.93,27.12,17921,0
G2X.DE,D,20200305,000000,27.475,27.9,27.475,27.595,6422,0
G2X.DE,D,20200306,000000,27.985,28.18,26.61,26.99,32670,0
G2X.DE,D,20200309,000000,27.005,27.005,25.605,26.065,24592,0
G2X.DE,D,20200310,000000,25.685,25.95,24.59,25.1,47544,0
G2X.DE,D,20200311,000000,25.725,25.725,24.765,24.845,10461,0
G2X.DE,D,20200312,000000,23.995,23.995,21.5,22.105,62523,0
G2X.DE,D,20200313,000000,22.6,22.6,19.57,19.954,125486,0
G2X.DE,D,20200316,000000,20,20.31,15.002,20.31,54575,0
G2X.DE,D,20200317,000000,20,24.765,19.422,22.535,32983,0
G2X.DE,D,20200318,000000,21.995,23.925,21.66,22.335,33844,0
G2X.DE,D,20200319,000000,20.985,21.54,19.496,20.615,64109,0
G2X.DE,D,20200320,000000,22.66,23.325,21.13,21.275,17840,0
G2X.DE,D,20200323,000000,21.4,22.24,20.4,21.74,98959,0
G2X.DE,D,20200324,000000,22.795,24.7,22.795,24.3,61259,0
G2X.DE,D,20200325,000000,24.75,25.535,24.12,25.535,27343,0
G2X.DE,D,20200326,000000,25.19,26.115,24.175,24.735,34203,0
G2X.DE,D,20200327,000000,24.735,24.945,23.41,23.61,20745,0
G2X.DE,D,20200330,000000,24.1,24.395,23.1,23.885,24276,0
G2X.DE,D,20200331,000000,23.635,23.715,22.5,23.58,23884,0
G2X.DE,D,20200401,000000,23.185,23.5,22.47,23.22,27705,0
G2X.DE,D,20200402,000000,23.22,24.91,23.22,24.91,19779,0
G2X.DE,D,20200403,000000,24.785,25.195,24.34,25.065,16293,0
G2X.DE,D,20200406,000000,25.315,26,24.575,25.81,10948,0
G2X.DE,D,20200407,000000,26.2,26.2,25.395,25.845,36038,0
G2X.DE,D,20200408,000000,25.445,25.82,25.2,25.57,10848,0
G2X.DE,D,20200409,000000,26.15,27.465,25.425,27.105,47044,0
G2X.DE,D,20200414,000000,29.345,31.09,29.32,30.265,65291,0
G2X.DE,D,20200415,000000,29.835,29.9,28.505,28.93,23845,0
G2X.DE,D,20200416,000000,29.04,30.265,29.005,30.1,12702,0
G2X.DE,D,20200417,000000,30.095,30.095,28.78,29.175,9931,0
G2X.DE,D,20200420,000000,29.565,29.98,28.925,29.91,10616,0
G2X.DE,D,20200421,000000,29.955,30.665,28.5,29.57,28949,0
G2X.DE,D,20200422,000000,30.275,31.3,29.855,31.275,19918,0
G2X.DE,D,20200423,000000,32,33.915,31.4,33.16,52074,0
G2X.DE,D,20200424,000000,33.16,33.59,32.49,32.555,34744,0
G2X.DE,D,20200427,000000,33.04,33.355,32.4,32.975,22828,0
G2X.DE,D,20200428,000000,32.775,33.085,32.19,32.71,32021,0
G2X.DE,D,20200429,000000,33.245,33.245,32.395,32.58,11465,0
G2X.DE,D,20200430,000000,33.23,33.3,32.325,32.33,31290,0
G2X.DE,D,20200504,000000,32.515,33.13,32.3,32.865,18951,0
G2X.DE,D,20200505,000000,32.91,33.495,32.665,33.3,18710,0
G2X.DE,D,20200506,000000,33.825,34.285,33.15,33.23,16761,0
G2X.DE,D,20200507,000000,33.585,33.71,33.04,33.685,16881,0
G2X.DE,D,20200508,000000,34.275,34.815,34.085,34.28,18868,0
G2X.DE,D,20200511,000000,34.495,34.5,32.86,33.355,48913,0
G2X.DE,D,20200512,000000,33.395,34,33.2,33.825,49568,0
G2X.DE,D,20200513,000000,33.28,33.775,33,33.775,21732,0
G2X.DE,D,20200514,000000,33.785,34.58,33.155,34.565,26617,0
G2X.DE,D,20200515,000000,34.96,35.64,34.775,35.52,18494,0
G2X.DE,D,20200518,000000,36.47,37.355,34.7,34.96,71553,0
G2X.DE,D,20200519,000000,34.695,36.35,34.695,35.745,36324,0
G2X.DE,D,20200520,000000,36.21,36.275,35.5,35.59,40924,0
G2X.DE,D,20200521,000000,34.955,34.97,33.7,34.07,21862,0
G2X.DE,D,20200522,000000,34.92,35.205,34.63,34.855,22314,0
G2X.DE,D,20200525,000000,34.745,34.745,34.25,34.55,6175,0
G2X.DE,D,20200526,000000,34.91,34.91,33,33.22,26303,0
G2X.DE,D,20200527,000000,32.465,32.77,31.405,31.665,41920,0
G2X.DE,D,20200528,000000,32.105,33.225,32.105,32.805,23818,0
G2X.DE,D,20200529,000000,32.53,33.195,32.3,33.08,44716,0
G2X.DE,D,20200602,000000,33.59,33.7,32.445,32.445,11211,0
G2X.DE,D,20200603,000000,32.17,32.21,30.63,31.175,20067,0
G2X.DE,D,20200604,000000,31.11,31.63,30.785,30.98,16738,0
G2X.DE,D,20200605,000000,30.64,30.785,29.37,29.595,45103,0
G2X.DE,D,20200608,000000,30.685,30.93,30.2,30.58,19653,0
G2X.DE,D,20200609,000000,30.59,31.2,30.58,30.805,22785,0
G2X.DE,D,20200610,000000,31.305,31.36,30.43,30.45,16085,0
G2X.DE,D,20200611,000000,31.74,32.325,31.39,31.69,28162,0
G2X.DE,D,20200612,000000,31.355,31.64,30.7,30.915,26331,0
G2X.DE,D,20200615,000000,30.585,30.9,29.47,30.9,23754,0
G2X.DE,D,20200616,000000,31.285,31.54,30.985,30.985,4929,0
G2X.DE,D,20200617,000000,30.945,31.37,30.375,30.985,12937,0
G2X.DE,D,20200618,000000,30.835,31.06,30.645,30.705,7223,0
G2X.DE,D,20200619,000000,30.845,32,30.8,31.845,7472,0
G2X.DE,D,20200622,000000,32.085,33.175,31.85,32.725,47807,0
G2X.DE,D,20200623,000000,32.805,33.445,32.575,33.105,37090,0
G2X.DE,D,20200624,000000,33.11,33.525,32.65,32.65,29420,0
G2X.DE,D,20200625,000000,32.57,32.82,32.34,32.53,28360,0
G2X.DE,D,20200626,000000,32.985,33.065,32.255,32.83,10582,0
G2X.DE,D,20200629,000000,33.115,33.305,32.95,33.22,12462,0
G2X.DE,D,20200630,000000,33.65,34.575,33.22,34.505,58179,0
G2X.DE,D,20200701,000000,35.065,35.1,33.56,33.59,27832,0
G2X.DE,D,20200702,000000,34.505,34.845,33.96,34.795,20465,0
G2X.DE,D,20200703,000000,34.215,34.3,34.05,34.19,16263,0
G2X.DE,D,20200706,000000,34.18,34.52,34.005,34.46,11738,0
G2X.DE,D,20200707,000000,34.535,35.4,34.165,35.13,31155,0
G2X.DE,D,20200708,000000,35.405,36.595,35.245,35.94,42656,0
G2X.DE,D,20200709,000000,36.315,36.81,35.665,35.975,47252,0
G2X.DE,D,20200710,000000,35.965,36.7,35.88,35.88,52921,0
G2X.DE,D,20200713,000000,36.035,36.555,35.75,35.75,19444,0
G2X.DE,D,20200714,000000,34.765,35.365,34.3,35.365,27898,0
G2X.DE,D,20200715,000000,35.75,35.8,35,35.655,14108,0
G2X.DE,D,20200716,000000,35.49,35.725,35.18,35.275,4856,0
G2X.DE,D,20200717,000000,35.78,36.145,35.625,36.145,4062,0
G2X.DE,D,20200720,000000,36.18,37.47,36.04,37.235,25113,0
G2X.DE,D,20200721,000000,37.59,38.52,37.435,37.85,22535,0
G2X.DE,D,20200722,000000,38.215,38.465,37.65,37.985,36726,0
G2X.DE,D,20200723,000000,38.475,38.815,37.6,38.395,24547,0
G2X.DE,D,20200724,000000,37.39,38.2,37.195,37.725,34049,0
G2X.DE,D,20200727,000000,38.9,39.92,38.9,39.135,63199,0
G2X.DE,D,20200728,000000,39.255,39.7,38.225,39.545,26626,0
G2X.DE,D,20200729,000000,39.44,39.5,38.1,38.195,24501,0
G2X.DE,D,20200730,000000,38.05,38.06,36.84,37.295,22226,0
G2X.DE,D,20200731,000000,37.795,38.37,37.705,38.37,35392,0
G2X.DE,D,20200803,000000,38.595,38.935,37.84,38.18,19187,0
G2X.DE,D,20200804,000000,38.3,39.095,38.1,39.095,27354,0
G2X.DE,D,20200805,000000,39.9,40.74,39.9,40.47,75013,0
G2X.DE,D,20200806,000000,40.11,40.6,39.02,39.225,56809,0
G2X.DE,D,20200807,000000,39.13,39.365,38.245,38.44,22040,0
G2X.DE,D,20200810,000000,38.465,39.59,38.465,38.775,33511,0
G2X.DE,D,20200811,000000,37.475,37.6,35.75,35.81,95334,0
G2X.DE,D,20200812,000000,35.395,36.655,35.34,35.83,98679,0
G2X.DE,D,20200813,000000,35.895,36.59,35.595,36.53,63009,0
G2X.DE,D,20200814,000000,36.17,36.405,35.745,35.82,27990,0
G2X.DE,D,20200817,000000,36.995,38.145,36.975,37.965,114186,0
G2X.DE,D,20200818,000000,38.76,39.2,37.295,37.725,109449,0
G2X.DE,D,20200819,000000,37.38,37.71,36.65,36.855,29766,0
G2X.DE,D,20200820,000000,37.06,37.52,36.335,37.515,19636,0
G2X.DE,D,20200821,000000,37.195,37.195,36.485,36.765,40075,0
G2X.DE,D,20200824,000000,36.66,37.415,36.49,36.715,35412,0
G2X.DE,D,20200825,000000,36.73,36.75,35.3,35.62,19110,0
G2X.DE,D,20200826,000000,35.595,37.17,35.595,37.17,20568,0
G2X.DE,D,20200827,000000,36.895,37.9,36.015,36.34,45586,0
G2X.DE,D,20200828,000000,36.85,37.38,36.57,37.38,17928,0
G2X.DE,D,20200831,000000,37.395,37.755,37.19,37.465,24426,0
G2X.DE,D,20200901,000000,37.995,38.35,36.75,36.99,44405,0
G2X.DE,D,20200902,000000,36.975,37.325,36.1,36.98,11172,0
G2X.DE,D,20200903,000000,36.875,37.21,36.03,36.17,39733,0
G2X.DE,D,20200904,000000,37.04,37.34,35.5,35.695,33034,0
G2X.DE,D,20200907,000000,36.62,36.715,36.36,36.575,22343,0
G2X.DE,D,20200908,000000,36.585,36.705,35.305,36.485,20582,0
G2X.DE,D,20200909,000000,36.44,37.74,36.245,37.5,38861,0
G2X.DE,D,20200910,000000,37.775,38.18,37.37,37.705,33014,0
G2X.DE,D,20200911,000000,37.35,37.81,37.1,37.185,14711,0
G2X.DE,D,20200914,000000,37.245,37.985,36.91,37.885,14545,0
G2X.DE,D,20200915,000000,38.465,38.735,38.11,38.395,26404,0
G2X.DE,D,20200916,000000,38.625,38.84,38.185,38.545,39633,0
G2X.DE,D,20200917,000000,37.82,38.07,37.205,37.725,54989,0
G2X.DE,D,20200918,000000,37.89,37.955,37.42,37.555,18589,0
G2X.DE,D,20200921,000000,37.07,37.155,35.575,35.86,97390,0
G2X.DE,D,20200922,000000,35.755,36.33,35.445,35.87,27177,0
G2X.DE,D,20200923,000000,35.425,35.805,34.61,34.61,32286,0
G2X.DE,D,20200924,000000,33.995,34.79,33.445,34.79,94851,0
G2X.DE,D,20200925,000000,35.195,35.27,34.52,34.89,66342,0
G2X.DE,D,20200928,000000,35.055,35.425,34.745,34.99,19791,0
G2X.DE,D,20200929,000000,35.26,35.6,35.14,35.56,24526,0
G2X.DE,D,20200930,000000,35.165,35.565,34.95,35.51,16616,0
G2X.DE,D,20201001,000000,35.685,35.87,35.355,35.87,56842,0
G2X.DE,D,20201002,000000,35.965,35.965,35.08,35.415,57569,0
G2X.DE,D,20201005,000000,34.96,35.805,34.75,35.635,13501,0
G2X.DE,D,20201006,000000,35.595,35.845,35.38,35.47,29517,0
G2X.DE,D,20201007,000000,34.815,34.94,34.325,34.71,47706,0
G2X.DE,D,20201008,000000,34.81,35.085,34.7,35.04,30298,0
G2X.DE,D,20201009,000000,35.57,36.11,35.55,35.85,22108,0
G2X.DE,D,20201012,000000,36.385,36.52,36.28,36.37,42240,0
G2X.DE,D,20201013,000000,36.27,36.64,35.61,36.04,49315,0
G2X.DE,D,20201014,000000,36.535,37.09,36.41,37.01,62303,0
G2X.DE,D,20201015,000000,36.71,36.805,36.29,36.63,40581,0
G2X.DE,D,20201016,000000,36.38,36.58,36.035,36.12,20369,0
G2X.DE,D,20201019,000000,36.39,36.5,35.795,35.795,40724,0
G2X.DE,D,20201020,000000,35.3,35.445,34.885,35.41,34277,0
G2X.DE,D,20201021,000000,35.445,35.96,35.355,35.62,20539,0
G2X.DE,D,20201022,000000,35.38,35.435,34.625,34.86,34967,0
G2X.DE,D,20201023,000000,35.115,35.19,34.55,34.62,26968,0
G2X.DE,D,20201026,000000,34.5,35.04,34.39,34.59,72828,0
G2X.DE,D,20201027,000000,34.275,34.58,34.065,34.455,4141,0
G2X.DE,D,20201028,000000,34.89,34.89,32.84,33.055,51547,0
G2X.DE,D,20201029,000000,33.045,33.79,32.545,33.665,46369,0
G2X.DE,D,20201030,000000,33.5,33.945,33.195,33.765,77362,0
G2X.DE,D,20201102,000000,34.5,34.735,34.32,34.615,64583,0
G2X.DE,D,20201103,000000,34.9,35.555,34.9,35.395,16389,0
G2X.DE,D,20201104,000000,34.98,35.79,34.955,35.21,38775,0
G2X.DE,D,20201105,000000,35.065,36.8,35.065,36.635,42192,0
G2X.DE,D,20201106,000000,36.995,37.2,36.705,36.945,23657,0
G2X.DE,D,20201109,000000,37.235,37.455,34.1,34.3,101772,0
G2X.DE,D,20201110,000000,35.335,35.395,33.945,34.06,47496,0
G2X.DE,D,20201111,000000,33.63,33.875,33.1,33.205,32522,0
G2X.DE,D,20201112,000000,33.435,34,33.255,33.935,14310,0
G2X.DE,D,20201113,000000,33.87,34.535,33.8,34.175,13960,0
G2X.DE,D,20201116,000000,34.045,34.255,33.415,34.02,47958,0
G2X.DE,D,20201117,000000,33.445,33.565,33.14,33.205,10839,0
G2X.DE,D,20201118,000000,32.985,33.1,32.45,32.7,47817,0
G2X.DE,D,20201119,000000,31.74,31.93,31.485,31.7,84438,0
G2X.DE,D,20201120,000000,31.73,32.375,31.62,32.085,58059,0
G2X.DE,D,20201123,000000,31.95,32.025,30.785,30.89,77128,0
G2X.DE,D,20201124,000000,30.31,30.32,29.53,29.84,132108,0
G2X.DE,D,20201125,000000,29.855,30.375,29.835,30.095,52125,0
G2X.DE,D,20201126,000000,30.325,30.585,30.325,30.465,127984,0
G2X.DE,D,20201127,000000,30.45,30.495,29.505,30.225,51957,0
G2X.DE,D,20201130,000000,30.035,30.205,29.64,30.205,84431,0
G2X.DE,D,20201201,000000,31.135,31.71,30.99,31.24,56257,0
G2X.DE,D,20201202,000000,31.405,31.96,31.185,31.375,31645,0
G2X.DE,D,20201203,000000,31.555,31.615,30.725,30.85,69348,0
G2X.DE,D,20201204,000000,30.815,31.03,30.595,30.805,36509,0
G2X.DE,D,20201207,000000,30.8,31.905,30.465,31.855,27388,0
G2X.DE,D,20201208,000000,31.92,32.07,31.7,31.77,33136,0
G2X.DE,D,20201209,000000,31.465,31.605,31,31.5,27748,0
G2X.DE,D,20201210,000000,30.865,31.4,30.75,30.765,20137,0
G2X.DE,D,20201211,000000,30.86,30.93,30.405,30.76,36766,0
G2X.DE,D,20201214,000000,30.345,30.6,29.85,30.245,23954,0
G2X.DE,D,20201215,000000,30.275,30.83,30.25,30.475,43185,0
G2X.DE,D,20201216,000000,30.75,31.1,30.555,30.89,44039,0
G2X.DE,D,20201217,000000,31.515,32.42,31.515,31.84,27188,0
G2X.DE,D,20201218,000000,32.12,32.4,31.92,32.015,26549,0
G2X.DE,D,20201221,000000,32.33,32.37,31.525,31.97,26135,0
G2X.DE,D,20201222,000000,31.315,31.705,30.87,30.87,19358,0
G2X.DE,D,20201223,000000,31.03,31.38,30.77,31.245,44363,0
G2X.DE,D,20201228,000000,31.605,31.9,31.35,31.445,57972,0
G2X.DE,D,20201229,000000,31.25,31.5,31,31.5,17528,0
G2X.DE,D,20201230,000000,31.065,31.135,31,31.01,7493,0
G2X.DE,D,20210104,000000,32.295,33.34,32.295,33.155,68980,0
G2X.DE,D,20210105,000000,33.495,33.925,32.995,33.1,94402,0
G2X.DE,D,20210106,000000,33.12,33.47,32.58,32.7,45677,0
G2X.DE,D,20210107,000000,33.31,33.45,32.875,33,65625,0
G2X.DE,D,20210108,000000,32.665,32.665,31.65,31.86,68610,0
G2X.DE,D,20210111,000000,31.88,31.97,31.34,31.495,26869,0
G2X.DE,D,20210112,000000,31.875,31.875,30.99,31.045,86053,0
G2X.DE,D,20210113,000000,31.44,31.65,31.345,31.475,27351,0
G2X.DE,D,20210114,000000,31.06,31.555,30.85,31.235,41954,0
G2X.DE,D,20210115,000000,31.375,31.47,30.605,30.77,32629,0
G2X.DE,D,20210118,000000,30.805,30.89,30.585,30.76,92176,0
G2X.DE,D,20210119,000000,30.905,31,30.35,30.725,21824,0
G2X.DE,D,20210120,000000,31.14,31.565,30.74,31.465,21765,0
G2X.DE,D,20210121,000000,31.71,31.77,31.04,31.125,21226,0
G2X.DE,D,20210122,000000,30.96,30.96,30.2,30.83,31893,0
G2X.DE,D,20210125,000000,30.855,31.25,30.555,30.755,24256,0
G2X.DE,D,20210126,000000,30.745,31.02,30.63,31.02,24881,0
G2X.DE,D,20210127,000000,30.78,30.78,29.805,30.36,72334,0
G2X.DE,D,20210128,000000,29.37,30.99,29.35,30.555,298359,0
G2X.DE,D,20210129,000000,30.535,31.26,30.37,30.735,60020,0
G2X.DE,D,20210201,000000,31.86,31.97,30.98,30.98,40854,0
G2X.DE,D,20210202,000000,31.155,31.155,30.455,30.74,44539,0
G2X.DE,D,20210203,000000,30.65,30.91,30.535,30.685,10473,0
G2X.DE,D,20210204,000000,30.385,30.385,29.51,29.83,67500,0
G2X.DE,D,20210205,000000,30.26,30.65,30.06,30.285,16679,0
G2X.DE,D,20210208,000000,30.685,31.23,30.56,31.18,44576,0
G2X.DE,D,20210209,000000,31.4,31.41,30.85,30.85,23224,0
G2X.DE,D,20210210,000000,31.14,31.3,30.655,30.84,15301,0
G2X.DE,D,20210211,000000,31.125,31.19,30.94,30.94,11103,0
G2X.DE,D,20210212,000000,30.35,30.785,30.1,30.715,20114,0
G2X.DE,D,20210215,000000,30.41,30.68,30.36,30.635,17862,0
G2X.DE,D,20210216,000000,30.795,30.87,29.995,30.235,57066,0
G2X.DE,D,20210217,000000,29.93,29.93,29.185,29.275,44669,0
G2X.DE,D,20210218,000000,29.395,29.61,28.75,29.145,56696,0
G2X.DE,D,20210219,000000,28.97,29.255,28.735,28.84,36507,0
G2X.DE,D,20210222,000000,29.17,29.685,29.035,29.665,59948,0
G2X.DE,D,20210223,000000,29.81,29.87,28.85,29.295,25244,0
G2X.DE,D,20210224,000000,29.235,29.525,28.625,29.525,22181,0
G2X.DE,D,20210225,000000,29.065,29.205,28.505,28.58,25109,0
G2X.DE,D,20210226,000000,28.105,28.415,27.19,27.545,67806,0
G2X.DE,D,20210301,000000,28.105,28.16,27.51,27.59,32851,0
G2X.DE,D,20210302,000000,27.23,27.81,27.08,27.81,24666,0
G2X.DE,D,20210303,000000,28.2,28.2,27.05,27.705,60690,0
G2X.DE,D,20210304,000000,27.7,28.275,27.42,28.155,26614,0
G2X.DE,D,20210305,000000,27.77,28.055,27.61,27.655,66593,0
G2X.DE,D,20210308,000000,28.195,28.42,28,28.27,86410,0
G2X.DE,D,20210309,000000,28.575,29.3,28.505,28.77,45573,0
G2X.DE,D,20210310,000000,28.735,29.07,28.65,28.985,32881,0
G2X.DE,D,20210311,000000,29.41,29.425,28.955,29.06,18978,0
G2X.DE,D,20210312,000000,28.855,29.275,28.585,29.275,42353,0
G2X.DE,D,20210315,000000,29.425,29.89,29.425,29.84,25103,0
G2X.DE,D,20210316,000000,30.16,30.16,29.79,29.885,26348,0
G2X.DE,D,20210317,000000,29.94,29.995,29.495,29.65,15847,0
G2X.DE,D,20210318,000000,30.445,30.445,29.85,30.35,30877,0
G2X.DE,D,20210319,000000,30.24,30.375,30.1,30.1,27036,0
G2X.DE,D,20210322,000000,29.985,30.225,29.88,30.075,15520,0
G2X.DE,D,20210323,000000,29.84,29.905,29.275,29.275,20533,0
G2X.DE,D,20210324,000000,29.28,29.5,29.165,29.385,12373,0
G2X.DE,D,20210325,000000,29.125,29.205,28.855,29.02,17395,0
G2X.DE,D,20210326,000000,29.06,29.285,29,29.21,3103,0
G2X.DE,D,20210329,000000,29.34,29.475,29.05,29.075,11290,0
G2X.DE,D,20210330,000000,29.38,29.43,28.85,28.9,46183,0
G2X.DE,D,20210331,000000,28.835,29.405,28.8,29.39,18752,0
G2X.DE,D,20210401,000000,29.645,30.05,29.525,29.965,38760,0
G2X.DE,D,20210406,000000,30.475,30.97,30.38,30.955,44587,0
G2X.DE,D,20210407,000000,30.7,30.925,30.42,30.42,28640,0
G2X.DE,D,20210408,000000,30.69,31.03,30.63,30.905,17078,0
G2X.DE,D,20210409,000000,30.82,31.075,30.445,31.04,23941,0
G2X.DE,D,20210412,000000,30.755,30.83,30.285,30.285,33056,0
G2X.DE,D,20210413,000000,30.21,30.935,30.16,30.79,14429,0
G2X.DE,D,20210414,000000,30.88,30.905,30.61,30.67,13002,0
G2X.DE,D,20210415,000000,30.77,31.885,30.75,31.885,106114,0
G2X.DE,D,20210416,000000,31.73,32.355,31.655,31.98,62173,0
G2X.DE,D,20210419,000000,32.09,32.345,31.54,31.585,33124,0
G2X.DE,D,20210420,000000,31.525,31.915,31.395,31.76,45285,0
G2X.DE,D,20210421,000000,32.165,32.59,31.93,32.49,18795,0
G2X.DE,D,20210422,000000,32.475,32.505,32.14,32.14,13863,0
G2X.DE,D,20210423,000000,32.065,32.34,31.715,31.865,20210,0
G2X.DE,D,20210426,000000,31.76,31.95,31.555,31.605,7294,0
G2X.DE,D,20210427,000000,31.735,31.81,31.435,31.435,15901,0
G2X.DE,D,20210428,000000,30.665,31.02,30.605,31.005,28075,0
G2X.DE,D,20210429,000000,31.045,31.22,30.34,30.385,40031,0
G2X.DE,D,20210430,000000,30.325,30.61,30.155,30.4,33546,0
G2X.DE,D,20210503,000000,30.615,31.415,30.46,31.265,12044,0
G2X.DE,D,20210504,000000,31.415,32,31.17,31.215,41603,0
G2X.DE,D,20210505,000000,31.22,31.535,31.165,31.315,21226,0
G2X.DE,D,20210506,000000,31.62,32.575,31.535,32.575,37137,0
G2X.DE,D,20210507,000000,32.62,33.155,32.52,32.605,60458,0
G2X.DE,D,20210510,000000,32.93,33.33,32.89,33.12,48568,0
G2X.DE,D,20210511,000000,32.65,32.765,32,32.56,35587,0
G2X.DE,D,20210512,000000,32.835,33.17,32.685,32.7,13517,0
G2X.DE,D,20210513,000000,32.51,32.63,32.15,32.51,71981,0
G2X.DE,D,20210514,000000,32.605,32.95,32.51,32.95,88837,0
G2X.DE,D,20210517,000000,33.575,34.47,33.39,34.455,41865,0
G2X.DE,D,20210518,000000,34.765,34.92,34.135,34.375,41432,0
G2X.DE,D,20210519,000000,34.64,34.83,33.735,34.515,21460,0
G2X.DE,D,20210520,000000,34.39,34.515,33.955,34.47,16594,0
G2X.DE,D,20210521,000000,34.385,34.85,34.045,34.19,21149,0
G2X.DE,D,20210525,000000,34.44,34.45,33.815,34.15,41417,0
G2X.DE,D,20210526,000000,34.495,34.8,34.37,34.595,18977,0
G2X.DE,D,20210527,000000,34.4,34.4,34.13,34.19,11272,0
G2X.DE,D,20210528,000000,33.93,34.435,33.875,34.185,33311,0
G2X.DE,D,20210531,000000,34.38,34.62,34.175,34.23,25979,0
G2X.DE,D,20210601,000000,34.44,34.68,34.135,34.25,31972,0
G2X.DE,D,20210602,000000,34.305,34.565,34.29,34.47,18871,0
G2X.DE,D,20210603,000000,34.05,34.1,33.325,33.48,15594,0
G2X.DE,D,20210604,000000,33.48,33.93,33.35,33.795,17511,0
G2X.DE,D,20210607,000000,33.525,33.755,33.44,33.61,51896,0
G2X.DE,D,20210608,000000,33.585,33.65,33.35,33.36,6107,0
G2X.DE,D,20210609,000000,33.135,33.425,33,33.345,13254,0
G2X.DE,D,20210610,000000,33.1,33.73,32.85,33.73,9713,0
G2X.DE,D,20210611,000000,34.075,34.2,33.64,33.64,34198,0
G2X.DE,D,20210614,000000,33.11,33.55,32.87,33.525,34953,0
G2X.DE,D,20210615,000000,33.365,33.435,32.95,33.07,9975,0
G2X.DE,D,20210616,000000,32.91,33.05,32.775,32.98,14048,0
G2X.DE,D,20210617,000000,32.395,32.395,31.15,31.205,147178,0
G2X.DE,D,20210618,000000,31.455,31.785,31.045,31.165,64299,0
G2X.DE,D,20210621,000000,31,31.2,30.52,31.025,71869,0
G2X.DE,D,20210622,000000,30.875,31.155,30.8,30.84,27684,0
G2X.DE,D,20210623,000000,31.055,31.22,30.995,30.995,14698,0
G2X.DE,D,20210624,000000,30.72,30.905,30.6,30.67,21114,0
G2X.DE,D,20210625,000000,30.785,31.025,30.61,30.675,12341,0
G2X.DE,D,20210628,000000,30.66,30.715,30.215,30.215,14274,0
G2X.DE,D,20210629,000000,30.2,30.24,29.64,30.16,87674,0
G2X.DE,D,20210630,000000,29.98,30.41,29.96,30.325,22544,0
G2X.DE,D,20210701,000000,30.795,30.835,30.265,30.37,41260,0
G2X.DE,D,20210702,000000,30.425,30.96,30.425,30.755,33737,0
G2X.DE,D,20210705,000000,30.915,31.06,30.875,30.935,24273,0
G2X.DE,D,20210706,000000,31.24,31.5,30.985,30.985,16734,0
G2X.DE,D,20210707,000000,31.295,31.43,30.995,30.995,10911,0
G2X.DE,D,20210708,000000,30.955,31.215,29.985,30.105,51038,0
G2X.DE,D,20210709,000000,30.15,30.73,30.09,30.73,10919,0
G2X.DE,D,20210712,000000,30.61,30.94,30.6,30.89,23770,0
G2X.DE,D,20210713,000000,30.56,31.255,30.51,31.255,22634,0
G2X.DE,D,20210714,000000,31.155,31.58,31.13,31.315,35871,0
G2X.DE,D,20210715,000000,31.44,31.525,31.225,31.37,9573,0
G2X.DE,D,20210716,000000,31.355,31.46,30.75,30.75,14994,0
G2X.DE,D,20210719,000000,30.2,30.345,29.76,29.76,45253,0
G2X.DE,D,20210720,000000,30.01,30.47,29.985,30.105,4255,0
G2X.DE,D,20210721,000000,30.13,30.195,29.835,30.195,7604,0
G2X.DE,D,20210722,000000,30.335,30.46,29.72,30.24,32559,0
G2X.DE,D,20210723,000000,30.235,30.25,29.795,29.985,11860,0
G2X.DE,D,20210726,000000,30.055,30.35,29.94,30.245,7475,0
G2X.DE,D,20210727,000000,30.165,30.35,29.98,30.11,6372,0
G2X.DE,D,20210728,000000,30.325,30.44,30.1,30.44,10636,0
G2X.DE,D,20210729,000000,30.945,31.49,30.915,31.465,29958,0
G2X.DE,D,20210730,000000,31.285,31.505,31.105,31.29,10979,0
G2X.DE,D,20210802,000000,31.25,31.4,31.075,31.075,11716,0
G2X.DE,D,20210803,000000,31,31.44,31,31.44,5006,0
G2X.DE,D,20210804,000000,31.525,31.95,31.3,31.33,27165,0
G2X.DE,D,20210805,000000,31.16,31.375,30.815,31,12092,0
G2X.DE,D,20210806,000000,30.625,30.72,29.73,29.94,24743,0
G2X.DE,D,20210809,000000,29.66,29.85,29.455,29.455,40367,0
G2X.DE,D,20210810,000000,29.54,29.56,28.97,29.135,25943,0
G2X.DE,D,20210811,000000,29.11,29.735,29.085,29.735,5642,0
G2X.DE,D,20210812,000000,29.56,29.665,28.925,28.98,18235,0
G2X.DE,D,20210813,000000,29.38,29.74,29.295,29.64,6062,0
G2X.DE,D,20210816,000000,29.45,29.675,29.44,29.535,8542,0
G2X.DE,D,20210817,000000,29.51,29.58,29.325,29.325,11365,0
G2X.DE,D,20210818,000000,29.455,29.52,28.43,28.61,4209,0
G2X.DE,D,20210819,000000,28.505,28.62,28.275,28.335,27469,0
G2X.DE,D,20210820,000000,28.2,28.23,27.925,28.23,36915,0
G2X.DE,D,20210823,000000,28.185,29.065,28.12,29.065,46172,0
G2X.DE,D,20210824,000000,29.085,29.3,28.995,29.05,17070,0
