<TICKER>,<PER>,<DATE>,<TIME>,<OPEN>,<HIGH>,<LOW>,<CLOSE>,<VOL>,<OPENINT>
G5NA.DE,D,20200615,000000,18.516,18.516,18.516,18.516,44,0
G5NA.DE,D,20200616,000000,23.6,23.745,23.6,23.745,99,0
G5NA.DE,D,20200617,000000,25.7,25.7,25.7,25.7,1,0
G5NA.DE,D,20200618,000000,19.8,19.8,19.15,19.15,150,0
G5NA.DE,D,20200619,000000,21,21,21,21,100,0
G5NA.DE,D,20200622,000000,18.4,18.4,17.15,17.35,95,0
G5NA.DE,D,20200624,000000,18.3,18.3,18.3,18.3,5,0
G5NA.DE,D,20200625,000000,17.95,17.95,17.9,17.9,6,0
G5NA.DE,D,20200626,000000,17.7,17.7,17.7,17.7,0,0
G5NA.DE,D,20200629,000000,16.4,16.95,16.4,16.85,171,0
G5NA.DE,D,20200630,000000,16.8,16.8,16.3,16.3,100,0
G5NA.DE,D,20200701,000000,15.9,15.9,15.7,15.7,70,0
G5NA.DE,D,20200702,000000,15.7,15.7,15.55,15.55,100,0
G5NA.DE,D,20200703,000000,15.9,15.9,15.9,15.9,0,0
G5NA.DE,D,20200706,000000,15.8,15.8,15.8,15.8,0,0
G5NA.DE,D,20200707,000000,15.5,15.5,15.1,15.1,15,0
G5NA.DE,D,20200708,000000,14.95,14.95,14.75,14.9,542,0
G5NA.DE,D,20200709,000000,14.9,14.9,14.55,14.55,136,0
G5NA.DE,D,20200710,000000,14.6,14.6,14.6,14.6,0,0
G5NA.DE,D,20200713,000000,15.25,15.25,15.25,15.25,0,0
G5NA.DE,D,20200714,000000,14.55,14.55,14.55,14.55,0,0
G5NA.DE,D,20200715,000000,15.1,15.1,15.1,15.1,0,0
G5NA.DE,D,20200716,000000,15.7,15.7,15.7,15.7,0,0
G5NA.DE,D,20200720,000000,14.85,14.85,13.95,13.95,1832,0
G5NA.DE,D,20200721,000000,14.25,14.25,14.25,14.25,0,0
G5NA.DE,D,20200722,000000,14.7,14.7,14.7,14.7,0,0
G5NA.DE,D,20200723,000000,14.3,14.3,14.3,14.3,0,0
G5NA.DE,D,20200724,000000,13.85,13.85,13.85,13.85,0,0
G5NA.DE,D,20200728,000000,13.1,13.1,13.1,13.1,0,0
G5NA.DE,D,20200729,000000,13.1,13.1,13.1,13.1,0,0
G5NA.DE,D,20200730,000000,13.15,13.15,13.15,13.15,0,0
G5NA.DE,D,20200731,000000,12.85,12.85,12.85,12.85,0,0
G5NA.DE,D,20200803,000000,13.3,13.3,13.3,13.3,0,0
G5NA.DE,D,20200805,000000,14.1,14.1,14.1,14.1,0,0
G5NA.DE,D,20200806,000000,13.8,14.15,13.8,14.15,200,0
G5NA.DE,D,20200811,000000,22.5,22.5,22.5,22.5,0,0
G5NA.DE,D,20200812,000000,21.6,21.6,19.85,19.85,27,0
G5NA.DE,D,20200813,000000,20.7,20.7,20.7,20.7,0,0
G5NA.DE,D,20200814,000000,20.4,20.4,20.4,20.4,0,0
G5NA.DE,D,20200817,000000,19.45,19.7,19.45,19.7,1,0
G5NA.DE,D,20200820,000000,24.8,24.8,24.8,24.8,0,0
G5NA.DE,D,20200821,000000,24.4,24.4,24.4,24.4,0,0
G5NA.DE,D,20200824,000000,25.5,25.5,25.5,25.5,32,0
G5NA.DE,D,20200825,000000,27.4,27.4,27.2,27.2,60,0
G5NA.DE,D,20200826,000000,27.7,27.7,27.7,27.7,0,0
G5NA.DE,D,20200827,000000,26.7,26.7,26.7,26.7,0,0
G5NA.DE,D,20200828,000000,27.3,27.3,27.3,27.3,0,0
G5NA.DE,D,20200831,000000,26.8,26.8,26.8,26.8,0,0
G5NA.DE,D,20200901,000000,27.1,27.1,27.1,27.1,0,0
G5NA.DE,D,20200902,000000,27,27,27,27,0,0
G5NA.DE,D,20200903,000000,27.4,27.8,27.4,27.8,100,0
G5NA.DE,D,20200904,000000,26.9,26.9,26.9,26.9,0,0
G5NA.DE,D,20200907,000000,27.9,27.9,27.9,27.9,0,0
G5NA.DE,D,20200908,000000,27.4,27.4,27.1,27.1,80,0
G5NA.DE,D,20200911,000000,28.4,28.4,28.4,28.4,0,0
G5NA.DE,D,20200916,000000,23.3,23.3,23.3,23.3,0,0
G5NA.DE,D,20200918,000000,22.2,22.2,22.2,22.2,0,0
G5NA.DE,D,20200921,000000,21.5,21.5,21.1,21.1,73,0
G5NA.DE,D,20200922,000000,21.4,21.4,21.4,21.4,0,0
G5NA.DE,D,20200923,000000,21.2,21.2,21.2,21.2,0,0
G5NA.DE,D,20200925,000000,19.15,19.15,19.15,19.15,0,0
G5NA.DE,D,20201001,000000,18.05,18.05,18.05,18.05,0,0
G5NA.DE,D,20201002,000000,18.5,18.5,17.75,17.75,930,0
G5NA.DE,D,20201005,000000,18.6,18.6,18.6,18.6,0,0
G5NA.DE,D,20201006,000000,18.05,18.05,18.05,18.05,0,0
G5NA.DE,D,20201007,000000,17.45,17.45,17.45,17.45,0,0
G5NA.DE,D,20201008,000000,18.25,18.25,17.85,17.85,15,0
G5NA.DE,D,20201009,000000,17.8,17.8,17.8,17.8,0,0
G5NA.DE,D,20201012,000000,17.7,17.7,17.7,17.7,0,0
G5NA.DE,D,20201013,000000,17.8,17.8,17.8,17.8,0,0
G5NA.DE,D,20201014,000000,17.85,17.85,17.85,17.85,0,0
G5NA.DE,D,20201015,000000,17.2,17.2,17.2,17.2,0,0
G5NA.DE,D,20201016,000000,17.75,17.75,17.75,17.75,0,0
G5NA.DE,D,20201019,000000,17.15,17.15,17.15,17.15,0,0
G5NA.DE,D,20201020,000000,16.5,16.5,16.5,16.5,0,0
G5NA.DE,D,20201021,000000,16.35,16.35,16.35,16.35,0,0
G5NA.DE,D,20201022,000000,16.45,16.45,16.45,16.45,0,0
G5NA.DE,D,20201023,000000,17,17,17,17,0,0
G5NA.DE,D,20201026,000000,16.95,16.95,16.95,16.95,0,0
G5NA.DE,D,20201027,000000,16.65,16.65,16.65,16.65,0,0
G5NA.DE,D,20201028,000000,16.35,16.35,16.35,16.35,0,0
G5NA.DE,D,20201102,000000,17,17,17,17,0,0
G5NA.DE,D,20201103,000000,17.65,17.65,17.65,17.65,0,0
G5NA.DE,D,20201104,000000,18.1,18.1,18.1,18.1,0,0
G5NA.DE,D,20201105,000000,18.6,19,18.6,19,100,0
G5NA.DE,D,20201106,000000,18.65,18.8,18.4,18.6,400,0
G5NA.DE,D,20201110,000000,19.75,19.75,19.75,19.75,0,0
G5NA.DE,D,20201112,000000,20.5,20.5,20.5,20.5,0,0
G5NA.DE,D,20201113,000000,20.1,20.1,20.1,20.1,0,0
G5NA.DE,D,20201117,000000,21.1,21.1,21.1,21.1,0,0
G5NA.DE,D,20201120,000000,23.9,23.9,22.8,22.8,25,0
G5NA.DE,D,20201124,000000,24.2,24.2,24.2,24.2,12,0
G5NA.DE,D,20201126,000000,26.4,26.4,26.4,26.4,0,0
G5NA.DE,D,20201127,000000,26.4,26.4,26.4,26.4,0,0
G5NA.DE,D,20201130,000000,25.9,25.9,25.9,25.9,0,0
G5NA.DE,D,20201201,000000,25,25,25,25,0,0
G5NA.DE,D,20201202,000000,26.1,26.1,26.1,26.1,0,0
G5NA.DE,D,20201203,000000,26.2,26.2,26.2,26.2,0,0
G5NA.DE,D,20201207,000000,29,29.2,28.4,29,408,0
G5NA.DE,D,20201208,000000,27.6,27.6,26.6,27.6,885,0
G5NA.DE,D,20201211,000000,28.4,28.4,28.4,28.4,0,0
G5NA.DE,D,20201214,000000,29.3,29.3,29.3,29.3,0,0
G5NA.DE,D,20201215,000000,28.8,28.8,28.8,28.8,0,0
G5NA.DE,D,20201216,000000,30.8,30.9,30.8,30.9,1,0
G5NA.DE,D,20201217,000000,31.9,31.9,31.9,31.9,0,0
G5NA.DE,D,20201218,000000,30.8,30.8,30.8,30.8,0,0
G5NA.DE,D,20201221,000000,31.8,31.8,30.7,30.7,200,0
G5NA.DE,D,20201222,000000,30.5,30.5,30.4,30.4,301,0
G5NA.DE,D,20201223,000000,30.6,30.6,30.6,30.6,0,0
G5NA.DE,D,20201228,000000,31.8,32,31.8,32,95,0
G5NA.DE,D,20201229,000000,32.4,32.4,32,32,110,0
G5NA.DE,D,20201230,000000,31.5,31.5,31.5,31.5,0,0
G5NA.DE,D,20210105,000000,29.7,29.7,29.7,29.7,0,0
G5NA.DE,D,20210106,000000,30,30,30,30,0,0
G5NA.DE,D,20210107,000000,30.4,30.4,30.1,30.1,100,0
G5NA.DE,D,20210108,000000,29,29,29,29,0,0
G5NA.DE,D,20210111,000000,28.9,28.9,28.9,28.9,300,0
G5NA.DE,D,20210112,000000,29.9,29.9,29.9,29.9,0,0
G5NA.DE,D,20210113,000000,28.8,28.8,28.8,28.8,0,0
G5NA.DE,D,20210114,000000,29.9,29.9,29.9,29.9,0,0
G5NA.DE,D,20210115,000000,28.5,28.5,28.5,28.5,0,0
G5NA.DE,D,20210118,000000,28.5,28.5,28.5,28.5,0,0
G5NA.DE,D,20210119,000000,28.9,29,28.9,29,44,0
G5NA.DE,D,20210120,000000,28.2,28.2,28.2,28.2,0,0
G5NA.DE,D,20210121,000000,27.3,27.3,27.3,27.3,0,0
G5NA.DE,D,20210122,000000,27.4,27.4,27.4,27.4,0,0
G5NA.DE,D,20210126,000000,26.6,26.6,26.6,26.6,0,0
G5NA.DE,D,20210127,000000,26.7,26.7,26.7,26.7,36,0
G5NA.DE,D,20210128,000000,26,26,26,26,0,0
G5NA.DE,D,20210129,000000,26.1,26.1,26.1,26.1,36,0
G5NA.DE,D,20210201,000000,29.9,30.6,29.9,30.6,21,0
G5NA.DE,D,20210202,000000,31.3,31.3,31.3,31.3,0,0
G5NA.DE,D,20210203,000000,32,32,32,32,0,0
G5NA.DE,D,20210205,000000,30.4,30.4,30,30,125,0
G5NA.DE,D,20210208,000000,29.9,29.9,29.9,29.9,0,0
G5NA.DE,D,20210209,000000,29.3,29.3,29.3,29.3,0,0
G5NA.DE,D,20210210,000000,30.6,30.6,30.6,30.6,0,0
G5NA.DE,D,20210211,000000,31.7,31.9,31.2,31.2,264,0
G5NA.DE,D,20210215,000000,29.4,29.4,29.4,29.4,0,0
G5NA.DE,D,20210216,000000,29.6,29.6,29.6,29.6,0,0
G5NA.DE,D,20210217,000000,29.7,29.7,29.7,29.7,95,0
G5NA.DE,D,20210218,000000,29.5,29.5,29.5,29.5,0,0
G5NA.DE,D,20210219,000000,32.2,32.2,32,32,148,0
G5NA.DE,D,20210222,000000,31.8,32.4,31.8,32.3,62,0
G5NA.DE,D,20210223,000000,32.6,32.6,32.2,32.2,471,0
G5NA.DE,D,20210224,000000,31.5,31.5,31.5,31.5,0,0
G5NA.DE,D,20210225,000000,31.6,31.6,31.6,31.6,0,0
G5NA.DE,D,20210226,000000,33.1,33.1,30.4,30.4,476,0
G5NA.DE,D,20210301,000000,36.9,37.5,36.9,36.9,47,0
G5NA.DE,D,20210302,000000,48,48.4,48,48,139,0
G5NA.DE,D,20210303,000000,47.7,49.9,47.7,49.9,400,0
G5NA.DE,D,20210304,000000,49.1,50.2,49.1,50.2,17,0
G5NA.DE,D,20210305,000000,49.8,49.8,48.7,48.7,122,0
G5NA.DE,D,20210309,000000,52.8,52.8,52.8,52.8,0,0
G5NA.DE,D,20210311,000000,49.6,49.6,49.6,49.6,0,0
G5NA.DE,D,20210312,000000,49.7,49.7,49.7,49.7,0,0
G5NA.DE,D,20210315,000000,50.2,50.2,50.2,50.2,0,0
G5NA.DE,D,20210316,000000,49.6,49.6,49.6,49.6,0,0
G5NA.DE,D,20210317,000000,48.4,48.4,48.4,48.4,0,0
G5NA.DE,D,20210318,000000,49.8,49.8,49.8,49.8,0,0
G5NA.DE,D,20210319,000000,48.7,48.7,48.7,48.7,0,0
G5NA.DE,D,20210325,000000,37.9,37.9,37.9,37.9,70,0
G5NA.DE,D,20210329,000000,40.8,40.8,40.8,40.8,0,0
G5NA.DE,D,20210330,000000,41.5,41.5,41.5,41.5,70,0
G5NA.DE,D,20210331,000000,41.6,41.6,41.6,41.6,0,0
G5NA.DE,D,20210401,000000,42.47,42.47,42.4,42.4,50,0
G5NA.DE,D,20210406,000000,41.6,41.6,41.6,41.6,0,0
G5NA.DE,D,20210407,000000,42.23,42.23,42.23,42.23,0,0
G5NA.DE,D,20210408,000000,41.9,41.9,41.9,41.9,0,0
G5NA.DE,D,20210409,000000,40.9,40.9,40.9,40.9,0,0
G5NA.DE,D,20210412,000000,39.35,39.35,39.35,39.35,0,0
G5NA.DE,D,20210413,000000,40.55,40.55,40.55,40.55,0,0
G5NA.DE,D,20210414,000000,40.65,41.9,40.65,41.9,117,0
G5NA.DE,D,20210415,000000,42.2,42.2,42.2,42.2,0,0
G5NA.DE,D,20210416,000000,42.35,42.35,41.45,41.45,25,0
G5NA.DE,D,20210419,000000,41.53,41.53,41.53,41.53,0,0
G5NA.DE,D,20210422,000000,38.55,38.55,38.55,38.55,0,0
G5NA.DE,D,20210423,000000,37.33,37.33,37.33,37.33,0,0
G5NA.DE,D,20210426,000000,38.4,38.58,38.4,38.58,553,0
G5NA.DE,D,20210427,000000,40.13,40.13,40.13,40.13,0,0
G5NA.DE,D,20210428,000000,41.73,41.73,41.73,41.73,0,0
G5NA.DE,D,20210429,000000,41.82,42.3,41.82,42.3,44,0
G5NA.DE,D,20210430,000000,42.38,42.38,42.38,42.38,0,0
G5NA.DE,D,20210503,000000,41.75,41.75,41.75,41.75,0,0
G5NA.DE,D,20210504,000000,40.13,40.13,40.13,40.13,0,0
G5NA.DE,D,20210506,000000,41,41,41,41,0,0
G5NA.DE,D,20210507,000000,45.1,45.1,41.85,41.85,286,0
G5NA.DE,D,20210510,000000,40.9,40.9,40.9,40.9,199,0
G5NA.DE,D,20210511,000000,39.5,39.5,39.5,39.5,0,0
G5NA.DE,D,20210512,000000,39.33,39.33,39.33,39.33,0,0
G5NA.DE,D,20210513,000000,37.63,37.63,37.63,37.63,0,0
G5NA.DE,D,20210514,000000,38.9,38.9,38.9,38.9,0,0
G5NA.DE,D,20210518,000000,37.68,37.68,37.68,37.68,0,0
G5NA.DE,D,20210519,000000,36.75,36.75,36.75,36.75,0,0
G5NA.DE,D,20210520,000000,37.25,37.25,37.25,37.25,0,0
G5NA.DE,D,20210521,000000,36.73,36.73,36.73,36.73,0,0
G5NA.DE,D,20210525,000000,38.05,38.05,38.05,38.05,0,0
G5NA.DE,D,20210527,000000,39.53,39.53,39.53,39.53,0,0
G5NA.DE,D,20210528,000000,39.13,39.13,39.13,39.13,0,0
G5NA.DE,D,20210531,000000,38.72,38.72,38.72,38.72,0,0
G5NA.DE,D,20210601,000000,38.23,38.23,38.23,38.23,0,0
G5NA.DE,D,20210602,000000,38.7,38.7,38.7,38.7,0,0
G5NA.DE,D,20210603,000000,37.92,37.92,37.9,37.9,5,0
G5NA.DE,D,20210604,000000,39.27,39.28,37.65,37.65,777,0
G5NA.DE,D,20210607,000000,38.45,38.45,38.45,38.45,0,0
G5NA.DE,D,20210608,000000,37.18,37.18,37.18,37.18,0,0
G5NA.DE,D,20210609,000000,37.38,37.38,37.38,37.38,0,0
G5NA.DE,D,20210610,000000,36.6,36.6,36.6,36.6,0,0
G5NA.DE,D,20210611,000000,37.46,39.05,37.46,38.83,300,0
G5NA.DE,D,20210615,000000,36.35,36.35,35.48,35.48,25,0
G5NA.DE,D,20210616,000000,35.63,35.63,35.63,35.63,0,0
G5NA.DE,D,20210617,000000,36.4,36.4,36.4,36.4,0,0
G5NA.DE,D,20210618,000000,36.98,36.98,36.98,36.98,0,0
G5NA.DE,D,20210621,000000,36.98,36.98,36.98,36.98,0,0
G5NA.DE,D,20210622,000000,37.4,37.4,37.4,37.4,0,0
G5NA.DE,D,20210623,000000,38.8,38.8,38.8,38.8,0,0
G5NA.DE,D,20210624,000000,39.1,39.1,38.7,39.03,105,0
G5NA.DE,D,20210625,000000,39.08,39.08,39.08,39.08,0,0
G5NA.DE,D,20210629,000000,37.45,37.65,37.45,37.65,200,0
G5NA.DE,D,20210630,000000,37.66,37.66,37.38,37.38,10,0
G5NA.DE,D,20210701,000000,37.04,37.23,36.55,36.85,12,0
G5NA.DE,D,20210702,000000,37.9,38.01,36.9,36.9,1327,0
G5NA.DE,D,20210705,000000,36.69,36.69,36.69,36.69,0,0
G5NA.DE,D,20210706,000000,36.08,36.08,36.08,36.08,0,0
G5NA.DE,D,20210708,000000,33.2,33.65,33.2,33.65,2,0
G5NA.DE,D,20210709,000000,33.24,33.65,33.24,33.65,20,0
G5NA.DE,D,20210712,000000,34.37,34.37,34.15,34.15,13,0
G5NA.DE,D,20210713,000000,34.68,34.68,34.68,34.68,0,0
G5NA.DE,D,20210714,000000,34.37,34.37,34.37,34.37,0,0
G5NA.DE,D,20210715,000000,34.03,34.03,34.03,34.03,0,0
G5NA.DE,D,20210716,000000,33.03,33.03,33.03,33.03,0,0
G5NA.DE,D,20210722,000000,33,33,32.37,32.37,5,0
G5NA.DE,D,20210723,000000,31.95,32.1,31.95,32.1,7,0
G5NA.DE,D,20210726,000000,31.78,31.78,31.78,31.78,0,0
G5NA.DE,D,20210728,000000,31.45,31.45,31.45,31.45,0,0
G5NA.DE,D,20210729,000000,30.85,30.85,30.85,30.85,0,0
G5NA.DE,D,20210730,000000,30.75,30.75,30.75,30.75,0,0
G5NA.DE,D,20210802,000000,30.78,30.78,30.78,30.78,0,0
G5NA.DE,D,20210803,000000,30.76,30.76,30.3,30.3,2,0
G5NA.DE,D,20210804,000000,30.98,30.98,30.98,30.98,0,0
G5NA.DE,D,20210805,000000,30.25,30.25,30.25,30.25,0,0
G5NA.DE,D,20210806,000000,34.82,34.82,33.47,34.82,2766,0
G5NA.DE,D,20210810,000000,24.18,24.18,24.18,24.18,100,0
G5NA.DE,D,20210811,000000,21.87,21.88,21.87,21.88,205,0
G5NA.DE,D,20210812,000000,21.2,21.2,21.2,21.2,0,0
G5NA.DE,D,20210813,000000,21.28,21.28,21.28,21.28,0,0
G5NA.DE,D,20210816,000000,21.12,21.25,21.12,21.25,100,0
G5NA.DE,D,20210818,000000,20.65,20.65,20.65,20.65,0,0
G5NA.DE,D,20210820,000000,19.25,19.325,19.25,19.325,100,0
G5NA.DE,D,20210823,000000,19.35,19.35,19.35,19.35,0,0
G5NA.DE,D,20210824,000000,19.865,19.865,19.865,19.865,0,0
