<TICKER>,<PER>,<DATE>,<TIME>,<OPEN>,<HIGH>,<LOW>,<CLOSE>,<VOL>,<OPENINT>
GDX.DE,D,20070102,000000,51.314049,51.314049,51.314049,51.314049,0,0
GDX.DE,D,20070103,000000,51.314049,51.314049,51.314049,51.314049,0,0
GDX.DE,D,20070104,000000,51.314049,51.314049,51.314049,51.314049,0,0
GDX.DE,D,20070105,000000,51.314049,51.314049,51.314049,51.314049,0,0
GDX.DE,D,20070108,000000,52.745009,52.745009,52.745009,52.745009,17,0
GDX.DE,D,20070109,000000,52.745009,52.745009,52.745009,52.745009,0,0
GDX.DE,D,20070110,000000,52.745009,52.745009,52.745009,52.745009,0,0
GDX.DE,D,20070115,000000,58.186304,58.186304,58.186304,58.186304,80,0
GDX.DE,D,20070116,000000,58.186304,58.186304,58.186304,58.186304,0,0
GDX.DE,D,20070117,000000,58.348675,58.348675,58.348675,58.348675,0,0
GDX.DE,D,20070118,000000,58.348675,58.348675,58.348675,58.348675,0,0
GDX.DE,D,20070119,000000,58.348675,58.348675,58.348675,58.348675,0,0
GDX.DE,D,20070122,000000,56.904581,56.904581,56.904581,56.904581,60,0
GDX.DE,D,20070123,000000,56.904581,56.904581,56.904581,56.904581,0,0
GDX.DE,D,20070124,000000,56.904581,56.904581,56.904581,56.904581,0,0
GDX.DE,D,20070125,000000,56.904581,56.904581,56.904581,56.904581,0,0
GDX.DE,D,20070126,000000,56.904581,56.904581,56.904581,56.904581,0,0
GDX.DE,D,20070129,000000,56.904581,56.904581,56.904581,56.904581,0,0
GDX.DE,D,20070130,000000,56.904581,56.904581,56.904581,56.904581,0,0
GDX.DE,D,20070131,000000,56.904581,56.904581,56.904581,56.904581,0,0
GDX.DE,D,20070201,000000,56.904581,56.904581,56.904581,56.904581,0,0
GDX.DE,D,20070202,000000,56.904581,56.904581,56.904581,56.904581,0,0
GDX.DE,D,20070205,000000,56.904581,56.904581,56.904581,56.904581,0,0
GDX.DE,D,20070206,000000,56.904581,56.904581,56.904581,56.904581,0,0
GDX.DE,D,20070207,000000,56.904581,56.904581,56.904581,56.904581,0,0
GDX.DE,D,20070208,000000,56.904581,56.904581,56.904581,56.904581,0,0
GDX.DE,D,20070209,000000,56.904581,56.904581,56.904581,56.904581,0,0
GDX.DE,D,20070212,000000,56.904581,56.904581,56.904581,56.904581,0,0
GDX.DE,D,20070213,000000,56.904581,56.904581,56.904581,56.904581,0,0
GDX.DE,D,20070214,000000,56.904581,56.904581,56.904581,56.904581,0,0
GDX.DE,D,20070215,000000,56.904581,56.904581,56.904581,56.904581,0,0
GDX.DE,D,20070216,000000,56.904581,56.904581,56.904581,56.904581,0,0
GDX.DE,D,20070219,000000,56.904581,56.904581,56.904581,56.904581,0,0
GDX.DE,D,20070220,000000,56.904581,56.904581,56.904581,56.904581,0,0
GDX.DE,D,20070221,000000,56.904581,56.904581,56.904581,56.904581,0,0
GDX.DE,D,20070222,000000,56.904581,56.904581,56.904581,56.904581,0,0
GDX.DE,D,20070226,000000,53.193811,53.193811,53.193811,53.193811,0,0
GDX.DE,D,20070227,000000,53.193811,53.193811,53.193811,53.193811,0,0
GDX.DE,D,20070228,000000,53.193811,53.193811,53.193811,53.193811,0,0
GDX.DE,D,20070301,000000,53.193811,53.193811,53.193811,53.193811,0,0
GDX.DE,D,20070302,000000,53.193811,53.193811,53.193811,53.193811,0,0
GDX.DE,D,20070305,000000,53.193811,53.193811,53.193811,53.193811,0,0
GDX.DE,D,20070306,000000,53.193811,53.193811,53.193811,53.193811,0,0
GDX.DE,D,20070307,000000,53.193811,53.193811,53.193811,53.193811,0,0
GDX.DE,D,20070308,000000,53.193811,53.193811,53.193811,53.193811,0,0
GDX.DE,D,20070309,000000,53.193811,53.193811,53.193811,53.193811,0,0
GDX.DE,D,20070312,000000,53.193811,53.193811,53.193811,53.193811,0,0
GDX.DE,D,20070313,000000,53.193811,53.193811,53.193811,53.193811,0,0
GDX.DE,D,20070314,000000,53.193811,53.193811,53.193811,53.193811,0,0
GDX.DE,D,20070315,000000,53.193811,53.193811,53.193811,53.193811,0,0
GDX.DE,D,20070316,000000,53.193811,53.193811,53.193811,53.193811,0,0
GDX.DE,D,20070319,000000,53.193811,53.193811,53.193811,53.193811,0,0
GDX.DE,D,20070320,000000,53.349188,53.349188,53.349188,53.349188,400,0
GDX.DE,D,20070321,000000,53.349188,53.349188,53.349188,53.349188,0,0
GDX.DE,D,20070322,000000,53.349188,53.349188,53.349188,53.349188,0,0
GDX.DE,D,20070323,000000,53.349188,53.349188,53.349188,53.349188,0,0
GDX.DE,D,20070326,000000,53.349188,53.349188,53.349188,53.349188,0,0
GDX.DE,D,20070327,000000,53.349188,53.349188,53.349188,53.349188,0,0
GDX.DE,D,20070328,000000,53.349188,53.349188,53.349188,53.349188,0,0
GDX.DE,D,20070329,000000,53.349188,53.349188,53.349188,53.349188,0,0
GDX.DE,D,20070330,000000,53.349188,53.349188,53.349188,53.349188,0,0
GDX.DE,D,20070402,000000,53.349188,53.349188,53.349188,53.349188,0,0
GDX.DE,D,20070403,000000,53.349188,53.349188,53.349188,53.349188,0,0
GDX.DE,D,20070404,000000,53.349188,53.349188,53.349188,53.349188,0,0
GDX.DE,D,20070405,000000,53.349188,53.349188,53.349188,53.349188,0,0
GDX.DE,D,20070410,000000,53.349188,53.349188,53.349188,53.349188,0,0
GDX.DE,D,20070411,000000,53.547307,53.547307,53.547307,53.547307,0,0
GDX.DE,D,20070412,000000,53.547307,53.547307,53.547307,53.547307,0,0
GDX.DE,D,20070413,000000,53.547307,53.547307,53.547307,53.547307,0,0
GDX.DE,D,20070416,000000,53.547307,53.547307,53.547307,53.547307,0,0
GDX.DE,D,20070417,000000,53.547307,53.547307,53.547307,53.547307,0,0
GDX.DE,D,20070418,000000,53.547307,53.547307,53.547307,53.547307,0,0
GDX.DE,D,20070419,000000,53.547307,53.547307,53.547307,53.547307,0,0
GDX.DE,D,20070420,000000,53.547307,53.547307,53.547307,53.547307,0,0
GDX.DE,D,20070423,000000,53.547307,53.547307,53.547307,53.547307,0,0
GDX.DE,D,20070424,000000,53.547307,53.547307,53.547307,53.547307,0,0
GDX.DE,D,20070425,000000,53.547307,53.547307,53.547307,53.547307,0,0
GDX.DE,D,20070426,000000,53.547307,53.547307,53.547307,53.547307,0,0
GDX.DE,D,20070427,000000,53.547307,53.547307,53.547307,53.547307,0,0
GDX.DE,D,20070430,000000,53.547307,53.547307,53.547307,53.547307,0,0
GDX.DE,D,20070502,000000,53.547307,53.547307,53.547307,53.547307,0,0
GDX.DE,D,20070503,000000,53.547307,53.547307,53.547307,53.547307,0,0
GDX.DE,D,20070504,000000,53.547307,53.547307,53.547307,53.547307,0,0
GDX.DE,D,20070507,000000,50.547484,50.547484,50.547484,50.547484,10,0
GDX.DE,D,20070508,000000,50.547484,50.547484,50.547484,50.547484,0,0
GDX.DE,D,20070509,000000,50.547484,50.547484,50.547484,50.547484,0,0
GDX.DE,D,20070510,000000,50.547484,50.547484,50.547484,50.547484,0,0
GDX.DE,D,20070511,000000,50.547484,50.547484,50.547484,50.547484,0,0
GDX.DE,D,20070514,000000,50.547484,50.547484,50.547484,50.547484,0,0
GDX.DE,D,20070515,000000,50.547484,50.547484,50.547484,50.547484,0,0
GDX.DE,D,20070516,000000,50.547484,50.547484,50.547484,50.547484,0,0
GDX.DE,D,20070517,000000,50.547484,50.547484,50.547484,50.547484,0,0
GDX.DE,D,20070518,000000,50.547484,50.547484,50.547484,50.547484,0,0
GDX.DE,D,20070521,000000,50.547484,50.547484,50.547484,50.547484,0,0
GDX.DE,D,20070522,000000,50.547484,50.547484,50.547484,50.547484,0,0
GDX.DE,D,20070523,000000,50.547484,50.547484,50.547484,50.547484,0,0
GDX.DE,D,20070524,000000,54.226166,54.226166,54.226166,54.226166,61,0
GDX.DE,D,20070525,000000,54.226166,54.226166,54.226166,54.226166,0,0
GDX.DE,D,20070529,000000,54.226166,54.226166,54.226166,54.226166,0,0
GDX.DE,D,20070530,000000,54.226166,54.226166,54.226166,54.226166,0,0
GDX.DE,D,20070531,000000,54.226166,54.226166,54.226166,54.226166,0,0
GDX.DE,D,20070601,000000,54.226166,54.226166,54.226166,54.226166,0,0
GDX.DE,D,20070604,000000,54.226166,54.226166,54.226166,54.226166,0,0
GDX.DE,D,20070605,000000,54.226166,54.226166,54.226166,54.226166,0,0
GDX.DE,D,20070606,000000,54.226166,54.226166,54.226166,54.226166,0,0
GDX.DE,D,20070607,000000,54.226166,54.226166,54.226166,54.226166,0,0
GDX.DE,D,20070608,000000,54.226166,54.226166,54.226166,54.226166,0,0
GDX.DE,D,20070611,000000,54.226166,54.226166,54.226166,54.226166,0,0
GDX.DE,D,20070612,000000,54.226166,54.226166,54.226166,54.226166,0,0
GDX.DE,D,20070613,000000,54.226166,54.226166,54.226166,54.226166,0,0
GDX.DE,D,20070614,000000,54.226166,54.226166,54.226166,54.226166,0,0
GDX.DE,D,20070615,000000,54.226166,54.226166,54.226166,54.226166,0,0
GDX.DE,D,20070618,000000,54.226166,54.226166,54.226166,54.226166,0,0
GDX.DE,D,20070619,000000,54.226166,54.226166,54.226166,54.226166,0,0
GDX.DE,D,20070620,000000,54.226166,54.226166,54.226166,54.226166,0,0
GDX.DE,D,20070621,000000,54.226166,54.226166,54.226166,54.226166,0,0
GDX.DE,D,20070622,000000,54.226166,54.226166,54.226166,54.226166,0,0
GDX.DE,D,20070625,000000,54.226166,54.226166,54.226166,54.226166,0,0
GDX.DE,D,20070628,000000,54.226166,54.226166,54.226166,54.226166,0,0
GDX.DE,D,20070629,000000,54.226166,54.226166,54.226166,54.226166,0,0
GDX.DE,D,20070702,000000,52.2905,52.2905,52.2905,52.2905,50,0
GDX.DE,D,20070703,000000,52.486639,52.486639,52.486639,52.486639,0,0
GDX.DE,D,20070704,000000,52.486639,52.486639,52.486639,52.486639,0,0
GDX.DE,D,20070705,000000,52.486639,52.486639,52.486639,52.486639,0,0
GDX.DE,D,20070706,000000,52.486639,52.486639,52.486639,52.486639,0,0
GDX.DE,D,20070709,000000,52.486639,52.486639,52.486639,52.486639,0,0
GDX.DE,D,20070710,000000,52.486639,52.486639,52.486639,52.486639,0,0
GDX.DE,D,20070711,000000,52.486639,52.486639,52.486639,52.486639,0,0
GDX.DE,D,20070712,000000,52.486639,52.486639,52.486639,52.486639,0,0
GDX.DE,D,20070713,000000,52.486639,52.486639,52.486639,52.486639,0,0
GDX.DE,D,20070716,000000,52.486639,52.486639,52.486639,52.486639,0,0
GDX.DE,D,20070717,000000,52.486639,52.486639,52.486639,52.486639,0,0
GDX.DE,D,20070718,000000,52.486639,52.486639,52.486639,52.486639,0,0
GDX.DE,D,20070719,000000,52.486639,52.486639,52.486639,52.486639,0,0
GDX.DE,D,20070720,000000,52.486639,52.486639,52.486639,52.486639,0,0
GDX.DE,D,20070723,000000,52.486639,52.486639,52.486639,52.486639,0,0
GDX.DE,D,20070724,000000,52.486639,52.486639,52.486639,52.486639,0,0
GDX.DE,D,20070725,000000,52.486639,52.486639,52.486639,52.486639,0,0
GDX.DE,D,20070726,000000,52.486639,52.486639,52.486639,52.486639,0,0
GDX.DE,D,20070727,000000,52.486639,52.486639,52.486639,52.486639,0,0
GDX.DE,D,20070730,000000,52.486639,52.486639,52.486639,52.486639,0,0
GDX.DE,D,20070731,000000,52.486639,52.486639,52.486639,52.486639,0,0
GDX.DE,D,20070801,000000,52.486639,52.486639,52.486639,52.486639,0,0
GDX.DE,D,20070802,000000,52.486639,52.486639,52.486639,52.486639,0,0
GDX.DE,D,20070803,000000,52.486639,52.486639,52.486639,52.486639,0,0
GDX.DE,D,20070806,000000,52.486639,52.486639,52.486639,52.486639,25,0
GDX.DE,D,20070807,000000,52.486639,52.486639,52.486639,52.486639,0,0
GDX.DE,D,20070808,000000,52.486639,52.486639,52.486639,52.486639,0,0
GDX.DE,D,20070809,000000,52.486639,52.486639,52.486639,52.486639,0,0
GDX.DE,D,20070810,000000,52.486639,52.486639,52.486639,52.486639,0,0
GDX.DE,D,20070813,000000,52.486639,52.486639,52.486639,52.486639,0,0
GDX.DE,D,20070814,000000,52.486639,52.486639,52.486639,52.486639,0,0
GDX.DE,D,20070815,000000,52.486639,52.486639,52.486639,52.486639,0,0
GDX.DE,D,20070816,000000,52.486639,52.486639,52.486639,52.486639,0,0
GDX.DE,D,20070817,000000,52.486639,52.486639,52.486639,52.486639,0,0
GDX.DE,D,20070820,000000,52.486639,52.486639,52.486639,52.486639,0,0
GDX.DE,D,20070821,000000,52.486639,52.486639,52.486639,52.486639,0,0
GDX.DE,D,20070822,000000,52.486639,52.486639,52.486639,52.486639,0,0
GDX.DE,D,20070823,000000,52.486639,52.486639,52.486639,52.486639,0,0
GDX.DE,D,20070824,000000,52.486639,52.486639,52.486639,52.486639,0,0
GDX.DE,D,20070827,000000,52.486639,52.486639,52.486639,52.486639,0,0
GDX.DE,D,20070828,000000,52.486639,52.486639,52.486639,52.486639,0,0
GDX.DE,D,20070829,000000,52.486639,52.486639,52.486639,52.486639,0,0
GDX.DE,D,20070830,000000,52.486639,52.486639,52.486639,52.486639,0,0
GDX.DE,D,20070831,000000,52.486639,52.486639,52.486639,52.486639,0,0
GDX.DE,D,20070903,000000,52.486639,52.486639,52.486639,52.486639,0,0
GDX.DE,D,20070904,000000,52.486639,52.486639,52.486639,52.486639,0,0
GDX.DE,D,20070905,000000,52.486639,52.486639,52.486639,52.486639,0,0
GDX.DE,D,20070906,000000,52.486639,52.486639,52.486639,52.486639,0,0
GDX.DE,D,20070907,000000,52.486639,52.486639,52.486639,52.486639,0,0
GDX.DE,D,20070910,000000,51.952565,51.952565,51.952565,51.952565,17,0
GDX.DE,D,20070911,000000,51.952565,51.952565,51.952565,51.952565,0,0
GDX.DE,D,20070912,000000,51.952565,51.952565,51.952565,51.952565,0,0
GDX.DE,D,20070913,000000,51.952565,51.952565,51.952565,51.952565,0,0
GDX.DE,D,20070914,000000,51.952565,51.952565,51.952565,51.952565,0,0
GDX.DE,D,20070917,000000,51.952565,51.952565,51.952565,51.952565,0,0
GDX.DE,D,20070918,000000,51.952565,51.952565,51.952565,51.952565,0,0
GDX.DE,D,20070919,000000,51.952565,51.952565,51.952565,51.952565,0,0
GDX.DE,D,20070920,000000,51.952565,51.952565,51.952565,51.952565,0,0
GDX.DE,D,20070921,000000,51.952565,51.952565,51.952565,51.952565,0,0
GDX.DE,D,20070924,000000,51.952565,51.952565,51.952565,51.952565,0,0
GDX.DE,D,20070925,000000,51.952565,51.952565,51.952565,51.952565,0,0
GDX.DE,D,20070926,000000,51.952565,51.952565,51.952565,51.952565,0,0
GDX.DE,D,20070927,000000,51.952565,51.952565,51.952565,51.952565,0,0
GDX.DE,D,20070928,000000,51.952565,51.952565,51.952565,51.952565,0,0
GDX.DE,D,20071001,000000,51.952565,51.952565,51.952565,51.952565,0,0
GDX.DE,D,20071002,000000,51.952565,51.952565,51.952565,51.952565,0,0
GDX.DE,D,20071003,000000,52.142775,52.142775,52.142775,52.142775,0,0
GDX.DE,D,20071004,000000,52.142775,52.142775,52.142775,52.142775,0,0
GDX.DE,D,20071005,000000,52.142775,52.142775,52.142775,52.142775,0,0
GDX.DE,D,20071008,000000,52.142775,52.142775,52.142775,52.142775,0,0
GDX.DE,D,20071009,000000,52.142775,52.142775,52.142775,52.142775,0,0
GDX.DE,D,20071010,000000,52.142775,52.142775,52.142775,52.142775,0,0
GDX.DE,D,20071011,000000,52.142775,52.142775,52.142775,52.142775,0,0
GDX.DE,D,20071012,000000,52.142775,52.142775,52.142775,52.142775,0,0
GDX.DE,D,20071015,000000,52.142775,52.142775,52.142775,52.142775,0,0
GDX.DE,D,20071016,000000,52.142775,52.142775,52.142775,52.142775,0,0
GDX.DE,D,20071017,000000,52.142775,52.142775,52.142775,52.142775,0,0
GDX.DE,D,20071018,000000,52.142775,52.142775,52.142775,52.142775,0,0
GDX.DE,D,20071019,000000,52.142775,52.142775,52.142775,52.142775,0,0
GDX.DE,D,20071022,000000,52.142775,52.142775,52.142775,52.142775,0,0
GDX.DE,D,20071023,000000,52.142775,52.142775,52.142775,52.142775,0,0
GDX.DE,D,20071024,000000,52.142775,52.142775,52.142775,52.142775,0,0
GDX.DE,D,20071025,000000,52.142775,52.142775,52.142775,52.142775,0,0
GDX.DE,D,20071026,000000,52.142775,52.142775,52.142775,52.142775,0,0
GDX.DE,D,20071029,000000,52.142775,52.142775,52.142775,52.142775,0,0
GDX.DE,D,20071030,000000,52.142775,52.142775,52.142775,52.142775,0,0
GDX.DE,D,20071031,000000,52.142775,52.142775,52.142775,52.142775,0,0
GDX.DE,D,20071101,000000,52.142775,52.142775,52.142775,52.142775,0,0
GDX.DE,D,20071102,000000,52.142775,52.142775,52.142775,52.142775,0,0
GDX.DE,D,20071105,000000,57.299753,57.299753,57.299753,57.299753,161,0
GDX.DE,D,20071106,000000,57.299753,57.299753,57.299753,57.299753,0,0
GDX.DE,D,20071107,000000,57.299753,57.299753,57.299753,57.299753,0,0
GDX.DE,D,20071108,000000,57.299753,57.299753,57.299753,57.299753,0,0
GDX.DE,D,20071109,000000,57.299753,57.299753,57.299753,57.299753,0,0
GDX.DE,D,20071112,000000,57.299753,57.299753,57.299753,57.299753,0,0
GDX.DE,D,20071113,000000,57.299753,57.299753,57.299753,57.299753,0,0
GDX.DE,D,20071114,000000,57.299753,57.299753,57.299753,57.299753,0,0
GDX.DE,D,20071115,000000,57.299753,57.299753,57.299753,57.299753,0,0
GDX.DE,D,20071116,000000,57.299753,57.299753,57.299753,57.299753,0,0
GDX.DE,D,20071119,000000,57.299753,57.299753,57.299753,57.299753,0,0
GDX.DE,D,20071120,000000,57.299753,57.299753,57.299753,57.299753,0,0
GDX.DE,D,20071121,000000,57.299753,57.299753,57.299753,57.299753,0,0
GDX.DE,D,20071122,000000,57.299753,57.299753,57.299753,57.299753,0,0
GDX.DE,D,20071123,000000,57.299753,57.299753,57.299753,57.299753,0,0
GDX.DE,D,20071126,000000,57.299753,57.299753,57.299753,57.299753,0,0
GDX.DE,D,20071127,000000,57.299753,57.299753,57.299753,57.299753,0,0
GDX.DE,D,20071128,000000,57.299753,57.299753,57.299753,57.299753,0,0
GDX.DE,D,20071129,000000,57.299753,57.299753,57.299753,57.299753,0,0
GDX.DE,D,20071130,000000,57.299753,57.299753,57.299753,57.299753,0,0
GDX.DE,D,20071203,000000,57.299753,57.299753,57.299753,57.299753,0,0
GDX.DE,D,20071204,000000,55.266536,55.266536,55.266536,55.266536,100,0
GDX.DE,D,20071205,000000,55.266536,55.266536,55.266536,55.266536,100,0
GDX.DE,D,20071206,000000,55.266536,55.266536,55.266536,55.266536,0,0
GDX.DE,D,20071207,000000,55.266536,55.266536,55.266536,55.266536,0,0
GDX.DE,D,20071210,000000,55.266536,55.266536,55.266536,55.266536,0,0
GDX.DE,D,20071211,000000,55.266536,55.266536,55.266536,55.266536,0,0
GDX.DE,D,20071212,000000,55.266536,55.266536,55.266536,55.266536,0,0
GDX.DE,D,20071213,000000,55.266536,55.266536,55.266536,55.266536,0,0
GDX.DE,D,20071214,000000,55.266536,55.266536,55.266536,55.266536,0,0
GDX.DE,D,20071217,000000,55.266536,55.266536,55.266536,55.266536,0,0
GDX.DE,D,20071218,000000,55.266536,55.266536,55.266536,55.266536,0,0
GDX.DE,D,20071219,000000,55.266536,55.266536,55.266536,55.266536,0,0
GDX.DE,D,20071220,000000,55.266536,55.266536,55.266536,55.266536,0,0
GDX.DE,D,20071221,000000,55.266536,55.266536,55.266536,55.266536,0,0
GDX.DE,D,20071227,000000,55.266536,55.266536,55.266536,55.266536,0,0
GDX.DE,D,20071228,000000,55.266536,55.266536,55.266536,55.266536,0,0
GDX.DE,D,20080102,000000,55.266536,55.266536,55.266536,55.266536,0,0
GDX.DE,D,20080103,000000,55.266536,55.266536,55.266536,55.266536,0,0
GDX.DE,D,20080104,000000,55.266536,55.266536,55.266536,55.266536,0,0
GDX.DE,D,20080107,000000,55.266536,55.266536,55.266536,55.266536,0,0
GDX.DE,D,20080108,000000,55.266536,55.266536,55.266536,55.266536,0,0
GDX.DE,D,20080109,000000,55.266536,55.266536,55.266536,55.266536,0,0
GDX.DE,D,20080110,000000,55.266536,55.266536,55.266536,55.266536,0,0
GDX.DE,D,20080111,000000,55.266536,55.266536,55.266536,55.266536,0,0
GDX.DE,D,20080114,000000,55.266536,55.266536,55.266536,55.266536,0,0
GDX.DE,D,20080115,000000,55.266536,55.266536,55.266536,55.266536,0,0
GDX.DE,D,20080116,000000,55.450009,55.450009,55.450009,55.450009,0,0
GDX.DE,D,20080117,000000,55.450009,55.450009,55.450009,55.450009,0,0
GDX.DE,D,20080118,000000,55.450009,55.450009,55.450009,55.450009,0,0
GDX.DE,D,20080121,000000,55.450009,55.450009,55.450009,55.450009,0,0
GDX.DE,D,20080122,000000,55.450009,55.450009,55.450009,55.450009,0,0
GDX.DE,D,20080123,000000,55.450009,55.450009,55.450009,55.450009,0,0
GDX.DE,D,20080124,000000,55.450009,55.450009,55.450009,55.450009,0,0
GDX.DE,D,20080125,000000,55.450009,55.450009,55.450009,55.450009,0,0
GDX.DE,D,20080128,000000,55.450009,55.450009,55.450009,55.450009,0,0
GDX.DE,D,20080129,000000,55.450009,55.450009,55.450009,55.450009,0,0
GDX.DE,D,20080130,000000,55.450009,55.450009,55.450009,55.450009,0,0
GDX.DE,D,20080131,000000,55.450009,55.450009,55.450009,55.450009,0,0
GDX.DE,D,20080201,000000,55.450009,55.450009,55.450009,55.450009,0,0
GDX.DE,D,20080204,000000,55.450009,55.450009,55.450009,55.450009,0,0
GDX.DE,D,20080205,000000,55.450009,55.450009,55.450009,55.450009,0,0
GDX.DE,D,20080206,000000,55.450009,55.450009,55.450009,55.450009,0,0
GDX.DE,D,20080207,000000,55.450009,55.450009,55.450009,55.450009,0,0
GDX.DE,D,20080208,000000,55.450009,55.450009,55.450009,55.450009,0,0
GDX.DE,D,20080211,000000,55.450009,55.450009,55.450009,55.450009,0,0
GDX.DE,D,20080212,000000,55.450009,55.450009,55.450009,55.450009,0,0
GDX.DE,D,20080213,000000,55.450009,55.450009,55.450009,55.450009,0,0
GDX.DE,D,20080214,000000,55.450009,55.450009,55.450009,55.450009,0,0
GDX.DE,D,20080215,000000,55.450009,55.450009,55.450009,55.450009,0,0
GDX.DE,D,20080218,000000,55.450009,55.450009,55.450009,55.450009,0,0
GDX.DE,D,20080219,000000,55.450009,55.450009,55.450009,55.450009,0,0
GDX.DE,D,20080220,000000,55.450009,55.450009,55.450009,55.450009,0,0
GDX.DE,D,20080221,000000,55.450009,55.450009,55.450009,55.450009,0,0
GDX.DE,D,20080222,000000,55.450009,55.450009,55.450009,55.450009,0,0
GDX.DE,D,20080225,000000,55.450009,55.450009,55.450009,55.450009,0,0
GDX.DE,D,20080226,000000,55.450009,55.450009,55.450009,55.450009,0,0
GDX.DE,D,20080227,000000,55.450009,55.450009,55.450009,55.450009,0,0
GDX.DE,D,20080228,000000,55.450009,55.450009,55.450009,55.450009,0,0
GDX.DE,D,20080229,000000,55.450009,55.450009,55.450009,55.450009,0,0
GDX.DE,D,20080303,000000,55.450009,55.450009,55.450009,55.450009,0,0
GDX.DE,D,20080304,000000,55.450009,55.450009,55.450009,55.450009,0,0
GDX.DE,D,20080305,000000,55.450009,55.450009,55.450009,55.450009,0,0
GDX.DE,D,20080306,000000,55.450009,55.450009,55.450009,55.450009,0,0
GDX.DE,D,20080307,000000,55.450009,55.450009,55.450009,55.450009,0,0
GDX.DE,D,20080310,000000,50.442818,55.450009,50.442818,55.450009,0,0
GDX.DE,D,20080311,000000,50.442818,50.442818,50.442818,50.442818,0,0
GDX.DE,D,20080312,000000,50.442818,50.442818,50.442818,50.442818,0,0
GDX.DE,D,20080313,000000,50.442818,50.442818,50.442818,50.442818,0,0
GDX.DE,D,20080314,000000,50.442818,50.442818,50.442818,50.442818,0,0
GDX.DE,D,20080317,000000,50.442818,50.442818,50.442818,50.442818,0,0
GDX.DE,D,20080318,000000,50.442818,50.442818,50.442818,50.442818,0,0
GDX.DE,D,20080319,000000,50.442818,50.442818,50.442818,50.442818,0,0
GDX.DE,D,20080320,000000,50.442818,50.442818,50.442818,50.442818,0,0
GDX.DE,D,20080325,000000,50.442818,50.442818,50.442818,50.442818,0,0
GDX.DE,D,20080326,000000,50.442818,50.442818,50.442818,50.442818,0,0
GDX.DE,D,20080327,000000,50.442818,50.442818,50.442818,50.442818,0,0
GDX.DE,D,20080328,000000,50.442818,50.442818,50.442818,50.442818,0,0
GDX.DE,D,20080331,000000,50.442818,50.442818,50.442818,50.442818,0,0
GDX.DE,D,20080401,000000,50.442818,50.442818,50.442818,50.442818,0,0
GDX.DE,D,20080402,000000,52.760962,52.760962,52.760962,52.760962,32,0
GDX.DE,D,20080403,000000,52.760962,52.760962,52.760962,52.760962,32,0
GDX.DE,D,20080404,000000,52.760962,52.760962,52.760962,52.760962,0,0
GDX.DE,D,20080407,000000,52.760962,52.760962,52.760962,52.760962,0,0
GDX.DE,D,20080408,000000,52.760962,52.760962,52.760962,52.760962,0,0
GDX.DE,D,20080410,000000,52.966905,52.966905,52.966905,52.966905,0,0
GDX.DE,D,20080411,000000,52.966905,52.966905,52.966905,52.966905,0,0
GDX.DE,D,20080414,000000,52.966905,52.966905,52.966905,52.966905,0,0
GDX.DE,D,20080415,000000,52.966905,52.966905,52.966905,52.966905,0,0
GDX.DE,D,20080416,000000,52.966905,52.966905,52.966905,52.966905,0,0
GDX.DE,D,20080417,000000,52.966905,52.966905,52.966905,52.966905,0,0
GDX.DE,D,20080418,000000,52.966905,52.966905,52.966905,52.966905,0,0
GDX.DE,D,20080421,000000,52.966905,52.966905,52.966905,52.966905,0,0
GDX.DE,D,20080422,000000,52.966905,52.966905,52.966905,52.966905,0,0
GDX.DE,D,20080423,000000,52.966905,52.966905,52.966905,52.966905,0,0
GDX.DE,D,20080424,000000,52.966905,52.966905,52.966905,52.966905,0,0
GDX.DE,D,20080425,000000,52.966905,52.966905,52.966905,52.966905,0,0
GDX.DE,D,20080428,000000,52.966905,52.966905,52.966905,52.966905,0,0
GDX.DE,D,20080429,000000,52.966905,52.966905,52.966905,52.966905,0,0
GDX.DE,D,20080430,000000,52.966905,52.966905,52.966905,52.966905,0,0
GDX.DE,D,20080502,000000,52.966905,52.966905,52.966905,52.966905,0,0
GDX.DE,D,20080505,000000,52.966905,52.966905,52.966905,52.966905,0,0
GDX.DE,D,20080506,000000,52.966905,52.966905,52.966905,52.966905,0,0
GDX.DE,D,20080507,000000,52.966905,52.966905,52.966905,52.966905,0,0
GDX.DE,D,20080508,000000,52.966905,52.966905,52.966905,52.966905,0,0
GDX.DE,D,20080509,000000,52.966905,52.966905,52.966905,52.966905,0,0
GDX.DE,D,20080512,000000,52.966905,52.966905,52.966905,52.966905,0,0
GDX.DE,D,20080513,000000,52.966905,52.966905,52.966905,52.966905,0,0
GDX.DE,D,20080514,000000,52.966905,52.966905,52.966905,52.966905,0,0
GDX.DE,D,20080515,000000,52.966905,52.966905,52.966905,52.966905,0,0
GDX.DE,D,20080516,000000,52.966905,52.966905,52.966905,52.966905,0,0
GDX.DE,D,20080519,000000,52.966905,52.966905,52.966905,52.966905,0,0
GDX.DE,D,20080520,000000,52.966905,52.966905,52.966905,52.966905,0,0
GDX.DE,D,20080521,000000,52.966905,52.966905,52.966905,52.966905,0,0
GDX.DE,D,20080522,000000,49.345793,49.345793,49.345793,49.345793,20,0
GDX.DE,D,20080523,000000,49.345793,49.345793,49.345793,49.345793,20,0
GDX.DE,D,20080526,000000,49.345793,49.345793,49.345793,49.345793,0,0
GDX.DE,D,20080527,000000,49.345793,49.345793,49.345793,49.345793,0,0
GDX.DE,D,20080528,000000,49.345793,49.345793,49.345793,49.345793,0,0
GDX.DE,D,20080529,000000,49.345793,49.345793,49.345793,49.345793,0,0
GDX.DE,D,20080530,000000,49.345793,49.345793,49.345793,49.345793,0,0
GDX.DE,D,20080602,000000,59.576132,59.576132,59.576132,59.576132,20,0
GDX.DE,D,20080603,000000,59.576132,59.576132,59.576132,59.576132,20,0
GDX.DE,D,20080604,000000,59.576132,59.576132,59.576132,59.576132,0,0
GDX.DE,D,20080605,000000,59.576132,59.576132,59.576132,59.576132,0,0
GDX.DE,D,20080606,000000,59.576132,59.576132,59.576132,59.576132,0,0
GDX.DE,D,20080609,000000,59.576132,59.576132,59.576132,59.576132,0,0
GDX.DE,D,20080610,000000,59.576132,59.576132,59.576132,59.576132,0,0
GDX.DE,D,20080611,000000,59.576132,59.576132,59.576132,59.576132,0,0
GDX.DE,D,20080612,000000,59.576132,59.576132,59.576132,59.576132,0,0
GDX.DE,D,20080613,000000,59.576132,59.576132,59.576132,59.576132,0,0
GDX.DE,D,20080616,000000,59.576132,59.576132,59.576132,59.576132,0,0
GDX.DE,D,20080617,000000,59.576132,59.576132,59.576132,59.576132,0,0
GDX.DE,D,20080618,000000,53.432343,53.432343,53.432343,53.432343,10,0
GDX.DE,D,20080619,000000,53.432343,53.432343,53.432343,53.432343,10,0
GDX.DE,D,20080620,000000,53.432343,53.432343,53.432343,53.432343,0,0
GDX.DE,D,20080623,000000,53.432343,53.432343,53.432343,53.432343,0,0
GDX.DE,D,20080624,000000,52.119807,52.119807,52.119807,52.119807,20,0
GDX.DE,D,20080625,000000,56.690413,56.690413,56.690413,56.690413,9,0
GDX.DE,D,20080626,000000,56.690413,56.690413,56.690413,56.690413,9,0
GDX.DE,D,20080627,000000,56.690413,56.690413,56.690413,56.690413,0,0
GDX.DE,D,20080630,000000,56.690413,56.690413,56.690413,56.690413,0,0
GDX.DE,D,20080702,000000,56.897533,56.897533,56.897533,56.897533,0,0
GDX.DE,D,20080703,000000,56.897533,56.897533,56.897533,56.897533,0,0
GDX.DE,D,20080704,000000,56.897533,56.897533,56.897533,56.897533,0,0
GDX.DE,D,20080707,000000,44.845346,44.845346,44.845346,44.845346,9,0
GDX.DE,D,20080708,000000,44.845346,44.845346,44.845346,44.845346,9,0
GDX.DE,D,20080709,000000,44.845346,44.845346,44.845346,44.845346,0,0
GDX.DE,D,20080710,000000,44.845346,44.845346,44.845346,44.845346,0,0
GDX.DE,D,20080711,000000,44.845346,44.845346,44.845346,44.845346,0,0
GDX.DE,D,20080714,000000,44.845346,44.845346,44.845346,44.845346,0,0
GDX.DE,D,20080715,000000,44.845346,44.845346,44.845346,44.845346,0,0
GDX.DE,D,20080716,000000,47.919121,47.919121,47.919121,47.919121,20,0
GDX.DE,D,20080717,000000,47.919121,47.919121,47.919121,47.919121,20,0
GDX.DE,D,20080718,000000,47.919121,47.919121,47.919121,47.919121,0,0
GDX.DE,D,20080721,000000,47.919121,47.919121,47.919121,47.919121,0,0
GDX.DE,D,20080722,000000,47.919121,47.919121,47.919121,47.919121,0,0
GDX.DE,D,20080723,000000,47.919121,47.919121,47.919121,47.919121,0,0
GDX.DE,D,20080724,000000,47.919121,47.919121,47.919121,47.919121,0,0
GDX.DE,D,20080725,000000,47.919121,47.919121,47.919121,47.919121,0,0
GDX.DE,D,20080728,000000,47.919121,47.919121,47.919121,47.919121,0,0
GDX.DE,D,20080729,000000,47.919121,47.919121,47.919121,47.919121,0,0
GDX.DE,D,20080730,000000,47.919121,47.919121,47.919121,47.919121,0,0
GDX.DE,D,20080731,000000,47.919121,47.919121,47.919121,47.919121,0,0
GDX.DE,D,20080801,000000,47.919121,47.919121,47.919121,47.919121,0,0
GDX.DE,D,20080804,000000,47.919121,47.919121,47.919121,47.919121,0,0
GDX.DE,D,20080805,000000,47.919121,47.919121,47.919121,47.919121,0,0
GDX.DE,D,20080806,000000,47.919121,47.919121,47.919121,47.919121,0,0
GDX.DE,D,20080807,000000,47.919121,47.919121,47.919121,47.919121,0,0
GDX.DE,D,20080808,000000,47.919121,47.919121,47.919121,47.919121,0,0
GDX.DE,D,20080811,000000,47.919121,47.919121,47.919121,47.919121,0,0
GDX.DE,D,20080812,000000,47.919121,47.919121,47.919121,47.919121,0,0
GDX.DE,D,20080813,000000,47.919121,47.919121,47.919121,47.919121,0,0
GDX.DE,D,20080814,000000,47.919121,47.919121,47.919121,47.919121,0,0
GDX.DE,D,20080815,000000,47.919121,47.919121,47.919121,47.919121,0,0
GDX.DE,D,20080818,000000,47.919121,47.919121,47.919121,47.919121,0,0
GDX.DE,D,20080819,000000,47.919121,47.919121,47.919121,47.919121,0,0
GDX.DE,D,20080820,000000,47.919121,47.919121,47.919121,47.919121,0,0
GDX.DE,D,20080821,000000,47.919121,47.919121,47.919121,47.919121,0,0
GDX.DE,D,20080822,000000,47.919121,47.919121,47.919121,47.919121,0,0
GDX.DE,D,20080825,000000,47.919121,47.919121,47.919121,47.919121,0,0
GDX.DE,D,20080826,000000,47.919121,47.919121,47.919121,47.919121,0,0
GDX.DE,D,20080827,000000,47.919121,47.919121,47.919121,47.919121,0,0
GDX.DE,D,20080828,000000,47.919121,47.919121,47.919121,47.919121,0,0
GDX.DE,D,20080829,000000,47.919121,47.919121,47.919121,47.919121,0,0
GDX.DE,D,20080901,000000,47.919121,47.919121,47.919121,47.919121,0,0
GDX.DE,D,20080902,000000,47.919121,47.919121,47.919121,47.919121,0,0
GDX.DE,D,20080903,000000,47.919121,47.919121,47.919121,47.919121,0,0
GDX.DE,D,20080904,000000,47.919121,47.919121,47.919121,47.919121,0,0
GDX.DE,D,20080905,000000,47.919121,47.919121,47.919121,47.919121,0,0
GDX.DE,D,20080908,000000,47.919121,47.919121,47.919121,47.919121,0,0
GDX.DE,D,20080909,000000,47.919121,47.919121,47.919121,47.919121,0,0
GDX.DE,D,20080910,000000,47.919121,47.919121,47.919121,47.919121,0,0
GDX.DE,D,20080911,000000,47.919121,47.919121,47.919121,47.919121,0,0
GDX.DE,D,20080912,000000,47.919121,47.919121,47.919121,47.919121,0,0
GDX.DE,D,20080915,000000,47.919121,47.919121,47.919121,47.919121,0,0
GDX.DE,D,20080916,000000,47.919121,47.919121,47.919121,47.919121,0,0
GDX.DE,D,20080917,000000,47.919121,47.919121,47.919121,47.919121,0,0
GDX.DE,D,20080918,000000,47.919121,47.919121,47.919121,47.919121,0,0
GDX.DE,D,20080919,000000,47.919121,47.919121,47.919121,47.919121,0,0
GDX.DE,D,20080923,000000,47.919121,47.919121,47.919121,47.919121,0,0
GDX.DE,D,20080924,000000,47.919121,47.919121,47.919121,47.919121,0,0
GDX.DE,D,20080925,000000,47.919121,47.919121,47.919121,47.919121,0,0
GDX.DE,D,20080926,000000,47.919121,47.919121,47.919121,47.919121,0,0
GDX.DE,D,20080929,000000,47.919121,47.919121,47.919121,47.919121,0,0
GDX.DE,D,20080930,000000,47.919121,47.919121,47.919121,47.919121,0,0
GDX.DE,D,20081001,000000,47.919121,47.919121,47.919121,47.919121,0,0
GDX.DE,D,20081002,000000,47.919121,47.919121,47.919121,47.919121,0,0
GDX.DE,D,20081003,000000,47.919121,47.919121,47.919121,47.919121,0,0
GDX.DE,D,20081006,000000,47.919121,47.919121,47.919121,47.919121,0,0
GDX.DE,D,20081007,000000,47.919121,47.919121,47.919121,47.919121,0,0
GDX.DE,D,20081009,000000,42.131364,42.131364,42.131364,42.131364,40,0
GDX.DE,D,20081010,000000,42.131364,42.131364,42.131364,42.131364,40,0
GDX.DE,D,20081013,000000,42.131364,42.131364,42.131364,42.131364,0,0
GDX.DE,D,20081014,000000,42.131364,42.131364,42.131364,42.131364,0,0
GDX.DE,D,20081015,000000,42.131364,42.131364,42.131364,42.131364,0,0
GDX.DE,D,20081016,000000,42.131364,42.131364,42.131364,42.131364,0,0
GDX.DE,D,20081017,000000,42.131364,42.131364,42.131364,42.131364,0,0
GDX.DE,D,20081021,000000,42.131364,42.131364,42.131364,42.131364,0,0
GDX.DE,D,20081022,000000,42.131364,42.131364,42.131364,42.131364,0,0
GDX.DE,D,20081023,000000,42.131364,42.131364,42.131364,42.131364,0,0
GDX.DE,D,20081024,000000,42.131364,42.131364,42.131364,42.131364,0,0
GDX.DE,D,20081027,000000,42.131364,42.131364,42.131364,42.131364,0,0
GDX.DE,D,20081028,000000,42.131364,42.131364,42.131364,42.131364,0,0
GDX.DE,D,20081029,000000,42.131364,42.131364,42.131364,42.131364,0,0
GDX.DE,D,20081030,000000,42.131364,42.131364,42.131364,42.131364,0,0
GDX.DE,D,20081031,000000,42.131364,42.131364,42.131364,42.131364,0,0
GDX.DE,D,20081103,000000,42.131364,42.131364,42.131364,42.131364,0,0
GDX.DE,D,20081104,000000,42.131364,42.131364,42.131364,42.131364,0,0
GDX.DE,D,20081105,000000,42.131364,42.131364,42.131364,42.131364,0,0
GDX.DE,D,20081106,000000,42.131364,42.131364,42.131364,42.131364,0,0
GDX.DE,D,20081107,000000,42.131364,42.131364,42.131364,42.131364,0,0
GDX.DE,D,20081110,000000,42.131364,42.131364,42.131364,42.131364,0,0
GDX.DE,D,20081111,000000,42.131364,42.131364,42.131364,42.131364,0,0
GDX.DE,D,20081112,000000,42.131364,42.131364,42.131364,42.131364,0,0
GDX.DE,D,20081113,000000,42.131364,42.131364,42.131364,42.131364,0,0
GDX.DE,D,20081114,000000,42.131364,42.131364,42.131364,42.131364,0,0
GDX.DE,D,20081117,000000,42.131364,42.131364,42.131364,42.131364,0,0
GDX.DE,D,20081118,000000,42.131364,42.131364,42.131364,42.131364,0,0
GDX.DE,D,20081119,000000,42.131364,42.131364,42.131364,42.131364,0,0
GDX.DE,D,20081120,000000,42.131364,42.131364,42.131364,42.131364,0,0
GDX.DE,D,20081121,000000,42.131364,42.131364,42.131364,42.131364,0,0
GDX.DE,D,20081124,000000,42.131364,42.131364,42.131364,42.131364,0,0
GDX.DE,D,20081126,000000,42.131364,42.131364,42.131364,42.131364,0,0
GDX.DE,D,20081127,000000,42.131364,42.131364,42.131364,42.131364,0,0
GDX.DE,D,20081128,000000,42.131364,42.131364,42.131364,42.131364,0,0
GDX.DE,D,20081201,000000,42.131364,42.131364,42.131364,42.131364,0,0
GDX.DE,D,20081202,000000,42.131364,42.131364,42.131364,42.131364,0,0
GDX.DE,D,20081203,000000,42.131364,42.131364,42.131364,42.131364,0,0
GDX.DE,D,20081204,000000,42.131364,42.131364,42.131364,42.131364,0,0
GDX.DE,D,20081205,000000,42.131364,42.131364,42.131364,42.131364,0,0
GDX.DE,D,20081208,000000,42.131364,42.131364,42.131364,42.131364,0,0
GDX.DE,D,20081209,000000,42.131364,42.131364,42.131364,42.131364,0,0
GDX.DE,D,20081210,000000,42.131364,42.131364,42.131364,42.131364,0,0
GDX.DE,D,20081211,000000,42.131364,42.131364,42.131364,42.131364,0,0
GDX.DE,D,20081212,000000,42.131364,42.131364,42.131364,42.131364,0,0
GDX.DE,D,20081215,000000,42.131364,42.131364,42.131364,42.131364,0,0
GDX.DE,D,20081216,000000,42.131364,42.131364,42.131364,42.131364,0,0
GDX.DE,D,20081217,000000,42.131364,42.131364,42.131364,42.131364,0,0
GDX.DE,D,20081218,000000,42.131364,42.131364,42.131364,42.131364,0,0
GDX.DE,D,20081219,000000,42.131364,42.131364,42.131364,42.131364,0,0
GDX.DE,D,20081222,000000,42.131364,42.131364,42.131364,42.131364,0,0
GDX.DE,D,20081223,000000,42.131364,42.131364,42.131364,42.131364,0,0
GDX.DE,D,20081229,000000,42.131364,42.131364,42.131364,42.131364,0,0
GDX.DE,D,20081230,000000,42.131364,42.131364,42.131364,42.131364,0,0
GDX.DE,D,20090102,000000,42.131364,42.131364,42.131364,42.131364,0,0
GDX.DE,D,20090105,000000,42.131364,42.131364,42.131364,42.131364,0,0
GDX.DE,D,20090106,000000,42.131364,42.131364,42.131364,42.131364,0,0
GDX.DE,D,20090107,000000,42.131364,42.131364,42.131364,42.131364,0,0
GDX.DE,D,20090108,000000,42.131364,42.131364,42.131364,42.131364,0,0
GDX.DE,D,20090109,000000,42.131364,42.131364,42.131364,42.131364,0,0
GDX.DE,D,20090112,000000,42.131364,42.131364,42.131364,42.131364,0,0
GDX.DE,D,20090113,000000,42.131364,42.131364,42.131364,42.131364,0,0
GDX.DE,D,20090115,000000,42.382551,42.382551,42.382551,42.382551,0,0
GDX.DE,D,20090116,000000,42.382551,42.382551,42.382551,42.382551,0,0
GDX.DE,D,20090120,000000,42.382551,42.382551,42.382551,42.382551,0,0
GDX.DE,D,20090121,000000,42.382551,42.382551,42.382551,42.382551,0,0
GDX.DE,D,20090122,000000,42.382551,42.382551,42.382551,42.382551,0,0
GDX.DE,D,20090123,000000,42.382551,42.382551,42.382551,42.382551,0,0
GDX.DE,D,20090126,000000,42.382551,42.382551,42.382551,42.382551,0,0
GDX.DE,D,20090127,000000,42.382551,42.382551,42.382551,42.382551,0,0
GDX.DE,D,20090128,000000,42.382551,42.382551,42.382551,42.382551,0,0
GDX.DE,D,20090129,000000,42.382551,42.382551,42.382551,42.382551,0,0
GDX.DE,D,20090130,000000,42.382551,42.382551,42.382551,42.382551,0,0
GDX.DE,D,20090202,000000,42.382551,42.382551,42.382551,42.382551,0,0
GDX.DE,D,20090203,000000,42.382551,42.382551,42.382551,42.382551,0,0
GDX.DE,D,20090204,000000,42.382551,42.382551,42.382551,42.382551,0,0
GDX.DE,D,20090205,000000,42.382551,42.382551,42.382551,42.382551,0,0
GDX.DE,D,20090206,000000,42.382551,42.382551,42.382551,42.382551,0,0
GDX.DE,D,20090209,000000,42.382551,42.382551,42.382551,42.382551,0,0
GDX.DE,D,20090210,000000,42.382551,42.382551,42.382551,42.382551,0,0
GDX.DE,D,20090211,000000,42.382551,42.382551,42.382551,42.382551,0,0
GDX.DE,D,20090212,000000,42.382551,42.382551,42.382551,42.382551,0,0
GDX.DE,D,20090213,000000,42.382551,42.382551,42.382551,42.382551,0,0
GDX.DE,D,20090216,000000,42.382551,42.382551,42.382551,42.382551,0,0
GDX.DE,D,20090217,000000,42.382551,42.382551,42.382551,42.382551,0,0
GDX.DE,D,20090218,000000,42.382551,42.382551,42.382551,42.382551,0,0
GDX.DE,D,20090219,000000,42.382551,42.382551,42.382551,42.382551,0,0
GDX.DE,D,20090220,000000,42.382551,42.382551,42.382551,42.382551,0,0
GDX.DE,D,20090223,000000,42.382551,42.382551,42.382551,42.382551,0,0
GDX.DE,D,20090224,000000,42.382551,42.382551,42.382551,42.382551,0,0
GDX.DE,D,20090225,000000,42.382551,42.382551,42.382551,42.382551,0,0
GDX.DE,D,20090226,000000,42.382551,42.382551,42.382551,42.382551,0,0
GDX.DE,D,20090302,000000,42.382551,42.382551,42.382551,42.382551,0,0
GDX.DE,D,20090303,000000,42.382551,42.382551,42.382551,42.382551,0,0
GDX.DE,D,20090304,000000,42.382551,42.382551,42.382551,42.382551,0,0
GDX.DE,D,20090305,000000,42.382551,42.382551,42.382551,42.382551,0,0
GDX.DE,D,20090306,000000,42.382551,42.382551,42.382551,42.382551,0,0
GDX.DE,D,20090309,000000,42.382551,42.382551,42.382551,42.382551,0,0
GDX.DE,D,20090310,000000,42.382551,42.382551,42.382551,42.382551,0,0
GDX.DE,D,20090311,000000,42.382551,42.382551,42.382551,42.382551,0,0
GDX.DE,D,20090312,000000,42.382551,42.382551,42.382551,42.382551,0,0
GDX.DE,D,20090313,000000,42.382551,42.382551,42.382551,42.382551,0,0
GDX.DE,D,20090316,000000,42.382551,42.382551,42.382551,42.382551,0,0
GDX.DE,D,20090317,000000,42.382551,42.382551,42.382551,42.382551,0,0
GDX.DE,D,20090318,000000,42.382551,42.382551,42.382551,42.382551,0,0
GDX.DE,D,20090319,000000,42.382551,42.382551,42.382551,42.382551,0,0
GDX.DE,D,20090320,000000,42.382551,42.382551,42.382551,42.382551,0,0
GDX.DE,D,20090323,000000,42.382551,42.382551,42.382551,42.382551,0,0
GDX.DE,D,20090324,000000,42.382551,42.382551,42.382551,42.382551,0,0
GDX.DE,D,20090325,000000,42.382551,42.382551,42.382551,42.382551,0,0
GDX.DE,D,20090326,000000,42.382551,42.382551,42.382551,42.382551,0,0
GDX.DE,D,20090327,000000,42.382551,42.382551,42.382551,42.382551,0,0
GDX.DE,D,20090330,000000,42.382551,42.382551,42.382551,42.382551,0,0
GDX.DE,D,20090331,000000,42.382551,42.382551,42.382551,42.382551,0,0
GDX.DE,D,20090401,000000,42.382551,42.382551,42.382551,42.382551,0,0
GDX.DE,D,20090402,000000,42.382551,42.382551,42.382551,42.382551,0,0
GDX.DE,D,20090403,000000,42.382551,42.382551,42.382551,42.382551,0,0
GDX.DE,D,20090406,000000,42.382551,42.382551,42.382551,42.382551,0,0
GDX.DE,D,20090408,000000,42.654818,42.654818,42.654818,42.654818,0,0
GDX.DE,D,20090409,000000,42.654818,42.654818,42.654818,42.654818,0,0
GDX.DE,D,20090414,000000,42.654818,42.654818,42.654818,42.654818,0,0
GDX.DE,D,20090415,000000,42.654818,42.654818,42.654818,42.654818,0,0
GDX.DE,D,20090416,000000,42.654818,42.654818,42.654818,42.654818,0,0
GDX.DE,D,20090417,000000,42.654818,42.654818,42.654818,42.654818,0,0
GDX.DE,D,20090420,000000,42.654818,42.654818,42.654818,42.654818,0,0
GDX.DE,D,20090421,000000,42.654818,42.654818,42.654818,42.654818,0,0
GDX.DE,D,20090422,000000,42.654818,42.654818,42.654818,42.654818,0,0
GDX.DE,D,20090423,000000,42.654818,42.654818,42.654818,42.654818,0,0
GDX.DE,D,20090424,000000,42.654818,42.654818,42.654818,42.654818,0,0
GDX.DE,D,20090427,000000,42.654818,42.654818,42.654818,42.654818,0,0
GDX.DE,D,20090428,000000,42.654818,42.654818,42.654818,42.654818,0,0
GDX.DE,D,20090429,000000,42.654818,42.654818,42.654818,42.654818,0,0
GDX.DE,D,20090430,000000,42.654818,42.654818,42.654818,42.654818,0,0
GDX.DE,D,20090504,000000,42.654818,42.654818,42.654818,42.654818,0,0
GDX.DE,D,20090505,000000,42.654818,42.654818,42.654818,42.654818,0,0
GDX.DE,D,20090506,000000,42.654818,42.654818,42.654818,42.654818,0,0
GDX.DE,D,20090507,000000,42.654818,42.654818,42.654818,42.654818,0,0
GDX.DE,D,20090508,000000,42.654818,42.654818,42.654818,42.654818,0,0
GDX.DE,D,20090511,000000,42.654818,42.654818,42.654818,42.654818,0,0
GDX.DE,D,20090512,000000,42.654818,42.654818,42.654818,42.654818,0,0
GDX.DE,D,20090513,000000,42.654818,42.654818,42.654818,42.654818,0,0
GDX.DE,D,20090514,000000,42.654818,42.654818,42.654818,42.654818,0,0
GDX.DE,D,20090515,000000,42.654818,42.654818,42.654818,42.654818,0,0
GDX.DE,D,20090518,000000,42.654818,42.654818,42.654818,42.654818,0,0
GDX.DE,D,20090519,000000,42.654818,42.654818,42.654818,42.654818,0,0
GDX.DE,D,20090520,000000,42.654818,42.654818,42.654818,42.654818,0,0
GDX.DE,D,20090521,000000,42.654818,42.654818,42.654818,42.654818,0,0
GDX.DE,D,20090522,000000,42.654818,42.654818,42.654818,42.654818,0,0
GDX.DE,D,20090525,000000,42.654818,42.654818,42.654818,42.654818,0,0
GDX.DE,D,20090526,000000,42.654818,42.654818,42.654818,42.654818,0,0
GDX.DE,D,20090527,000000,42.654818,42.654818,42.654818,42.654818,0,0
GDX.DE,D,20090528,000000,42.654818,42.654818,42.654818,42.654818,0,0
GDX.DE,D,20090529,000000,42.654818,42.654818,42.654818,42.654818,0,0
GDX.DE,D,20090601,000000,42.654818,42.654818,42.654818,42.654818,0,0
GDX.DE,D,20090602,000000,42.654818,42.654818,42.654818,42.654818,0,0
GDX.DE,D,20090603,000000,42.654818,42.654818,42.654818,42.654818,0,0
GDX.DE,D,20090604,000000,42.654818,42.654818,42.654818,42.654818,0,0
GDX.DE,D,20090605,000000,42.654818,42.654818,42.654818,42.654818,0,0
GDX.DE,D,20090611,000000,40.116633,40.116633,40.116633,40.116633,25,0
GDX.DE,D,20090817,000000,37.725529,37.725529,37.725529,37.725529,100,0
GDX.DE,D,20091002,000000,40.270543,40.270543,40.270543,40.270543,100,0
GDX.DE,D,20091209,000000,44.668745,44.668745,44.668745,44.668745,10,0
GDX.DE,D,20100113,000000,46.761676,46.761676,46.761676,46.761676,40,0
GDX.DE,D,20100222,000000,50.605234,50.605234,50.605234,50.605234,20,0
GDX.DE,D,20100426,000000,56.639107,56.639107,56.639107,56.639107,20,0
GDX.DE,D,20100427,000000,56.619627,56.619627,56.619627,56.619627,31,0
GDX.DE,D,20100503,000000,57.593644,57.593644,57.593644,57.593644,150,0
GDX.DE,D,20100506,000000,54.126143,54.126143,54.126143,54.126143,44,0
GDX.DE,D,20100507,000000,54.126143,54.126143,54.126143,54.126143,44,0
GDX.DE,D,20100611,000000,51.252792,51.252792,51.252792,51.252792,395,0
GDX.DE,D,20100614,000000,49.967089,49.967089,49.967089,49.967089,10,0
GDX.DE,D,20100625,000000,51.798241,51.798241,51.798241,51.798241,200,0
GDX.DE,D,20100714,000000,46.679176,46.679176,46.679176,46.679176,441,0
GDX.DE,D,20100728,000000,46.733095,46.733095,46.733095,46.733095,444,0
GDX.DE,D,20100805,000000,48.683984,48.683984,48.683984,48.683984,104,0
GDX.DE,D,20100816,000000,44.311641,44.311641,44.311641,44.311641,104,0
GDX.DE,D,20100910,000000,47.713441,47.713441,47.713441,47.713441,12,0
GDX.DE,D,20100917,000000,47.782065,47.782065,47.782065,47.782065,10,0
GDX.DE,D,20100920,000000,47.782065,47.782065,47.782065,47.782065,10,0
GDX.DE,D,20100929,000000,45.674322,45.674322,45.674322,45.674322,298,0
GDX.DE,D,20101103,000000,48.355654,48.355654,48.355654,48.355654,77,0
GDX.DE,D,20101112,000000,48.444471,48.444471,48.444471,48.444471,75,0
GDX.DE,D,20110411,000000,54.33,54.33,54.33,54.33,100,0
GDX.DE,D,20110513,000000,49.8,49.8,49.8,49.8,8,0
GDX.DE,D,20110526,000000,50.05,50.05,50.05,50.05,36,0
GDX.DE,D,20191120,000000,166.72,166.72,166.72,166.72,0,0
GDX.DE,D,20191121,000000,165.86,165.86,165.86,165.86,0,0
GDX.DE,D,20191122,000000,165.42,165.42,165.42,165.42,0,0
GDX.DE,D,20191125,000000,162.36,166.32,162.36,166.32,116,0
GDX.DE,D,20191126,000000,166.36,166.36,166.36,166.36,0,0
GDX.DE,D,20191127,000000,165.6,165.6,165.6,165.6,0,0
GDX.DE,D,20191128,000000,165.74,165.74,165.74,165.74,0,0
GDX.DE,D,20191129,000000,164.86,164.86,164.86,164.86,0,0
GDX.DE,D,20191202,000000,160.94,160.94,160.94,160.94,0,0
GDX.DE,D,20191203,000000,158.88,158.88,158.88,158.88,0,0
GDX.DE,D,20191204,000000,161.8,161.8,161.8,161.8,0,0
GDX.DE,D,20191205,000000,163.18,163.18,163.18,163.18,0,0
GDX.DE,D,20191206,000000,165.24,165.24,165.24,165.24,0,0
GDX.DE,D,20191209,000000,169.92,169.92,166.94,166.94,3,0
GDX.DE,D,20191210,000000,164.08,164.08,164.08,164.08,0,0
GDX.DE,D,20191211,000000,165.86,165.86,165.86,165.86,30,0
GDX.DE,D,20191212,000000,165.12,165.34,164.04,165.34,13,0
GDX.DE,D,20191213,000000,161.32,161.32,161.32,161.32,0,0
GDX.DE,D,20191216,000000,157.4,157.4,157.4,157.4,244,0
GDX.DE,D,20191217,000000,164.16,164.16,162.66,162.66,10,0
GDX.DE,D,20191218,000000,159.78,161.58,159.78,161.58,28,0
GDX.DE,D,20191219,000000,160.7,160.7,160.7,160.7,0,0
GDX.DE,D,20191220,000000,162.68,162.68,162.68,162.68,0,0
GDX.DE,D,20191223,000000,161.92,161.92,161.92,161.92,0,0
GDX.DE,D,20191227,000000,162.86,162.86,162.86,162.86,10,0
GDX.DE,D,20200102,000000,159.76,159.76,159.76,159.76,0,0
GDX.DE,D,20200103,000000,160.4,162.96,160.4,160.72,20,0
GDX.DE,D,20200106,000000,163.8,163.98,163.78,163.98,44,0
GDX.DE,D,20200107,000000,166.98,166.98,162.8,162.8,22,0
GDX.DE,D,20200108,000000,165,165,163.3,163.3,18,0
GDX.DE,D,20200109,000000,164.56,164.56,164.56,164.56,0,0
GDX.DE,D,20200110,000000,164.06,167.6,164.06,167.6,28,0
GDX.DE,D,20200113,000000,166.46,166.46,166.46,166.46,8,0
GDX.DE,D,20200114,000000,163.8,163.8,162.16,162.16,10,0
GDX.DE,D,20200115,000000,163.86,166.76,163.86,166.76,45,0
GDX.DE,D,20200116,000000,164.06,164.06,164.06,164.06,0,0
GDX.DE,D,20200117,000000,163.94,163.94,163.94,163.94,0,0
GDX.DE,D,20200120,000000,163.96,163.96,163.96,163.96,0,0
GDX.DE,D,20200121,000000,166.18,168.64,166.18,168.64,24,0
GDX.DE,D,20200122,000000,166.3,166.3,166.3,166.3,0,0
GDX.DE,D,20200123,000000,169.98,169.98,166.24,166.24,7,0
GDX.DE,D,20200124,000000,167.92,167.92,167.92,167.92,0,0
GDX.DE,D,20200127,000000,165.64,165.64,165.64,165.64,0,0
GDX.DE,D,20200128,000000,166.44,166.44,166.44,166.44,0,0
GDX.DE,D,20200129,000000,163.24,166.26,163.22,166.26,20,0
GDX.DE,D,20200130,000000,164.54,164.54,164.54,164.54,0,0
GDX.DE,D,20200131,000000,160.76,160.76,160.76,160.76,0,0
GDX.DE,D,20200203,000000,161.52,161.52,161.52,161.52,0,0
GDX.DE,D,20200204,000000,162.96,162.96,162.96,162.96,0,0
GDX.DE,D,20200205,000000,166.08,166.08,164.76,164.76,200,0
GDX.DE,D,20200207,000000,171.08,171.08,171.08,171.08,0,0
GDX.DE,D,20200210,000000,172,172,168.38,171.74,100,0
GDX.DE,D,20200211,000000,172,172,170.34,170.34,40,0
GDX.DE,D,20200212,000000,171.52,171.52,171.52,171.52,0,0
GDX.DE,D,20200213,000000,174,174.88,174,174.88,35,0
GDX.DE,D,20200214,000000,172.82,172.82,172.82,172.82,0,0
GDX.DE,D,20200217,000000,172.86,172.86,172.86,172.86,0,0
GDX.DE,D,20200218,000000,170.2,173.58,170.2,173.58,31,0
GDX.DE,D,20200219,000000,174.44,174.44,174.44,174.44,0,0
GDX.DE,D,20200220,000000,171.4,171.4,171.4,171.4,0,0
GDX.DE,D,20200221,000000,171,171,171,171,0,0
GDX.DE,D,20200224,000000,170.04,170.04,170.04,170.04,0,0
GDX.DE,D,20200225,000000,169,169,165.7,165.7,14,0
GDX.DE,D,20200226,000000,162.92,162.92,162.24,162.24,30,0
GDX.DE,D,20200227,000000,158.82,158.82,154.5,155.92,340,0
GDX.DE,D,20200302,000000,148.5,148.5,141.3,144.42,254,0
GDX.DE,D,20200303,000000,146.42,146.42,146.42,146.42,0,0
GDX.DE,D,20200304,000000,145.4,147.14,144.6,147.14,30,0
GDX.DE,D,20200305,000000,151,151,147,148.44,414,0
GDX.DE,D,20200306,000000,144.24,144.24,141.48,141.48,15,0
GDX.DE,D,20200309,000000,139.44,139.44,139.44,139.44,15,0
GDX.DE,D,20200311,000000,132.96,132.96,132.96,132.96,0,0
GDX.DE,D,20200312,000000,126.88,127.12,117.4,117.4,125,0
GDX.DE,D,20200313,000000,119.78,120.14,119.78,120.14,30,0
GDX.DE,D,20200316,000000,124.38,124.38,113,113,70,0
GDX.DE,D,20200320,000000,116.24,116.24,116.24,116.24,105,0
GDX.DE,D,20200324,000000,102.94,105.78,102.94,105.78,8,0
GDX.DE,D,20200325,000000,108.9,108.9,108.9,108.9,5,0
GDX.DE,D,20200326,000000,115,122,115,121,49,0
GDX.DE,D,20200327,000000,117.86,117.86,117.86,117.86,0,0
GDX.DE,D,20200330,000000,115.66,118,115.66,117.32,26,0
GDX.DE,D,20200331,000000,124.2,124.2,122.18,122.18,1,0
GDX.DE,D,20200401,000000,116.4,116.4,116.4,116.4,0,0
GDX.DE,D,20200402,000000,118.06,118.06,118.06,118.06,0,0
GDX.DE,D,20200403,000000,118.2,118.2,116.72,116.72,5,0
GDX.DE,D,20200406,000000,125.26,125.26,122.38,122.38,10,0
GDX.DE,D,20200407,000000,127.92,128.56,125,128.08,112,0
GDX.DE,D,20200408,000000,125.4,125.4,125.4,125.4,0,0
GDX.DE,D,20200409,000000,128,132.06,127.02,127.02,23,0
GDX.DE,D,20200414,000000,129,129,125.08,128.24,198,0
GDX.DE,D,20200415,000000,128.38,128.38,121.56,121.56,15,0
GDX.DE,D,20200416,000000,122.32,122.32,122.32,122.32,0,0
GDX.DE,D,20200417,000000,128.68,128.68,125.32,125.32,7,0
GDX.DE,D,20200420,000000,129.74,129.74,126.02,126.02,18,0
GDX.DE,D,20200421,000000,126.62,126.62,121.8,121.8,60,0
GDX.DE,D,20200422,000000,124.62,124.62,123.7,123.7,25,0
GDX.DE,D,20200423,000000,123.48,123.48,123.48,123.48,0,0
GDX.DE,D,20200424,000000,119.52,119.52,119.52,119.52,0,0
GDX.DE,D,20200427,000000,122.98,122.98,122.04,122.04,60,0
GDX.DE,D,20200428,000000,126.46,128.36,126.46,126.54,74,0
GDX.DE,D,20200429,000000,126.64,127.2,125,127.2,125,0
GDX.DE,D,20200430,000000,121.82,121.82,121.82,121.82,0,0
GDX.DE,D,20200504,000000,119.18,119.18,113.34,113.34,34,0
GDX.DE,D,20200505,000000,113.04,118.02,113.04,118.02,8,0
GDX.DE,D,20200506,000000,114.96,114.96,114.96,114.96,0,0
GDX.DE,D,20200507,000000,115.62,118.92,115.62,116.9,45,0
GDX.DE,D,20200508,000000,120.76,121.22,119.98,121.22,14,0
GDX.DE,D,20200511,000000,127.66,127.8,121.64,123.76,288,0
GDX.DE,D,20200512,000000,123.38,123.38,123.38,123.38,0,0
GDX.DE,D,20200513,000000,120.76,120.76,120.76,120.76,0,0
GDX.DE,D,20200514,000000,123.8,123.8,121.14,121.14,150,0
GDX.DE,D,20200515,000000,121.9,121.9,121.9,121.9,0,0
GDX.DE,D,20200519,000000,127.48,127.48,127.48,127.48,0,0
GDX.DE,D,20200520,000000,125.44,125.44,125.44,125.44,0,0
GDX.DE,D,20200521,000000,126.56,126.56,124.8,124.8,80,0
GDX.DE,D,20200522,000000,125.92,125.92,125.92,125.92,0,0
GDX.DE,D,20200525,000000,130.4,130.8,128.46,128.46,11,0
GDX.DE,D,20200526,000000,131.94,131.94,131.94,131.94,0,0
GDX.DE,D,20200527,000000,135.38,135.38,135.38,135.38,0,0
GDX.DE,D,20200528,000000,139.54,139.54,139.5,139.5,77,0
GDX.DE,D,20200529,000000,137,137,130.86,130.86,23,0
GDX.DE,D,20200602,000000,133.96,133.96,133.96,133.96,0,0
GDX.DE,D,20200603,000000,137.44,137.44,137.44,137.44,0,0
GDX.DE,D,20200604,000000,140.72,140.8,139.78,140.8,41,0
GDX.DE,D,20200605,000000,146,146,146,146,0,0
GDX.DE,D,20200608,000000,147.62,147.62,147.62,147.62,0,0
GDX.DE,D,20200609,000000,150,150,143.36,143.36,18,0
GDX.DE,D,20200610,000000,141.16,141.16,141.16,141.16,0,0
GDX.DE,D,20200612,000000,133.94,133.94,133.94,133.94,0,0
GDX.DE,D,20200615,000000,133.08,133.08,133.08,133.08,0,0
GDX.DE,D,20200616,000000,133.78,139.52,133.78,139.52,32,0
GDX.DE,D,20200617,000000,140.54,140.54,140.54,140.54,0,0
GDX.DE,D,20200618,000000,142.1,142.1,140,141.44,35,0
GDX.DE,D,20200619,000000,141.4,142.76,141.4,142.76,49,0
GDX.DE,D,20200622,000000,136.82,136.82,136.82,136.82,0,0
GDX.DE,D,20200623,000000,135.04,138.94,135.04,136.28,58,0
GDX.DE,D,20200624,000000,130.56,130.56,130.56,130.56,0,0
GDX.DE,D,20200625,000000,132.32,132.32,127.7,129.06,28,0
GDX.DE,D,20200626,000000,129.3,129.3,129.3,129.3,0,0
GDX.DE,D,20200629,000000,131.96,132,129.52,131.76,46,0
GDX.DE,D,20200630,000000,130.76,132.5,130.76,132.5,6,0
GDX.DE,D,20200701,000000,131.22,131.22,131.22,131.22,0,0
GDX.DE,D,20200702,000000,131.92,131.92,131.92,131.92,0,0
GDX.DE,D,20200703,000000,131.46,131.46,131.46,131.46,0,0
GDX.DE,D,20200706,000000,130.4,130.4,130.4,130.4,0,0
GDX.DE,D,20200707,000000,130,130,129.98,129.98,12,0
GDX.DE,D,20200708,000000,130.46,131.32,126.76,126.76,71,0
GDX.DE,D,20200709,000000,125,125,123.46,123.46,2,0
GDX.DE,D,20200710,000000,123.48,125.08,123.48,125.08,1,0
GDX.DE,D,20200713,000000,125.72,125.72,125.72,125.72,0,0
GDX.DE,D,20200714,000000,125.7,125.7,125.7,125.7,0,0
GDX.DE,D,20200715,000000,128.2,128.2,128.2,128.2,0,0
GDX.DE,D,20200716,000000,128.82,128.82,128.82,128.82,0,0
GDX.DE,D,20200717,000000,129.84,129.84,129.84,129.84,0,0
GDX.DE,D,20200720,000000,127.8,127.8,127.8,127.8,0,0
GDX.DE,D,20200721,000000,129.72,129.72,129.72,129.72,0,0
GDX.DE,D,20200722,000000,128.2,128.2,128.2,128.2,0,0
GDX.DE,D,20200723,000000,130.9,130.9,130.9,130.9,0,0
GDX.DE,D,20200724,000000,129.54,129.54,129.54,129.54,0,0
GDX.DE,D,20200727,000000,126,126,126,126,0,0
GDX.DE,D,20200728,000000,125.98,128.1,125.98,128.1,10,0
GDX.DE,D,20200729,000000,123.7,123.7,123.7,123.7,0,0
GDX.DE,D,20200730,000000,126.48,126.48,126.48,126.48,0,0
GDX.DE,D,20200731,000000,123.9,123.9,123.9,123.9,0,0
GDX.DE,D,20200803,000000,125.22,125.22,125.22,125.22,0,0
GDX.DE,D,20200804,000000,128,128,125.54,125.54,35,0
GDX.DE,D,20200805,000000,125.4,125.4,125.4,125.4,0,0
GDX.DE,D,20200806,000000,125.66,125.66,125.66,125.66,0,0
GDX.DE,D,20200807,000000,127.8,127.8,127.06,127.06,1,0
GDX.DE,D,20200811,000000,136.18,136.36,136.04,136.36,7,0
GDX.DE,D,20200812,000000,135,135,132.88,132.88,15,0
GDX.DE,D,20200813,000000,131.72,131.72,131.72,131.72,0,0
GDX.DE,D,20200814,000000,132.7,132.7,132.46,132.46,5,0
GDX.DE,D,20200817,000000,134.06,134.06,130.68,130.68,27,0
GDX.DE,D,20200818,000000,128.64,128.64,128.64,128.64,0,0
GDX.DE,D,20200819,000000,127.6,128.88,125.84,128.88,105,0
GDX.DE,D,20200820,000000,127.38,127.38,127.38,127.38,0,0
GDX.DE,D,20200821,000000,125.5,126.66,125.5,126.66,4,0
GDX.DE,D,20200824,000000,128.6,129.74,128.6,129.74,25,0
GDX.DE,D,20200825,000000,128.76,128.76,128.76,128.76,0,0
GDX.DE,D,20200826,000000,127.56,127.56,126.56,126.56,70,0
GDX.DE,D,20200827,000000,128.6,128.6,128.6,128.6,0,0
GDX.DE,D,20200828,000000,127.02,127.02,127.02,127.02,0,0
GDX.DE,D,20200831,000000,125.96,125.96,125.96,125.96,0,0
GDX.DE,D,20200901,000000,125.22,125.22,125.22,125.22,0,0
GDX.DE,D,20200902,000000,128.94,128.94,128.94,128.94,0,0
GDX.DE,D,20200903,000000,128.66,128.66,128.66,128.66,0,0
GDX.DE,D,20200904,000000,130.16,130.16,127.98,127.98,8,0
GDX.DE,D,20200907,000000,128.3,128.3,128.3,128.3,0,0
GDX.DE,D,20200908,000000,124.86,124.86,124.86,124.86,0,0
GDX.DE,D,20200909,000000,123.5,124.94,123.5,124.08,46,0
GDX.DE,D,20200910,000000,124.84,124.84,122.26,122.26,72,0
GDX.DE,D,20200911,000000,123.2,123.2,122.58,122.58,10,0
GDX.DE,D,20200914,000000,123.9,123.9,123.9,123.9,0,0
GDX.DE,D,20200915,000000,124.04,124.04,124.04,124.04,0,0
GDX.DE,D,20200916,000000,124.26,124.26,124.26,124.26,0,0
GDX.DE,D,20200917,000000,122.14,122.14,122.14,122.14,0,0
GDX.DE,D,20200918,000000,122.02,122.02,122.02,122.02,0,0
GDX.DE,D,20200921,000000,121.46,121.46,118.04,118.04,23,0
GDX.DE,D,20200922,000000,117.9,117.9,117.9,117.9,0,0
GDX.DE,D,20200923,000000,120.74,120.74,119.34,119.34,18,0
GDX.DE,D,20200925,000000,117.56,117.56,117.56,117.56,0,0
GDX.DE,D,20200929,000000,118.18,118.18,118.18,118.18,0,0
GDX.DE,D,20200930,000000,118.66,118.66,118.66,118.66,0,0
GDX.DE,D,20201001,000000,118.72,119.14,117.84,117.84,12,0
GDX.DE,D,20201002,000000,117.98,119.32,117.98,118.38,45,0
GDX.DE,D,20201005,000000,121.02,121.02,121.02,121.02,0,0
GDX.DE,D,20201006,000000,122.22,122.22,122.22,122.22,0,0
GDX.DE,D,20201007,000000,122.8,122.8,122.8,122.8,0,0
GDX.DE,D,20201008,000000,122.4,122.4,122.4,122.4,0,0
GDX.DE,D,20201009,000000,122.82,122.82,122.82,122.82,0,0
GDX.DE,D,20201012,000000,123.92,123.92,123.92,123.92,0,0
GDX.DE,D,20201014,000000,122.3,122.3,122.3,122.3,0,0
GDX.DE,D,20201015,000000,120.5,120.5,120.5,120.5,0,0
GDX.DE,D,20201016,000000,120.6,120.6,120.6,120.6,0,0
GDX.DE,D,20201019,000000,119.14,119.14,119.14,119.14,0,0
GDX.DE,D,20201020,000000,117.72,117.72,117.72,117.72,0,0
GDX.DE,D,20201021,000000,115.92,115.92,115.92,115.92,0,0
GDX.DE,D,20201022,000000,116.24,116.24,116.24,116.24,0,0
GDX.DE,D,20201023,000000,118.46,118.46,118.46,118.46,0,0
GDX.DE,D,20201027,000000,115.66,115.66,115.66,115.66,0,0
GDX.DE,D,20201028,000000,117.28,117.28,112.32,115.1,24,0
GDX.DE,D,20201029,000000,113,113,111.94,112.7,20,0
GDX.DE,D,20201030,000000,111.54,111.54,111.54,111.54,0,0
GDX.DE,D,20201102,000000,110.5,116.72,110.5,116.72,136,0
GDX.DE,D,20201103,000000,117.76,117.76,117.76,117.76,0,0
GDX.DE,D,20201105,000000,117.4,118.78,117.4,118.78,2,0
GDX.DE,D,20201106,000000,116.44,116.44,116.44,116.44,0,0
GDX.DE,D,20201111,000000,127.24,127.24,127.24,127.24,0,0
GDX.DE,D,20201112,000000,126.16,126.16,126.16,126.16,0,0
GDX.DE,D,20201113,000000,126.22,126.22,126.22,126.22,0,0
GDX.DE,D,20201117,000000,131.32,131.32,127.12,128.74,200,0
GDX.DE,D,20201118,000000,128.88,129.28,128.88,129.1,26,0
GDX.DE,D,20201119,000000,126.52,126.52,126.52,126.52,0,0
GDX.DE,D,20201120,000000,124.78,124.78,124.78,124.78,0,0
GDX.DE,D,20201123,000000,126.4,126.4,126.4,126.4,0,0
GDX.DE,D,20201124,000000,128.94,128.96,128.92,128.92,195,0
GDX.DE,D,20201125,000000,129,129,128.26,128.26,7,0
GDX.DE,D,20201126,000000,127.44,127.44,127.44,127.44,0,0
GDX.DE,D,20201127,000000,128,128,127.32,127.32,15,0
GDX.DE,D,20201130,000000,127.36,127.36,125.98,125.98,34,0
GDX.DE,D,20201201,000000,126.94,126.94,126.94,126.94,0,0
GDX.DE,D,20201202,000000,125.6,125.6,125.6,125.6,0,0
GDX.DE,D,20201203,000000,127.8,127.8,125.12,127.06,16,0
GDX.DE,D,20201204,000000,128,128.16,125.36,127.9,94,0
GDX.DE,D,20201207,000000,129.92,129.96,127.06,127.06,35,0
GDX.DE,D,20201208,000000,127.58,127.58,126.58,126.58,4,0
GDX.DE,D,20201209,000000,128.52,129.26,126.88,126.88,269,0
GDX.DE,D,20201210,000000,128,128,124.78,124.78,40,0
GDX.DE,D,20201211,000000,124.2,124.2,122.72,124.18,315,0
GDX.DE,D,20201214,000000,125.5,125.68,125.5,125.68,1,0
GDX.DE,D,20201215,000000,126,128.22,126,126.34,71,0
GDX.DE,D,20201216,000000,125.44,127,125.42,127,138,0
GDX.DE,D,20201217,000000,125,125,124.48,124.48,29,0
GDX.DE,D,20201218,000000,124.64,124.98,124.64,124.98,8,0
GDX.DE,D,20201221,000000,123,123,122.02,122.02,9,0
GDX.DE,D,20201222,000000,123.78,123.78,121.6,121.6,25,0
GDX.DE,D,20201223,000000,120.6,122.02,120.6,122.02,10,0
GDX.DE,D,20201228,000000,121.6,121.96,121.6,121.72,190,0
GDX.DE,D,20201229,000000,122.44,122.44,120.64,120.64,18,0
GDX.DE,D,20201230,000000,120.94,120.94,120.94,120.94,0,0
GDX.DE,D,20210104,000000,123.4,123.4,119.64,119.64,255,0
GDX.DE,D,20210105,000000,120,120,118.36,118.36,15,0
GDX.DE,D,20210106,000000,120.46,120.46,120.46,120.46,0,0
GDX.DE,D,20210107,000000,120.76,123.58,120.76,123.58,2,0
GDX.DE,D,20210108,000000,122.68,122.68,122.68,122.68,0,0
GDX.DE,D,20210111,000000,124,124.3,123.4,124.3,2,0
GDX.DE,D,20210112,000000,125.68,126.1,125.68,126.1,25,0
GDX.DE,D,20210113,000000,127.42,127.42,124.54,124.54,8,0
GDX.DE,D,20210114,000000,124.36,126.16,124.36,126.16,30,0
GDX.DE,D,20210115,000000,127,127,126.88,126.88,85,0
GDX.DE,D,20210118,000000,125.58,126.82,125.58,126.82,15,0
GDX.DE,D,20210119,000000,127,127.3,127,127.3,35,0
GDX.DE,D,20210120,000000,127.24,127.24,127.18,127.18,8,0
GDX.DE,D,20210121,000000,125.56,125.56,125.56,125.56,0,0
GDX.DE,D,20210122,000000,123.04,124.18,123.04,124.18,125,0
GDX.DE,D,20210125,000000,124.88,126.34,124.88,126.34,50,0
GDX.DE,D,20210126,000000,125.14,125.14,125.14,125.14,0,0
GDX.DE,D,20210128,000000,124.54,125.46,124.54,125.46,33,0
GDX.DE,D,20210201,000000,122.16,122.16,122.16,122.16,0,0
GDX.DE,D,20210203,000000,125.44,125.98,125.44,125.98,100,0
GDX.DE,D,20210205,000000,133.02,133.02,132.1,132.1,510,0
GDX.DE,D,20210208,000000,132,132,131.34,131.34,15,0
GDX.DE,D,20210209,000000,132.28,132.94,132.28,132.94,20,0
GDX.DE,D,20210210,000000,134.26,134.26,134.26,134.26,0,0
GDX.DE,D,20210211,000000,136.58,136.58,136.58,136.58,0,0
GDX.DE,D,20210212,000000,134.24,136.12,134.24,136.12,23,0
GDX.DE,D,20210215,000000,138.4,138.42,136.68,136.68,105,0
GDX.DE,D,20210216,000000,135.22,135.22,135.22,135.22,0,0
GDX.DE,D,20210217,000000,135.34,135.34,135.34,135.34,0,0
GDX.DE,D,20210218,000000,135.1,135.1,135.1,135.1,0,0
GDX.DE,D,20210219,000000,135.52,135.52,135.52,135.52,0,0
GDX.DE,D,20210222,000000,137.02,137.52,136.72,136.72,48,0
GDX.DE,D,20210223,000000,136.94,136.94,135.88,135.88,10,0
GDX.DE,D,20210224,000000,139.02,139.46,138.34,138.34,20,0
GDX.DE,D,20210225,000000,135.32,138.4,135.32,137.78,75,0
GDX.DE,D,20210226,000000,135.4,137.38,135.4,136.6,15,0
GDX.DE,D,20210301,000000,138.84,138.84,138.5,138.5,5,0
GDX.DE,D,20210302,000000,138.44,138.44,138.44,138.44,0,0
GDX.DE,D,20210303,000000,139.5,139.5,139.5,139.5,0,0
GDX.DE,D,20210304,000000,140.18,140.18,139,139,67,0
GDX.DE,D,20210305,000000,138.44,140,137.26,140,380,0
GDX.DE,D,20210308,000000,146.18,146.18,146,146,40,0
GDX.DE,D,20210309,000000,144.14,144.14,144.14,144.14,0,0
GDX.DE,D,20210310,000000,143.5,143.5,143.5,143.5,0,0
GDX.DE,D,20210311,000000,145.38,145.38,145.2,145.2,10,0
GDX.DE,D,20210312,000000,146.8,146.8,146.8,146.8,0,0
GDX.DE,D,20210315,000000,147.2,147.2,147.2,147.2,0,0
GDX.DE,D,20210316,000000,147.1,147.1,147.1,147.1,0,0
GDX.DE,D,20210317,000000,149.1,149.1,149.1,149.1,0,0
GDX.DE,D,20210318,000000,150.5,150.5,150.5,150.5,0,0
GDX.DE,D,20210319,000000,149.2,149.2,149.02,149.02,30,0
GDX.DE,D,20210322,000000,150.54,150.54,146.2,146.92,42,0
GDX.DE,D,20210323,000000,148.3,148.3,148.3,148.3,0,0
GDX.DE,D,20210324,000000,151.1,151.1,151.1,151.1,0,0
GDX.DE,D,20210325,000000,150.94,151.9,150.94,151.9,2,0
GDX.DE,D,20210326,000000,151.54,152.5,151.54,152.5,30,0
GDX.DE,D,20210329,000000,154.56,155.5,154.56,155.5,20,0
GDX.DE,D,20210330,000000,158.3,158.3,155.48,155.48,20,0
GDX.DE,D,20210331,000000,154.14,154.14,154.14,154.14,30,0
GDX.DE,D,20210401,000000,153.45,153.45,153.45,153.45,0,0
GDX.DE,D,20210406,000000,155,156.3,154.95,156.3,150,0
GDX.DE,D,20210407,000000,156.95,156.95,155.1,155.1,20,0
GDX.DE,D,20210408,000000,154.6,154.6,154.6,154.6,0,0
GDX.DE,D,20210409,000000,153.8,153.8,153,153,130,0
GDX.DE,D,20210412,000000,155.35,155.35,154.7,154.7,220,0
GDX.DE,D,20210413,000000,153.4,153.4,153.4,153.4,0,0
GDX.DE,D,20210414,000000,153.9,153.9,153.9,153.9,0,0
GDX.DE,D,20210415,000000,154.45,154.45,153.8,153.8,100,0
GDX.DE,D,20210416,000000,152.5,154,151,153.9,143,0
GDX.DE,D,20210419,000000,153.9,153.9,153.2,153.2,5,0
GDX.DE,D,20210420,000000,153.4,153.4,153.4,153.4,0,0
GDX.DE,D,20210421,000000,153.3,153.3,153.3,153.3,0,0
GDX.DE,D,20210422,000000,154.5,154.5,154.5,154.5,0,0
GDX.DE,D,20210423,000000,154.2,154.2,154.2,154.2,0,0
GDX.DE,D,20210426,000000,154.2,154.2,154.2,154.2,0,0
GDX.DE,D,20210427,000000,154,154,154,154,0,0
GDX.DE,D,20210428,000000,155.4,155.4,155.4,155.4,0,0
GDX.DE,D,20210429,000000,156.2,157.1,156.2,157.1,40,0
GDX.DE,D,20210430,000000,157.5,157.5,157.5,157.5,0,0
GDX.DE,D,20210503,000000,159.95,159.95,158.9,158.9,2,0
GDX.DE,D,20210504,000000,158.7,159.7,158.7,159.7,150,0
GDX.DE,D,20210505,000000,159.1,159.1,159.1,159.1,0,0
GDX.DE,D,20210506,000000,159.5,159.5,159.5,159.5,0,0
GDX.DE,D,20210507,000000,159.8,160,159.5,159.5,40,0
GDX.DE,D,20210510,000000,162.3,162.3,162.3,162.3,0,0
GDX.DE,D,20210512,000000,157.8,157.8,157.8,157.8,0,0
GDX.DE,D,20210513,000000,157.5,157.5,157.5,157.5,0,0
GDX.DE,D,20210514,000000,157.8,157.8,157.8,157.8,0,0
GDX.DE,D,20210517,000000,156.9,156.9,156.9,156.9,0,0
GDX.DE,D,20210518,000000,155.7,155.7,155.7,155.7,0,0
GDX.DE,D,20210519,000000,151.8,152.6,151.8,152.6,38,0
GDX.DE,D,20210520,000000,154.8,154.8,154.8,154.8,0,0
GDX.DE,D,20210521,000000,155.8,155.8,155.8,155.8,0,0
GDX.DE,D,20210525,000000,155.2,155.6,154.7,154.7,40,0
GDX.DE,D,20210526,000000,154.8,154.8,154.8,154.8,0,0
GDX.DE,D,20210527,000000,155.4,155.4,155.4,155.4,3,0
GDX.DE,D,20210528,000000,157.2,157.2,156.5,156.5,2,0
GDX.DE,D,20210531,000000,154.1,155.65,154.1,155.65,50,0
GDX.DE,D,20210601,000000,155.7,155.7,155.7,155.7,0,0
GDX.DE,D,20210602,000000,154.05,156.3,154.05,156.3,12,0
GDX.DE,D,20210603,000000,158.1,158.1,158.1,158.1,0,0
GDX.DE,D,20210604,000000,158.9,158.9,158.9,158.9,0,0
GDX.DE,D,20210607,000000,156.7,156.7,156.7,156.7,0,0
GDX.DE,D,20210608,000000,157.7,157.7,157.7,157.7,0,0
GDX.DE,D,20210609,000000,158.6,158.6,158.6,158.6,0,0
GDX.DE,D,20210610,000000,158.95,158.95,157.7,157.7,10,0
GDX.DE,D,20210611,000000,158.2,158.2,158.2,158.2,0,0
GDX.DE,D,20210614,000000,156.7,156.7,156.7,156.7,0,0
GDX.DE,D,20210615,000000,158.5,158.5,158.5,158.5,0,0
GDX.DE,D,20210616,000000,158.6,158.6,158.6,158.6,0,0
GDX.DE,D,20210617,000000,157.9,157.9,157.9,157.9,0,0
GDX.DE,D,20210618,000000,155.6,157.2,155.6,157.2,16,0
GDX.DE,D,20210621,000000,158,159.55,158,159.2,30,0
GDX.DE,D,20210622,000000,159.4,159.4,159.4,159.4,0,0
GDX.DE,D,20210623,000000,157.25,158.4,155.6,157.3,222,0
GDX.DE,D,20210624,000000,156.5,156.5,156.5,156.5,0,0
GDX.DE,D,20210625,000000,158.75,159.2,158.75,158.8,12,0
GDX.DE,D,20210628,000000,159,159,158.1,158.1,27,0
GDX.DE,D,20210629,000000,158,158,158,158,0,0
GDX.DE,D,20210630,000000,158.7,158.7,158.7,158.7,0,0
GDX.DE,D,20210701,000000,159.3,159.3,159.3,159.3,0,0
GDX.DE,D,20210702,000000,159.5,159.5,159.5,159.5,0,0
GDX.DE,D,20210705,000000,159.65,159.65,159.65,159.65,0,0
GDX.DE,D,20210706,000000,156.5,156.5,156.5,156.5,0,0
GDX.DE,D,20210708,000000,159.7,159.7,159.7,159.7,0,0
GDX.DE,D,20210709,000000,160.1,160.1,160.1,160.1,0,0
GDX.DE,D,20210712,000000,159.7,159.7,159.7,159.7,0,0
GDX.DE,D,20210713,000000,157.95,160.5,157.95,160.5,2,0
GDX.DE,D,20210714,000000,159.7,159.7,159.7,159.7,0,0
GDX.DE,D,20210715,000000,160.1,160.1,160.1,160.1,0,0
GDX.DE,D,20210716,000000,160.8,160.8,160.8,160.8,0,0
GDX.DE,D,20210720,000000,160.4,160.4,160.4,160.4,0,0
GDX.DE,D,20210721,000000,162,162.85,160.2,162,72,0
GDX.DE,D,20210722,000000,161.5,161.5,161.5,161.5,0,0
GDX.DE,D,20210723,000000,162.8,162.8,162.8,162.8,0,0
GDX.DE,D,20210726,000000,162.6,162.6,162.6,162.6,0,0
GDX.DE,D,20210727,000000,163.6,164,163.6,164,1,0
GDX.DE,D,20210728,000000,163.4,165.7,163.4,165.7,2,0
GDX.DE,D,20210729,000000,166.3,166.3,166.3,166.3,0,0
GDX.DE,D,20210730,000000,165.5,165.5,165.5,165.5,0,0
GDX.DE,D,20210802,000000,164.15,166.2,164.15,166.2,10,0
GDX.DE,D,20210803,000000,165.7,165.7,165.7,165.7,0,0
GDX.DE,D,20210804,000000,164.6,165.2,164.6,165.2,20,0
GDX.DE,D,20210805,000000,166.5,166.5,166.5,166.5,0,0
GDX.DE,D,20210806,000000,169,169,169,169,0,0
GDX.DE,D,20210809,000000,167.9,167.9,167.9,167.9,0,0
GDX.DE,D,20210810,000000,169.55,169.6,169.55,169.6,48,0
GDX.DE,D,20210811,000000,170.3,170.3,170.3,170.3,0,0
GDX.DE,D,20210812,000000,169.75,171.25,169.2,169.6,57,0
GDX.DE,D,20210813,000000,168.6,168.8,168.6,168.8,19,0
GDX.DE,D,20210816,000000,169.05,170.1,169.05,170.1,6,0
GDX.DE,D,20210817,000000,171.3,171.3,170.5,170.5,12,0
GDX.DE,D,20210818,000000,172.6,172.6,169.9,169.9,45,0
GDX.DE,D,20210819,000000,168.75,168.75,166,166.9,26,0
GDX.DE,D,20210820,000000,168.9,168.9,168.3,168.3,6,0
GDX.DE,D,20210823,000000,169.7,169.7,169.4,169.4,51,0
GDX.DE,D,20210824,000000,169.3,169.3,169.3,169.3,0,0
