<TICKER>,<PER>,<DATE>,<TIME>,<OPEN>,<HIGH>,<LOW>,<CLOSE>,<VOL>,<OPENINT>
H1D5.DE,D,20180323,000000,67.194,67.194,67.194,67.194,0,0
H1D5.DE,D,20180326,000000,67.25,67.332,66.73,66.73,28403,0
H1D5.DE,D,20180327,000000,68.156,68.2,67.976,67.976,9000,0
H1D5.DE,D,20180328,000000,66.52,66.892,66.52,66.588,2249,0
H1D5.DE,D,20180329,000000,66.726,67.31,66.726,67.076,17683,0
H1D5.DE,D,20180403,000000,66.024,66.184,65.944,66.184,9651,0
H1D5.DE,D,20180404,000000,66.318,66.5,65.716,66.5,12860,0
H1D5.DE,D,20180405,000000,68.05,68.19,67.742,68.19,11703,0
H1D5.DE,D,20180406,000000,67.064,67.234,67.064,67.234,10,0
H1D5.DE,D,20180409,000000,66.992,67.458,66.882,67.458,3186,0
H1D5.DE,D,20180410,000000,67.42,67.854,67.42,67.854,1737,0
H1D5.DE,D,20180411,000000,67.528,67.566,67.528,67.566,2133,0
H1D5.DE,D,20180412,000000,68.044,68.044,68.026,68.026,510,0
H1D5.DE,D,20180413,000000,68.228,68.228,67.906,67.906,2700,0
H1D5.DE,D,20180416,000000,68.07,68.208,68.07,68.172,18846,0
H1D5.DE,D,20180417,000000,68.892,69.04,68.892,69.04,3015,0
H1D5.DE,D,20180418,000000,69.278,69.278,69.278,69.278,0,0
H1D5.DE,D,20180419,000000,69.094,69.12,68.738,68.738,3324,0
H1D5.DE,D,20180420,000000,68.246,68.246,68.246,68.246,0,0
H1D5.DE,D,20180423,000000,68.374,68.374,68.374,68.374,0,0
H1D5.DE,D,20180424,000000,68.038,68.038,68.038,68.038,0,0
H1D5.DE,D,20180425,000000,67.022,67.07,66.962,67.05,1395,0
H1D5.DE,D,20180426,000000,67.618,67.886,67.618,67.712,2517,0
H1D5.DE,D,20180427,000000,68.046,68.046,68.046,68.046,0,0
H1D5.DE,D,20180430,000000,68.322,68.322,68.164,68.164,400,0
H1D5.DE,D,20180502,000000,67.568,67.568,67.482,67.482,5856,0
H1D5.DE,D,20180503,000000,66.73,66.73,66.268,66.268,52,0
H1D5.DE,D,20180504,000000,66.888,67.646,66.872,67.646,2402,0
H1D5.DE,D,20180507,000000,68.058,68.252,68.058,68.202,3601,0
H1D5.DE,D,20180508,000000,67.908,68.04,67.856,68.04,2532,0
H1D5.DE,D,20180509,000000,68.464,68.464,68.272,68.272,158,0
H1D5.DE,D,20180510,000000,68.874,69.246,68.874,69.246,5054,0
H1D5.DE,D,20180511,000000,69.378,69.526,69.378,69.526,70,0
H1D5.DE,D,20180514,000000,69.796,69.796,69.796,69.796,0,0
H1D5.DE,D,20180515,000000,69.08,69.12,69.08,69.12,589,0
H1D5.DE,D,20180516,000000,69.084,69.22,68.946,69.206,38129,0
H1D5.DE,D,20180517,000000,69.298,69.518,69.298,69.518,1517,0
H1D5.DE,D,20180518,000000,69.43,69.43,69.224,69.24,18262,0
H1D5.DE,D,20180522,000000,69.8,69.868,69.776,69.786,13133,0
H1D5.DE,D,20180523,000000,69.244,69.244,69.234,69.234,1700,0
H1D5.DE,D,20180524,000000,69.686,69.686,69.28,69.28,1955,0
H1D5.DE,D,20180525,000000,69.696,69.7,69.338,69.466,9797,0
H1D5.DE,D,20180528,000000,69.404,69.404,69.404,69.404,0,0
H1D5.DE,D,20180529,000000,68.726,68.762,68.726,68.756,8934,0
H1D5.DE,D,20180530,000000,68.848,69.304,68.766,69.304,28509,0
H1D5.DE,D,20180531,000000,69.38,69.38,69.162,69.162,7436,0
H1D5.DE,D,20180601,000000,69.226,69.63,69.198,69.63,7100,0
H1D5.DE,D,20180604,000000,70.052,70.052,69.914,69.914,670,0
H1D5.DE,D,20180605,000000,70.03,70.088,69.89,69.89,2036,0
H1D5.DE,D,20180606,000000,70.14,70.316,70.078,70.316,4223,0
H1D5.DE,D,20180607,000000,70.702,70.732,70.508,70.584,21517,0
H1D5.DE,D,20180608,000000,70.318,70.548,70.318,70.488,2305,0
H1D5.DE,D,20180611,000000,70.78,70.898,70.718,70.898,39487,0
H1D5.DE,D,20180612,000000,70.802,70.916,70.802,70.916,3262,0
H1D5.DE,D,20180613,000000,71.074,71.074,71.074,71.074,0,0
H1D5.DE,D,20180614,000000,70.934,70.934,70.834,70.834,476,0
H1D5.DE,D,20180615,000000,70.55,70.654,70.456,70.456,1325,0
H1D5.DE,D,20180618,000000,70.548,70.548,70.504,70.504,154,0
H1D5.DE,D,20180619,000000,70.138,70.138,70.118,70.118,750,0
H1D5.DE,D,20180620,000000,70.462,70.53,70.444,70.444,1519,0
H1D5.DE,D,20180621,000000,70.396,70.396,70.145,70.145,4517,0
H1D5.DE,D,20180622,000000,70.242,70.254,70.13,70.254,3326,0
H1D5.DE,D,20180625,000000,68.961,68.961,68.961,68.961,0,0
H1D5.DE,D,20180626,000000,69.248,69.248,69.223,69.223,126,0
H1D5.DE,D,20180627,000000,69.602,69.602,69.518,69.518,430,0
H1D5.DE,D,20180628,000000,68.844,69,68.6,68.884,26768,0
H1D5.DE,D,20180629,000000,69.398,69.702,69.314,69.702,5131,0
H1D5.DE,D,20180702,000000,68.899,68.899,68.899,68.899,0,0
H1D5.DE,D,20180703,000000,69.462,69.602,69.462,69.465,1037,0
H1D5.DE,D,20180704,000000,69.171,69.171,69.171,69.171,0,0
H1D5.DE,D,20180705,000000,69.26,69.341,69.22,69.341,3241,0
H1D5.DE,D,20180706,000000,69.57,70.142,69.532,70.142,4568,0
H1D5.DE,D,20180709,000000,70.5,70.671,70.426,70.671,3000,0
H1D5.DE,D,20180710,000000,70.862,71.012,70.862,70.982,7283,0
H1D5.DE,D,20180711,000000,70.502,70.654,70.49,70.654,1216,0
H1D5.DE,D,20180712,000000,70.898,70.9,70.856,70.856,1600,0
H1D5.DE,D,20180713,000000,71.192,71.292,71.192,71.292,250,0
H1D5.DE,D,20180716,000000,71.358,71.358,71.116,71.116,300,0
H1D5.DE,D,20180717,000000,71.02,71.262,71.02,71.262,4515,0
H1D5.DE,D,20180718,000000,71.506,71.532,71.506,71.532,200,0
H1D5.DE,D,20180719,000000,71.36,71.386,71.36,71.386,12726,0
H1D5.DE,D,20180720,000000,71.288,71.374,71.256,71.374,507,0
H1D5.DE,D,20180723,000000,71.246,71.246,71.246,71.246,0,0
H1D5.DE,D,20180724,000000,71.66,71.91,71.66,71.756,680,0
H1D5.DE,D,20180725,000000,71.596,71.746,71.596,71.746,125,0
H1D5.DE,D,20180726,000000,72.19,72.19,72.19,72.19,0,0
H1D5.DE,D,20180727,000000,72.234,72.234,71.972,71.972,721,0
H1D5.DE,D,20180730,000000,71.558,71.65,71.322,71.322,2842,0
H1D5.DE,D,20180731,000000,71.31,71.494,71.31,71.494,3285,0
H1D5.DE,D,20180801,000000,71.49,71.506,71.49,71.506,698,0
H1D5.DE,D,20180802,000000,71.474,71.474,71.474,71.474,0,0
H1D5.DE,D,20180803,000000,71.842,71.956,71.842,71.916,2524,0
H1D5.DE,D,20180806,000000,72.08,72.25,72.08,72.25,2002,0
H1D5.DE,D,20180807,000000,72.55,72.636,72.55,72.596,2847,0
H1D5.DE,D,20180808,000000,72.572,72.606,72.572,72.606,520,0
H1D5.DE,D,20180809,000000,72.58,72.608,72.58,72.608,1540,0
H1D5.DE,D,20180810,000000,72.05,72.126,72.04,72.126,1319,0
H1D5.DE,D,20180813,000000,72.168,72.188,71.858,71.858,3004,0
H1D5.DE,D,20180814,000000,72.028,72.046,71.878,72.046,1293,0
H1D5.DE,D,20180815,000000,72.05,72.05,71.306,71.44,1550,0
H1D5.DE,D,20180816,000000,71.692,72.244,71.692,72.244,1920,0
H1D5.DE,D,20180817,000000,72.062,72.158,72.062,72.158,1640,0
H1D5.DE,D,20180820,000000,72.592,72.592,72.464,72.464,9184,0
H1D5.DE,D,20180821,000000,72.658,72.794,72.646,72.794,2805,0
H1D5.DE,D,20180822,000000,72.522,72.716,72.522,72.716,680,0
H1D5.DE,D,20180823,000000,72.648,72.65,72.504,72.506,560,0
H1D5.DE,D,20180824,000000,72.632,72.986,72.632,72.986,6034,0
H1D5.DE,D,20180827,000000,73.302,73.488,73.302,73.488,1685,0
H1D5.DE,D,20180828,000000,73.524,73.618,73.502,73.502,3919,0
H1D5.DE,D,20180829,000000,73.922,73.922,73.922,73.922,0,0
H1D5.DE,D,20180830,000000,73.824,73.824,73.748,73.748,886,0
H1D5.DE,D,20180831,000000,73.564,73.564,73.548,73.548,247,0
H1D5.DE,D,20180903,000000,73.836,73.836,73.836,73.836,0,0
H1D5.DE,D,20180904,000000,73.68,73.68,73.292,73.476,457,0
H1D5.DE,D,20180905,000000,73.31,73.31,73.096,73.096,4662,0
H1D5.DE,D,20180906,000000,72.972,72.972,72.972,72.972,0,0
H1D5.DE,D,20180907,000000,73.182,73.182,73.182,73.182,0,0
H1D5.DE,D,20180910,000000,73.128,73.128,73.128,73.128,0,0
H1D5.DE,D,20180911,000000,72.79,73.182,72.79,73.182,1,0
H1D5.DE,D,20180912,000000,73.292,73.47,73.268,73.414,1671,0
H1D5.DE,D,20180913,000000,73.628,73.736,73.574,73.574,2958,0
H1D5.DE,D,20180914,000000,73.866,73.866,73.776,73.788,9700,0
H1D5.DE,D,20180917,000000,73.538,73.538,73.538,73.538,0,0
H1D5.DE,D,20180918,000000,73.5,73.786,73.5,73.786,900,0
H1D5.DE,D,20180919,000000,73.712,73.838,73.63,73.808,5464,0
H1D5.DE,D,20180920,000000,73.796,74.254,73.796,74.254,1222,0
H1D5.DE,D,20180921,000000,74.562,74.57,74.48,74.48,1898,0
H1D5.DE,D,20180924,000000,74.16,74.16,74.024,74.024,465,0
H1D5.DE,D,20180925,000000,74.082,74.082,74.082,74.082,0,0
H1D5.DE,D,20180926,000000,74.072,74.138,73.984,74.122,1325,0
H1D5.DE,D,20180927,000000,73.642,74.12,73.642,74.078,1565,0
H1D5.DE,D,20180928,000000,73.874,74.006,73.668,74.006,345,0
H1D5.DE,D,20181001,000000,74.37,74.382,74.362,74.382,2170,0
H1D5.DE,D,20181002,000000,74.184,74.184,74.184,74.184,0,0
H1D5.DE,D,20181004,000000,73.856,73.856,73.622,73.622,340,0
H1D5.DE,D,20181005,000000,73.6,73.6,73.206,73.206,27068,0
H1D5.DE,D,20181008,000000,73.122,73.122,72.838,72.838,823,0
H1D5.DE,D,20181009,000000,73.238,73.238,73.238,73.238,0,0
H1D5.DE,D,20181010,000000,71.936,71.936,71.936,71.936,0,0
H1D5.DE,D,20181011,000000,70.472,70.472,69.768,69.832,850,0
H1D5.DE,D,20181012,000000,70.094,70.274,69.942,69.942,1919,0
H1D5.DE,D,20181015,000000,69.824,70.154,69.742,70.154,8616,0
H1D5.DE,D,20181016,000000,69.866,70.716,69.866,70.716,6662,0
H1D5.DE,D,20181017,000000,71.408,71.408,70.84,70.84,4215,0
H1D5.DE,D,20181018,000000,70.704,70.704,70.394,70.394,2450,0
H1D5.DE,D,20181019,000000,70.294,70.444,70.294,70.444,600,0
H1D5.DE,D,20181022,000000,70.198,70.314,69.75,69.97,9831,0
H1D5.DE,D,20181023,000000,68.574,68.574,68.574,68.574,0,0
H1D5.DE,D,20181024,000000,68.902,69.09,68.454,68.454,520,0
H1D5.DE,D,20181025,000000,68.344,68.344,68.344,68.344,0,0
H1D5.DE,D,20181026,000000,67,67.324,67,67.324,2200,0
H1D5.DE,D,20181029,000000,68.232,68.232,67.652,67.682,1306,0
H1D5.DE,D,20181030,000000,67.376,67.434,67.262,67.262,5571,0
H1D5.DE,D,20181031,000000,68.306,69.04,68.266,68.756,12206,0
H1D5.DE,D,20181101,000000,69.144,69.144,69.034,69.034,417,0
H1D5.DE,D,20181102,000000,69.71,69.73,68.666,68.666,3018,0
H1D5.DE,D,20181105,000000,68.884,69.104,68.884,68.962,3052,0
H1D5.DE,D,20181106,000000,69.526,69.526,69.404,69.404,2250,0
H1D5.DE,D,20181107,000000,70.274,70.586,70.274,70.586,10904,0
H1D5.DE,D,20181108,000000,71.108,71.118,71.03,71.118,734,0
H1D5.DE,D,20181109,000000,70.64,70.64,70.346,70.346,2030,0
H1D5.DE,D,20181112,000000,70.488,70.488,69.208,69.208,515,0
H1D5.DE,D,20181113,000000,69.42,69.42,69.42,69.42,0,0
H1D5.DE,D,20181114,000000,68.666,69.088,68.554,68.554,2475,0
H1D5.DE,D,20181115,000000,68.62,68.622,67.914,68.354,3915,0
H1D5.DE,D,20181116,000000,68.886,69.124,68.886,68.944,2280,0
H1D5.DE,D,20181119,000000,69.118,69.118,68.346,68.346,1730,0
H1D5.DE,D,20181120,000000,67.768,67.768,66.648,67.064,9499,0
H1D5.DE,D,20181121,000000,67.132,67.448,66.972,67.448,5301,0
H1D5.DE,D,20181122,000000,66.784,66.812,66.46,66.504,2667,0
H1D5.DE,D,20181123,000000,66.564,66.862,66.564,66.862,5075,0
H1D5.DE,D,20181126,000000,67.294,67.558,67.21,67.222,13674,0
H1D5.DE,D,20181127,000000,67.166,67.568,67.166,67.568,2292,0
H1D5.DE,D,20181128,000000,68.02,68.1,67.916,68.062,4154,0
H1D5.DE,D,20181129,000000,69.176,69.222,68.912,69.094,4207,0
H1D5.DE,D,20181130,000000,69.194,69.236,69.046,69.236,1761,0
H1D5.DE,D,20181203,000000,71.098,71.098,70.292,70.292,22510,0
H1D5.DE,D,20181204,000000,70.252,70.422,69.964,69.964,30470,0
H1D5.DE,D,20181205,000000,68.496,68.714,68.284,68.428,4438,0
H1D5.DE,D,20181206,000000,67.702,67.702,66.312,66.552,3430,0
H1D5.DE,D,20181207,000000,67.53,68.406,67.15,67.15,1750,0
H1D5.DE,D,20181210,000000,66.438,66.438,65.574,65.574,1100,0
H1D5.DE,D,20181211,000000,66.61,67.578,66.61,66.938,2870,0
H1D5.DE,D,20181212,000000,66.89,67.652,66.89,67.516,3828,0
H1D5.DE,D,20181213,000000,67.44,67.44,66.984,67.02,1001,0
H1D5.DE,D,20181214,000000,66.358,66.37,66.218,66.218,665,0
H1D5.DE,D,20181217,000000,65.754,65.798,65.396,65.47,1878,0
H1D5.DE,D,20181218,000000,64.61,64.842,64.59,64.702,6303,0
H1D5.DE,D,20181219,000000,64.396,64.7,64.34,64.7,3517,0
H1D5.DE,D,20181220,000000,62.742,63.514,62.688,62.688,39868,0
H1D5.DE,D,20181221,000000,62.62,63.128,62.104,62.49,15030,0
H1D5.DE,D,20181227,000000,62.016,62.016,61.35,61.532,2024,0
H1D5.DE,D,20181228,000000,62.78,63.34,62.78,63.254,78,0
H1D5.DE,D,20190102,000000,62.396,63.118,62.396,63.118,0,0
H1D5.DE,D,20190103,000000,62.462,62.768,61.854,62.382,8887,0
H1D5.DE,D,20190104,000000,62.498,63.54,62.416,63.438,649,0
H1D5.DE,D,20190107,000000,64.014,64.416,63.764,64.416,1394,0
H1D5.DE,D,20190108,000000,64.528,65.108,64.402,64.402,6528,0
H1D5.DE,D,20190109,000000,64.99,65.212,64.916,65.17,9705,0
H1D5.DE,D,20190110,000000,64.69,65.31,64.566,65.31,6528,0
H1D5.DE,D,20190111,000000,65.4,65.4,65.162,65.27,615,0
H1D5.DE,D,20190114,000000,64.912,65.16,64.906,65.15,829,0
H1D5.DE,D,20190115,000000,65.462,65.606,65.128,65.58,5886,0
H1D5.DE,D,20190116,000000,65.914,66.136,65.754,66.136,862,0
H1D5.DE,D,20190117,000000,65.562,66.104,65.562,66.104,2050,0
H1D5.DE,D,20190118,000000,66.604,67.246,66.604,67.246,5209,0
H1D5.DE,D,20190121,000000,67.174,67.174,67.13,67.13,5,0
H1D5.DE,D,20190122,000000,66.886,66.916,66.692,66.74,5007,0
H1D5.DE,D,20190123,000000,66.254,66.67,66.254,66.3,687,0
H1D5.DE,D,20190124,000000,66.44,66.632,66.44,66.492,150,0
H1D5.DE,D,20190125,000000,66.75,67.204,66.75,67.194,2978,0
H1D5.DE,D,20190128,000000,66.888,66.902,66.4,66.4,0,0
H1D5.DE,D,20190129,000000,66.372,66.69,66.372,66.462,482,0
H1D5.DE,D,20190130,000000,66.554,67.018,66.554,67.018,0,0
H1D5.DE,D,20190131,000000,67.692,67.998,67.666,67.998,450,0
H1D5.DE,D,20190201,000000,68.206,68.398,68.038,68.294,6595,0
H1D5.DE,D,20190204,000000,68.172,68.34,68.086,68.34,1833,0
H1D5.DE,D,20190205,000000,68.5,68.862,68.478,68.846,2045,0
H1D5.DE,D,20190206,000000,68.748,68.816,68.7,68.784,4282,0
H1D5.DE,D,20190207,000000,68.604,68.62,67.75,67.75,7435,0
H1D5.DE,D,20190208,000000,67.87,67.87,67.626,67.626,0,0
H1D5.DE,D,20190211,000000,68.14,68.48,68.14,68.214,1020,0
H1D5.DE,D,20190212,000000,68.65,69.022,68.65,69.022,10,0
H1D5.DE,D,20190213,000000,69.354,69.494,69.256,69.288,1899,0
H1D5.DE,D,20190214,000000,69.57,69.57,68.984,68.998,144,0
H1D5.DE,D,20190215,000000,68.828,69.772,68.828,69.732,237,0
H1D5.DE,D,20190218,000000,69.992,69.992,69.962,69.984,0,0
H1D5.DE,D,20190219,000000,69.954,69.992,69.798,69.992,0,0
H1D5.DE,D,20190220,000000,69.988,70.14,69.972,70.122,33,0
H1D5.DE,D,20190221,000000,70.33,70.33,69.916,69.916,0,0
H1D5.DE,D,20190222,000000,69.956,70.36,69.956,70.36,0,0
H1D5.DE,D,20190225,000000,70.616,70.82,70.616,70.82,0,0
H1D5.DE,D,20190226,000000,70.28,70.524,70.28,70.524,0,0
H1D5.DE,D,20190227,000000,70.174,70.19,70.016,70.19,800,0
H1D5.DE,D,20190228,000000,70.106,70.362,70.106,70.31,12476,0
H1D5.DE,D,20190301,000000,70.46,70.594,70.336,70.336,5097,0
H1D5.DE,D,20190304,000000,70.914,70.914,70.37,70.37,0,0
H1D5.DE,D,20190305,000000,70.354,70.48,70.23,70.364,1277,0
H1D5.DE,D,20190306,000000,70.21,70.21,69.996,69.996,29,0
H1D5.DE,D,20190307,000000,69.596,69.7,69.27,69.418,1500,0
H1D5.DE,D,20190308,000000,68.964,69.046,68.646,68.808,9225,0
H1D5.DE,D,20190311,000000,69.298,69.89,69.254,69.89,55,0
H1D5.DE,D,20190312,000000,70.29,70.378,70.104,70.378,0,0
H1D5.DE,D,20190313,000000,70.306,70.862,70.306,70.862,0,0
H1D5.DE,D,20190314,000000,70.892,70.968,70.728,70.834,1205,0
H1D5.DE,D,20190315,000000,70.86,71.214,70.86,71.214,1117,0
H1D5.DE,D,20190318,000000,71.204,71.204,71.17,71.17,0,0
H1D5.DE,D,20190319,000000,71.478,71.722,71.478,71.722,5841,0
H1D5.DE,D,20190320,000000,71.364,71.364,70.878,70.878,3552,0
H1D5.DE,D,20190321,000000,70.936,71.568,70.808,71.568,0,0
H1D5.DE,D,20190322,000000,71.924,71.99,70.686,70.752,8832,0
H1D5.DE,D,20190325,000000,70.362,70.652,70.324,70.352,15482,0
H1D5.DE,D,20190326,000000,70.682,70.954,70.682,70.852,1258,0
H1D5.DE,D,20190327,000000,71.08,71.08,70.426,70.426,70,0
H1D5.DE,D,20190328,000000,70.486,70.656,70.48,70.556,2388,0
H1D5.DE,D,20190329,000000,71.046,71.172,71.046,71.17,1372,0
H1D5.DE,D,20190401,000000,71.75,71.912,71.75,71.912,55,0
H1D5.DE,D,20190402,000000,72.028,72.154,72.028,72.034,0,0
H1D5.DE,D,20190403,000000,72.412,72.56,72.412,72.56,1500,0
H1D5.DE,D,20190404,000000,72.292,72.458,72.292,72.344,57,0
H1D5.DE,D,20190405,000000,72.586,72.752,72.532,72.708,12300,0
H1D5.DE,D,20190408,000000,72.684,72.718,72.64,72.704,3636,0
H1D5.DE,D,20190409,000000,72.732,72.766,72.514,72.514,0,0
H1D5.DE,D,20190410,000000,72.546,72.63,72.546,72.6,0,0
H1D5.DE,D,20190411,000000,72.75,72.83,72.68,72.7,1088,0
H1D5.DE,D,20190412,000000,72.71,73.018,72.71,72.982,0,0
H1D5.DE,D,20190415,000000,73.108,73.186,72.956,72.956,151,0
H1D5.DE,D,20190416,000000,73.182,73.332,73.174,73.174,12034,0
H1D5.DE,D,20190417,000000,73.226,73.3,72.95,72.95,900,0
H1D5.DE,D,20190418,000000,72.75,72.908,72.75,72.908,0,0
H1D5.DE,D,20190423,000000,73.138,73.666,73.128,73.666,18,0
H1D5.DE,D,20190424,000000,73.698,73.806,73.698,73.806,0,0
H1D5.DE,D,20190425,000000,73.632,73.632,73.624,73.628,0,0
H1D5.DE,D,20190426,000000,73.436,73.67,73.436,73.67,0,0
H1D5.DE,D,20190429,000000,73.886,74.032,73.816,73.99,7255,0
H1D5.DE,D,20190430,000000,73.85,73.908,73.552,73.692,56,0
H1D5.DE,D,20190502,000000,73.528,73.546,73.152,73.182,480,0
H1D5.DE,D,20190503,000000,73.404,73.814,73.404,73.814,480,0
H1D5.DE,D,20190506,000000,72.666,73.36,72.666,73.36,6719,0
H1D5.DE,D,20190507,000000,73.52,73.52,72.618,72.618,0,0
H1D5.DE,D,20190508,000000,72.636,72.69,72.178,72.49,4094,0
H1D5.DE,D,20190509,000000,71.974,72.04,71.374,71.424,68,0
H1D5.DE,D,20190510,000000,72.098,72.098,71.106,71.106,172,0
H1D5.DE,D,20190513,000000,71.672,71.672,70.65,70.65,11951,0
H1D5.DE,D,20190514,000000,70.794,71.52,70.794,71.52,1130,0
H1D5.DE,D,20190515,000000,71.464,71.616,70.862,71.616,231,0
H1D5.DE,D,20190516,000000,71.53,72.564,71.53,72.564,7315,0
H1D5.DE,D,20190517,000000,72.094,72.344,71.882,72.344,10502,0
H1D5.DE,D,20190520,000000,72.012,72.012,71.398,71.47,3837,0
H1D5.DE,D,20190521,000000,71.66,71.924,71.592,71.924,1621,0
H1D5.DE,D,20190522,000000,71.838,71.93,71.596,71.808,6894,0
H1D5.DE,D,20190523,000000,71.338,71.338,70.806,70.806,7997,0
H1D5.DE,D,20190524,000000,71.128,71.254,70.974,70.974,0,0
H1D5.DE,D,20190527,000000,71.158,71.18,71.018,71.036,4377,0
H1D5.DE,D,20190528,000000,71.18,71.18,70.932,71.026,2527,0
H1D5.DE,D,20190529,000000,69.988,70.046,69.682,69.682,1,0
H1D5.DE,D,20190530,000000,70.026,70.026,69.938,69.938,0,0
H1D5.DE,D,20190531,000000,69.378,69.474,69.192,69.474,5102,0
H1D5.DE,D,20190603,000000,68.774,69.16,68.574,69.16,6480,0
H1D5.DE,D,20190604,000000,68.99,69.982,68.99,69.974,1899,0
H1D5.DE,D,20190605,000000,70.454,70.804,70.454,70.652,34,0
H1D5.DE,D,20190606,000000,70.904,71.138,70.904,71.132,700,0
H1D5.DE,D,20190607,000000,71.478,72.352,71.478,72.124,138,0
H1D5.DE,D,20190611,000000,72.57,72.744,72.504,72.504,6895,0
H1D5.DE,D,20190612,000000,72.212,72.312,72.16,72.21,14213,0
H1D5.DE,D,20190613,000000,72.192,72.518,72.192,72.38,0,0
H1D5.DE,D,20190614,000000,72.418,72.418,72.36,72.382,0,0
H1D5.DE,D,20190617,000000,72.578,72.578,72.488,72.548,250,0
H1D5.DE,D,20190618,000000,72.478,73.348,72.478,73.274,9687,0
H1D5.DE,D,20190619,000000,73.26,73.26,73.152,73.152,0,0
H1D5.DE,D,20190620,000000,73.824,74.034,73.764,73.764,9660,0
H1D5.DE,D,20190621,000000,73.978,74.184,73.906,74.184,57,0
H1D5.DE,D,20190624,000000,74.072,74.072,73.934,73.968,0,0
H1D5.DE,D,20190625,000000,73.676,73.746,73.498,73.498,0,0
H1D5.DE,D,20190626,000000,73.164,73.424,73.164,73.2,0,0
H1D5.DE,D,20190627,000000,73.376,73.49,73.14,73.16,2564,0
H1D5.DE,D,20190628,000000,73.45,73.54,73.45,73.528,51,0
H1D5.DE,D,20190701,000000,74.56,74.56,74.294,74.294,50,0
H1D5.DE,D,20190702,000000,74.318,74.318,74.218,74.248,2960,0
H1D5.DE,D,20190703,000000,74.54,74.92,74.54,74.92,0,0
H1D5.DE,D,20190704,000000,75.092,75.18,75.092,75.18,2,0
H1D5.DE,D,20190705,000000,75.142,75.142,74.642,74.642,0,0
H1D5.DE,D,20190708,000000,74.67,74.722,74.528,74.528,229,0
H1D5.DE,D,20190709,000000,74.222,74.506,74.21,74.472,2312,0
H1D5.DE,D,20190710,000000,74.432,74.888,74.42,74.888,794,0
H1D5.DE,D,20190711,000000,75.12,75.192,75.12,75.186,123,0
H1D5.DE,D,20190712,000000,75.288,75.354,75.288,75.336,294,0
H1D5.DE,D,20190715,000000,75.558,75.592,75.436,75.436,156,0
H1D5.DE,D,20190716,000000,75.508,75.508,75.438,75.446,613,0
H1D5.DE,D,20190717,000000,75.318,75.322,74.934,74.998,3343,0
H1D5.DE,D,20190718,000000,74.446,74.622,74.446,74.494,0,0
H1D5.DE,D,20190719,000000,75.15,75.168,75.012,75.022,140,0
H1D5.DE,D,20190722,000000,74.52,74.664,74.52,74.588,103,0
H1D5.DE,D,20190723,000000,74.84,74.972,74.84,74.854,285,0
H1D5.DE,D,20190724,000000,75.168,75.232,75.062,75.232,0,0
H1D5.DE,D,20190725,000000,75.638,75.638,75.256,75.256,0,0
H1D5.DE,D,20190726,000000,75.348,75.62,75.348,75.62,570,0
H1D5.DE,D,20190729,000000,75.602,75.658,75.586,75.586,0,0
H1D5.DE,D,20190730,000000,75.602,75.602,75.398,75.398,165,0
H1D5.DE,D,20190731,000000,75.416,75.52,75.416,75.43,220,0
H1D5.DE,D,20190801,000000,74.422,75.34,74.422,75.34,138,0
H1D5.DE,D,20190802,000000,73.694,73.848,73.022,73.022,88,0
H1D5.DE,D,20190805,000000,72.528,72.528,71.726,71.726,142,0
H1D5.DE,D,20190806,000000,70.998,71.594,70.998,71.274,887,0
H1D5.DE,D,20190807,000000,71.788,72.212,71.438,71.438,250,0
H1D5.DE,D,20190808,000000,72.334,73.04,72.104,73.04,1356,0
H1D5.DE,D,20190809,000000,73.226,73.226,72.644,72.644,108,0
H1D5.DE,D,20190812,000000,73.226,73.226,72.32,72.32,0,0
H1D5.DE,D,20190813,000000,71.9,73.014,71.9,73.014,0,0
H1D5.DE,D,20190814,000000,73.156,73.156,72.56,72.56,34,0
H1D5.DE,D,20190815,000000,71.582,71.582,70.946,71.148,966,0
H1D5.DE,D,20190816,000000,71.586,72.204,71.586,72.204,106,0
H1D5.DE,D,20190819,000000,72.932,73.172,72.802,73.172,1715,0
H1D5.DE,D,20190820,000000,73.146,73.146,72.966,72.966,10,0
H1D5.DE,D,20190821,000000,72.784,73.2,72.784,73.2,30,0
H1D5.DE,D,20190822,000000,73.118,73.134,72.948,72.948,384,0
H1D5.DE,D,20190823,000000,73.334,73.334,71.886,71.914,2117,0
H1D5.DE,D,20190826,000000,71.558,72.088,71.512,71.786,13680,0
H1D5.DE,D,20190827,000000,71.872,72.36,71.86,71.998,662,0
H1D5.DE,D,20190828,000000,71.766,72.116,71.44,72.116,2659,0
H1D5.DE,D,20190829,000000,72.012,73.104,72.012,73.104,0,0
H1D5.DE,D,20190830,000000,73.106,73.64,72.804,73.06,1301,0
H1D5.DE,D,20190902,000000,72.754,73.082,72.754,72.85,851,0
H1D5.DE,D,20190903,000000,72.594,72.688,72.508,72.596,2812,0
H1D5.DE,D,20190904,000000,73.18,73.274,73.138,73.274,335,0
H1D5.DE,D,20190905,000000,73.91,74.634,73.904,74.5,2908,0
H1D5.DE,D,20190906,000000,74.456,74.516,74.456,74.516,0,0
H1D5.DE,D,20190909,000000,74.674,74.674,74.584,74.584,1352,0
H1D5.DE,D,20190910,000000,74.364,74.376,73.964,73.964,0,0
H1D5.DE,D,20190911,000000,74.484,74.75,74.428,74.75,0,0
H1D5.DE,D,20190912,000000,75.17,75.274,75.112,75.25,5667,0
H1D5.DE,D,20190913,000000,75.366,75.506,75.28,75.28,1830,0
H1D5.DE,D,20190916,000000,74.788,74.964,74.748,74.898,277,0
H1D5.DE,D,20190917,000000,74.8,74.942,74.8,74.942,0,0
H1D5.DE,D,20190918,000000,74.98,74.98,74.898,74.898,0,0
H1D5.DE,D,20190919,000000,74.718,75.486,74.718,75.486,0,0
H1D5.DE,D,20190920,000000,75.208,75.26,75.176,75.176,10,0
H1D5.DE,D,20190923,000000,74.95,74.95,74.674,74.78,268,0
H1D5.DE,D,20190924,000000,74.956,75.096,74.696,74.696,7584,0
H1D5.DE,D,20190925,000000,74.22,74.31,73.96,74.26,731,0
H1D5.DE,D,20190926,000000,74.476,74.69,74.18,74.18,0,0
H1D5.DE,D,20190927,000000,74.482,74.67,74.482,74.52,0,0
H1D5.DE,D,20191001,000000,74.696,74.696,73.892,73.96,54,0
H1D5.DE,D,20191002,000000,73.404,73.404,71.988,71.988,78,0
H1D5.DE,D,20191004,000000,72.544,73.322,72.422,73.322,21175,0
H1D5.DE,D,20191007,000000,73.36,73.708,73.344,73.708,31,0
H1D5.DE,D,20191008,000000,73.458,73.458,72.376,72.376,109,0
H1D5.DE,D,20191009,000000,72.238,73.154,72.238,72.726,49715,0
H1D5.DE,D,20191010,000000,72.78,73.54,72.78,73.54,0,0
H1D5.DE,D,20191011,000000,73.7,74.69,73.7,74.69,1201,0
H1D5.DE,D,20191014,000000,74.17,74.178,73.868,74.14,28531,0
H1D5.DE,D,20191015,000000,74.418,74.76,74.268,74.76,1001,0
H1D5.DE,D,20191016,000000,74.674,74.674,74.61,74.626,0,0
H1D5.DE,D,20191017,000000,74.496,74.848,74.496,74.742,0,0
H1D5.DE,D,20191018,000000,74.688,74.816,74.624,74.624,0,0
H1D5.DE,D,20191021,000000,74.612,74.89,74.612,74.89,11,0
H1D5.DE,D,20191022,000000,75.024,75.094,75.024,75.094,0,0
H1D5.DE,D,20191023,000000,74.606,74.862,74.564,74.862,1,0
H1D5.DE,D,20191024,000000,75.042,75.098,75.042,75.098,0,0
H1D5.DE,D,20191025,000000,75.03,75.424,74.95,75.424,200,0
H1D5.DE,D,20191028,000000,75.48,75.742,75.48,75.742,0,0
H1D5.DE,D,20191029,000000,75.75,75.914,75.672,75.914,78,0
H1D5.DE,D,20191030,000000,75.702,75.734,75.65,75.686,50,0
H1D5.DE,D,20191031,000000,76.036,76.036,75.44,75.44,2098,0
H1D5.DE,D,20191101,000000,75.87,76.26,75.818,76.26,135,0
H1D5.DE,D,20191104,000000,76.652,76.812,76.652,76.764,81,0
H1D5.DE,D,20191105,000000,76.804,76.902,76.644,76.644,157,0
H1D5.DE,D,20191106,000000,76.6,76.72,76.6,76.644,2000,0
H1D5.DE,D,20191107,000000,77.016,77.112,76.982,77.112,0,0
H1D5.DE,D,20191108,000000,76.866,76.894,76.812,76.84,20,0
H1D5.DE,D,20191111,000000,76.752,76.808,76.74,76.808,3638,0
H1D5.DE,D,20191112,000000,77.04,77.242,76.976,77.242,0,0
H1D5.DE,D,20191113,000000,76.958,77.028,76.794,77.028,0,0
H1D5.DE,D,20191114,000000,77.088,77.088,77.034,77.034,0,0
H1D5.DE,D,20191115,000000,77.44,77.644,77.42,77.644,325,0
H1D5.DE,D,20191118,000000,77.872,77.876,77.792,77.792,87,0
H1D5.DE,D,20191119,000000,77.888,78.088,77.82,77.82,132,0
H1D5.DE,D,20191120,000000,77.516,77.678,77.462,77.678,61,0
H1D5.DE,D,20191121,000000,77.332,77.488,77.226,77.226,76,0
H1D5.DE,D,20191122,000000,77.47,77.522,77.396,77.396,411,0
H1D5.DE,D,20191125,000000,77.75,78.03,77.738,78.03,153,0
H1D5.DE,D,20191126,000000,78.1,78.256,78.09,78.256,122,0
H1D5.DE,D,20191127,000000,78.464,78.494,78.42,78.494,8903,0
H1D5.DE,D,20191128,000000,78.428,78.59,78.428,78.59,2695,0
H1D5.DE,D,20191129,000000,78.376,78.512,78.36,78.456,5153,0
H1D5.DE,D,20191202,000000,78.594,78.594,77.554,77.606,7449,0
H1D5.DE,D,20191203,000000,77.76,77.786,76.758,76.758,3718,0
H1D5.DE,D,20191204,000000,76.908,77.72,76.908,77.72,494,0
H1D5.DE,D,20191205,000000,77.722,77.856,77.462,77.462,1307,0
H1D5.DE,D,20191206,000000,77.844,78.504,77.844,78.504,116,0
H1D5.DE,D,20191209,000000,78.37,78.37,78.26,78.366,1066,0
H1D5.DE,D,20191210,000000,78.098,78.218,77.776,78.192,2872,0
H1D5.DE,D,20191211,000000,78.164,78.216,78.102,78.17,276,0
H1D5.DE,D,20191212,000000,78.392,78.78,78.236,78.78,1976,0
H1D5.DE,D,20191213,000000,79.216,79.248,78.708,78.796,309,0
H1D5.DE,D,20191216,000000,79.232,79.558,79.232,79.558,339,0
H1D5.DE,D,20191217,000000,79.578,79.588,79.53,79.588,109,0
H1D5.DE,D,20191218,000000,79.498,79.652,79.498,79.652,2269,0
H1D5.DE,D,20191219,000000,79.596,79.78,79.596,79.78,355,0
H1D5.DE,D,20191220,000000,79.864,80.346,79.864,80.346,667,0
H1D5.DE,D,20191223,000000,80.304,80.446,80.304,80.39,127,0
H1D5.DE,D,20191227,000000,80.828,80.958,80.82,80.832,185,0
H1D5.DE,D,20191230,000000,80.714,80.714,80.59,80.622,334,0
H1D5.DE,D,20200102,000000,80.736,80.856,80.602,80.602,90,0
H1D5.DE,D,20200103,000000,80.346,80.652,80.152,80.652,269,0
H1D5.DE,D,20200106,000000,80.254,80.544,80.108,80.522,317,0
H1D5.DE,D,20200107,000000,80.796,80.954,80.61,80.704,131,0
H1D5.DE,D,20200108,000000,80.496,81.036,80.456,81.036,1301,0
H1D5.DE,D,20200109,000000,81.422,81.484,81.36,81.484,265,0
H1D5.DE,D,20200110,000000,81.728,81.74,81.568,81.568,296,0
H1D5.DE,D,20200113,000000,81.46,81.636,81.402,81.636,2610,0
H1D5.DE,D,20200114,000000,81.76,81.838,81.76,81.838,97,0
H1D5.DE,D,20200115,000000,81.782,82.096,81.692,82.096,864,0
H1D5.DE,D,20200116,000000,82.182,82.296,82.182,82.296,338,0
H1D5.DE,D,20200117,000000,82.672,82.792,82.606,82.71,451,0
H1D5.DE,D,20200120,000000,82.66,82.722,82.614,82.722,14,0
H1D5.DE,D,20200121,000000,82.49,82.83,82.49,82.83,320,0
H1D5.DE,D,20200122,000000,82.962,82.99,82.804,82.966,738,0
H1D5.DE,D,20200123,000000,82.6,82.642,82.324,82.374,426,0
H1D5.DE,D,20200124,000000,82.914,83.01,82.446,82.446,351,0
H1D5.DE,D,20200127,000000,81.16,81.16,80.72,80.84,3800,0
H1D5.DE,D,20200128,000000,81.104,81.496,80.966,81.496,0,0
H1D5.DE,D,20200129,000000,81.656,81.872,81.632,81.746,353,0
H1D5.DE,D,20200130,000000,80.778,81.052,80.778,81.052,152,0
H1D5.DE,D,20200131,000000,81.66,81.66,80.6,80.6,5915,0
H1D5.DE,D,20200203,000000,80.696,80.842,80.45,80.842,4523,0
H1D5.DE,D,20200204,000000,81.358,82.142,81.358,82.142,276,0
H1D5.DE,D,20200205,000000,82.674,82.788,82.638,82.638,1419,0
H1D5.DE,D,20200206,000000,83.45,83.45,83.116,83.208,3005,0
H1D5.DE,D,20200207,000000,83.112,83.218,82.95,83.048,1710,0
H1D5.DE,D,20200210,000000,82.768,83.034,82.698,83.034,1269,0
H1D5.DE,D,20200211,000000,83.58,83.668,83.58,83.664,10033,0
H1D5.DE,D,20200212,000000,83.744,83.998,83.744,83.998,390,0
H1D5.DE,D,20200213,000000,83.5,84.096,83.5,84.096,1810,0
H1D5.DE,D,20200214,000000,84.16,84.2,83.938,84.08,1265,0
H1D5.DE,D,20200217,000000,84.314,84.324,84.23,84.322,392,0
H1D5.DE,D,20200218,000000,83.758,83.926,83.62,83.62,888,0
H1D5.DE,D,20200219,000000,84.012,84.334,84.008,84.318,15195,0
H1D5.DE,D,20200220,000000,84.264,84.292,83.46,83.46,13037,0
H1D5.DE,D,20200221,000000,83.33,83.622,83.03,83.246,9981,0
H1D5.DE,D,20200224,000000,81.554,81.554,80.322,80.654,3857,0
H1D5.DE,D,20200225,000000,80.874,80.89,79.282,79.282,7629,0
H1D5.DE,D,20200226,000000,78.148,78.968,77.266,78.688,7982,0
H1D5.DE,D,20200227,000000,76.818,76.818,74.814,75.728,36815,0
H1D5.DE,D,20200228,000000,72.844,73.062,71.724,72.47,4520,0
H1D5.DE,D,20200302,000000,73.734,74.972,72.632,74.972,572,0
H1D5.DE,D,20200303,000000,76.22,76.728,75.452,75.452,7999,0
H1D5.DE,D,20200304,000000,75.388,76.186,75.318,75.818,1191,0
H1D5.DE,D,20200305,000000,76.476,76.476,75.506,76.1,87,0
H1D5.DE,D,20200306,000000,74.274,74.274,72.232,73.292,2496,0
H1D5.DE,D,20200309,000000,68.876,70.25,68.406,69.538,7828,0
H1D5.DE,D,20200310,000000,70.106,71.578,68.992,68.992,856,0
H1D5.DE,D,20200311,000000,69.802,69.834,68.92,69.246,4707,0
H1D5.DE,D,20200312,000000,65.65,65.65,63.45,63.45,593,0
H1D5.DE,D,20200313,000000,64.66,65.54,63.398,63.398,3020,0
H1D5.DE,D,20200316,000000,63.41,63.41,58.98,62.58,1871,0
H1D5.DE,D,20200317,000000,63.14,63.14,59.96,62.618,6737,0
H1D5.DE,D,20200318,000000,59.87,60.062,58.998,58.998,830,0
H1D5.DE,D,20200319,000000,59.494,59.774,58.298,59.774,578,0
H1D5.DE,D,20200320,000000,61.882,61.882,58.882,58.882,80,0
H1D5.DE,D,20200323,000000,55.418,57.946,55.334,55.68,241,0
H1D5.DE,D,20200324,000000,58.342,60.67,57.704,60.67,87,0
H1D5.DE,D,20200325,000000,61.484,62.68,60.53,62.68,132,0
H1D5.DE,D,20200326,000000,61.028,64.772,60.422,64.772,263,0
H1D5.DE,D,20200327,000000,64.22,64.22,62.932,63.616,6701,0
H1D5.DE,D,20200330,000000,63.564,64.982,62.96,64.982,3348,0
H1D5.DE,D,20200331,000000,65.64,65.918,64.782,65.918,1110,0
H1D5.DE,D,20200401,000000,62.758,62.758,62.068,62.59,956,0
H1D5.DE,D,20200402,000000,62.312,62.64,61.286,62.64,565,0
H1D5.DE,D,20200403,000000,62.37,62.37,62.244,62.244,131,0
H1D5.DE,D,20200406,000000,64.426,65.088,64.374,65.088,256,0
H1D5.DE,D,20200407,000000,67.358,68.364,67.182,67.976,2030,0
H1D5.DE,D,20200408,000000,66.362,67.924,66.09,67.924,1883,0
H1D5.DE,D,20200409,000000,69.188,69.944,67.74,69.944,461,0
H1D5.DE,D,20200414,000000,69.992,70.698,69.992,70.272,596,0
H1D5.DE,D,20200415,000000,70.888,70.888,69.104,69.314,495,0
H1D5.DE,D,20200416,000000,70.058,70.058,69.686,69.686,322,0
H1D5.DE,D,20200417,000000,71.624,71.894,70.896,70.896,63,0
H1D5.DE,D,20200420,000000,71.334,71.576,70.712,71.576,79,0
H1D5.DE,D,20200421,000000,70.208,70.208,68.17,68.17,148,0
H1D5.DE,D,20200422,000000,68.956,69.666,68.794,69.666,417,0
H1D5.DE,D,20200423,000000,70.13,70.692,69.72,70.588,69,0
H1D5.DE,D,20200424,000000,69.434,70.166,69.434,69.862,140,0
H1D5.DE,D,20200427,000000,71.132,71.724,71.132,71.724,1222,0
H1D5.DE,D,20200428,000000,71.668,72.84,71.598,72.064,1861,0
H1D5.DE,D,20200429,000000,72.418,73.19,72.334,73.19,467,0
H1D5.DE,D,20200430,000000,73.79,73.79,72.868,72.868,44,0
H1D5.DE,D,20200504,000000,70.288,70.386,69.78,70.386,294,0
H1D5.DE,D,20200505,000000,71.3,72.212,71.3,72.212,94,0
H1D5.DE,D,20200506,000000,72.086,72.122,71.58,71.58,85,0
H1D5.DE,D,20200507,000000,71.508,72.234,71.508,72.234,226,0
H1D5.DE,D,20200508,000000,72.836,72.93,72.756,72.93,2331,0
H1D5.DE,D,20200511,000000,73.444,73.492,72.804,73.018,224,0
H1D5.DE,D,20200512,000000,72.78,73.344,72.78,73.17,347,0
H1D5.DE,D,20200513,000000,71.564,71.76,70.882,70.898,191,0
H1D5.DE,D,20200514,000000,70.254,70.536,69.862,70.18,2409,0
H1D5.DE,D,20200515,000000,71.476,71.648,70.408,70.76,6483,0
H1D5.DE,D,20200518,000000,72.19,73.824,72.19,73.824,13911,0
H1D5.DE,D,20200519,000000,74.216,74.216,73.618,73.93,1211,0
H1D5.DE,D,20200520,000000,73.49,74.468,73.49,74.468,4252,0
H1D5.DE,D,20200521,000000,73.698,74.126,73.65,73.65,3273,0
H1D5.DE,D,20200522,000000,72.992,73.488,72.992,73.488,80,0
H1D5.DE,D,20200525,000000,74.178,74.856,74.122,74.856,5848,0
H1D5.DE,D,20200526,000000,75.294,75.596,75.178,75.178,1177,0
H1D5.DE,D,20200527,000000,75.382,75.784,74.788,74.788,2567,0
H1D5.DE,D,20200528,000000,76.092,76.268,75.934,76.268,128,0
H1D5.DE,D,20200529,000000,75.724,75.86,75.324,75.366,8807,0
H1D5.DE,D,20200602,000000,76.3,76.878,76.3,76.518,583,0
H1D5.DE,D,20200603,000000,77.272,78,77.272,78,1004,0
H1D5.DE,D,20200604,000000,77.752,78.134,77.512,77.906,4122,0
H1D5.DE,D,20200605,000000,78.402,80.166,78.346,80.166,7144,0
H1D5.DE,D,20200608,000000,79.624,80.254,79.624,80.23,248,0
H1D5.DE,D,20200609,000000,80.572,80.572,79.978,80.196,69,0
H1D5.DE,D,20200610,000000,80.474,80.51,79.71,79.71,78,0
H1D5.DE,D,20200611,000000,78.436,78.638,77.042,77.042,6151,0
H1D5.DE,D,20200612,000000,75.942,77.1,75.334,76.052,33433,0
H1D5.DE,D,20200615,000000,73.876,75.526,73.778,75.526,2170,0
H1D5.DE,D,20200616,000000,77.56,79.166,77.308,78.272,4357,0
H1D5.DE,D,20200617,000000,78.44,78.826,78.11,78.238,2577,0
H1D5.DE,D,20200618,000000,77.84,78,77.74,77.814,5232,0
H1D5.DE,D,20200619,000000,78.224,78.742,78.224,78.41,3775,0
H1D5.DE,D,20200622,000000,77.15,77.638,77.15,77.624,4806,0
H1D5.DE,D,20200623,000000,78.216,78.978,78.216,78.8,710,0
H1D5.DE,D,20200624,000000,78.258,78.438,76.444,76.45,15210,0
H1D5.DE,D,20200625,000000,75.972,76.458,75.972,76.138,9547,0
H1D5.DE,D,20200626,000000,76.996,77.268,75.61,75.832,8702,0
H1D5.DE,D,20200629,000000,75.598,76.116,75.598,76.116,102,0
H1D5.DE,D,20200630,000000,76.472,76.974,76.418,76.974,5322,0
H1D5.DE,D,20200701,000000,77.398,77.968,77.09,77.714,1362,0
H1D5.DE,D,20200702,000000,78.174,78.704,78.174,78.704,602,0
H1D5.DE,D,20200703,000000,78.676,78.676,78.058,78.252,596,0
H1D5.DE,D,20200706,000000,79.386,79.742,79.372,79.64,1125,0
H1D5.DE,D,20200707,000000,79.19,79.562,78.928,79.562,105,0
H1D5.DE,D,20200708,000000,78.762,79.094,78.762,78.778,390,0
H1D5.DE,D,20200709,000000,79.316,79.316,78.32,78.32,40,0
H1D5.DE,D,20200710,000000,78.178,79.128,78.178,79.128,2035,0
H1D5.DE,D,20200713,000000,80.198,80.81,80.198,80.81,178,0
H1D5.DE,D,20200714,000000,79.392,79.392,79.116,79.25,799,0
H1D5.DE,D,20200715,000000,80.452,81.076,80.452,80.63,1304,0
H1D5.DE,D,20200716,000000,80.27,80.27,80.156,80.214,322,0
H1D5.DE,D,20200717,000000,80.37,80.564,80.37,80.564,38,0
H1D5.DE,D,20200720,000000,80.116,80.94,80.116,80.94,815,0
H1D5.DE,D,20200721,000000,81.748,81.95,81.72,81.904,164,0
H1D5.DE,D,20200722,000000,81.56,81.61,81.138,81.61,75,0
H1D5.DE,D,20200723,000000,82.162,82.172,81.79,81.912,15526,0
H1D5.DE,D,20200724,000000,80.424,80.832,80.338,80.562,1038,0
H1D5.DE,D,20200727,000000,80.696,80.9,80.64,80.64,228,0
H1D5.DE,D,20200728,000000,81.074,81.074,80.638,81.03,2271,0
H1D5.DE,D,20200729,000000,80.764,81.204,80.738,81.204,282,0
H1D5.DE,D,20200730,000000,81.168,81.168,80.252,80.884,70924,0
H1D5.DE,D,20200731,000000,81.646,81.664,81.106,81.106,4283,0
H1D5.DE,D,20200803,000000,81.73,82.456,81.73,82.456,1007,0
H1D5.DE,D,20200804,000000,82.6,82.718,82.138,82.552,102,0
H1D5.DE,D,20200805,000000,82.99,83.296,82.99,83.296,274,0
H1D5.DE,D,20200806,000000,83.156,83.158,82.908,83.158,47,0
H1D5.DE,D,20200807,000000,83.564,83.732,83.326,83.732,2722,0
H1D5.DE,D,20200810,000000,83.874,83.924,83.66,83.828,4833,0
H1D5.DE,D,20200811,000000,84.284,84.556,84.122,84.428,963,0
H1D5.DE,D,20200812,000000,83.88,84.54,83.88,84.54,157,0
H1D5.DE,D,20200813,000000,84.44,84.714,84.362,84.608,165,0
H1D5.DE,D,20200814,000000,84.534,84.534,84.174,84.502,125,0
H1D5.DE,D,20200817,000000,84.578,84.706,84.4,84.674,204,0
H1D5.DE,D,20200818,000000,84.488,84.822,84.488,84.718,205,0
H1D5.DE,D,20200819,000000,84.848,85.076,84.848,85.076,183,0
H1D5.DE,D,20200820,000000,84.022,84.546,84.022,84.546,909,0
H1D5.DE,D,20200821,000000,84.8,84.8,84.552,84.77,1559,0
H1D5.DE,D,20200824,000000,85.542,85.69,85.542,85.626,5017,0
H1D5.DE,D,20200825,000000,86.296,86.296,85.926,85.926,368,0
H1D5.DE,D,20200826,000000,86.12,86.552,86.12,86.552,149,0
H1D5.DE,D,20200827,000000,87.026,87.512,86.978,87.512,233,0
H1D5.DE,D,20200828,000000,87.698,87.698,87.398,87.422,187,0
H1D5.DE,D,20200831,000000,88.064,88.064,87.668,87.798,304,0
H1D5.DE,D,20200901,000000,87.9,88.1,87.506,88.1,695,0
H1D5.DE,D,20200902,000000,88.598,88.926,88.536,88.77,23837,0
H1D5.DE,D,20200903,000000,89.56,89.56,86.698,86.894,139,0
H1D5.DE,D,20200904,000000,86.036,87.006,84.126,84.544,26279,0
H1D5.DE,D,20200907,000000,85.148,86.018,85.106,85.958,869,0
H1D5.DE,D,20200908,000000,86.07,86.07,83.582,83.806,9778,0
H1D5.DE,D,20200909,000000,83.52,85.122,83.52,85.122,11539,0
H1D5.DE,D,20200910,000000,85.082,85.194,84.658,85.194,1434,0
H1D5.DE,D,20200911,000000,84.186,84.318,83.51,83.786,5388,0
H1D5.DE,D,20200914,000000,84.606,85.018,84.234,85.018,1099,0
H1D5.DE,D,20200915,000000,84.904,85.5,84.878,85.5,855,0
H1D5.DE,D,20200916,000000,85.402,85.688,85.384,85.592,96,0
H1D5.DE,D,20200917,000000,83.564,84.362,83.564,84.114,505,0
H1D5.DE,D,20200918,000000,84.064,84.314,83.422,83.422,783,0
H1D5.DE,D,20200921,000000,82.834,82.834,80.878,80.878,844,0
H1D5.DE,D,20200922,000000,81.984,82.4,81.938,82.02,458,0
H1D5.DE,D,20200923,000000,82.84,83.26,82.39,82.39,931,0
H1D5.DE,D,20200924,000000,80.704,81.166,80.424,81.166,162,0
H1D5.DE,D,20200925,000000,81.384,81.72,80.634,81.72,34029,0
H1D5.DE,D,20200928,000000,83.09,83.946,83.09,83.848,3012,0
H1D5.DE,D,20200929,000000,84.016,84.068,83.58,83.638,4996,0
H1D5.DE,D,20200930,000000,83.086,84.578,82.946,84.558,819,0
H1D5.DE,D,20201001,000000,84.83,84.93,84.43,84.722,2387,0
H1D5.DE,D,20201002,000000,83.47,83.96,83.088,83.96,981,0
H1D5.DE,D,20201005,000000,84.368,84.968,84.306,84.968,250,0
H1D5.DE,D,20201006,000000,85.226,85.376,84.986,85.246,1704,0
H1D5.DE,D,20201007,000000,84.536,85.248,84.536,85.248,785,0
H1D5.DE,D,20201008,000000,86.138,86.138,85.894,85.958,1,0
H1D5.DE,D,20201009,000000,86.612,86.872,86.612,86.872,182,0
H1D5.DE,D,20201012,000000,87.35,88.336,87.35,88.336,1267,0
H1D5.DE,D,20201013,000000,88.306,88.57,88.268,88.282,368,0
H1D5.DE,D,20201014,000000,88.192,88.268,87.828,87.892,328,0
H1D5.DE,D,20201015,000000,86.848,86.848,86.216,86.73,573,0
H1D5.DE,D,20201016,000000,87.244,87.726,87.126,87.608,3103,0
H1D5.DE,D,20201019,000000,87.604,87.68,86.93,86.93,11304,0
H1D5.DE,D,20201020,000000,86.29,86.56,86.198,86.198,1320,0
H1D5.DE,D,20201021,000000,86.564,86.564,86.038,86.26,3292,0
H1D5.DE,D,20201022,000000,85.658,86.202,85.608,86,35194,0
H1D5.DE,D,20201023,000000,86.354,86.746,86.354,86.43,223,0
H1D5.DE,D,20201026,000000,85.668,85.73,84.758,84.758,5133,0
H1D5.DE,D,20201027,000000,85.354,85.516,85.05,85.05,170,0
H1D5.DE,D,20201028,000000,84.198,84.198,82.396,82.688,472,0
H1D5.DE,D,20201029,000000,82.834,82.834,81.75,82.674,45,0
H1D5.DE,D,20201030,000000,81.54,82.516,81.496,81.724,4679,0
H1D5.DE,D,20201102,000000,82.094,83.218,82.046,82.896,4685,0
H1D5.DE,D,20201103,000000,83.324,84.812,83.296,84.812,905,0
H1D5.DE,D,20201104,000000,84,86.876,84,86.876,707,0
H1D5.DE,D,20201105,000000,87.144,88.184,87.144,87.968,9277,0
H1D5.DE,D,20201106,000000,87.654,87.894,86.972,87.894,3948,0
H1D5.DE,D,20201109,000000,88.982,91.804,88.982,90.392,8348,0
H1D5.DE,D,20201110,000000,89.082,89.114,87.964,88.566,843,0
H1D5.DE,D,20201111,000000,89.01,89.688,89.01,89.456,3352,0
H1D5.DE,D,20201112,000000,88.946,89.442,88.946,89.134,7814,0
H1D5.DE,D,20201113,000000,88.938,89.428,88.87,89.144,1961,0
H1D5.DE,D,20201116,000000,90.516,90.898,90.28,90.67,40973,0
H1D5.DE,D,20201117,000000,90.578,90.578,89.934,90.406,1679,0
H1D5.DE,D,20201118,000000,90.102,90.65,90.102,90.526,1323,0
H1D5.DE,D,20201119,000000,89.382,89.382,88.88,89.12,8147,0
H1D5.DE,D,20201120,000000,89.318,89.724,89.298,89.604,28211,0
H1D5.DE,D,20201123,000000,89.432,89.62,89.402,89.402,3192,0
H1D5.DE,D,20201124,000000,90.278,90.904,90.2,90.904,7213,0
H1D5.DE,D,20201125,000000,91.196,91.196,90.792,90.792,120,0
H1D5.DE,D,20201126,000000,91.042,91.042,90.866,90.866,101,0
H1D5.DE,D,20201127,000000,90.894,91.21,90.894,91.094,234,0
H1D5.DE,D,20201130,000000,90.498,90.966,90.114,90.114,17153,0
H1D5.DE,D,20201201,000000,91.482,91.914,91.45,91.914,5878,0
H1D5.DE,D,20201202,000000,91.426,91.686,91.42,91.686,25,0
H1D5.DE,D,20201203,000000,91.83,92.12,91.7,92.104,13157,0
H1D5.DE,D,20201204,000000,92.006,92.436,92.006,92.436,2078,0
H1D5.DE,D,20201207,000000,92.37,92.528,92.238,92.524,55,0
H1D5.DE,D,20201208,000000,92.152,92.572,91.87,92.572,1367,0
H1D5.DE,D,20201209,000000,92.862,92.988,92.47,92.47,442,0
H1D5.DE,D,20201210,000000,91.932,92.116,91.9,92.018,169,0
H1D5.DE,D,20201211,000000,91.806,91.806,91.004,91.264,1687,0
H1D5.DE,D,20201214,000000,92.18,92.502,92.068,92.068,630,0
H1D5.DE,D,20201215,000000,91.602,92.07,91.6,91.812,1185,0
H1D5.DE,D,20201216,000000,92.512,92.754,92.422,92.71,138,0
H1D5.DE,D,20201217,000000,93.17,93.206,93.03,93.03,140,0
H1D5.DE,D,20201218,000000,93.024,93.356,92.622,92.622,2640,0
H1D5.DE,D,20201221,000000,92.484,92.612,90.64,91.742,2815,0
H1D5.DE,D,20201222,000000,92.22,92.754,92.22,92.28,29676,0
H1D5.DE,D,20201223,000000,92.474,92.72,92.466,92.69,2404,0
H1D5.DE,D,20201228,000000,93.304,93.534,93.216,93.418,435,0
H1D5.DE,D,20201229,000000,93.906,93.926,93.608,93.608,53,0
H1D5.DE,D,20201230,000000,93.618,93.75,93.41,93.41,536,0
H1D5.DE,D,20210104,000000,94.402,94.616,92.44,92.44,581,0
H1D5.DE,D,20210105,000000,92.496,92.874,92.496,92.868,5657,0
H1D5.DE,D,20210106,000000,93.054,94.24,92.652,94.24,907,0
H1D5.DE,D,20210107,000000,94.48,95.322,94.132,95.152,351,0
H1D5.DE,D,20210108,000000,95.614,95.652,95.344,95.344,3340,0
H1D5.DE,D,20210111,000000,95.27,95.354,94.904,95.354,1371,0
H1D5.DE,D,20210112,000000,95.324,95.408,95.04,95.206,7936,0
H1D5.DE,D,20210113,000000,95.296,95.318,94.82,95.316,448,0
H1D5.DE,D,20210114,000000,95.534,95.542,95.484,95.532,148,0
H1D5.DE,D,20210115,000000,94.766,94.766,93.864,94.5,326,0
H1D5.DE,D,20210118,000000,94.154,94.48,94.154,94.48,269,0
H1D5.DE,D,20210119,000000,95.03,95.03,94.64,94.64,7429,0
H1D5.DE,D,20210120,000000,95.19,96.094,95.176,96.07,14380,0
H1D5.DE,D,20210121,000000,96.726,96.726,96.41,96.41,20,0
H1D5.DE,D,20210122,000000,96.006,96.108,95.71,96.108,2374,0
H1D5.DE,D,20210125,000000,96.554,96.554,95.114,95.758,148,0
H1D5.DE,D,20210126,000000,96.038,96.76,96.038,96.46,2793,0
H1D5.DE,D,20210127,000000,96.154,96.27,94.398,94.724,753,0
H1D5.DE,D,20210128,000000,93.444,95.516,93.132,95.47,935,0
H1D5.DE,D,20210129,000000,93.474,94.372,93.428,93.428,622,0
H1D5.DE,D,20210201,000000,93.55,94.004,93.54,94.004,1074,0
H1D5.DE,D,20210202,000000,94.9,96.046,94.9,96.046,918,0
H1D5.DE,D,20210203,000000,96.338,96.338,95.842,95.862,141,0
H1D5.DE,D,20210204,000000,95.848,96.53,95.848,96.53,100,0
H1D5.DE,D,20210205,000000,97.094,97.442,97.094,97.33,470,0
H1D5.DE,D,20210208,000000,97.608,97.772,97.564,97.588,75,0
H1D5.DE,D,20210209,000000,97.992,97.992,97.802,97.928,1613,0
H1D5.DE,D,20210210,000000,98.32,98.412,97.772,97.772,44,0
H1D5.DE,D,20210211,000000,98.038,98.124,98.038,98.088,56,0
H1D5.DE,D,20210212,000000,97.844,98.252,97.79,98.252,1340,0
H1D5.DE,D,20210215,000000,98.89,99.06,98.89,98.978,793,0
H1D5.DE,D,20210216,000000,99.056,99.09,98.502,98.568,6714,0
H1D5.DE,D,20210217,000000,98.336,98.446,97.768,97.768,13881,0
H1D5.DE,D,20210218,000000,98.19,98.228,97.414,97.628,28146,0
H1D5.DE,D,20210219,000000,97.928,98.394,97.928,98.394,3776,0
H1D5.DE,D,20210222,000000,97.044,97.358,96.996,97.35,13938,0
H1D5.DE,D,20210223,000000,97.518,97.518,95.74,96.614,5100,0
H1D5.DE,D,20210224,000000,97.054,97.746,96.692,97.746,14311,0
H1D5.DE,D,20210225,000000,98.426,98.426,97.35,97.35,10435,0
H1D5.DE,D,20210226,000000,95.608,96.394,95.082,96.222,31463,0
H1D5.DE,D,20210301,000000,96.594,97.616,96.422,97.612,10227,0
H1D5.DE,D,20210302,000000,97.234,97.746,97.034,97.176,1026,0
H1D5.DE,D,20210303,000000,97.53,97.532,96.458,96.928,5130,0
H1D5.DE,D,20210304,000000,95.614,96.002,95.018,95.902,32953,0
H1D5.DE,D,20210305,000000,94.138,95.424,93.74,93.888,6437,0
H1D5.DE,D,20210308,000000,95.58,96.962,95.24,96.922,6097,0
H1D5.DE,D,20210309,000000,96.474,97.542,96.474,97.468,3742,0
H1D5.DE,D,20210310,000000,96.966,98.036,96.966,97.864,2882,0
H1D5.DE,D,20210311,000000,98.378,99.14,98.358,99.14,3802,0
H1D5.DE,D,20210312,000000,98.398,98.48,98.084,98.382,8179,0
H1D5.DE,D,20210315,000000,98.87,99.216,98.782,98.808,829,0
H1D5.DE,D,20210316,000000,99.536,99.774,99.482,99.596,1121,0
H1D5.DE,D,20210317,000000,99.416,99.422,98.862,98.9,2174,0
H1D5.DE,D,20210318,000000,99.39,99.418,99.03,99.318,872,0
H1D5.DE,D,20210319,000000,98.494,98.506,97.544,98.496,1142,0
H1D5.DE,D,20210322,000000,97.782,98.934,97.782,98.934,1424,0
H1D5.DE,D,20210323,000000,98.618,98.776,98.51,98.776,1325,0
H1D5.DE,D,20210324,000000,97.964,98.662,97.964,98.62,10923,0
H1D5.DE,D,20210325,000000,97.562,97.562,96.968,97.54,695,0
H1D5.DE,D,20210326,000000,98.486,98.762,98.192,98.762,1269,0
H1D5.DE,D,20210329,000000,99.198,99.444,99.034,99.286,607,0
H1D5.DE,D,20210330,000000,99.654,99.654,99.336,99.34,32,0
H1D5.DE,D,20210331,000000,99.24,99.918,99.24,99.9,748,0
H1D5.DE,D,20210401,000000,99.968,100.51,99.968,100.51,884,0
H1D5.DE,D,20210406,000000,101.995,102.455,101.96,102.455,15027,0
H1D5.DE,D,20210407,000000,102.275,102.285,102.09,102.265,1938,0
H1D5.DE,D,20210408,000000,102.75,102.75,102.66,102.66,3,0
H1D5.DE,D,20210409,000000,102.845,103.015,102.74,102.92,1480,0
H1D5.DE,D,20210412,000000,103.265,103.46,103.265,103.365,1492,0
H1D5.DE,D,20210413,000000,103.55,103.63,103.225,103.63,158,0
H1D5.DE,D,20210414,000000,103.92,104.04,103.89,103.995,1337,0
H1D5.DE,D,20210415,000000,103.915,104.495,103.915,104.3,1243,0
H1D5.DE,D,20210416,000000,104.43,104.74,104.43,104.74,79,0
H1D5.DE,D,20210419,000000,104.765,104.85,104.36,104.48,10636,0
H1D5.DE,D,20210420,000000,104.595,104.595,103.41,103.41,11469,0
H1D5.DE,D,20210421,000000,103.74,104.29,103.55,104.29,7201,0
H1D5.DE,D,20210422,000000,104.61,104.73,104.405,104.73,1450,0
H1D5.DE,D,20210423,000000,103.885,104.735,103.885,104.735,328,0
H1D5.DE,D,20210426,000000,104.88,105.15,104.675,105.145,785,0
H1D5.DE,D,20210427,000000,105.185,105.215,104.98,104.98,106,0
H1D5.DE,D,20210428,000000,105.17,105.17,105.045,105.105,222,0
H1D5.DE,D,20210429,000000,105.58,105.69,105.175,105.175,495,0
H1D5.DE,D,20210430,000000,105.365,105.365,104.89,104.935,4440,0
H1D5.DE,D,20210503,000000,105.275,105.465,105.24,105.325,428,0
H1D5.DE,D,20210504,000000,105.055,105.07,103.87,103.87,1139,0
H1D5.DE,D,20210505,000000,104.64,104.955,104.64,104.86,992,0
H1D5.DE,D,20210506,000000,104.765,104.765,104.265,104.76,79,0
H1D5.DE,D,20210507,000000,105.435,106.26,105.435,106.26,389,0
H1D5.DE,D,20210510,000000,106.175,106.23,106.07,106.115,3,0
H1D5.DE,D,20210511,000000,104.685,104.685,103.34,104.075,39825,0
H1D5.DE,D,20210512,000000,103.98,103.98,102.765,102.765,34954,0
H1D5.DE,D,20210513,000000,101.87,103.525,101.395,103.12,7083,0
H1D5.DE,D,20210514,000000,103.72,104.5,103.64,104.5,7803,0
H1D5.DE,D,20210517,000000,104.665,104.695,104.145,104.19,1082,0
H1D5.DE,D,20210518,000000,104.915,104.915,104.355,104.355,579,0
H1D5.DE,D,20210519,000000,103.13,103.25,101.995,102.485,1643,0
H1D5.DE,D,20210520,000000,103.15,104.38,102.78,104.38,83,0
H1D5.DE,D,20210521,000000,104.58,104.825,104.58,104.705,213,0
H1D5.DE,D,20210525,000000,105.675,105.675,105.14,105.14,914,0
H1D5.DE,D,20210526,000000,105.475,105.475,105.005,105.245,2424,0
H1D5.DE,D,20210527,000000,105.05,105.505,105.05,105.505,1842,0
H1D5.DE,D,20210528,000000,105.65,105.845,105.65,105.735,41,0
H1D5.DE,D,20210531,000000,105.61,105.63,105.265,105.265,34,0
H1D5.DE,D,20210601,000000,105.705,106.05,105.6,105.655,992,0
H1D5.DE,D,20210602,000000,105.44,105.81,105.36,105.81,4744,0
H1D5.DE,D,20210603,000000,105.545,105.545,104.93,105.305,2402,0
H1D5.DE,D,20210604,000000,105.225,106.03,105.225,105.975,1019,0
H1D5.DE,D,20210607,000000,105.98,106.145,105.855,105.86,598,0
H1D5.DE,D,20210608,000000,106.1,106.29,105.78,105.78,7329,0
H1D5.DE,D,20210609,000000,106.06,106.175,106.06,106.165,920,0
H1D5.DE,D,20210610,000000,105.92,106.345,105.92,106.345,40,0
H1D5.DE,D,20210611,000000,106.365,106.6,106.245,106.38,2170,0
H1D5.DE,D,20210614,000000,106.76,106.76,106.335,106.335,1854,0
H1D5.DE,D,20210615,000000,107.065,107.065,106.435,106.435,234,0
H1D5.DE,D,20210616,000000,106.66,106.66,106.47,106.56,2320,0
H1D5.DE,D,20210617,000000,105.585,106.095,105.455,106.095,1381,0
H1D5.DE,D,20210618,000000,106.045,106.045,104.815,104.875,245,0
H1D5.DE,D,20210621,000000,104.3,105.79,104.3,105.79,271,0
H1D5.DE,D,20210622,000000,106.095,106.41,105.975,106.41,68,0
H1D5.DE,D,20210623,000000,106.825,106.825,106.56,106.585,4102,0
H1D5.DE,D,20210624,000000,106.715,107.06,106.715,107.06,229,0
H1D5.DE,D,20210625,000000,107.13,107.37,107.13,107.37,1155,0
H1D5.DE,D,20210628,000000,107.52,107.645,107.35,107.35,61,0
H1D5.DE,D,20210629,000000,107.665,107.86,107.625,107.86,323,0
H1D5.DE,D,20210630,000000,107.81,107.815,107.43,107.815,633,0
H1D5.DE,D,20210701,000000,108.095,108.3,107.92,108.16,599,0
H1D5.DE,D,20210702,000000,108.44,108.85,108.44,108.85,101,0
H1D5.DE,D,20210705,000000,109.07,109.315,109.07,109.315,245,0
H1D5.DE,D,20210706,000000,109.16,109.18,108.545,108.695,1158,0
H1D5.DE,D,20210707,000000,109.105,109.24,109.055,109.24,43,0
H1D5.DE,D,20210708,000000,108.84,108.84,107.78,108.265,4453,0
H1D5.DE,D,20210709,000000,108.605,109.56,108.605,109.56,205,0
H1D5.DE,D,20210712,000000,109.57,109.875,109.335,109.875,599,0
H1D5.DE,D,20210713,000000,109.925,110.17,109.825,110.17,268,0
H1D5.DE,D,20210714,000000,109.505,110.255,109.505,109.795,285,0
H1D5.DE,D,20210715,000000,109.755,109.755,109.385,109.605,1293,0
H1D5.DE,D,20210716,000000,109.445,109.585,109.145,109.145,460,0
H1D5.DE,D,20210719,000000,108.23,108.23,106.61,107,2574,0
H1D5.DE,D,20210720,000000,107.455,108.21,107.14,108.21,2024,0
H1D5.DE,D,20210721,000000,108.575,109.125,108.575,109.125,99,0
H1D5.DE,D,20210722,000000,109.575,109.575,109.34,109.36,1571,0
H1D5.DE,D,20210723,000000,109.9,110.56,109.9,110.56,663,0
H1D5.DE,D,20210726,000000,110.395,110.925,110.23,110.925,6447,0
H1D5.DE,D,20210727,000000,110.69,110.895,110.015,110.015,10534,0
H1D5.DE,D,20210728,000000,110.345,110.645,110.345,110.6,1043,0
H1D5.DE,D,20210729,000000,110.62,111.1,110.56,111.1,431,0
H1D5.DE,D,20210730,000000,109.96,110.525,109.96,110.39,619,0
H1D5.DE,D,20210802,000000,111.08,111.08,110.775,110.79,629,0
H1D5.DE,D,20210803,000000,110.405,110.55,110.19,110.355,374,0
H1D5.DE,D,20210804,000000,110.985,110.985,110.58,110.6,3062,0
H1D5.DE,D,20210805,000000,110.595,111.035,110.595,111.035,516,0
H1D5.DE,D,20210806,000000,111.14,111.305,111.14,111.305,19,0
H1D5.DE,D,20210809,000000,111.2,111.265,111.17,111.265,62,0
H1D5.DE,D,20210810,000000,111.225,111.32,111.225,111.32,48,0
H1D5.DE,D,20210811,000000,111.33,111.64,111.26,111.5,700,0
H1D5.DE,D,20210812,000000,111.555,111.71,111.555,111.71,190,0
H1D5.DE,D,20210813,000000,112.01,112.125,112.01,112.125,98,0
H1D5.DE,D,20210816,000000,111.845,111.925,111.49,111.825,663,0
H1D5.DE,D,20210817,000000,112,112,111.77,111.77,713,0
H1D5.DE,D,20210818,000000,111.775,111.775,111.475,111.56,716,0
H1D5.DE,D,20210819,000000,109.64,110.52,109.3,110.52,1042,0
H1D5.DE,D,20210820,000000,110.25,111.385,109.96,111.32,5380,0
H1D5.DE,D,20210823,000000,111.89,112.595,111.845,112.535,2470,0
H1D5.DE,D,20210824,000000,112.795,112.795,112.575,112.73,9022,0
