<TICKER>,<PER>,<DATE>,<TIME>,<OPEN>,<HIGH>,<LOW>,<CLOSE>,<VOL>,<OPENINT>
IS06.DE,D,20170227,000000,4.906101,4.90707,4.904165,4.905133,94892,0
IS06.DE,D,20170228,000000,4.905133,4.905133,4.897387,4.903197,111923,0
IS06.DE,D,20170301,000000,4.903197,4.903197,4.890609,4.894482,77479,0
IS06.DE,D,20170302,000000,4.894482,4.894482,4.887705,4.892546,156065,0
IS06.DE,D,20170303,000000,4.894482,4.894482,4.8848,4.8848,16486,0
IS06.DE,D,20170306,000000,4.890609,4.893514,4.883832,4.885768,49534,0
IS06.DE,D,20170307,000000,4.892546,4.898355,4.889641,4.892546,37730,0
IS06.DE,D,20170308,000000,4.887705,4.888673,4.879959,4.882863,142695,0
IS06.DE,D,20170309,000000,4.883832,4.8848,4.874149,4.876086,68326,0
IS06.DE,D,20170310,000000,4.87899,4.87899,4.860594,4.860594,95804,0
IS06.DE,D,20170313,000000,4.861562,4.871245,4.861562,4.86834,46020,0
IS06.DE,D,20170314,000000,4.865435,4.870276,4.860594,4.867372,41418,0
IS06.DE,D,20170315,000000,4.869308,4.879959,4.86834,4.877054,39479,0
IS06.DE,D,20170316,000000,4.875118,4.883832,4.875118,4.878022,96933,0
IS06.DE,D,20170317,000000,4.879959,4.879959,4.870276,4.876086,100315,0
IS06.DE,D,20170320,000000,4.881895,4.883832,4.875118,4.881895,49321,0
IS06.DE,D,20170321,000000,4.873181,4.878022,4.871245,4.877054,45163,0
IS06.DE,D,20170322,000000,4.875118,4.883832,4.875118,4.87899,30186,0
IS06.DE,D,20170323,000000,4.8848,4.887705,4.875118,4.878022,84894,0
IS06.DE,D,20170324,000000,4.87899,4.882863,4.875118,4.878022,23390,0
IS06.DE,D,20170327,000000,4.882863,4.885768,4.87899,4.87899,136694,0
IS06.DE,D,20170328,000000,4.881895,4.885768,4.87899,4.879959,64806,0
IS06.DE,D,20170329,000000,4.8848,4.892546,4.879959,4.892546,128350,0
IS06.DE,D,20170330,000000,4.892546,4.900292,4.891578,4.895451,11158,0
IS06.DE,D,20170331,000000,4.891578,4.90126,4.891578,4.898355,45351,0
IS06.DE,D,20170403,000000,4.90126,4.903197,4.897387,4.902228,11105,0
IS06.DE,D,20170404,000000,4.909974,4.914816,4.90707,4.910943,67255,0
IS06.DE,D,20170405,000000,4.912879,4.912879,4.902228,4.908038,18058,0
IS06.DE,D,20170406,000000,4.90707,4.909974,4.903197,4.905133,53724,0
IS06.DE,D,20170407,000000,4.910943,4.91772,4.908038,4.912879,82176,0
IS06.DE,D,20170410,000000,4.911911,4.91772,4.911911,4.915784,15012,0
IS06.DE,D,20170411,000000,4.918689,4.920625,4.912879,4.915784,175745,0
IS06.DE,D,20170412,000000,4.91772,4.918689,4.912879,4.914816,51884,0
IS06.DE,D,20170413,000000,4.922562,4.92353,4.91772,4.91772,173585,0
IS06.DE,D,20170418,000000,4.915784,4.92353,4.915784,4.921593,19745,0
IS06.DE,D,20170419,000000,4.918689,4.92353,4.912879,4.915784,78790,0
IS06.DE,D,20170420,000000,4.909974,4.912879,4.908038,4.912879,58079,0
IS06.DE,D,20170421,000000,4.913847,4.91772,4.910943,4.914816,173217,0
IS06.DE,D,20170424,000000,4.908038,4.910943,4.904165,4.910943,22086,0
IS06.DE,D,20170425,000000,4.913847,4.922562,4.905133,4.90707,158895,0
IS06.DE,D,20170426,000000,4.909006,4.918689,4.909006,4.918689,112046,0
IS06.DE,D,20170427,000000,4.920625,4.933212,4.919657,4.932244,77934,0
IS06.DE,D,20170428,000000,4.933212,4.933212,4.924498,4.931276,134097,0
IS06.DE,D,20170502,000000,4.938053,4.938053,4.928371,4.932244,77586,0
IS06.DE,D,20170503,000000,4.935149,4.93999,4.932244,4.936117,157570,0
IS06.DE,D,20170504,000000,4.93999,4.940958,4.931276,4.939022,116608,0
IS06.DE,D,20170505,000000,4.938053,4.93999,4.933212,4.933212,32756,0
IS06.DE,D,20170508,000000,4.938053,4.93999,4.924498,4.934181,29950,0
IS06.DE,D,20170509,000000,4.931276,4.93999,4.931276,4.939022,58843,0
IS06.DE,D,20170510,000000,4.942895,4.947736,4.939022,4.941926,90388,0
IS06.DE,D,20170511,000000,4.938053,4.947736,4.937085,4.946768,442558,0
IS06.DE,D,20170512,000000,4.947736,4.949672,4.942895,4.948704,28899,0
IS06.DE,D,20170515,000000,4.940958,4.946768,4.940958,4.946768,81396,0
IS06.DE,D,20170516,000000,4.939022,4.941926,4.936117,4.940958,67241,0
IS06.DE,D,20170517,000000,4.940958,4.946768,4.936117,4.944831,169583,0
IS06.DE,D,20170518,000000,4.941926,4.942895,4.938053,4.93999,111190,0
IS06.DE,D,20170519,000000,4.939022,4.942895,4.935149,4.93999,11785,0
IS06.DE,D,20170522,000000,4.939022,4.942895,4.935149,4.93999,82141,0
IS06.DE,D,20170523,000000,4.940958,4.941926,4.932244,4.939022,73969,0
IS06.DE,D,20170524,000000,4.938053,4.945799,4.936117,4.943863,50966,0
IS06.DE,D,20170525,000000,4.946768,4.952577,4.946768,4.950641,5075,0
IS06.DE,D,20170526,000000,4.946768,4.952577,4.942895,4.951609,60756,0
IS06.DE,D,20170529,000000,4.952577,4.960323,4.952577,4.958387,22569,0
IS06.DE,D,20170530,000000,4.953545,4.961291,4.950641,4.961291,273886,0
IS06.DE,D,20170531,000000,4.950641,4.959355,4.950641,4.959355,25077,0
IS06.DE,D,20170601,000000,4.961291,4.961291,4.955482,4.960323,108890,0
IS06.DE,D,20170602,000000,4.960323,4.965164,4.95645,4.963228,61361,0
IS06.DE,D,20170606,000000,4.966133,4.967101,4.958387,4.966133,36020,0
IS06.DE,D,20170607,000000,4.969037,4.969037,4.96226,4.965164,30917,0
IS06.DE,D,20170608,000000,4.963228,4.967101,4.96226,4.967101,8810,0
IS06.DE,D,20170609,000000,4.970974,4.970974,4.965164,4.965164,12120,0
IS06.DE,D,20170612,000000,4.966133,4.966133,4.961291,4.964196,23595,0
IS06.DE,D,20170613,000000,4.961291,4.966133,4.961291,4.964196,140143,0
IS06.DE,D,20170614,000000,4.96226,4.973879,4.96226,4.973879,61376,0
IS06.DE,D,20170615,000000,4.970006,4.971942,4.961291,4.961291,24595,0
IS06.DE,D,20170616,000000,4.95645,4.967101,4.955482,4.966133,33277,0
IS06.DE,D,20170619,000000,4.963228,4.969037,4.963228,4.967101,16161,0
IS06.DE,D,20170620,000000,4.967101,4.974847,4.967101,4.97291,310721,0
IS06.DE,D,20170621,000000,4.969037,4.976783,4.969037,4.973879,50075,0
IS06.DE,D,20170622,000000,4.977752,4.977752,4.968069,4.975815,75675,0
IS06.DE,D,20170623,000000,4.973879,4.976783,4.970006,4.975815,43422,0
IS06.DE,D,20170626,000000,4.97291,4.982593,4.97291,4.979688,300863,0
IS06.DE,D,20170627,000000,4.980656,4.980656,4.957418,4.960323,66905,0
IS06.DE,D,20170628,000000,4.946768,4.961291,4.946768,4.952577,98113,0
IS06.DE,D,20170629,000000,4.953545,4.954514,4.941926,4.941926,50179,0
IS06.DE,D,20170630,000000,4.936117,4.945799,4.936117,4.940958,142525,0
IS06.DE,D,20170703,000000,4.942895,4.943863,4.934181,4.940958,184625,0
IS06.DE,D,20170704,000000,4.944831,4.947736,4.93999,4.945799,32294,0
IS06.DE,D,20170705,000000,4.944831,4.950641,4.941926,4.943863,123844,0
IS06.DE,D,20170706,000000,4.949672,4.949672,4.931276,4.93999,154549,0
IS06.DE,D,20170707,000000,4.928371,4.933212,4.927403,4.931276,33910,0
IS06.DE,D,20170710,000000,4.934181,4.93999,4.934181,4.937085,28853,0
IS06.DE,D,20170711,000000,4.935149,4.938053,4.931276,4.936117,43505,0
IS06.DE,D,20170712,000000,4.938053,4.950641,4.938053,4.944831,15813,0
IS06.DE,D,20170713,000000,4.952733,4.953708,4.94688,4.949806,41225,0
IS06.DE,D,20170714,000000,4.954684,4.957611,4.949806,4.956635,28571,0
IS06.DE,D,20170717,000000,4.951757,4.958586,4.948831,4.956635,83908,0
IS06.DE,D,20170718,000000,4.962488,4.965415,4.962488,4.965415,123987,0
IS06.DE,D,20170719,000000,4.969317,4.973219,4.965415,4.969317,51264,0
IS06.DE,D,20170720,000000,4.972243,4.979072,4.965415,4.973219,67881,0
IS06.DE,D,20170721,000000,4.980048,4.981999,4.978097,4.979072,26574,0
IS06.DE,D,20170724,000000,4.981023,4.985901,4.980048,4.982974,40770,0
IS06.DE,D,20170725,000000,4.98395,4.985901,4.972243,4.977121,60117,0
IS06.DE,D,20170726,000000,4.972243,4.980048,4.972243,4.978097,43061,0
IS06.DE,D,20170727,000000,4.985901,4.987852,4.981023,4.987852,34892,0
IS06.DE,D,20170728,000000,4.984925,4.987852,4.981023,4.986876,449098,0
IS06.DE,D,20170731,000000,4.980048,4.987852,4.980048,4.987852,18728,0
IS06.DE,D,20170801,000000,4.990778,4.999558,4.985901,4.998583,26467,0
IS06.DE,D,20170802,000000,4.999558,5.001509,4.99468,5.000534,198820,0
IS06.DE,D,20170803,000000,4.995656,5.007362,4.995656,5.007362,2850,0
IS06.DE,D,20170804,000000,5.002485,5.008338,5.001509,5.006387,70210,0
IS06.DE,D,20170807,000000,5.009313,5.009313,4.999558,5.006387,36340,0
IS06.DE,D,20170808,000000,5.008338,5.008338,5.000534,5.001509,69009,0
IS06.DE,D,20170809,000000,5.004436,5.004436,4.998583,5.00346,59839,0
IS06.DE,D,20170810,000000,5.001509,5.00346,4.997607,4.997607,16670,0
IS06.DE,D,20170811,000000,4.993705,5.000534,4.989803,4.997607,49213,0
IS06.DE,D,20170814,000000,5.004436,5.004436,4.995656,5.002485,34129,0
IS06.DE,D,20170815,000000,4.998583,5.004436,4.99468,4.997607,55134,0
IS06.DE,D,20170816,000000,5.001509,5.002485,4.992729,4.998583,53439,0
IS06.DE,D,20170817,000000,5.006387,5.006387,4.99468,4.996632,69353,0
IS06.DE,D,20170818,000000,5.002485,5.00346,4.993705,5.001509,27744,0
IS06.DE,D,20170821,000000,5.002485,5.002485,4.995656,4.997607,19326,0
IS06.DE,D,20170822,000000,4.999558,5.000534,4.995656,4.998583,66868,0
IS06.DE,D,20170824,000000,5.00346,5.004436,4.999558,5.002485,51617,0
IS06.DE,D,20170825,000000,5.004436,5.004436,4.995656,5.002485,122482,0
IS06.DE,D,20170828,000000,5.001509,5.006387,4.998583,5.002485,14402,0
IS06.DE,D,20170829,000000,5.009313,5.009313,5.004436,5.004436,8005,0
IS06.DE,D,20170830,000000,5.000534,5.005411,4.996632,5.00346,58772,0
IS06.DE,D,20170831,000000,4.999558,5.004436,4.998583,5.00346,27494,0
IS06.DE,D,20170901,000000,4.999558,5.004436,4.996632,5.001509,32237,0
IS06.DE,D,20170904,000000,4.998583,5.00346,4.99468,4.998583,45202,0
IS06.DE,D,20170905,000000,4.996632,5.005411,4.99468,5.00346,185656,0
IS06.DE,D,20170906,000000,5.001509,5.001509,4.996632,4.999558,58631,0
IS06.DE,D,20170907,000000,4.996632,5.004436,4.996632,5.004436,21161,0
IS06.DE,D,20170908,000000,5.00346,5.005411,5.002485,5.004436,19998,0
IS06.DE,D,20170911,000000,5.002485,5.004436,5.001509,5.004436,12200,0
IS06.DE,D,20170912,000000,5.002485,5.00346,4.996632,4.996632,34706,0
IS06.DE,D,20170913,000000,4.997607,4.997607,4.992729,4.992729,12174,0
IS06.DE,D,20170914,000000,4.999558,4.999558,4.992729,4.993705,23050,0
IS06.DE,D,20170915,000000,4.99468,4.997607,4.990778,4.990778,21273,0
IS06.DE,D,20170918,000000,4.99468,4.99468,4.987852,4.990778,43344,0
IS06.DE,D,20170919,000000,4.990778,4.996632,4.990778,4.993705,7904,0
IS06.DE,D,20170920,000000,4.993705,4.999558,4.993705,4.997607,45553,0
IS06.DE,D,20170921,000000,4.992729,4.999558,4.992729,4.999558,56027,0
IS06.DE,D,20170922,000000,4.992729,4.998583,4.991754,4.996632,42555,0
IS06.DE,D,20170925,000000,4.996632,5.007362,4.995656,5.004436,14271,0
IS06.DE,D,20170926,000000,5.007362,5.007362,5.001509,5.00346,36938,0
IS06.DE,D,20170927,000000,4.99468,4.999558,4.993705,4.996632,216016,0
IS06.DE,D,20170928,000000,4.993705,4.998583,4.990778,4.99468,52983,0
IS06.DE,D,20170929,000000,4.999558,5.002485,4.99468,4.998583,42284,0
IS06.DE,D,20171002,000000,4.998583,5.000534,4.997607,4.999558,4134,0
IS06.DE,D,20171004,000000,4.999558,5.005411,4.998583,4.998583,33856,0
IS06.DE,D,20171005,000000,5.002485,5.00346,4.996632,4.996632,26177,0
IS06.DE,D,20171006,000000,4.999558,5.001509,4.993705,5.000534,38058,0
IS06.DE,D,20171009,000000,5.004436,5.004436,5.002485,5.004436,4974,0
IS06.DE,D,20171010,000000,5.002485,5.010289,5.001509,5.004436,49414,0
IS06.DE,D,20171011,000000,5.006387,5.009313,5.004436,5.005411,57408,0
IS06.DE,D,20171012,000000,5.008338,5.014191,5.007362,5.010289,115658,0
IS06.DE,D,20171013,000000,5.01224,5.02102,5.01224,5.020044,18417,0
IS06.DE,D,20171016,000000,5.023946,5.028824,5.019069,5.026873,23563,0
IS06.DE,D,20171017,000000,5.026873,5.033701,5.024922,5.032726,52366,0
IS06.DE,D,20171018,000000,5.028824,5.03175,5.024922,5.026873,89962,0
IS06.DE,D,20171019,000000,5.026873,5.029799,5.022971,5.025897,20545,0
IS06.DE,D,20171020,000000,5.021995,5.024922,5.019069,5.021995,34585,0
IS06.DE,D,20171023,000000,5.02102,5.027848,5.02102,5.021995,61459,0
IS06.DE,D,20171024,000000,5.022971,5.022971,5.016142,5.019069,104980,0
IS06.DE,D,20171025,000000,5.018093,5.02102,5.014191,5.018093,36505,0
IS06.DE,D,20171026,000000,5.015166,5.028824,5.015166,5.028824,36252,0
IS06.DE,D,20171027,000000,5.04053,5.046383,5.035652,5.046383,45889,0
IS06.DE,D,20171030,000000,5.045408,5.050285,5.045408,5.050285,18657,0
IS06.DE,D,20171101,000000,5.054187,5.061992,5.054187,5.061992,32485,0
IS06.DE,D,20171102,000000,5.061016,5.064918,5.057114,5.061992,83413,0
IS06.DE,D,20171103,000000,5.066869,5.066869,5.061016,5.064918,17700,0
IS06.DE,D,20171106,000000,5.070771,5.071747,5.066869,5.069796,12191,0
IS06.DE,D,20171107,000000,5.071747,5.073698,5.067845,5.070771,126707,0
IS06.DE,D,20171108,000000,5.067845,5.071747,5.063943,5.063943,132956,0
IS06.DE,D,20171109,000000,5.065894,5.065894,5.046383,5.050285,14979,0
IS06.DE,D,20171110,000000,5.04931,5.04931,5.037604,5.042481,66558,0
IS06.DE,D,20171113,000000,5.04931,5.04931,5.038579,5.038579,14661,0
IS06.DE,D,20171114,000000,5.038579,5.041506,5.035652,5.037604,24813,0
IS06.DE,D,20171115,000000,5.03175,5.033701,5.024922,5.026873,158855,0
IS06.DE,D,20171116,000000,5.034677,5.043457,5.034677,5.043457,149682,0
IS06.DE,D,20171117,000000,5.046383,5.050285,5.046383,5.050285,10461,0
IS06.DE,D,20171120,000000,5.045408,5.04931,5.042481,5.046383,23928,0
IS06.DE,D,20171121,000000,5.046383,5.050285,5.044432,5.048334,13310,0
IS06.DE,D,20171122,000000,5.048334,5.050285,5.043457,5.047359,33558,0
IS06.DE,D,20171123,000000,5.044432,5.052236,5.044432,5.051261,42690,0
IS06.DE,D,20171124,000000,5.04931,5.053212,5.044432,5.051261,40459,0
IS06.DE,D,20171127,000000,5.053212,5.057114,5.052236,5.056138,33325,0
IS06.DE,D,20171128,000000,5.060041,5.061016,5.054187,5.057114,33990,0
IS06.DE,D,20171129,000000,5.051261,5.055163,5.04931,5.04931,38752,0
IS06.DE,D,20171130,000000,5.04931,5.050285,5.045408,5.048334,53967,0
IS06.DE,D,20171201,000000,5.04931,5.060041,5.04931,5.060041,59450,0
IS06.DE,D,20171204,000000,5.057114,5.057114,5.051261,5.054675,113514,0
IS06.DE,D,20171205,000000,5.059065,5.059065,5.053212,5.057114,29609,0
IS06.DE,D,20171206,000000,5.061016,5.062967,5.054187,5.059553,44145,0
IS06.DE,D,20171207,000000,5.057114,5.063943,5.057114,5.062479,12950,0
IS06.DE,D,20171208,000000,5.061016,5.061016,5.054187,5.058089,21736,0
IS06.DE,D,20171211,000000,5.061016,5.062967,5.058089,5.061016,11290,0
IS06.DE,D,20171212,000000,5.060041,5.060041,5.053212,5.056138,7195,0
IS06.DE,D,20171213,000000,5.060041,5.060041,5.050285,5.055163,13712,0
IS06.DE,D,20171214,000000,5.055163,5.056138,5.051261,5.055651,93650,0
IS06.DE,D,20171215,000000,5.064918,5.064918,5.055163,5.057114,23927,0
IS06.DE,D,20171218,000000,5.059065,5.059065,5.04931,5.056138,32601,0
IS06.DE,D,20171219,000000,5.058089,5.059065,5.04053,5.046383,208356,0
IS06.DE,D,20171220,000000,5.050285,5.050285,5.038579,5.04053,55892,0
IS06.DE,D,20171221,000000,5.043457,5.043457,5.032726,5.035652,129944,0
IS06.DE,D,20171222,000000,5.035652,5.04053,5.033701,5.038579,32056,0
IS06.DE,D,20171227,000000,5.041506,5.044432,5.037604,5.044432,29265,0
IS06.DE,D,20171228,000000,5.034677,5.04053,5.034677,5.036628,2153,0
IS06.DE,D,20171229,000000,5.028824,5.038579,5.028824,5.034677,5039,0
IS06.DE,D,20180102,000000,5.036043,5.038384,5.029994,5.035848,32075,0
IS06.DE,D,20180103,000000,5.033701,5.04131,5.033701,5.04131,11255,0
IS06.DE,D,20180104,000000,5.03975,5.045798,5.038969,5.043457,16219,0
IS06.DE,D,20180105,000000,5.047944,5.05048,5.047554,5.047554,113081,0
IS06.DE,D,20180108,000000,5.052041,5.054773,5.051651,5.051651,27153,0
IS06.DE,D,20180109,000000,5.053407,5.055748,5.050676,5.050676,60876,0
IS06.DE,D,20180110,000000,5.038579,5.043847,5.038579,5.039164,189202,0
IS06.DE,D,20180111,000000,5.062819,5.062819,5.038988,5.041155,44851,0
IS06.DE,D,20180112,000000,5.039185,5.044897,5.038988,5.044306,23197,0
IS06.DE,D,20180115,000000,5.041746,5.047654,5.041746,5.044109,9299,0
IS06.DE,D,20180116,000000,5.048442,5.051593,5.048245,5.050608,5126,0
IS06.DE,D,20180117,000000,5.052775,5.053957,5.047654,5.051199,14389,0
IS06.DE,D,20180118,000000,5.051199,5.054547,5.051199,5.051199,81420,0
IS06.DE,D,20180119,000000,5.05376,5.054351,5.048442,5.05376,35820,0
IS06.DE,D,20180122,000000,5.049821,5.057305,5.049821,5.057305,35895,0
IS06.DE,D,20180123,000000,5.05888,5.06538,5.05888,5.063016,33819,0
IS06.DE,D,20180124,000000,5.062819,5.06341,5.056911,5.05888,64899,0
IS06.DE,D,20180222,000000,5.017127,5.017521,5.014369,5.016536,15500,0
IS06.DE,D,20180223,000000,5.019884,5.019884,5.015551,5.018308,10646,0
IS06.DE,D,20180226,000000,5.022248,5.022248,5.015354,5.022051,78633,0
IS06.DE,D,20180227,000000,5.017324,5.024611,5.01693,5.021263,59536,0
IS06.DE,D,20180228,000000,5.022838,5.022838,5.014763,5.021854,72637,0
IS06.DE,D,20180301,000000,5.022248,5.023429,5.022248,5.023429,5200,0
IS06.DE,D,20180302,000000,5.018899,5.021854,5.013779,5.013779,29326,0
IS06.DE,D,20180305,000000,5.013582,5.019096,5.013582,5.016733,49582,0
IS06.DE,D,20180306,000000,5.018308,5.018702,5.008855,5.014763,76863,0
IS06.DE,D,20180307,000000,5.013779,5.013779,5.010234,5.013582,28650,0
IS06.DE,D,20180308,000000,5.0124,5.024217,5.011218,5.024217,16894,0
IS06.DE,D,20180309,000000,5.024611,5.02599,5.021263,5.021263,22286,0
IS06.DE,D,20180312,000000,5.03111,5.03111,5.024217,5.030126,16441,0
IS06.DE,D,20180313,000000,5.027171,5.03308,5.024808,5.032686,60479,0
IS06.DE,D,20180314,000000,5.028944,5.029338,5.023232,5.026383,13657,0
IS06.DE,D,20180315,000000,5.029732,5.032095,5.01693,5.020081,77138,0
IS06.DE,D,20180316,000000,5.018505,5.023823,5.017127,5.020081,12894,0
IS06.DE,D,20180319,000000,5.022051,5.022051,5.009249,5.011415,22739,0
IS06.DE,D,20180320,000000,5.008461,5.010824,5.003734,5.009249,34008,0
IS06.DE,D,20180321,000000,5.004522,5.010037,5.004522,5.009446,55619,0
IS06.DE,D,20180322,000000,5.010037,5.016339,5.008658,5.014566,38800,0
IS06.DE,D,20180323,000000,5.006688,5.010234,5.005901,5.006885,17271,0
IS06.DE,D,20180326,000000,5.001371,5.007082,5.001371,5.005901,18911,0
IS06.DE,D,20180327,000000,5.008855,5.015157,5.008855,5.013188,61727,0
IS06.DE,D,20180328,000000,5.012203,5.017127,5.011218,5.012991,28611,0
IS06.DE,D,20180329,000000,5.014369,5.017127,5.013779,5.014566,28104,0
IS06.DE,D,20180403,000000,5.008461,5.0124,5.008461,5.011415,8289,0
IS06.DE,D,20180404,000000,5.01043,5.01693,5.01043,5.013385,14666,0
IS06.DE,D,20180405,000000,5.013779,5.01496,5.010234,5.012597,27102,0
IS06.DE,D,20180406,000000,5.012006,5.018112,5.012006,5.018112,35636,0
IS06.DE,D,20180409,000000,5.015157,5.020278,5.015157,5.017324,17800,0
IS06.DE,D,20180410,000000,5.02146,5.025202,5.0124,5.018308,223415,0
IS06.DE,D,20180411,000000,5.022248,5.025005,5.017915,5.022838,37200,0
IS06.DE,D,20180412,000000,5.026383,5.026383,5.019293,5.026383,13731,0
IS06.DE,D,20180413,000000,5.021657,5.034262,5.021657,5.031701,12025,0
IS06.DE,D,20180416,000000,5.030913,5.034262,5.029338,5.033474,44041,0
IS06.DE,D,20180417,000000,5.03308,5.039579,5.032292,5.03761,51866,0
IS06.DE,D,20180418,000000,5.040564,5.040564,5.033868,5.034262,67016,0
IS06.DE,D,20180419,000000,5.026187,5.026974,5.018505,5.01949,16328,0
IS06.DE,D,20180420,000000,5.015945,5.021657,5.015945,5.020672,109927,0
IS06.DE,D,20180423,000000,5.015748,5.017521,5.014173,5.015945,39500,0
IS06.DE,D,20180424,000000,5.020475,5.021263,5.013385,5.014173,84566,0
IS06.DE,D,20180425,000000,5.012203,5.014369,5.004325,5.009249,887904,0
IS06.DE,D,20180426,000000,5.015945,5.01949,5.0124,5.017324,42735,0
IS06.DE,D,20180427,000000,5.019096,5.023823,5.018899,5.023823,20275,0
IS06.DE,D,20180430,000000,5.00984,5.024217,5.00984,5.023429,63307,0
IS06.DE,D,20180502,000000,5.021066,5.021066,5.017521,5.020278,12865,0
IS06.DE,D,20180503,000000,5.016536,5.024611,5.016536,5.023429,14933,0
IS06.DE,D,20180504,000000,5.024217,5.024808,5.018505,5.020475,31172,0
IS06.DE,D,20180507,000000,5.016339,5.024414,5.016339,5.022641,46707,0
IS06.DE,D,20180508,000000,5.023232,5.023429,5.016142,5.018702,146106,0
IS06.DE,D,20180509,000000,5.015945,5.019687,5.014566,5.019687,18374,0
IS06.DE,D,20180510,000000,5.020672,5.020672,5.020278,5.020278,2301,0
IS06.DE,D,20180511,000000,5.022248,5.023232,5.018112,5.019096,17311,0
IS06.DE,D,20180514,000000,5.019096,5.019096,5.009052,5.009052,41257,0
IS06.DE,D,20180515,000000,5.008461,5.011612,5.003537,5.007279,59710,0
IS06.DE,D,20180516,000000,5.007082,5.008461,5.001765,5.006491,15228,0
IS06.DE,D,20180517,000000,5.000386,5.005507,4.996447,4.996447,35536,0
IS06.DE,D,20180518,000000,4.996644,5.000977,4.996644,5.000977,33979,0
IS06.DE,D,20180522,000000,4.998023,4.999598,4.988175,4.992114,456167,0
IS06.DE,D,20180523,000000,5.001174,5.001174,4.985221,4.986796,109281,0
IS06.DE,D,20180524,000000,4.985812,4.994871,4.985812,4.991326,44880,0
IS06.DE,D,20180525,000000,4.989948,4.997629,4.987781,4.987781,63322,0
IS06.DE,D,20180528,000000,5.002552,5.002552,4.996053,4.998023,4400,0
IS06.DE,D,20180529,000000,4.99428,4.996053,4.960996,4.97557,424029,0
IS06.DE,D,20180530,000000,4.972616,4.981282,4.972419,4.972419,56673,0
IS06.DE,D,20180531,000000,4.975964,4.99369,4.975964,4.986009,70929,0
IS06.DE,D,20180601,000000,4.988175,4.995659,4.988175,4.995462,30400,0
IS06.DE,D,20180604,000000,4.99625,5.001371,4.99625,4.999007,29922,0
IS06.DE,D,20180605,000000,5.002749,5.004719,5.002552,5.003537,35308,0
IS06.DE,D,20180606,000000,4.986993,4.999007,4.973798,4.977934,316403,0
IS06.DE,D,20180607,000000,4.97754,4.980494,4.966904,4.977146,132740,0
IS06.DE,D,20180608,000000,4.973995,4.981479,4.97104,4.975176,25164,0
IS06.DE,D,20180611,000000,4.970252,4.981085,4.970252,4.971631,273184,0
IS06.DE,D,20180612,000000,4.972616,4.97301,4.966904,4.971237,27230,0
IS06.DE,D,20180613,000000,4.973404,4.976949,4.97301,4.976949,6929,0
IS06.DE,D,20180614,000000,4.974782,4.994084,4.974782,4.994084,1454,0
IS06.DE,D,20180615,000000,5.005113,5.00787,5.00334,5.00334,85499,0
IS06.DE,D,20180618,000000,4.995659,5.006098,4.995659,5.002552,19298,0
IS06.DE,D,20180619,000000,5.002159,5.003537,4.996447,5.000189,66624,0
IS06.DE,D,20180620,000000,5.003734,5.006885,5.001962,5.005113,23995,0
IS06.DE,D,20180621,000000,4.99822,5.003734,4.996053,5.001666,80769,0
IS06.DE,D,20180622,000000,4.995659,5.004522,4.995659,4.999894,21191,0
IS06.DE,D,20180625,000000,4.99625,5.000977,4.99369,5.000977,36502,0
IS06.DE,D,20180626,000000,4.986796,4.992508,4.986796,4.990538,20743,0
IS06.DE,D,20180627,000000,4.987387,4.987387,4.982463,4.982463,2036,0
IS06.DE,D,20180628,000000,4.983645,4.983842,4.974487,4.974487,49850,0
IS06.DE,D,20180629,000000,4.973601,4.980888,4.971434,4.978918,13330,0
IS06.DE,D,20180702,000000,4.967889,4.977146,4.967889,4.973798,16112,0
IS06.DE,D,20180703,000000,4.980494,4.985418,4.975964,4.983941,49307,0
IS06.DE,D,20180704,000000,4.980494,4.981282,4.973207,4.978623,218853,0
IS06.DE,D,20180705,000000,4.980494,4.987781,4.97557,4.985122,13970,0
IS06.DE,D,20180706,000000,4.987978,4.995856,4.987978,4.993788,11400,0
IS06.DE,D,20180709,000000,4.99428,5.002355,4.993493,5.000386,325564,0
IS06.DE,D,20180710,000000,5.007476,5.007476,4.997826,5.002257,28205,0
IS06.DE,D,20180711,000000,5.013582,5.013582,4.997432,4.9995,27177,0
IS06.DE,D,20180712,000000,5.003837,5.00602,4.999868,5.005325,113942,0
IS06.DE,D,20180713,000000,5.008203,5.013958,5.006218,5.012569,22715,0
IS06.DE,D,20180716,000000,5.007409,5.015347,5.007409,5.010981,14137,0
IS06.DE,D,20180717,000000,5.005226,5.014752,5.005226,5.012966,12560,0
IS06.DE,D,20180718,000000,5.010783,5.01753,5.009592,5.016141,31525,0
IS06.DE,D,20180719,000000,5.007806,5.015546,5.007806,5.01376,39150,0
IS06.DE,D,20180720,000000,5.015943,5.015943,5.003043,5.005028,87166,0
IS06.DE,D,20180723,000000,4.997486,4.999868,4.997288,4.997288,18621,0
IS06.DE,D,20180724,000000,5.002051,5.006417,4.998677,5.004035,12914,0
IS06.DE,D,20180725,000000,5.00086,5.007211,5.00086,5.005425,21768,0
IS06.DE,D,20180726,000000,5.008004,5.012172,5.00602,5.011974,14559,0
IS06.DE,D,20180727,000000,5.009791,5.019713,5.009592,5.016538,10281,0
IS06.DE,D,20180730,000000,5.010981,5.014157,5.003837,5.008798,45149,0
IS06.DE,D,20180731,000000,5.009989,5.010981,5.006218,5.010187,15599,0
IS06.DE,D,20180801,000000,5.007806,5.008004,5.002845,5.006615,5500,0
IS06.DE,D,20180802,000000,5.008004,5.012966,5.004631,5.00602,31426,0
IS06.DE,D,20180803,000000,5.011577,5.01495,5.009989,5.01495,3495,0
IS06.DE,D,20180806,000000,5.011775,5.018126,5.011775,5.01753,12370,0
IS06.DE,D,20180807,000000,5.017927,5.017927,5.017927,5.017927,0,0
IS06.DE,D,20180808,000000,5.020904,5.021102,5.018523,5.018523,22601,0
IS06.DE,D,20180809,000000,5.024079,5.024079,5.02269,5.02269,1239,0
IS06.DE,D,20180810,000000,5.024675,5.024675,5.016935,5.022095,18450,0
IS06.DE,D,20180813,000000,5.021896,5.021896,5.01237,5.01237,27811,0
IS06.DE,D,20180814,000000,5.016538,5.021301,5.016538,5.018126,68807,0
IS06.DE,D,20180815,000000,5.016935,5.020904,5.014355,5.019713,68040,0
IS06.DE,D,20180816,000000,5.015943,5.015943,5.013561,5.013561,9118,0
IS06.DE,D,20180817,000000,5.014553,5.018324,5.01376,5.016141,16756,0
IS06.DE,D,20180820,000000,5.015149,5.017133,5.011378,5.015546,15879,0
IS06.DE,D,20180821,000000,5.012767,5.017133,5.011577,5.013363,66258,0
IS06.DE,D,20180822,000000,5.015943,5.015943,5.006417,5.010386,50764,0
IS06.DE,D,20180823,000000,5.008401,5.010187,5.00602,5.010187,71839,0
IS06.DE,D,20180824,000000,5.001852,5.009592,5.001852,5.006417,48350,0
IS06.DE,D,20180827,000000,5.008004,5.008004,5.000066,5.000066,8813,0
IS06.DE,D,20180828,000000,5.000066,5.005821,4.996891,4.999074,27264,0
IS06.DE,D,20180829,000000,5.001059,5.001654,4.995105,4.995105,53117,0
IS06.DE,D,20180830,000000,4.994113,5.001059,4.994113,5.000265,8927,0
IS06.DE,D,20180831,000000,4.999074,4.999074,4.996097,4.996891,14875,0
IS06.DE,D,20180903,000000,4.994311,4.994311,4.992327,4.992327,17658,0
IS06.DE,D,20180904,000000,4.988357,4.994311,4.983991,4.983991,35006,0
IS06.DE,D,20180905,000000,4.986174,4.986174,4.979625,4.979625,46786,0
IS06.DE,D,20180906,000000,4.978236,4.985182,4.978236,4.984587,1432,0
IS06.DE,D,20180907,000000,4.98419,4.988754,4.982801,4.985976,16370,0
IS06.DE,D,20180910,000000,4.983595,4.987762,4.980618,4.986174,29783,0
IS06.DE,D,20180911,000000,4.989151,4.989945,4.983793,4.988357,32565,0
IS06.DE,D,20180912,000000,4.989548,4.992922,4.989548,4.989747,838,0
IS06.DE,D,20180913,000000,5.001059,5.001059,4.99312,4.993914,26182,0
IS06.DE,D,20180914,000000,4.994113,4.996891,4.994113,4.995105,23500,0
IS06.DE,D,20180917,000000,4.997685,4.998082,4.99312,4.996097,13935,0
IS06.DE,D,20180918,000000,4.999272,4.999272,4.99312,4.994708,28636,0
IS06.DE,D,20180919,000000,4.995105,5.001654,4.995105,4.999471,23352,0
IS06.DE,D,20180920,000000,5.002051,5.005821,5.001059,5.005028,10323,0
IS06.DE,D,20180921,000000,5.004432,5.007806,5.003242,5.007806,4100,0
IS06.DE,D,20180924,000000,5.006814,5.008401,4.995899,4.995899,87517,0
IS06.DE,D,20180925,000000,4.997486,4.997486,4.98935,4.98935,50208,0
IS06.DE,D,20180926,000000,4.988754,4.993716,4.988754,4.992525,13571,0
IS06.DE,D,20180927,000000,5.001257,5.001257,4.989747,4.989747,8722,0
IS06.DE,D,20180928,000000,4.996891,4.996891,4.991731,4.994311,5357,0
IS06.DE,D,20181001,000000,4.991731,4.999272,4.991731,4.999272,6000,0
IS06.DE,D,20181002,000000,4.998082,5.005623,4.995105,5.001654,38924,0
IS06.DE,D,20181004,000000,4.986968,4.992327,4.984388,4.989945,82725,0
IS06.DE,D,20181005,000000,4.983991,4.985182,4.982007,4.982404,4956,0
IS06.DE,D,20181008,000000,4.978832,4.987365,4.978832,4.982999,47925,0
IS06.DE,D,20181009,000000,4.981015,4.982602,4.978236,4.980618,32564,0
IS06.DE,D,20181010,000000,4.97645,4.980022,4.972878,4.976847,17875,0
IS06.DE,D,20181011,000000,4.97268,4.975259,4.971489,4.972283,13227,0
IS06.DE,D,20181012,000000,4.978633,4.983198,4.973076,4.981412,13779,0
IS06.DE,D,20181015,000000,4.982602,4.983595,4.977046,4.978236,46621,0
IS06.DE,D,20181016,000000,4.977839,4.98161,4.973275,4.976053,26797,0
IS06.DE,D,20181017,000000,4.985976,4.988159,4.983198,4.985381,13973,0
IS06.DE,D,20181018,000000,4.987961,4.987961,4.98161,4.98677,86585,0
IS06.DE,D,20181019,000000,4.988357,4.98935,4.976649,4.979427,32421,0
IS06.DE,D,20181022,000000,4.974069,4.98161,4.974069,4.981015,40815,0
IS06.DE,D,20181023,000000,4.976649,4.980618,4.973473,4.975458,19517,0
IS06.DE,D,20181024,000000,4.976252,4.976252,4.971489,4.973473,11452,0
IS06.DE,D,20181025,000000,4.97129,4.97129,4.963551,4.967123,41730,0
IS06.DE,D,20181026,000000,4.964344,4.97129,4.964344,4.966329,30207,0
IS06.DE,D,20181029,000000,4.982007,4.982007,4.963749,4.969306,78087,0
IS06.DE,D,20181030,000000,4.964344,4.969703,4.962161,4.967321,23387,0
IS06.DE,D,20181031,000000,4.96752,4.971489,4.967321,4.970497,4630,0
IS06.DE,D,20181101,000000,4.97129,4.972878,4.96752,4.972878,5119,0
IS06.DE,D,20181102,000000,4.969306,4.978236,4.969306,4.977046,87155,0
IS06.DE,D,20181105,000000,4.97645,4.980022,4.973076,4.975656,37791,0
IS06.DE,D,20181106,000000,4.980221,4.983396,4.975458,4.978832,14999,0
IS06.DE,D,20181107,000000,4.984785,4.985579,4.980221,4.983793,6682,0
IS06.DE,D,20181108,000000,4.985976,4.986571,4.981808,4.981808,39806,0
IS06.DE,D,20181109,000000,4.980816,4.986174,4.979625,4.983198,10930,0
IS06.DE,D,20181112,000000,4.983198,4.983198,4.97129,4.97387,278034,0
IS06.DE,D,20181113,000000,4.969107,4.973275,4.962558,4.962558,67824,0
IS06.DE,D,20181114,000000,4.962558,4.966329,4.957696,4.957696,90382,0
IS06.DE,D,20181115,000000,4.969703,4.969703,4.946384,4.946384,604135,0
IS06.DE,D,20181116,000000,4.950056,4.950056,4.937751,4.937751,40283,0
IS06.DE,D,20181119,000000,4.93666,4.93666,4.925745,4.925745,61328,0
IS06.DE,D,20181120,000000,4.920883,4.920883,4.909075,4.913639,6976,0
IS06.DE,D,20181121,000000,4.916715,4.927531,4.913143,4.922669,183668,0
IS06.DE,D,20181122,000000,4.921677,4.925646,4.920387,4.92376,11503,0
IS06.DE,D,20181123,000000,4.925447,4.931699,4.925447,4.931401,43422,0
IS06.DE,D,20181126,000000,4.935271,4.935271,4.929714,4.930607,33302,0
IS06.DE,D,20181127,000000,4.927531,4.929218,4.925447,4.929218,71737,0
IS06.DE,D,20181128,000000,4.933286,4.933385,4.925943,4.92644,10749,0
IS06.DE,D,20181129,000000,4.931599,4.934378,4.926936,4.928226,52579,0
IS06.DE,D,20181130,000000,4.925646,4.930012,4.923165,4.929119,33700,0
IS06.DE,D,20181203,000000,4.924653,4.932294,4.922867,4.928226,41470,0
IS06.DE,D,20181204,000000,4.930806,4.930806,4.920982,4.921875,7187,0
IS06.DE,D,20181205,000000,4.926539,4.926539,4.915425,4.917608,37091,0
IS06.DE,D,20181206,000000,4.914731,4.915128,4.906693,4.914235,63189,0
IS06.DE,D,20181207,000000,4.913242,4.91612,4.904014,4.910762,65000,0
IS06.DE,D,20181210,000000,4.910266,4.911059,4.901236,4.901236,14649,0
IS06.DE,D,20181211,000000,4.901831,4.911357,4.897068,4.906793,14563,0
IS06.DE,D,20181212,000000,4.911655,4.921081,4.911655,4.919097,24463,0
IS06.DE,D,20181213,000000,4.918303,4.936362,4.918303,4.932691,44000,0
IS06.DE,D,20181214,000000,4.936065,4.940034,4.932989,4.937156,5513,0
IS06.DE,D,20181217,000000,4.939935,4.940133,4.930806,4.936164,557221,0
IS06.DE,D,20181218,000000,4.940927,4.940927,4.932989,4.936263,56133,0
IS06.DE,D,20181219,000000,4.937851,4.943011,4.93408,4.938843,23962,0
IS06.DE,D,20181220,000000,4.944697,4.944697,4.92386,4.92763,479691,0
IS06.DE,D,20181221,000000,4.927233,4.930607,4.919891,4.925348,337565,0
IS06.DE,D,20181227,000000,4.931798,4.939935,4.931798,4.937355,6121,0
IS06.DE,D,20181228,000000,4.93924,4.941026,4.932989,4.938049,1084,0
IS06.DE,D,20190102,000000,4.940828,4.943705,4.938347,4.940728,20640,0
IS06.DE,D,20190103,000000,4.944102,4.944102,4.930508,4.933584,1894,0
IS06.DE,D,20190104,000000,4.92644,4.92644,4.918303,4.922768,47228,0
IS06.DE,D,20190107,000000,4.926043,4.928523,4.915128,4.917013,9570,0
IS06.DE,D,20190108,000000,4.918303,4.919692,4.914929,4.916318,39364,0
IS06.DE,D,20190109,000000,4.918998,4.927829,4.917708,4.927035,312880,0
IS06.DE,D,20190110,000000,4.929714,4.932393,4.921379,4.932393,103940,0
IS06.DE,D,20190111,000000,4.932492,4.941423,4.932492,4.937454,6488,0
IS06.DE,D,20190114,000000,4.938347,4.941423,4.937255,4.937851,6443,0
IS06.DE,D,20190115,000000,4.939041,4.947773,4.939041,4.947773,15081,0
IS06.DE,D,20190116,000000,4.949361,4.961765,4.949361,4.961765,5,0
IS06.DE,D,20190117,000000,4.9615,4.964,4.952,4.9559,35127,0
IS06.DE,D,20190118,000000,4.9575,4.9673,4.9575,4.966,33068,0
IS06.DE,D,20190121,000000,4.9646,4.9697,4.963,4.9671,12377,0
IS06.DE,D,20190122,000000,4.9692,4.9692,4.9623,4.9623,72401,0
IS06.DE,D,20190123,000000,4.9706,4.9706,4.9579,4.9616,112819,0
IS06.DE,D,20190124,000000,4.9668,4.9761,4.9668,4.9734,26258,0
IS06.DE,D,20190125,000000,4.9743,4.9784,4.974,4.9747,19268,0
IS06.DE,D,20190128,000000,4.9746,4.9746,4.9705,4.9722,96468,0
IS06.DE,D,20190129,000000,4.976,4.976,4.9692,4.9757,18122,0
IS06.DE,D,20190130,000000,4.9761,4.9795,4.9734,4.9795,5200,0
IS06.DE,D,20190131,000000,4.9824,5,4.9824,4.9997,29463,0
IS06.DE,D,20190201,000000,5.0006,5.007,4.9986,5.0032,59212,0
IS06.DE,D,20190204,000000,5.0064,5.0066,5.0032,5.0048,17650,0
IS06.DE,D,20190205,000000,5.0098,5.022,5.0078,5.0202,27976,0
IS06.DE,D,20190206,000000,5.0206,5.0438,5.0206,5.0302,358089,0
IS06.DE,D,20190207,000000,5.039,5.039,5.0226,5.0248,238661,0
IS06.DE,D,20190208,000000,5.0274,5.0278,5.0184,5.021,62564,0
IS06.DE,D,20190211,000000,5.027,5.027,5.0164,5.0198,27717,0
IS06.DE,D,20190212,000000,5.0178,5.027,5.0152,5.0254,58879,0
IS06.DE,D,20190213,000000,5.0234,5.0316,5.0234,5.0306,226836,0
IS06.DE,D,20190214,000000,5.027,5.039,5.027,5.0346,14082,0
IS06.DE,D,20190215,000000,5.0324,5.039,5.03,5.0376,22830,0
IS06.DE,D,20190218,000000,5.035,5.0414,5.035,5.0408,14757,0
IS06.DE,D,20190219,000000,5.0386,5.0436,5.0386,5.0436,6749,0
IS06.DE,D,20190220,000000,5.0408,5.0466,5.0408,5.0436,61598,0
IS06.DE,D,20190221,000000,5.0394,5.042,5.0342,5.0388,9767,0
IS06.DE,D,20190222,000000,5.0382,5.0444,5.0382,5.0424,22688,0
IS06.DE,D,20190225,000000,5.0334,5.0478,5.0334,5.0442,40024,0
IS06.DE,D,20190226,000000,5.0448,5.0466,5.041,5.0464,10734,0
IS06.DE,D,20190227,000000,5.0464,5.0536,5.044,5.0478,61492,0
IS06.DE,D,20190228,000000,5.0492,5.053,5.0458,5.0468,48573,0
IS06.DE,D,20190301,000000,5.0478,5.0556,5.0478,5.0532,57355,0
IS06.DE,D,20190304,000000,5.0508,5.0634,5.0508,5.0622,17748,0
IS06.DE,D,20190305,000000,5.0552,5.0606,5.0544,5.0558,50603,0
IS06.DE,D,20190306,000000,5.0516,5.0586,5.0516,5.056,49032,0
IS06.DE,D,20190307,000000,5.0566,5.0644,5.05,5.063,20942,0
IS06.DE,D,20190308,000000,5.0608,5.0608,5.0512,5.0534,187010,0
IS06.DE,D,20190311,000000,5.055,5.0602,5.0514,5.0602,14910,0
IS06.DE,D,20190312,000000,5.0584,5.0714,5.053,5.0664,37347,0
IS06.DE,D,20190313,000000,5.0664,5.0758,5.066,5.0758,22388,0
IS06.DE,D,20190314,000000,5.0716,5.0832,5.0716,5.08,92357,0
IS06.DE,D,20190315,000000,5.0796,5.092,5.0796,5.088,25981,0
IS06.DE,D,20190318,000000,5.0864,5.0968,5.0864,5.0952,9753,0
IS06.DE,D,20190319,000000,5.0952,5.102,5.0926,5.0988,154230,0
IS06.DE,D,20190320,000000,5.1026,5.1026,5.0934,5.0954,54334,0
IS06.DE,D,20190321,000000,5.098,5.1048,5.0944,5.1048,28924,0
IS06.DE,D,20190322,000000,5.0994,5.109,5.0994,5.103,23597,0
IS06.DE,D,20190325,000000,5.1024,5.1052,5.0944,5.0966,38162,0
IS06.DE,D,20190326,000000,5.0988,5.1032,5.0942,5.1028,33000,0
IS06.DE,D,20190327,000000,5.1066,5.1142,5.1032,5.1128,28760,0
IS06.DE,D,20190328,000000,5.1116,5.1156,5.1062,5.1128,145735,0
IS06.DE,D,20190329,000000,5.1132,5.1212,5.1112,5.1192,44884,0
IS06.DE,D,20190401,000000,5.1204,5.1248,5.1194,5.1216,20634,0
IS06.DE,D,20190402,000000,5.1218,5.1292,5.1212,5.1292,29075,0
IS06.DE,D,20190403,000000,5.1266,5.13,5.1224,5.1252,61192,0
IS06.DE,D,20190404,000000,5.1276,5.1306,5.1206,5.1246,191363,0
IS06.DE,D,20190405,000000,5.1256,5.1282,5.1188,5.1234,33478,0
IS06.DE,D,20190408,000000,5.1288,5.1288,5.1224,5.124,8380,0
IS06.DE,D,20190409,000000,5.1284,5.1306,5.1236,5.1294,97438,0
IS06.DE,D,20190410,000000,5.1298,5.1374,5.1262,5.135,27621,0
IS06.DE,D,20190411,000000,5.1362,5.1402,5.136,5.1402,159558,0
IS06.DE,D,20190412,000000,5.1314,5.1414,5.1314,5.1344,55594,0
IS06.DE,D,20190415,000000,5.1346,5.1402,5.1308,5.1376,62201,0
IS06.DE,D,20190416,000000,5.1404,5.1444,5.1382,5.1438,124143,0
IS06.DE,D,20190417,000000,5.1388,5.1438,5.1368,5.1418,29047,0
IS06.DE,D,20190418,000000,5.1364,5.1532,5.1364,5.15,54299,0
IS06.DE,D,20190423,000000,5.1494,5.1538,5.1484,5.1522,23423,0
IS06.DE,D,20190424,000000,5.1534,5.1636,5.153,5.16,94047,0
IS06.DE,D,20190425,000000,5.1628,5.164,5.1568,5.1604,185590,0
IS06.DE,D,20190426,000000,5.1568,5.165,5.1568,5.1638,25948,0
IS06.DE,D,20190429,000000,5.157,5.1644,5.157,5.1626,24084,0
IS06.DE,D,20190430,000000,5.1628,5.1654,5.1558,5.1634,111787,0
IS06.DE,D,20190502,000000,5.1636,5.1704,5.161,5.1684,50252,0
IS06.DE,D,20190503,000000,5.1654,5.1684,5.1594,5.165,37788,0
IS06.DE,D,20190506,000000,5.1704,5.1704,5.1572,5.163,353994,0
IS06.DE,D,20190507,000000,5.1602,5.1656,5.1594,5.1594,33956,0
IS06.DE,D,20190508,000000,5.159,5.159,5.1436,5.1498,84769,0
IS06.DE,D,20190509,000000,5.1496,5.1496,5.1406,5.1412,144406,0
IS06.DE,D,20190510,000000,5.1348,5.149,5.1348,5.1428,36311,0
IS06.DE,D,20190513,000000,5.143,5.143,5.129,5.1346,50733,0
IS06.DE,D,20190514,000000,5.133,5.1384,5.1288,5.1346,34321,0
IS06.DE,D,20190515,000000,5.1364,5.1426,5.1348,5.1388,67255,0
IS06.DE,D,20190516,000000,5.141,5.1482,5.1358,5.1466,209099,0
IS06.DE,D,20190517,000000,5.1464,5.1512,5.1464,5.1484,60265,0
IS06.DE,D,20190520,000000,5.146,5.148,5.144,5.1442,26558,0
IS06.DE,D,20190521,000000,5.1434,5.1486,5.141,5.141,25993,0
IS06.DE,D,20190522,000000,5.1414,5.145,5.1394,5.1396,69627,0
IS06.DE,D,20190523,000000,5.1388,5.1388,5.1286,5.1338,356298,0
IS06.DE,D,20190524,000000,5.1318,5.1384,5.1318,5.1384,12309,0
IS06.DE,D,20190527,000000,5.1362,5.145,5.135,5.1388,9299,0
IS06.DE,D,20190528,000000,5.1424,5.1424,5.134,5.1382,324849,0
IS06.DE,D,20190529,000000,5.138,5.138,5.1292,5.1348,75507,0
IS06.DE,D,20190530,000000,5.1334,5.1384,5.1334,5.1384,0,0
IS06.DE,D,20190531,000000,5.14,5.14,5.1314,5.132,15440,0
IS06.DE,D,20190603,000000,5.1346,5.1368,5.1314,5.1314,45717,0
IS06.DE,D,20190604,000000,5.1334,5.1424,5.1334,5.1402,55726,0
IS06.DE,D,20190605,000000,5.1442,5.1604,5.1442,5.1544,43256,0
IS06.DE,D,20190606,000000,5.1604,5.1642,5.1578,5.16,12936,0
IS06.DE,D,20190607,000000,5.1636,5.1742,5.1636,5.1724,86436,0
IS06.DE,D,20190611,000000,5.1682,5.1832,5.1682,5.1792,82494,0
IS06.DE,D,20190612,000000,5.1804,5.181,5.17,5.17,41658,0
IS06.DE,D,20190613,000000,5.18,5.18,5.172,5.1732,220680,0
IS06.DE,D,20190614,000000,5.1802,5.1808,5.173,5.1754,78310,0
IS06.DE,D,20190617,000000,5.183,5.183,5.1744,5.178,142403,0
IS06.DE,D,20190618,000000,5.1816,5.211,5.1814,5.2106,223920,0
IS06.DE,D,20190619,000000,5.214,5.2154,5.2084,5.2102,53530,0
IS06.DE,D,20190620,000000,5.225,5.2484,5.225,5.2416,797949,0
IS06.DE,D,20190621,000000,5.2344,5.2422,5.232,5.2396,469654,0
IS06.DE,D,20190624,000000,5.246,5.246,5.237,5.2392,885335,0
IS06.DE,D,20190625,000000,5.2488,5.2488,5.2334,5.2362,525174,0
IS06.DE,D,20190626,000000,5.2346,5.2346,5.23,5.2312,293408,0
IS06.DE,D,20190627,000000,5.2264,5.2338,5.2264,5.2316,192183,0
IS06.DE,D,20190628,000000,5.2308,5.2392,5.2296,5.2378,143100,0
IS06.DE,D,20190701,000000,5.2438,5.2506,5.243,5.2472,10232,0
IS06.DE,D,20190702,000000,5.251,5.256,5.2482,5.2546,1087482,0
IS06.DE,D,20190703,000000,5.2612,5.2674,5.259,5.2644,307783,0
IS06.DE,D,20190704,000000,5.2652,5.274,5.2642,5.2734,256633,0
IS06.DE,D,20190705,000000,5.2726,5.2744,5.2624,5.2666,21186,0
IS06.DE,D,20190708,000000,5.2696,5.2712,5.2658,5.2662,227198,0
IS06.DE,D,20190709,000000,5.2518,5.2636,5.2518,5.2582,910229,0
IS06.DE,D,20190710,000000,5.2524,5.26,5.2466,5.2542,284012,0
IS06.DE,D,20190711,000000,5.2254,5.2254,5.2142,5.2142,231544,0
IS06.DE,D,20190712,000000,5.205,5.2206,5.205,5.2126,68605,0
IS06.DE,D,20190715,000000,5.2162,5.228,5.2162,5.2202,26292,0
IS06.DE,D,20190716,000000,5.2232,5.2316,5.2232,5.2262,23219,0
IS06.DE,D,20190717,000000,5.2288,5.2356,5.2288,5.231,197307,0
IS06.DE,D,20190718,000000,5.2218,5.2312,5.2218,5.2248,89850,0
IS06.DE,D,20190719,000000,5.2304,5.2374,5.2296,5.2344,33384,0
IS06.DE,D,20190722,000000,5.232,5.2422,5.232,5.2416,116390,0
IS06.DE,D,20190723,000000,5.2396,5.2522,5.2396,5.2488,554723,0
IS06.DE,D,20190724,000000,5.2482,5.262,5.2482,5.2604,57985,0
IS06.DE,D,20190725,000000,5.2656,5.282,5.2566,5.2654,904678,0
IS06.DE,D,20190726,000000,5.2694,5.2732,5.2668,5.2692,43775,0
IS06.DE,D,20190729,000000,5.274,5.275,5.2674,5.2696,36336,0
IS06.DE,D,20190730,000000,5.273,5.273,5.259,5.2624,64064,0
IS06.DE,D,20190731,000000,5.2524,5.2652,5.2524,5.2646,69384,0
IS06.DE,D,20190801,000000,5.2578,5.27,5.2578,5.2654,343428,0
IS06.DE,D,20190802,000000,5.2626,5.2626,5.2576,5.2576,48226,0
IS06.DE,D,20190805,000000,5.2616,5.2616,5.2418,5.243,684401,0
IS06.DE,D,20190806,000000,5.2514,5.252,5.2446,5.2482,178672,0
IS06.DE,D,20190807,000000,5.254,5.2598,5.25,5.2576,51673,0
IS06.DE,D,20190808,000000,5.256,5.267,5.256,5.266,44756,0
IS06.DE,D,20190809,000000,5.2656,5.2666,5.2602,5.2638,45405,0
IS06.DE,D,20190812,000000,5.2748,5.2748,5.2584,5.2618,24908,0
IS06.DE,D,20190813,000000,5.263,5.2722,5.2572,5.2722,273345,0
IS06.DE,D,20190814,000000,5.2728,5.2744,5.2654,5.2654,31778,0
IS06.DE,D,20190815,000000,5.2666,5.2712,5.2562,5.2712,56004,0
IS06.DE,D,20190816,000000,5.2712,5.2734,5.2646,5.2706,87682,0
IS06.DE,D,20190819,000000,5.2742,5.2744,5.2688,5.2732,32166,0
IS06.DE,D,20190820,000000,5.2878,5.2878,5.2808,5.2822,32185,0
IS06.DE,D,20190821,000000,5.2788,5.2866,5.2788,5.284,52650,0
IS06.DE,D,20190822,000000,5.2824,5.2864,5.278,5.2836,42449,0
IS06.DE,D,20190823,000000,5.2794,5.2904,5.2794,5.2902,79926,0
IS06.DE,D,20190826,000000,5.2812,5.285,5.2774,5.285,16169,0
IS06.DE,D,20190827,000000,5.2852,5.2924,5.2806,5.29,27225,0
IS06.DE,D,20190828,000000,5.2864,5.2912,5.2844,5.2878,66557,0
IS06.DE,D,20190829,000000,5.2854,5.2932,5.2844,5.2894,21547,0
IS06.DE,D,20190830,000000,5.2884,5.298,5.2884,5.2886,150311,0
IS06.DE,D,20190902,000000,5.299,5.299,5.2852,5.294,16692,0
IS06.DE,D,20190903,000000,5.2986,5.2986,5.284,5.2892,113992,0
IS06.DE,D,20190904,000000,5.2872,5.2872,5.2746,5.2856,87700,0
IS06.DE,D,20190905,000000,5.2868,5.2874,5.271,5.2752,539109,0
IS06.DE,D,20190906,000000,5.278,5.2806,5.2714,5.2786,68738,0
IS06.DE,D,20190909,000000,5.2792,5.2792,5.2612,5.2664,248166,0
IS06.DE,D,20190910,000000,5.2688,5.2688,5.2538,5.2548,448618,0
IS06.DE,D,20190911,000000,5.252,5.254,5.2456,5.2502,33112,0
IS06.DE,D,20190912,000000,5.2574,5.2944,5.2526,5.2674,282646,0
IS06.DE,D,20190913,000000,5.262,5.2696,5.259,5.2618,33539,0
IS06.DE,D,20190916,000000,5.248,5.2682,5.248,5.2662,25959,0
IS06.DE,D,20190917,000000,5.2648,5.2648,5.2462,5.2496,174718,0
IS06.DE,D,20190918,000000,5.25,5.2554,5.246,5.25,129692,0
IS06.DE,D,20190919,000000,5.2414,5.2542,5.2414,5.2506,207611,0
IS06.DE,D,20190920,000000,5.2496,5.255,5.2496,5.251,43118,0
IS06.DE,D,20190923,000000,5.2504,5.2606,5.2458,5.256,23780,0
IS06.DE,D,20190924,000000,5.2556,5.2626,5.2554,5.259,46091,0
IS06.DE,D,20190925,000000,5.2556,5.259,5.2528,5.2528,234625,0
IS06.DE,D,20190926,000000,5.2616,5.264,5.2566,5.261,20803,0
IS06.DE,D,20190927,000000,5.2616,5.2658,5.2566,5.2606,21923,0
IS06.DE,D,20191001,000000,5.2734,5.2734,5.2556,5.2658,77813,0
IS06.DE,D,20191002,000000,5.2626,5.264,5.2572,5.2602,19961,0
IS06.DE,D,20191004,000000,5.2492,5.2628,5.2492,5.2598,117080,0
IS06.DE,D,20191007,000000,5.2602,5.263,5.255,5.255,44469,0
IS06.DE,D,20191008,000000,5.2672,5.2672,5.2556,5.256,55001,0
IS06.DE,D,20191009,000000,5.2562,5.2606,5.2516,5.255,86892,0
IS06.DE,D,20191010,000000,5.2494,5.255,5.2442,5.2452,58468,0
IS06.DE,D,20191011,000000,5.2442,5.2516,5.2442,5.2516,12961,0
IS06.DE,D,20191014,000000,5.2612,5.2612,5.2474,5.2486,14530,0
IS06.DE,D,20191015,000000,5.2594,5.2594,5.2466,5.2472,22722,0
IS06.DE,D,20191016,000000,5.2406,5.2534,5.2406,5.2492,56838,0
IS06.DE,D,20191017,000000,5.2508,5.2534,5.2414,5.2502,33889,0
IS06.DE,D,20191018,000000,5.2512,5.2512,5.2424,5.2464,44459,0
IS06.DE,D,20191021,000000,5.2452,5.2494,5.2406,5.2472,21396,0
IS06.DE,D,20191022,000000,5.2484,5.2556,5.2474,5.2524,31588,0
IS06.DE,D,20191023,000000,5.2544,5.2598,5.2502,5.2532,88777,0
IS06.DE,D,20191024,000000,5.254,5.2608,5.25,5.2536,28089,0
IS06.DE,D,20191025,000000,5.2414,5.2548,5.2414,5.253,26173,0
IS06.DE,D,20191028,000000,5.2514,5.2546,5.2452,5.2488,40045,0
IS06.DE,D,20191029,000000,5.2536,5.2538,5.2486,5.2486,167732,0
IS06.DE,D,20191030,000000,5.248,5.2534,5.2444,5.2486,354089,0
IS06.DE,D,20191031,000000,5.2558,5.264,5.2558,5.2626,52263,0
IS06.DE,D,20191101,000000,5.2682,5.2682,5.2578,5.2618,56887,0
IS06.DE,D,20191104,000000,5.2594,5.2648,5.2564,5.2602,148040,0
IS06.DE,D,20191105,000000,5.2638,5.2638,5.2584,5.2616,28068,0
IS06.DE,D,20191106,000000,5.2588,5.263,5.255,5.2618,157994,0
IS06.DE,D,20191107,000000,5.27,5.27,5.2506,5.2508,80056,0
IS06.DE,D,20191108,000000,5.2506,5.2534,5.2466,5.249,22188,0
IS06.DE,D,20191111,000000,5.2536,5.2536,5.2402,5.2458,43103,0
IS06.DE,D,20191112,000000,5.2386,5.2478,5.2386,5.2408,261966,0
IS06.DE,D,20191113,000000,5.246,5.2508,5.2416,5.2434,51832,0
IS06.DE,D,20191114,000000,5.2446,5.2494,5.241,5.2468,29049,0
IS06.DE,D,20191115,000000,5.2474,5.2482,5.2412,5.2454,57044,0
IS06.DE,D,20191118,000000,5.245,5.2464,5.24,5.244,56975,0
IS06.DE,D,20191119,000000,5.242,5.248,5.2364,5.2406,38140,0
IS06.DE,D,20191120,000000,5.2474,5.2474,5.232,5.2368,94576,0
IS06.DE,D,20191121,000000,5.2338,5.2338,5.2262,5.2288,84707,0
IS06.DE,D,20191122,000000,5.215,5.2394,5.215,5.2394,59086,0
IS06.DE,D,20191125,000000,5.242,5.2458,5.2328,5.2418,46683,0
IS06.DE,D,20191126,000000,5.2426,5.2524,5.2408,5.2518,203225,0
IS06.DE,D,20191127,000000,5.2498,5.2562,5.249,5.2496,51938,0
IS06.DE,D,20191128,000000,5.2528,5.2562,5.2506,5.2516,78944,0
IS06.DE,D,20191129,000000,5.2388,5.2552,5.2388,5.251,29295,0
IS06.DE,D,20191202,000000,5.2584,5.2584,5.2376,5.2402,55660,0
IS06.DE,D,20191203,000000,5.2492,5.2522,5.242,5.2478,695674,0
IS06.DE,D,20191204,000000,5.2508,5.2524,5.2442,5.2456,135856,0
IS06.DE,D,20191205,000000,5.248,5.249,5.2418,5.2476,122823,0
IS06.DE,D,20191206,000000,5.2428,5.256,5.2428,5.2508,87023,0
IS06.DE,D,20191209,000000,5.2536,5.2604,5.2526,5.2568,119803,0
IS06.DE,D,20191210,000000,5.2638,5.2638,5.255,5.2594,140670,0
IS06.DE,D,20191211,000000,5.26,5.2662,5.2598,5.2636,105702,0
IS06.DE,D,20191212,000000,5.2622,5.2704,5.2568,5.2598,79492,0
IS06.DE,D,20191213,000000,5.257,5.2732,5.257,5.271,513540,0
IS06.DE,D,20191216,000000,5.2728,5.277,5.2704,5.2756,80634,0
IS06.DE,D,20191217,000000,5.2814,5.2814,5.2708,5.2746,249261,0
IS06.DE,D,20191218,000000,5.2816,5.2816,5.2656,5.2702,111150,0
IS06.DE,D,20191219,000000,5.2696,5.2754,5.2644,5.268,344538,0
IS06.DE,D,20191220,000000,5.2718,5.28,5.2676,5.2776,96977,0
IS06.DE,D,20191223,000000,5.2642,5.2826,5.2642,5.2776,42687,0
IS06.DE,D,20191227,000000,5.278,5.28,5.2772,5.278,2245,0
IS06.DE,D,20191230,000000,5.2874,5.2874,5.266,5.269,23493,0
IS06.DE,D,20200102,000000,5.28,5.2806,5.2664,5.2754,32326,0
IS06.DE,D,20200103,000000,5.2676,5.287,5.2676,5.281,238186,0
IS06.DE,D,20200106,000000,5.2944,5.2944,5.2726,5.274,74610,0
IS06.DE,D,20200107,000000,5.2788,5.2808,5.2736,5.276,85042,0
IS06.DE,D,20200108,000000,5.277,5.277,5.2664,5.2696,253084,0
IS06.DE,D,20200109,000000,5.2684,5.2716,5.2602,5.2634,93913,0
IS06.DE,D,20200110,000000,5.2726,5.2726,5.262,5.2668,95026,0
IS06.DE,D,20200113,000000,5.2654,5.268,5.2584,5.264,139905,0
IS06.DE,D,20200114,000000,5.26,5.2686,5.2586,5.2632,128849,0
IS06.DE,D,20200115,000000,5.2662,5.2718,5.266,5.2696,290173,0
IS06.DE,D,20200116,000000,5.2456,5.2456,5.2356,5.2434,85719,0
IS06.DE,D,20200117,000000,5.2428,5.2458,5.2382,5.2438,198589,0
IS06.DE,D,20200120,000000,5.2424,5.252,5.238,5.2442,329667,0
IS06.DE,D,20200121,000000,5.257,5.257,5.2396,5.2504,173626,0
IS06.DE,D,20200122,000000,5.2518,5.2572,5.25,5.2546,113821,0
IS06.DE,D,20200123,000000,5.268,5.268,5.2522,5.259,55846,0
IS06.DE,D,20200124,000000,5.2548,5.265,5.2548,5.2628,38958,0
IS06.DE,D,20200127,000000,5.2632,5.2664,5.257,5.2592,121484,0
IS06.DE,D,20200128,000000,5.2632,5.2666,5.2546,5.2584,71031,0
IS06.DE,D,20200129,000000,5.2726,5.2726,5.2606,5.2708,45518,0
IS06.DE,D,20200130,000000,5.2816,5.2816,5.2622,5.2708,82762,0
IS06.DE,D,20200131,000000,5.2692,5.2762,5.2658,5.271,115115,0
IS06.DE,D,20200203,000000,5.2798,5.2798,5.2664,5.2714,84443,0
IS06.DE,D,20200204,000000,5.27,5.2766,5.2696,5.2754,105640,0
IS06.DE,D,20200205,000000,5.2732,5.2748,5.269,5.2738,107304,0
IS06.DE,D,20200206,000000,5.2682,5.276,5.2682,5.2732,73830,0
IS06.DE,D,20200207,000000,5.2718,5.2786,5.2664,5.2716,110260,0
IS06.DE,D,20200210,000000,5.2852,5.2852,5.2734,5.2758,152501,0
IS06.DE,D,20200211,000000,5.278,5.2836,5.275,5.278,200280,0
IS06.DE,D,20200212,000000,5.2806,5.2828,5.2748,5.2792,168358,0
IS06.DE,D,20200213,000000,5.2796,5.2848,5.2784,5.2784,84801,0
IS06.DE,D,20200214,000000,5.2814,5.29,5.2804,5.2838,95722,0
IS06.DE,D,20200217,000000,5.2948,5.2948,5.285,5.2896,134621,0
IS06.DE,D,20200218,000000,5.292,5.293,5.2872,5.2922,106549,0
IS06.DE,D,20200219,000000,5.2902,5.2958,5.2896,5.294,58402,0
IS06.DE,D,20200220,000000,5.2938,5.2982,5.2916,5.2968,50938,0
IS06.DE,D,20200221,000000,5.2882,5.296,5.2882,5.2924,47993,0
IS06.DE,D,20200224,000000,5.2728,5.287,5.2728,5.2766,104592,0
IS06.DE,D,20200225,000000,5.2796,5.28,5.2698,5.272,141594,0
IS06.DE,D,20200226,000000,5.2542,5.2658,5.2442,5.259,617455,0
IS06.DE,D,20200227,000000,5.2604,5.2604,5.238,5.2386,558159,0
IS06.DE,D,20200228,000000,5.2292,5.2292,5.1912,5.2098,566360,0
IS06.DE,D,20200302,000000,5.23,5.2348,5.202,5.2162,601178,0
IS06.DE,D,20200303,000000,5.2404,5.2536,5.2182,5.247,544822,0
IS06.DE,D,20200304,000000,5.2462,5.2516,5.2422,5.251,20875,0
IS06.DE,D,20200305,000000,5.2358,5.2556,5.2302,5.2344,563118,0
IS06.DE,D,20200306,000000,5.2296,5.2296,5.1832,5.1976,750512,0
IS06.DE,D,20200309,000000,4.9435,5.0558,4.9435,5.0322,395014,0
IS06.DE,D,20200310,000000,5.1108,5.1218,5.0688,5.0688,128909,0
IS06.DE,D,20200311,000000,5.143,5.143,5.0596,5.0868,709993,0
IS06.DE,D,20200312,000000,5.01,5.08,4.9432,4.9672,1697360,0
IS06.DE,D,20200313,000000,4.9559,5.06,4.9228,5,454730,0
IS06.DE,D,20200316,000000,4.9981,4.9981,4.7029,4.7047,266684,0
IS06.DE,D,20200317,000000,4.7181,4.7787,4.6279,4.6279,296084,0
IS06.DE,D,20200318,000000,4.7228,4.7228,4.4462,4.4869,151279,0
IS06.DE,D,20200319,000000,4.4556,4.6924,4.4433,4.5929,434228,0
IS06.DE,D,20200320,000000,4.6632,4.7518,4.5885,4.6746,249167,0
IS06.DE,D,20200323,000000,4.7348,4.7348,4.599,4.6495,109410,0
IS06.DE,D,20200324,000000,4.658,4.8439,4.6482,4.794,365537,0
IS06.DE,D,20200325,000000,4.7659,4.8762,4.76,4.7952,77076,0
IS06.DE,D,20200326,000000,4.7995,4.8682,4.7737,4.8623,23355,0
IS06.DE,D,20200327,000000,4.8697,4.8878,4.836,4.8634,215948,0
IS06.DE,D,20200330,000000,4.85,4.8714,4.8039,4.8577,115124,0
IS06.DE,D,20200331,000000,4.8426,4.8806,4.8419,4.8564,67051,0
IS06.DE,D,20200401,000000,4.8627,4.8926,4.8321,4.8427,256488,0
IS06.DE,D,20200402,000000,4.8394,4.8411,4.8052,4.8213,144548,0
IS06.DE,D,20200403,000000,4.8205,4.84,4.803,4.8247,20612,0
IS06.DE,D,20200406,000000,4.84,4.8725,4.8124,4.8617,108351,0
IS06.DE,D,20200407,000000,4.8317,4.9134,4.8317,4.866,561569,0
IS06.DE,D,20200408,000000,4.8342,4.8914,4.8342,4.8618,70243,0
IS06.DE,D,20200409,000000,4.885,5.0312,4.8745,5.0116,836684,0
IS06.DE,D,20200414,000000,5.028,5.028,4.9395,4.9862,72471,0
IS06.DE,D,20200415,000000,5.0108,5.0108,4.9618,4.9633,91855,0
IS06.DE,D,20200416,000000,4.968,4.9865,4.9377,4.9492,245017,0
IS06.DE,D,20200417,000000,4.9639,5.001,4.9627,4.9774,60576,0
IS06.DE,D,20200420,000000,4.98,4.9938,4.9477,4.9693,60934,0
IS06.DE,D,20200421,000000,4.9786,4.9786,4.9377,4.9595,102004,0
IS06.DE,D,20200422,000000,4.9892,4.9892,4.9413,4.9799,52745,0
IS06.DE,D,20200423,000000,4.9898,5.0282,4.9898,5.005,100237,0
IS06.DE,D,20200424,000000,5.005,5.0358,4.9873,5.016,192285,0
IS06.DE,D,20200427,000000,5.0224,5.0622,5.0134,5.0484,591585,0
IS06.DE,D,20200428,000000,5.05,5.05,5.0106,5.0106,1176933,0
IS06.DE,D,20200429,000000,4.9958,5.045,4.9958,5.0268,901366,0
IS06.DE,D,20200430,000000,5.0364,5.048,5.0178,5.0222,205028,0
IS06.DE,D,20200504,000000,5.0328,5.0328,4.9934,5.009,109750,0
IS06.DE,D,20200505,000000,5.0058,5.0288,5.0028,5.0132,404336,0
IS06.DE,D,20200506,000000,5.0172,5.023,4.9893,4.9893,96447,0
IS06.DE,D,20200507,000000,4.9775,5.0002,4.975,4.9962,139689,0
IS06.DE,D,20200508,000000,5.0008,5.0134,4.9848,5.0046,37372,0
IS06.DE,D,20200511,000000,5.0006,5.0058,4.9788,4.9922,55393,0
IS06.DE,D,20200512,000000,4.9977,4.9977,4.98,4.9855,384923,0
IS06.DE,D,20200513,000000,4.994,4.994,4.9691,4.9713,212433,0
IS06.DE,D,20200514,000000,4.969,4.9736,4.9543,4.9548,64364,0
IS06.DE,D,20200515,000000,4.9727,4.9727,4.9536,4.9582,139796,0
IS06.DE,D,20200518,000000,4.9645,4.9961,4.9645,4.9752,48888,0
IS06.DE,D,20200519,000000,4.9829,5.002,4.9662,4.9796,162286,0
IS06.DE,D,20200520,000000,4.9967,4.998,4.9773,4.9936,320960,0
IS06.DE,D,20200521,000000,4.9973,5.0098,4.9947,5.0032,274343,0
IS06.DE,D,20200522,000000,5.0038,5.0054,4.9938,4.9991,362551,0
IS06.DE,D,20200525,000000,4.985,5.021,4.985,5.0128,23940,0
IS06.DE,D,20200526,000000,4.9995,5.0296,4.9995,5.027,95357,0
IS06.DE,D,20200527,000000,5.0314,5.0452,5.0314,5.0414,121832,0
IS06.DE,D,20200528,000000,5.0256,5.0566,5.0256,5.0558,802253,0
IS06.DE,D,20200529,000000,5.0558,5.0562,5.0414,5.051,56950,0
IS06.DE,D,20200602,000000,5.051,5.0884,5.0508,5.0794,314780,0
IS06.DE,D,20200603,000000,5.0926,5.0988,5.0814,5.088,348931,0
IS06.DE,D,20200604,000000,5.0856,5.1306,5.0794,5.1234,852728,0
IS06.DE,D,20200605,000000,5.1238,5.17,5.1238,5.1566,117429,0
IS06.DE,D,20200608,000000,5.1564,5.17,5.15,5.1586,49071,0
IS06.DE,D,20200609,000000,5.162,5.162,5.1192,5.1322,52323,0
IS06.DE,D,20200610,000000,5.1358,5.1358,5.11,5.1208,122516,0
IS06.DE,D,20200611,000000,5.11,5.11,5.0926,5.103,172286,0
IS06.DE,D,20200612,000000,5.0942,5.1296,5.0942,5.1242,76059,0
IS06.DE,D,20200615,000000,5.0832,5.1226,5.0832,5.1194,162423,0
IS06.DE,D,20200616,000000,5.1522,5.1674,5.1324,5.1324,1156082,0
IS06.DE,D,20200617,000000,5.1564,5.1564,5.1244,5.13,116888,0
IS06.DE,D,20200618,000000,5.1066,5.1316,5.1066,5.114,70802,0
IS06.DE,D,20200619,000000,5.125,5.1268,5.109,5.109,10802,0
IS06.DE,D,20200622,000000,5.1342,5.1342,5.1012,5.1068,79785,0
IS06.DE,D,20200623,000000,5.1156,5.1242,5.1044,5.1108,92649,0
IS06.DE,D,20200624,000000,5.1134,5.1134,5.0962,5.1022,451283,0
IS06.DE,D,20200625,000000,5.1102,5.1102,5.0952,5.1,68666,0
IS06.DE,D,20200626,000000,5.1136,5.1136,5.0954,5.0992,117760,0
IS06.DE,D,20200629,000000,5.0774,5.1112,5.0774,5.1078,82774,0
IS06.DE,D,20200630,000000,5.084,5.1256,5.084,5.1222,13535,0
IS06.DE,D,20200701,000000,5.1308,5.1308,5.1112,5.1192,15479,0
IS06.DE,D,20200702,000000,5.1248,5.1374,5.1234,5.1336,58179,0
IS06.DE,D,20200703,000000,5.1248,5.1416,5.1224,5.1278,247051,0
IS06.DE,D,20200706,000000,5.112,5.167,5.112,5.1338,30914,0
IS06.DE,D,20200707,000000,5.1288,5.133,5.1236,5.133,77365,0
IS06.DE,D,20200708,000000,5.1304,5.142,5.127,5.142,22248,0
IS06.DE,D,20200709,000000,5.1444,5.1444,5.128,5.128,64799,0
IS06.DE,D,20200710,000000,5.1248,5.1366,5.1248,5.1346,78194,0
IS06.DE,D,20200713,000000,5.1302,5.1398,5.1286,5.1334,70007,0
IS06.DE,D,20200714,000000,5.1036,5.1354,5.1036,5.1354,157097,0
IS06.DE,D,20200715,000000,5.1474,5.1514,5.1386,5.1468,84282,0
IS06.DE,D,20200716,000000,5.105,5.1328,5.105,5.1268,9483,0
IS06.DE,D,20200717,000000,5.1314,5.1314,5.121,5.1274,41141,0
IS06.DE,D,20200720,000000,5.128,5.1432,5.1232,5.1388,129190,0
IS06.DE,D,20200721,000000,5.1446,5.1594,5.1446,5.153,68818,0
IS06.DE,D,20200722,000000,5.1544,5.1632,5.1478,5.157,127434,0
IS06.DE,D,20200723,000000,5.1298,5.1702,5.1298,5.163,85248,0
IS06.DE,D,20200724,000000,5.1494,5.1594,5.145,5.1524,46721,0
IS06.DE,D,20200727,000000,5.1592,5.1704,5.1592,5.1668,84990,0
IS06.DE,D,20200728,000000,5.171,5.1754,5.162,5.1714,98207,0
IS06.DE,D,20200729,000000,5.172,5.172,5.1662,5.1698,66852,0
IS06.DE,D,20200730,000000,5.1932,5.1932,5.1516,5.1562,1305411,0
IS06.DE,D,20200731,000000,5.1598,5.1624,5.15,5.1578,84400,0
IS06.DE,D,20200803,000000,5.178,5.178,5.1568,5.1702,11239,0
IS06.DE,D,20200804,000000,5.1738,5.1752,5.1606,5.172,37166,0
IS06.DE,D,20200805,000000,5.175,5.1762,5.1642,5.1682,44649,0
IS06.DE,D,20200806,000000,5.1734,5.184,5.1664,5.1784,7359,0
IS06.DE,D,20200807,000000,5.1778,5.1866,5.1778,5.1816,39437,0
IS06.DE,D,20200810,000000,5.192,5.1948,5.185,5.1924,8324,0
IS06.DE,D,20200811,000000,5.1944,5.1978,5.1884,5.1884,65467,0
IS06.DE,D,20200812,000000,5.1958,5.1958,5.1842,5.1912,73226,0
IS06.DE,D,20200813,000000,5.1954,5.196,5.1832,5.1852,22765,0
IS06.DE,D,20200814,000000,5.1892,5.1892,5.163,5.1688,82348,0
IS06.DE,D,20200817,000000,5.168,5.1796,5.167,5.176,66838,0
IS06.DE,D,20200818,000000,5.1676,5.1828,5.1676,5.1786,16678,0
IS06.DE,D,20200819,000000,5.1752,5.1914,5.1752,5.1864,54005,0
IS06.DE,D,20200820,000000,5.1908,5.195,5.1848,5.1894,37657,0
IS06.DE,D,20200821,000000,5.186,5.2012,5.186,5.1938,42035,0
IS06.DE,D,20200824,000000,5.191,5.2006,5.191,5.1976,44698,0
IS06.DE,D,20200825,000000,5.203,5.203,5.1804,5.1816,94903,0
IS06.DE,D,20200826,000000,5.184,5.184,5.1762,5.179,23801,0
IS06.DE,D,20200827,000000,5.1702,5.189,5.1702,5.1778,79403,0
IS06.DE,D,20200828,000000,5.1796,5.1878,5.1774,5.1822,67125,0
IS06.DE,D,20200831,000000,5.186,5.186,5.1714,5.1746,14360,0
IS06.DE,D,20200901,000000,5.206,5.206,5.171,5.1822,36381,0
IS06.DE,D,20200902,000000,5.1798,5.2032,5.1798,5.2008,75584,0
IS06.DE,D,20200903,000000,5.196,5.207,5.196,5.2008,104790,0
IS06.DE,D,20200904,000000,5.1962,5.201,5.1914,5.1914,45564,0
IS06.DE,D,20200907,000000,5.1932,5.2056,5.1916,5.1952,88332,0
IS06.DE,D,20200908,000000,5.1738,5.2044,5.1738,5.1992,24850,0
IS06.DE,D,20200909,000000,5.2028,5.2028,5.1908,5.1962,63413,0
IS06.DE,D,20200910,000000,5.1994,5.2006,5.1714,5.187,94869,0
IS06.DE,D,20200911,000000,5.1678,5.2002,5.1678,5.1984,111265,0
IS06.DE,D,20200914,000000,5.2092,5.2092,5.1922,5.197,48240,0
IS06.DE,D,20200915,000000,5.2228,5.2228,5.1928,5.2036,1650737,0
IS06.DE,D,20200916,000000,5.2048,5.208,5.2012,5.205,129395,0
IS06.DE,D,20200917,000000,5.2178,5.2178,5.2,5.2046,63306,0
IS06.DE,D,20200918,000000,5.2054,5.2104,5.2008,5.2016,109856,0
IS06.DE,D,20200921,000000,5.2154,5.2154,5.1818,5.183,50448,0
IS06.DE,D,20200922,000000,5.1864,5.1872,5.178,5.1814,61550,0
IS06.DE,D,20200923,000000,5.1868,5.1906,5.1838,5.1844,26910,0
IS06.DE,D,20200924,000000,5.1784,5.1818,5.1662,5.168,92690,0
IS06.DE,D,20200925,000000,5.172,5.1726,5.1582,5.1662,19257,0
IS06.DE,D,20200928,000000,5.1742,5.1818,5.1726,5.1818,18953,0
IS06.DE,D,20200929,000000,5.1728,5.1862,5.1728,5.1796,50501,0
IS06.DE,D,20200930,000000,5.1844,5.1914,5.1724,5.1886,84605,0
IS06.DE,D,20201001,000000,5.217,5.217,5.1874,5.1978,40154,0
IS06.DE,D,20201002,000000,5.1924,5.2,5.1924,5.1944,102799,0
IS06.DE,D,20201005,000000,5.1934,5.2076,5.1934,5.2034,62365,0
IS06.DE,D,20201006,000000,5.198,5.2138,5.198,5.2136,45121,0
IS06.DE,D,20201007,000000,5.244,5.244,5.2064,5.2114,90611,0
IS06.DE,D,20201008,000000,5.226,5.226,5.2074,5.2106,147592,0
IS06.DE,D,20201009,000000,5.2168,5.22,5.2096,5.2146,110398,0
IS06.DE,D,20201012,000000,5.235,5.235,5.2194,5.2266,73065,0
IS06.DE,D,20201013,000000,5.2402,5.2402,5.225,5.2286,14710,0
IS06.DE,D,20201014,000000,5.2372,5.2372,5.221,5.2252,51357,0
IS06.DE,D,20201015,000000,5.2556,5.2556,5.2112,5.2228,125645,0
IS06.DE,D,20201016,000000,5.221,5.2358,5.2198,5.231,33154,0
IS06.DE,D,20201019,000000,5.2326,5.2382,5.2326,5.234,84943,0
IS06.DE,D,20201020,000000,5.237,5.2376,5.226,5.2342,99041,0
IS06.DE,D,20201021,000000,5.2266,5.2386,5.2266,5.2284,188952,0
IS06.DE,D,20201022,000000,5.2252,5.2342,5.225,5.2322,6900,0
IS06.DE,D,20201023,000000,5.2326,5.2354,5.2288,5.235,71024,0
IS06.DE,D,20201026,000000,5.2482,5.2482,5.2236,5.227,122448,0
IS06.DE,D,20201027,000000,5.225,5.2336,5.225,5.2308,36192,0
IS06.DE,D,20201028,000000,5.2366,5.2366,5.2024,5.2024,46607,0
IS06.DE,D,20201029,000000,5.2136,5.222,5.21,5.2144,109714,0
IS06.DE,D,20201030,000000,5.242,5.242,5.2116,5.2244,80975,0
IS06.DE,D,20201102,000000,5.2478,5.2478,5.2124,5.219,102844,0
IS06.DE,D,20201103,000000,5.2202,5.237,5.2202,5.234,56896,0
IS06.DE,D,20201104,000000,5.2554,5.2554,5.2314,5.2416,32755,0
IS06.DE,D,20201105,000000,5.2444,5.265,5.2444,5.2618,120929,0
IS06.DE,D,20201106,000000,5.262,5.2756,5.26,5.2644,34753,0
IS06.DE,D,20201109,000000,5.283,5.2922,5.2734,5.282,42333,0
IS06.DE,D,20201110,000000,5.2716,5.2798,5.2634,5.2668,77443,0
IS06.DE,D,20201111,000000,5.2684,5.2782,5.2534,5.2686,108393,0
IS06.DE,D,20201112,000000,5.2748,5.2772,5.2614,5.2728,23401,0
IS06.DE,D,20201113,000000,5.2748,5.2778,5.2656,5.2716,97999,0
IS06.DE,D,20201116,000000,5.2988,5.2988,5.275,5.2866,91299,0
IS06.DE,D,20201117,000000,5.292,5.2928,5.2828,5.289,169626,0
IS06.DE,D,20201118,000000,5.2884,5.2984,5.2874,5.2926,173377,0
IS06.DE,D,20201119,000000,5.3094,5.3094,5.286,5.2988,168151,0
IS06.DE,D,20201120,000000,5.3124,5.3124,5.2888,5.297,131081,0
IS06.DE,D,20201123,000000,5.2922,5.3086,5.2922,5.2992,75501,0
IS06.DE,D,20201124,000000,5.3082,5.3084,5.295,5.303,61006,0
IS06.DE,D,20201125,000000,5.29,5.3118,5.29,5.303,123395,0
IS06.DE,D,20201126,000000,5.2952,5.312,5.2952,5.3086,159255,0
IS06.DE,D,20201127,000000,5.3048,5.3136,5.3048,5.3094,164498,0
IS06.DE,D,20201130,000000,5.3056,5.3146,5.3032,5.3032,109195,0
IS06.DE,D,20201201,000000,5.3054,5.3158,5.3034,5.3042,150149,0
IS06.DE,D,20201202,000000,5.3016,5.3136,5.3016,5.3092,51345,0
IS06.DE,D,20201203,000000,5.3072,5.3206,5.3052,5.3192,131990,0
IS06.DE,D,20201204,000000,5.3156,5.327,5.312,5.3234,163953,0
IS06.DE,D,20201207,000000,5.3202,5.3324,5.3202,5.3282,131362,0
IS06.DE,D,20201208,000000,5.3268,5.3348,5.324,5.3348,92810,0
IS06.DE,D,20201209,000000,5.3252,5.3338,5.325,5.332,99325,0
IS06.DE,D,20201210,000000,5.3078,5.3314,5.3078,5.3276,111080,0
IS06.DE,D,20201211,000000,5.3276,5.3328,5.3184,5.3278,64854,0
IS06.DE,D,20201214,000000,5.3006,5.332,5.3006,5.3314,129764,0
IS06.DE,D,20201215,000000,5.3366,5.3366,5.3188,5.3188,50894,0
IS06.DE,D,20201216,000000,5.3102,5.3274,5.3102,5.3274,212809,0
IS06.DE,D,20201217,000000,5.3192,5.3332,5.319,5.328,108276,0
IS06.DE,D,20201218,000000,5.307,5.3316,5.307,5.3288,145182,0
IS06.DE,D,20201221,000000,5.328,5.328,5.311,5.321,195334,0
IS06.DE,D,20201222,000000,5.322,5.339,5.3166,5.3258,909900,0
IS06.DE,D,20201223,000000,5.3072,5.334,5.3072,5.3198,162033,0
IS06.DE,D,20201228,000000,5.3222,5.337,5.322,5.3274,168024,0
IS06.DE,D,20201229,000000,5.3134,5.342,5.3134,5.342,310064,0
IS06.DE,D,20201230,000000,5.3424,5.3424,5.3258,5.3304,275111,0
IS06.DE,D,20210104,000000,5.344,5.3446,5.3282,5.3356,220565,0
IS06.DE,D,20210105,000000,5.3378,5.3412,5.3356,5.3386,49470,0
IS06.DE,D,20210106,000000,5.3372,5.3392,5.3302,5.3372,61720,0
IS06.DE,D,20210107,000000,5.3322,5.3464,5.3322,5.3418,108556,0
IS06.DE,D,20210108,000000,5.3426,5.3462,5.3392,5.3442,110092,0
IS06.DE,D,20210111,000000,5.349,5.349,5.331,5.3356,262416,0
IS06.DE,D,20210112,000000,5.333,5.3378,5.319,5.32,101155,0
IS06.DE,D,20210113,000000,5.3102,5.3368,5.3102,5.3266,195968,0
IS06.DE,D,20210114,000000,5.3018,5.308,5.2938,5.2996,75457,0
IS06.DE,D,20210115,000000,5.3224,5.3224,5.2898,5.294,319831,0
IS06.DE,D,20210118,000000,5.2998,5.2998,5.2874,5.2928,20861,0
IS06.DE,D,20210119,000000,5.2922,5.2992,5.2888,5.294,136241,0
IS06.DE,D,20210120,000000,5.318,5.318,5.2974,5.302,107721,0
IS06.DE,D,20210121,000000,5.31,5.31,5.2948,5.2948,214904,0
IS06.DE,D,20210122,000000,5.2902,5.3026,5.2902,5.302,91908,0
IS06.DE,D,20210125,000000,5.292,5.3032,5.292,5.2968,194377,0
IS06.DE,D,20210126,000000,5.3008,5.3008,5.2886,5.2922,188899,0
IS06.DE,D,20210127,000000,5.2996,5.2996,5.2824,5.2948,46416,0
IS06.DE,D,20210128,000000,5.3092,5.3092,5.2702,5.283,442308,0
IS06.DE,D,20210129,000000,5.2702,5.2892,5.2702,5.287,292553,0
IS06.DE,D,20210201,000000,5.3094,5.3094,5.2832,5.287,49352,0
IS06.DE,D,20210202,000000,5.287,5.2934,5.283,5.2898,121427,0
IS06.DE,D,20210203,000000,5.2922,5.2984,5.2912,5.2972,60885,0
IS06.DE,D,20210204,000000,5.2946,5.3004,5.2894,5.296,201192,0
IS06.DE,D,20210205,000000,5.2942,5.3046,5.2938,5.2938,141176,0
IS06.DE,D,20210208,000000,5.2926,5.299,5.2904,5.2916,182439,0
IS06.DE,D,20210209,000000,5.2922,5.299,5.2906,5.2968,166520,0
IS06.DE,D,20210210,000000,5.2848,5.3,5.2848,5.2974,76364,0
IS06.DE,D,20210211,000000,5.3094,5.3094,5.2964,5.3038,281330,0
IS06.DE,D,20210212,000000,5.3082,5.3082,5.2916,5.2942,571002,0
IS06.DE,D,20210215,000000,5.2998,5.2998,5.2878,5.2878,102198,0
IS06.DE,D,20210216,000000,5.279,5.293,5.279,5.2852,65503,0
IS06.DE,D,20210217,000000,5.285,5.2906,5.281,5.2872,293290,0
IS06.DE,D,20210218,000000,5.284,5.2876,5.2798,5.28,532109,0
IS06.DE,D,20210219,000000,5.282,5.2852,5.278,5.2802,130502,0
IS06.DE,D,20210222,000000,5.2742,5.2868,5.2726,5.2794,94081,0
IS06.DE,D,20210223,000000,5.2796,5.2796,5.2616,5.2724,393377,0
IS06.DE,D,20210224,000000,5.2702,5.2796,5.2672,5.2736,213443,0
IS06.DE,D,20210225,000000,5.2712,5.2732,5.247,5.2478,135969,0
IS06.DE,D,20210226,000000,5.2508,5.2572,5.2452,5.2506,115493,0
IS06.DE,D,20210301,000000,5.2686,5.2754,5.26,5.2674,150844,0
IS06.DE,D,20210302,000000,5.2674,5.2762,5.2658,5.2744,333150,0
IS06.DE,D,20210303,000000,5.2774,5.2774,5.2626,5.2648,192119,0
IS06.DE,D,20210304,000000,5.2628,5.2722,5.2628,5.2702,151529,0
IS06.DE,D,20210305,000000,5.2586,5.2648,5.256,5.256,134676,0
IS06.DE,D,20210308,000000,5.2502,5.2636,5.2448,5.2608,194073,0
IS06.DE,D,20210309,000000,5.2428,5.2682,5.2428,5.26,254655,0
IS06.DE,D,20210310,000000,5.2604,5.2644,5.2572,5.2604,1026281,0
IS06.DE,D,20210311,000000,5.2676,5.2804,5.2638,5.271,201936,0
IS06.DE,D,20210312,000000,5.265,5.271,5.2634,5.2636,47889,0
IS06.DE,D,20210315,000000,5.2752,5.2752,5.2654,5.266,217081,0
IS06.DE,D,20210316,000000,5.274,5.274,5.2622,5.2652,181065,0
IS06.DE,D,20210317,000000,5.26,5.2676,5.2548,5.2548,539567,0
IS06.DE,D,20210318,000000,5.2358,5.2582,5.2358,5.2494,460553,0
IS06.DE,D,20210319,000000,5.234,5.2606,5.234,5.2562,176197,0
IS06.DE,D,20210322,000000,5.2366,5.2678,5.2366,5.2678,67257,0
IS06.DE,D,20210323,000000,5.2806,5.2806,5.2642,5.2642,83373,0
IS06.DE,D,20210324,000000,5.266,5.2742,5.2648,5.2724,205332,0
IS06.DE,D,20210325,000000,5.2686,5.2778,5.2668,5.2764,363945,0
IS06.DE,D,20210326,000000,5.2702,5.2788,5.2702,5.2732,416075,0
IS06.DE,D,20210329,000000,5.2846,5.2846,5.2694,5.2712,266563,0
IS06.DE,D,20210330,000000,5.2666,5.2676,5.2566,5.264,214716,0
IS06.DE,D,20210331,000000,5.246,5.2798,5.246,5.276,206885,0
IS06.DE,D,20210401,000000,5.2946,5.2946,5.2774,5.2906,163902,0
IS06.DE,D,20210406,000000,5.29,5.298,5.2894,5.2916,263444,0
IS06.DE,D,20210407,000000,5.2768,5.2966,5.2768,5.2886,191804,0
IS06.DE,D,20210408,000000,5.2758,5.295,5.2758,5.2884,82974,0
IS06.DE,D,20210409,000000,5.2802,5.29,5.2802,5.2856,208284,0
IS06.DE,D,20210412,000000,5.285,5.2914,5.2816,5.283,99701,0
IS06.DE,D,20210413,000000,5.2868,5.2882,5.2814,5.282,147456,0
IS06.DE,D,20210414,000000,5.291,5.291,5.2778,5.2778,39570,0
IS06.DE,D,20210415,000000,5.2962,5.2962,5.2778,5.2852,186368,0
IS06.DE,D,20210416,000000,5.2908,5.2924,5.2838,5.2892,63676,0
IS06.DE,D,20210419,000000,5.301,5.301,5.2762,5.2804,171569,0
IS06.DE,D,20210420,000000,5.2748,5.2796,5.2726,5.2796,110848,0
IS06.DE,D,20210421,000000,5.2926,5.2926,5.276,5.2844,832889,0
IS06.DE,D,20210422,000000,5.2892,5.2906,5.2794,5.2862,171825,0
IS06.DE,D,20210423,000000,5.2884,5.2896,5.2816,5.2864,50062,0
IS06.DE,D,20210426,000000,5.2948,5.2948,5.282,5.2872,112408,0
IS06.DE,D,20210427,000000,5.2786,5.2894,5.2786,5.2828,22667,0
IS06.DE,D,20210428,000000,5.2834,5.2848,5.2736,5.2796,222904,0
IS06.DE,D,20210429,000000,5.2796,5.2824,5.2734,5.2796,140864,0
IS06.DE,D,20210430,000000,5.278,5.2824,5.273,5.282,94910,0
IS06.DE,D,20210503,000000,5.2942,5.2942,5.2732,5.2876,185022,0
IS06.DE,D,20210504,000000,5.2784,5.287,5.2782,5.284,115115,0
IS06.DE,D,20210505,000000,5.279,5.2874,5.279,5.2868,61930,0
IS06.DE,D,20210506,000000,5.2802,5.288,5.2802,5.2834,131109,0
IS06.DE,D,20210507,000000,5.2848,5.2878,5.2814,5.2878,104270,0
IS06.DE,D,20210510,000000,5.2798,5.2866,5.276,5.283,137342,0
IS06.DE,D,20210511,000000,5.285,5.285,5.2702,5.273,142890,0
IS06.DE,D,20210512,000000,5.2696,5.2774,5.2628,5.2634,71813,0
IS06.DE,D,20210513,000000,5.2556,5.2608,5.2552,5.2592,22292,0
IS06.DE,D,20210514,000000,5.2598,5.266,5.2562,5.261,103114,0
IS06.DE,D,20210517,000000,5.27,5.27,5.2586,5.2608,22654,0
IS06.DE,D,20210518,000000,5.2566,5.265,5.2566,5.2606,29396,0
IS06.DE,D,20210519,000000,5.247,5.258,5.247,5.2544,20615,0
IS06.DE,D,20210520,000000,5.246,5.2546,5.246,5.254,685052,0
IS06.DE,D,20210521,000000,5.2352,5.258,5.2352,5.255,82472,0
IS06.DE,D,20210525,000000,5.2572,5.2654,5.2572,5.265,133331,0
IS06.DE,D,20210526,000000,5.2582,5.2724,5.2582,5.2704,292557,0
IS06.DE,D,20210527,000000,5.2682,5.2712,5.2662,5.2672,42121,0
IS06.DE,D,20210528,000000,5.2652,5.2748,5.2652,5.2748,186288,0
IS06.DE,D,20210531,000000,5.2808,5.2808,5.2668,5.2734,164901,0
IS06.DE,D,20210601,000000,5.2798,5.2798,5.2682,5.275,108650,0
IS06.DE,D,20210602,000000,5.2704,5.2794,5.2704,5.2794,221603,0
IS06.DE,D,20210603,000000,5.2734,5.2798,5.2732,5.2798,90311,0
IS06.DE,D,20210604,000000,5.274,5.2868,5.274,5.2868,103594,0
IS06.DE,D,20210607,000000,5.2668,5.2882,5.2668,5.2828,103619,0
IS06.DE,D,20210608,000000,5.28,5.2926,5.28,5.2926,72850,0
IS06.DE,D,20210609,000000,5.301,5.301,5.29,5.2982,163172,0
IS06.DE,D,20210610,000000,5.2922,5.2992,5.2916,5.2952,101505,0
IS06.DE,D,20210611,000000,5.299,5.3074,5.299,5.3066,125297,0
IS06.DE,D,20210614,000000,5.3102,5.3102,5.303,5.3046,202609,0
IS06.DE,D,20210615,000000,5.307,5.307,5.297,5.3034,198722,0
IS06.DE,D,20210616,000000,5.2954,5.3024,5.2954,5.3002,240468,0
IS06.DE,D,20210617,000000,5.2902,5.299,5.29,5.295,134957,0
IS06.DE,D,20210618,000000,5.299,5.3008,5.2898,5.2942,71392,0
IS06.DE,D,20210621,000000,5.298,5.298,5.286,5.289,55017,0
IS06.DE,D,20210622,000000,5.2898,5.2922,5.2824,5.285,212747,0
IS06.DE,D,20210623,000000,5.2836,5.2958,5.2836,5.2924,229426,0
IS06.DE,D,20210624,000000,5.2924,5.3006,5.2896,5.2932,1187802,0
IS06.DE,D,20210625,000000,5.306,5.306,5.2846,5.2846,868173,0
IS06.DE,D,20210628,000000,5.2886,5.2946,5.2846,5.2924,176677,0
IS06.DE,D,20210629,000000,5.2942,5.2962,5.2896,5.2896,39353,0
IS06.DE,D,20210630,000000,5.297,5.297,5.2898,5.2948,172624,0
IS06.DE,D,20210701,000000,5.3092,5.3092,5.2904,5.2964,398329,0
IS06.DE,D,20210702,000000,5.2994,5.307,5.2994,5.3034,157489,0
IS06.DE,D,20210705,000000,5.2954,5.3034,5.2954,5.301,39834,0
IS06.DE,D,20210706,000000,5.3032,5.3114,5.302,5.3076,76238,0
IS06.DE,D,20210707,000000,5.3148,5.3206,5.312,5.3176,104096,0
IS06.DE,D,20210708,000000,5.317,5.3238,5.3122,5.317,290884,0
IS06.DE,D,20210709,000000,5.3224,5.324,5.3172,5.3186,21116,0
IS06.DE,D,20210712,000000,5.3312,5.3312,5.3148,5.3202,356064,0
IS06.DE,D,20210713,000000,5.3254,5.3254,5.3172,5.3172,45849,0
IS06.DE,D,20210714,000000,5.3074,5.3242,5.3074,5.323,69885,0
IS06.DE,D,20210715,000000,5.2978,5.2978,5.2882,5.2882,212769,0
IS06.DE,D,20210716,000000,5.2918,5.2974,5.2918,5.2962,888377,0
IS06.DE,D,20210719,000000,5.2998,5.2998,5.293,5.2942,65274,0
IS06.DE,D,20210720,000000,5.2866,5.3034,5.2866,5.2982,408798,0
IS06.DE,D,20210721,000000,5.2992,5.3036,5.299,5.2998,374378,0
IS06.DE,D,20210722,000000,5.3026,5.3076,5.3018,5.3062,219845,0
IS06.DE,D,20210723,000000,5.2976,5.3092,5.2976,5.3078,37017,0
IS06.DE,D,20210726,000000,5.3148,5.3148,5.3048,5.308,133053,0
IS06.DE,D,20210727,000000,5.312,5.312,5.307,5.3082,52890,0
IS06.DE,D,20210728,000000,5.311,5.3158,5.3092,5.3136,56482,0
IS06.DE,D,20210729,000000,5.3322,5.3322,5.3126,5.3154,412291,0
IS06.DE,D,20210730,000000,5.312,5.319,5.312,5.316,126830,0
IS06.DE,D,20210802,000000,5.3136,5.3222,5.3136,5.32,642616,0
IS06.DE,D,20210803,000000,5.3208,5.3256,5.319,5.3246,80000,0
IS06.DE,D,20210804,000000,5.3244,5.3298,5.3224,5.3272,427653,0
IS06.DE,D,20210805,000000,5.3296,5.3308,5.3264,5.3274,87229,0
IS06.DE,D,20210806,000000,5.3318,5.3318,5.321,5.321,99705,0
IS06.DE,D,20210809,000000,5.3244,5.3244,5.3174,5.3184,684417,0
IS06.DE,D,20210810,000000,5.3228,5.3228,5.3158,5.3158,143633,0
IS06.DE,D,20210811,000000,5.3122,5.3174,5.3112,5.316,88824,0
IS06.DE,D,20210812,000000,5.3218,5.3218,5.3158,5.3188,299080,0
IS06.DE,D,20210813,000000,5.3144,5.32,5.3144,5.3186,356666,0
IS06.DE,D,20210816,000000,5.32,5.32,5.3148,5.3164,33220,0
IS06.DE,D,20210817,000000,5.3186,5.3218,5.3146,5.316,413045,0
IS06.DE,D,20210818,000000,5.3198,5.3198,5.3158,5.3172,64552,0
IS06.DE,D,20210819,000000,5.3178,5.32,5.3136,5.3174,568516,0
IS06.DE,D,20210820,000000,5.319,5.3218,5.3172,5.3186,67740,0
IS06.DE,D,20210823,000000,5.3202,5.3212,5.312,5.3166,164219,0
IS06.DE,D,20210824,000000,5.3154,5.3192,5.3142,5.3166,130470,0
