<TICKER>,<PER>,<DATE>,<TIME>,<OPEN>,<HIGH>,<LOW>,<CLOSE>,<VOL>,<OPENINT>
JREB.DE,D,20190313,000000,102.84,102.92,102.835,102.92,0,0
JREB.DE,D,20190314,000000,102.805,103,102.805,102.98,0,0
JREB.DE,D,20190315,000000,103.035,103.055,103,103.055,0,0
JREB.DE,D,20190318,000000,103.48,103.48,103.09,103.11,150,0
JREB.DE,D,20190319,000000,103.11,103.215,103.11,103.215,700,0
JREB.DE,D,20190320,000000,103.145,103.26,103.145,103.175,700,0
JREB.DE,D,20190321,000000,103.325,103.385,103.325,103.385,0,0
JREB.DE,D,20190322,000000,103.355,103.47,103.355,103.44,500,0
JREB.DE,D,20190325,000000,103.405,103.405,103.19,103.21,0,0
JREB.DE,D,20190326,000000,103.36,103.36,103.245,103.245,0,0
JREB.DE,D,20190327,000000,103.36,103.555,103.36,103.555,0,0
JREB.DE,D,20190328,000000,103.595,103.595,103.48,103.48,0,0
JREB.DE,D,20190329,000000,103.49,103.6,103.49,103.6,0,0
JREB.DE,D,20190401,000000,103.565,103.655,103.565,103.59,500,0
JREB.DE,D,20190402,000000,103.64,103.825,103.64,103.825,100,0
JREB.DE,D,20190403,000000,103.67,103.67,103.6,103.6,0,0
JREB.DE,D,20190404,000000,103.595,103.655,103.595,103.645,0,0
JREB.DE,D,20190405,000000,103.575,103.67,103.575,103.67,0,0
JREB.DE,D,20190408,000000,103.7,103.7,103.67,103.68,0,0
JREB.DE,D,20190409,000000,103.71,103.71,103.645,103.665,0,0
JREB.DE,D,20190410,000000,103.665,103.87,103.665,103.87,0,0
JREB.DE,D,20190411,000000,103.85,103.875,103.835,103.835,0,0
JREB.DE,D,20190412,000000,103.865,103.865,103.695,103.695,0,0
JREB.DE,D,20190415,000000,103.68,103.725,103.68,103.725,0,0
JREB.DE,D,20190416,000000,103.755,103.92,103.755,103.82,3,0
JREB.DE,D,20190417,000000,103.765,103.775,103.745,103.775,0,0
JREB.DE,D,20190418,000000,103.735,103.995,103.735,103.995,0,0
JREB.DE,D,20190423,000000,104.04,104.04,103.93,104.01,0,0
JREB.DE,D,20190424,000000,104.11,104.365,104.11,104.365,0,0
JREB.DE,D,20190425,000000,104.415,104.415,104.345,104.345,0,0
JREB.DE,D,20190426,000000,104.335,104.4,104.335,104.4,0,0
JREB.DE,D,20190429,000000,104.355,104.375,104.355,104.37,0,0
JREB.DE,D,20190430,000000,104.36,104.395,104.29,104.395,650,0
JREB.DE,D,20190502,000000,104.25,104.47,104.25,104.405,0,0
JREB.DE,D,20190503,000000,104.365,104.455,104.365,104.455,5,0
JREB.DE,D,20190506,000000,104.56,104.56,104.425,104.445,0,0
JREB.DE,D,20190507,000000,104.4,104.505,104.4,104.495,0,0
JREB.DE,D,20190508,000000,104.575,104.575,104.365,104.365,0,0
JREB.DE,D,20190509,000000,104.5,104.5,104.21,104.21,0,0
JREB.DE,D,20190510,000000,104.23,104.23,104.185,104.23,0,0
JREB.DE,D,20190513,000000,104.29,104.29,104.175,104.175,0,0
JREB.DE,D,20190514,000000,104.11,104.14,104.11,104.14,0,0
JREB.DE,D,20190515,000000,104.16,104.32,104.16,104.32,0,0
JREB.DE,D,20190516,000000,104.345,104.345,104.265,104.29,0,0
JREB.DE,D,20190517,000000,104.395,104.395,104.285,104.285,0,0
JREB.DE,D,20190520,000000,104.205,104.25,104.205,104.225,0,0
JREB.DE,D,20190521,000000,104.375,104.375,104.09,104.09,0,0
JREB.DE,D,20190522,000000,104.255,104.255,104.035,104.045,0,0
JREB.DE,D,20190523,000000,104.195,104.195,103.965,103.975,0,0
JREB.DE,D,20190524,000000,104.08,104.08,103.94,103.97,0,0
JREB.DE,D,20190527,000000,104.12,104.12,104.09,104.095,0,0
JREB.DE,D,20190528,000000,104.23,104.23,104.03,104.12,800,0
JREB.DE,D,20190529,000000,104.115,104.115,104.045,104.085,0,0
JREB.DE,D,20190530,000000,104.055,104.13,104.055,104.13,0,0
JREB.DE,D,20190531,000000,104.27,104.27,104.155,104.155,0,0
JREB.DE,D,20190603,000000,104.21,104.21,104.075,104.075,0,0
JREB.DE,D,20190604,000000,104.17,104.275,104.17,104.275,0,0
JREB.DE,D,20190605,000000,104.38,104.57,104.38,104.57,0,0
JREB.DE,D,20190606,000000,104.51,104.64,104.51,104.55,0,0
JREB.DE,D,20190607,000000,104.52,104.815,104.52,104.815,0,0
JREB.DE,D,20190611,000000,104.75,104.84,104.75,104.84,0,0
JREB.DE,D,20190612,000000,104.825,104.855,104.825,104.84,0,0
JREB.DE,D,20190613,000000,104.84,104.86,104.825,104.825,0,0
JREB.DE,D,20190614,000000,104.905,104.935,104.895,104.895,0,0
JREB.DE,D,20190617,000000,104.91,104.935,104.87,104.935,0,0
JREB.DE,D,20190618,000000,104.92,105.52,104.92,105.52,0,0
JREB.DE,D,20190619,000000,105.48,105.505,105.48,105.505,0,0
JREB.DE,D,20190620,000000,105.735,105.93,105.735,105.93,2006,0
JREB.DE,D,20190621,000000,105.855,105.855,105.8,105.8,0,0
JREB.DE,D,20190624,000000,105.83,105.865,105.83,105.855,0,0
JREB.DE,D,20190625,000000,105.96,106.13,105.925,106.02,1773,0
JREB.DE,D,20190626,000000,105.995,105.995,105.855,105.855,0,0
JREB.DE,D,20190627,000000,105.795,105.93,105.795,105.93,0,0
JREB.DE,D,20190628,000000,105.885,105.99,105.885,105.99,0,0
JREB.DE,D,20190701,000000,106.005,106.145,106,106.145,0,0
JREB.DE,D,20190702,000000,106.05,106.17,106.05,106.17,0,0
JREB.DE,D,20190703,000000,106.21,106.32,106.21,106.32,0,0
JREB.DE,D,20190704,000000,106.33,106.455,106.33,106.455,0,0
JREB.DE,D,20190705,000000,106.475,106.475,106.32,106.32,0,0
JREB.DE,D,20190708,000000,106.47,106.47,106.365,106.365,0,0
JREB.DE,D,20190709,000000,106.31,106.31,106.22,106.22,0,0
JREB.DE,D,20190710,000000,106.045,106.09,105.975,106.09,0,0
JREB.DE,D,20190711,000000,106.175,106.175,106.04,106.04,0,0
JREB.DE,D,20190712,000000,105.9,106.07,105.9,106.055,0,0
JREB.DE,D,20190715,000000,106.125,106.255,106.125,106.255,0,0
JREB.DE,D,20190716,000000,106.29,106.44,106.29,106.44,0,0
JREB.DE,D,20190717,000000,106.505,106.565,106.505,106.565,0,0
JREB.DE,D,20190718,000000,106.54,106.6,106.54,106.54,0,0
JREB.DE,D,20190719,000000,106.645,106.66,106.645,106.66,0,0
JREB.DE,D,20190722,000000,106.595,106.8,106.595,106.8,0,0
JREB.DE,D,20190723,000000,106.655,106.965,106.655,106.965,0,0
JREB.DE,D,20190724,000000,106.91,107.19,106.91,107.19,0,0
JREB.DE,D,20190725,000000,107.21,107.325,107.21,107.225,0,0
JREB.DE,D,20190726,000000,107.16,107.315,107.16,107.24,0,0
JREB.DE,D,20190729,000000,107.295,107.335,107.295,107.335,0,0
JREB.DE,D,20190730,000000,107.295,107.295,107.18,107.185,0,0
JREB.DE,D,20190731,000000,107.26,107.26,107.15,107.24,0,0
JREB.DE,D,20190801,000000,107.185,107.265,107.135,107.265,0,0
JREB.DE,D,20190802,000000,107.325,107.325,107.105,107.105,28,0
JREB.DE,D,20190805,000000,107.19,107.19,107.04,107.04,0,0
JREB.DE,D,20190806,000000,107.165,107.165,107.105,107.105,0,0
JREB.DE,D,20190807,000000,107.28,107.41,107.28,107.38,0,0
JREB.DE,D,20190808,000000,107.37,107.385,107.36,107.385,0,0
JREB.DE,D,20190809,000000,107.39,107.445,107.39,107.445,0,0
JREB.DE,D,20190812,000000,107.46,107.47,107.46,107.47,0,0
JREB.DE,D,20190813,000000,107.555,107.555,107.465,107.5,0,0
JREB.DE,D,20190814,000000,107.465,107.625,107.465,107.605,700,0
JREB.DE,D,20190815,000000,107.615,107.765,107.57,107.765,0,0
JREB.DE,D,20190816,000000,107.745,107.745,107.66,107.66,0,0
JREB.DE,D,20190819,000000,107.51,107.595,107.51,107.59,0,0
JREB.DE,D,20190820,000000,107.585,107.79,107.585,107.76,0,0
JREB.DE,D,20190821,000000,107.68,107.82,107.68,107.705,28,0
JREB.DE,D,20190822,000000,107.75,107.75,107.615,107.615,0,0
JREB.DE,D,20190823,000000,107.6,107.925,107.6,107.765,28,0
JREB.DE,D,20190826,000000,107.795,107.795,107.655,107.715,0,0
JREB.DE,D,20190827,000000,107.75,107.795,107.71,107.795,0,0
JREB.DE,D,20190828,000000,107.815,107.84,107.78,107.78,0,0
JREB.DE,D,20190829,000000,107.795,107.795,107.765,107.775,0,0
JREB.DE,D,20190830,000000,107.74,107.81,107.74,107.81,0,0
JREB.DE,D,20190902,000000,107.785,107.785,107.69,107.77,0,0
JREB.DE,D,20190903,000000,107.79,107.79,107.665,107.665,0,0
JREB.DE,D,20190904,000000,107.45,107.495,107.325,107.495,0,0
JREB.DE,D,20190905,000000,107.365,107.365,107.205,107.205,0,0
JREB.DE,D,20190906,000000,107.27,107.4,107.235,107.295,345,0
JREB.DE,D,20190909,000000,107.175,107.18,107.13,107.13,0,0
JREB.DE,D,20190910,000000,107.07,107.07,106.93,106.93,0,0
JREB.DE,D,20190911,000000,106.85,106.85,106.71,106.81,500,0
JREB.DE,D,20190912,000000,106.895,106.895,106.815,106.815,0,0
JREB.DE,D,20190913,000000,106.615,106.8,106.615,106.72,0,0
JREB.DE,D,20190916,000000,106.69,106.815,106.69,106.81,0,0
JREB.DE,D,20190917,000000,106.875,106.875,106.695,106.695,0,0
JREB.DE,D,20190918,000000,106.555,106.655,106.555,106.635,0,0
JREB.DE,D,20190919,000000,106.375,106.64,106.375,106.64,0,0
JREB.DE,D,20190920,000000,106.715,106.715,106.635,106.635,0,0
JREB.DE,D,20190923,000000,106.63,106.845,106.63,106.805,0,0
JREB.DE,D,20190924,000000,106.815,106.895,106.815,106.895,0,0
JREB.DE,D,20190925,000000,106.845,106.86,106.8,106.8,0,0
JREB.DE,D,20190926,000000,106.795,106.92,106.795,106.85,500,0
JREB.DE,D,20190927,000000,106.84,106.86,106.84,106.84,0,0
JREB.DE,D,20191001,000000,106.87,107.07,106.87,107.07,0,0
JREB.DE,D,20191002,000000,107.01,107.01,106.89,106.89,0,0
JREB.DE,D,20191004,000000,107.095,107.095,107,107,0,0
JREB.DE,D,20191007,000000,107.005,107.05,106.95,106.95,0,0
JREB.DE,D,20191008,000000,106.94,107.035,106.94,107.025,0,0
JREB.DE,D,20191009,000000,107.005,107.005,106.845,106.845,700,0
JREB.DE,D,20191010,000000,106.755,106.755,106.515,106.515,0,0
JREB.DE,D,20191011,000000,106.52,106.59,106.515,106.515,0,0
JREB.DE,D,20191014,000000,106.67,106.67,106.6,106.6,0,0
JREB.DE,D,20191015,000000,106.5,106.55,106.49,106.49,0,0
JREB.DE,D,20191016,000000,106.515,106.56,106.48,106.48,0,0
JREB.DE,D,20191017,000000,106.53,106.55,106.44,106.55,0,0
JREB.DE,D,20191018,000000,106.515,106.515,106.49,106.505,0,0
JREB.DE,D,20191021,000000,106.455,106.455,106.42,106.445,0,0
JREB.DE,D,20191022,000000,106.46,106.585,106.46,106.585,0,0
JREB.DE,D,20191023,000000,106.705,106.705,106.575,106.645,131,0
JREB.DE,D,20191024,000000,106.71,106.71,106.55,106.685,1489,0
JREB.DE,D,20191025,000000,106.57,106.685,106.57,106.685,0,0
JREB.DE,D,20191028,000000,106.595,106.595,106.545,106.545,0,0
JREB.DE,D,20191029,000000,106.59,106.59,106.57,106.57,0,0
JREB.DE,D,20191030,000000,106.47,106.57,106.47,106.53,0,0
JREB.DE,D,20191031,000000,106.7,106.79,106.7,106.775,0,0
JREB.DE,D,20191101,000000,106.77,106.81,106.75,106.75,0,0
JREB.DE,D,20191104,000000,106.695,106.7,106.68,106.68,0,0
JREB.DE,D,20191105,000000,106.6,106.65,106.6,106.615,0,0
JREB.DE,D,20191106,000000,106.59,106.6,106.535,106.6,0,0
JREB.DE,D,20191107,000000,106.565,106.565,106.315,106.315,0,0
JREB.DE,D,20191108,000000,106.28,106.32,106.28,106.32,0,0
JREB.DE,D,20191111,000000,106.305,106.305,106.225,106.225,0,0
JREB.DE,D,20191112,000000,106.18,106.24,106.18,106.24,0,0
JREB.DE,D,20191113,000000,106.27,106.32,106.27,106.315,0,0
JREB.DE,D,20191114,000000,106.335,106.425,106.335,106.425,0,0
JREB.DE,D,20191115,000000,106.415,106.415,106.355,106.355,0,0
JREB.DE,D,20191118,000000,106.37,106.37,106.345,106.345,0,0
JREB.DE,D,20191119,000000,106.28,106.36,106.28,106.295,0,0
JREB.DE,D,20191120,000000,106.45,106.45,106.2,106.2,0,0
JREB.DE,D,20191121,000000,106.195,106.195,106.02,106.02,0,0
JREB.DE,D,20191122,000000,106.065,106.26,106.065,106.26,0,0
JREB.DE,D,20191125,000000,106.245,106.34,106.245,106.34,0,0
JREB.DE,D,20191126,000000,106.36,106.585,106.36,106.585,0,0
JREB.DE,D,20191127,000000,106.57,106.615,106.505,106.505,0,0
JREB.DE,D,20191128,000000,106.53,106.53,106.475,106.475,0,0
JREB.DE,D,20191129,000000,106.425,106.525,106.425,106.47,0,0
JREB.DE,D,20191202,000000,106.305,106.305,106.21,106.21,20,0
JREB.DE,D,20191203,000000,106.17,106.43,106.17,106.43,0,0
JREB.DE,D,20191204,000000,106.495,106.495,106.35,106.35,0,0
JREB.DE,D,20191205,000000,106.365,106.365,106.32,106.32,0,0
JREB.DE,D,20191206,000000,106.33,106.44,106.33,106.415,0,0
JREB.DE,D,20191209,000000,106.485,106.505,106.47,106.505,0,0
JREB.DE,D,20191210,000000,106.485,106.535,106.485,106.535,0,0
JREB.DE,D,20191211,000000,106.59,106.61,106.59,106.605,0,0
JREB.DE,D,20191212,000000,106.635,106.68,106.46,106.46,0,0
JREB.DE,D,20191213,000000,106.44,106.68,106.44,106.68,0,0
JREB.DE,D,20191216,000000,106.76,106.79,106.74,106.74,0,0
JREB.DE,D,20191217,000000,106.815,106.85,106.815,106.84,0,0
JREB.DE,D,20191218,000000,106.76,106.83,106.7,106.7,0,0
JREB.DE,D,20191219,000000,106.675,106.755,106.58,106.675,1700,0
JREB.DE,D,20191220,000000,106.625,106.695,106.625,106.695,0,0
JREB.DE,D,20191223,000000,106.765,106.765,106.71,106.71,0,0
JREB.DE,D,20191227,000000,106.755,106.755,106.71,106.71,0,0
JREB.DE,D,20191230,000000,106.68,106.68,106.365,106.48,165,0
JREB.DE,D,20200102,000000,106.415,106.685,106.415,106.685,0,0
JREB.DE,D,20200103,000000,106.855,106.885,106.855,106.885,0,0
JREB.DE,D,20200106,000000,106.87,106.9,106.79,106.79,100,0
JREB.DE,D,20200107,000000,106.795,106.84,106.77,106.77,0,0
JREB.DE,D,20200108,000000,106.81,106.81,106.605,106.62,0,0
JREB.DE,D,20200109,000000,106.48,106.485,106.475,106.485,0,0
JREB.DE,D,20200110,000000,106.535,106.54,106.475,106.535,1500,0
JREB.DE,D,20200113,000000,106.5,106.5,106.39,106.39,0,0
JREB.DE,D,20200114,000000,106.365,106.405,106.365,106.4,0,0
JREB.DE,D,20200115,000000,106.495,106.54,106.495,106.54,0,0
JREB.DE,D,20200116,000000,106.545,106.695,106.545,106.695,0,0
JREB.DE,D,20200117,000000,106.7,106.77,106.7,106.745,0,0
JREB.DE,D,20200120,000000,106.76,106.79,106.735,106.79,0,0
JREB.DE,D,20200121,000000,106.79,106.955,106.75,106.955,0,0
JREB.DE,D,20200122,000000,106.895,106.985,106.895,106.985,0,0
JREB.DE,D,20200123,000000,107,107.07,106.98,107.07,0,0
JREB.DE,D,20200124,000000,107.01,107.195,107.01,107.195,0,0
JREB.DE,D,20200127,000000,107.14,107.255,107.14,107.255,0,0
JREB.DE,D,20200128,000000,107.28,107.28,107.11,107.11,0,0
JREB.DE,D,20200129,000000,107.19,107.315,107.19,107.315,0,0
JREB.DE,D,20200130,000000,107.38,107.395,107.355,107.365,2500,0
JREB.DE,D,20200131,000000,107.37,107.495,107.37,107.495,0,0
JREB.DE,D,20200203,000000,107.44,107.48,107.43,107.48,0,0
JREB.DE,D,20200204,000000,107.45,107.48,107.44,107.48,0,0
JREB.DE,D,20200205,000000,107.355,107.355,107.345,107.345,0,0
JREB.DE,D,20200206,000000,107.375,107.405,107.375,107.405,0,0
JREB.DE,D,20200207,000000,107.49,107.49,107.33,107.33,0,0
JREB.DE,D,20200210,000000,107.35,107.52,107.35,107.52,0,0
JREB.DE,D,20200211,000000,107.49,107.49,107.42,107.42,0,0
JREB.DE,D,20200212,000000,107.395,107.455,107.395,107.455,0,0
JREB.DE,D,20200213,000000,107.52,107.52,107.495,107.495,0,0
JREB.DE,D,20200214,000000,107.49,107.585,107.49,107.585,0,0
JREB.DE,D,20200217,000000,107.52,107.62,107.52,107.545,0,0
JREB.DE,D,20200218,000000,107.66,107.66,107.6,107.6,0,0
JREB.DE,D,20200219,000000,107.56,107.67,107.56,107.66,0,0
JREB.DE,D,20200220,000000,107.665,107.73,107.665,107.73,0,0
JREB.DE,D,20200221,000000,107.76,107.76,107.66,107.675,0,0
JREB.DE,D,20200224,000000,107.7,107.7,107.535,107.535,0,0
JREB.DE,D,20200225,000000,107.595,107.595,107.42,107.42,0,0
JREB.DE,D,20200226,000000,107.315,107.315,107.13,107.305,0,0
JREB.DE,D,20200227,000000,107.265,107.265,106.97,106.97,0,0
JREB.DE,D,20200228,000000,106.475,106.545,106.385,106.545,0,0
JREB.DE,D,20200302,000000,107.105,107.105,106.545,106.58,0,0
JREB.DE,D,20200303,000000,106.84,107.035,106.84,107.035,985,0
JREB.DE,D,20200304,000000,107.12,107.165,107.075,107.165,0,0
JREB.DE,D,20200305,000000,107.26,107.26,107,107.07,0,0
JREB.DE,D,20200306,000000,106.905,106.905,106.38,106.605,0,0
JREB.DE,D,20200309,000000,106.195,106.195,104.115,104.735,126,0
JREB.DE,D,20200310,000000,104.755,105.36,104.515,104.515,0,0
JREB.DE,D,20200311,000000,104.58,104.95,104.58,104.91,0,0
JREB.DE,D,20200312,000000,104.04,104.04,103.23,103.23,0,0
JREB.DE,D,20200313,000000,103.61,103.61,102.765,102.765,7500,0
JREB.DE,D,20200316,000000,102.175,102.175,99.076,99.076,100,0
JREB.DE,D,20200317,000000,99.598,99.598,98.344,98.344,0,0
JREB.DE,D,20200318,000000,97.606,97.606,92.79,92.79,1487,0
JREB.DE,D,20200319,000000,97.41,97.41,95.722,95.722,5,0
JREB.DE,D,20200320,000000,97,98.226,97,98.072,10010,0
JREB.DE,D,20200323,000000,97.346,97.882,96.61,97.882,0,0
JREB.DE,D,20200324,000000,98.814,99.358,98.508,99.046,1175,0
JREB.DE,D,20200325,000000,99.6,99.6,98.902,99.048,0,0
JREB.DE,D,20200326,000000,98.876,99.674,98.876,99.674,500,0
JREB.DE,D,20200327,000000,100.185,100.185,99.844,99.894,0,0
JREB.DE,D,20200330,000000,99.726,100.1,99.706,100.1,0,0
JREB.DE,D,20200331,000000,100.01,100.15,99.838,99.838,0,0
JREB.DE,D,20200401,000000,99.486,99.486,99.412,99.482,0,0
JREB.DE,D,20200402,000000,99.36,99.474,99.36,99.474,0,0
JREB.DE,D,20200403,000000,99.37,99.37,99.278,99.306,0,0
JREB.DE,D,20200406,000000,99.676,99.692,99.568,99.692,0,0
JREB.DE,D,20200407,000000,99.914,100.02,99.914,99.96,0,0
JREB.DE,D,20200408,000000,99.908,100.415,99.908,100.415,0,0
JREB.DE,D,20200409,000000,100.375,102.555,100.375,102.555,0,0
JREB.DE,D,20200414,000000,102.38,102.38,102.285,102.38,0,0
JREB.DE,D,20200415,000000,102.515,102.515,102.12,102.12,0,0
JREB.DE,D,20200416,000000,102.185,102.185,102.075,102.125,0,0
JREB.DE,D,20200417,000000,102.145,102.425,102.145,102.305,0,0
JREB.DE,D,20200420,000000,102.245,102.245,102.105,102.105,0,0
JREB.DE,D,20200421,000000,101.94,101.94,101.82,101.84,0,0
JREB.DE,D,20200422,000000,102.035,102.07,102.035,102.07,0,0
JREB.DE,D,20200423,000000,102.055,102.51,102.055,102.51,0,0
JREB.DE,D,20200424,000000,102.535,102.785,102.535,102.735,0,0
JREB.DE,D,20200427,000000,103.04,103.195,103.04,103.145,0,0
JREB.DE,D,20200428,000000,103.18,103.3,102.94,102.94,0,0
JREB.DE,D,20200429,000000,103.08,103.235,103.08,103.235,0,0
JREB.DE,D,20200430,000000,103.405,103.445,103.405,103.445,0,0
JREB.DE,D,20200504,000000,103.07,103.185,103.07,103.17,0,0
JREB.DE,D,20200505,000000,103.26,103.3,103.26,103.3,0,0
JREB.DE,D,20200506,000000,103.09,103.145,102.76,102.76,0,0
JREB.DE,D,20200507,000000,102.82,102.97,102.605,102.97,0,0
JREB.DE,D,20200508,000000,103.12,103.14,103.08,103.08,0,0
JREB.DE,D,20200511,000000,103.025,103.025,102.89,102.945,0,0
JREB.DE,D,20200512,000000,102.755,102.84,102.755,102.84,0,0
JREB.DE,D,20200513,000000,102.87,102.87,102.61,102.61,0,0
JREB.DE,D,20200514,000000,102.67,102.67,102.415,102.415,0,0
JREB.DE,D,20200515,000000,102.505,102.505,102.41,102.475,0,0
JREB.DE,D,20200518,000000,102.61,102.75,102.61,102.61,0,0
JREB.DE,D,20200519,000000,102.655,102.655,102.545,102.555,0,0
JREB.DE,D,20200520,000000,102.545,103.035,102.545,103.035,0,0
JREB.DE,D,20200521,000000,102.85,103.31,102.85,103.155,100,0
JREB.DE,D,20200522,000000,103.025,103.175,103.025,103.175,0,0
JREB.DE,D,20200525,000000,103.23,103.515,103.23,103.515,0,0
JREB.DE,D,20200526,000000,103.35,103.35,103.275,103.275,0,0
JREB.DE,D,20200527,000000,103.345,103.705,103.345,103.61,0,0
JREB.DE,D,20200528,000000,103.67,103.85,103.67,103.85,0,0
JREB.DE,D,20200529,000000,103.735,103.925,103.735,103.925,0,0
JREB.DE,D,20200602,000000,104.105,104.415,104,104.415,19,0
JREB.DE,D,20200603,000000,104.47,104.675,104.47,104.675,0,0
JREB.DE,D,20200604,000000,104.475,105.18,104.475,105.18,0,0
JREB.DE,D,20200605,000000,105.11,105.95,105.11,105.95,0,0
JREB.DE,D,20200608,000000,106.03,106.03,105.61,105.61,0,0
JREB.DE,D,20200609,000000,105.61,105.61,105.1,105.1,0,0
JREB.DE,D,20200610,000000,105.185,105.185,104.95,104.95,0,0
JREB.DE,D,20200611,000000,104.85,104.85,104.68,104.805,0,0
JREB.DE,D,20200612,000000,104.62,105.105,104.62,105.105,0,0
JREB.DE,D,20200615,000000,104.775,104.955,104.775,104.95,0,0
JREB.DE,D,20200616,000000,105.425,105.44,105.335,105.335,0,0
JREB.DE,D,20200617,000000,105.235,105.235,105.21,105.23,0,0
JREB.DE,D,20200618,000000,105.11,105.11,104.935,104.935,0,0
JREB.DE,D,20200619,000000,104.995,105.045,104.995,105.045,0,0
JREB.DE,D,20200622,000000,104.895,104.955,104.895,104.955,0,0
JREB.DE,D,20200623,000000,104.975,105.045,104.895,104.895,0,0
JREB.DE,D,20200624,000000,104.8,104.855,104.8,104.855,0,0
JREB.DE,D,20200625,000000,105.005,105.005,104.86,104.86,0,0
JREB.DE,D,20200626,000000,104.92,104.93,104.765,104.765,0,0
JREB.DE,D,20200629,000000,104.71,105,104.71,105,0,0
JREB.DE,D,20200630,000000,105.015,105.185,105.015,105.185,0,0
JREB.DE,D,20200701,000000,105.025,105.025,104.925,104.98,0,0
JREB.DE,D,20200702,000000,105.12,105.345,105.12,105.345,0,0
JREB.DE,D,20200703,000000,105.335,105.335,105.245,105.245,0,0
JREB.DE,D,20200706,000000,105.43,105.435,105.285,105.285,0,0
JREB.DE,D,20200707,000000,105.37,105.37,105.16,105.335,0,0
JREB.DE,D,20200708,000000,105.27,105.42,105.27,105.42,0,0
JREB.DE,D,20200709,000000,105.46,105.565,105.345,105.345,0,0
JREB.DE,D,20200710,000000,105.385,105.48,105.385,105.465,0,0
JREB.DE,D,20200713,000000,105.525,105.525,105.38,105.38,0,0
JREB.DE,D,20200714,000000,105.28,105.525,105.28,105.525,0,0
JREB.DE,D,20200715,000000,105.6,105.685,105.6,105.685,0,0
JREB.DE,D,20200716,000000,105.71,105.93,105.71,105.93,0,0
JREB.DE,D,20200717,000000,105.915,105.925,105.9,105.9,0,0
JREB.DE,D,20200720,000000,105.785,106.185,105.785,106.185,0,0
JREB.DE,D,20200721,000000,106.215,106.445,106.215,106.395,0,0
JREB.DE,D,20200722,000000,106.39,106.525,106.39,106.525,0,0
JREB.DE,D,20200723,000000,106.53,106.53,106.41,106.41,0,0
JREB.DE,D,20200724,000000,106.34,106.34,106.29,106.315,0,0
JREB.DE,D,20200727,000000,106.325,106.555,106.325,106.555,0,0
JREB.DE,D,20200728,000000,106.57,106.605,106.44,106.605,0,0
JREB.DE,D,20200729,000000,106.7,106.7,106.465,106.52,0,0
JREB.DE,D,20200730,000000,106.58,106.58,106.435,106.435,0,0
JREB.DE,D,20200731,000000,106.425,106.525,106.395,106.395,0,0
JREB.DE,D,20200803,000000,106.45,106.505,106.45,106.505,0,0
JREB.DE,D,20200804,000000,106.59,106.71,106.59,106.71,0,0
JREB.DE,D,20200805,000000,106.75,106.75,106.595,106.595,0,0
JREB.DE,D,20200806,000000,106.625,106.915,106.625,106.915,30,0
JREB.DE,D,20200807,000000,106.87,106.905,106.87,106.905,0,0
JREB.DE,D,20200810,000000,106.9,107.13,106.9,107.13,0,0
JREB.DE,D,20200811,000000,107.1,107.125,106.98,106.98,0,0
JREB.DE,D,20200812,000000,106.955,107,106.84,107,0,0
JREB.DE,D,20200813,000000,107.035,107.04,106.795,106.795,0,0
JREB.DE,D,20200814,000000,106.68,106.68,106.475,106.555,10,0
JREB.DE,D,20200817,000000,106.615,106.685,106.59,106.685,1420,0
JREB.DE,D,20200818,000000,106.72,106.72,106.69,106.69,0,0
JREB.DE,D,20200819,000000,106.725,106.885,106.725,106.885,0,0
JREB.DE,D,20200820,000000,106.865,106.955,106.865,106.955,0,0
JREB.DE,D,20200821,000000,106.955,107.05,106.955,107.05,0,0
JREB.DE,D,20200824,000000,107.025,107.075,107.02,107.02,0,0
JREB.DE,D,20200825,000000,107,107,106.675,106.675,0,0
JREB.DE,D,20200826,000000,106.66,106.66,106.64,106.65,0,0
JREB.DE,D,20200827,000000,106.74,106.775,106.61,106.61,0,0
JREB.DE,D,20200828,000000,106.55,106.685,106.51,106.685,700,0
JREB.DE,D,20200831,000000,106.68,106.68,106.485,106.485,0,0
JREB.DE,D,20200901,000000,106.565,106.66,106.565,106.66,6,0
JREB.DE,D,20200902,000000,106.82,106.995,106.82,106.995,0,0
JREB.DE,D,20200903,000000,107.05,107.12,107.05,107.12,0,0
JREB.DE,D,20200904,000000,107.005,107.005,106.82,106.82,0,0
JREB.DE,D,20200907,000000,106.725,107,106.725,107,0,0
JREB.DE,D,20200908,000000,106.975,106.975,106.945,106.945,0,0
JREB.DE,D,20200909,000000,107.005,107.005,106.9,106.9,0,0
JREB.DE,D,20200910,000000,106.875,106.875,106.655,106.655,0,0
JREB.DE,D,20200911,000000,106.85,106.92,106.8,106.92,0,0
JREB.DE,D,20200914,000000,106.945,106.945,106.89,106.89,0,0
JREB.DE,D,20200915,000000,106.895,106.935,106.895,106.935,0,0
JREB.DE,D,20200916,000000,106.945,106.99,106.945,106.965,0,0
JREB.DE,D,20200917,000000,106.98,107.02,106.945,107.02,0,0
JREB.DE,D,20200918,000000,106.955,107.16,106.955,107,0,0
JREB.DE,D,20200921,000000,107,107.03,106.96,106.96,0,0
JREB.DE,D,20200922,000000,106.845,106.845,106.77,106.77,0,0
JREB.DE,D,20200923,000000,106.87,106.87,106.825,106.855,0,0
JREB.DE,D,20200924,000000,106.79,106.79,106.595,106.595,0,0
JREB.DE,D,20200925,000000,106.605,106.705,106.605,106.705,0,0
JREB.DE,D,20200928,000000,106.65,106.715,106.65,106.715,0,0
JREB.DE,D,20200929,000000,106.76,106.915,106.75,106.79,138,0
JREB.DE,D,20200930,000000,106.76,106.94,106.76,106.94,0,0
JREB.DE,D,20201001,000000,106.935,107.065,106.935,107.065,0,0
JREB.DE,D,20201002,000000,107.045,107.175,107.045,107.105,50,0
JREB.DE,D,20201005,000000,107.125,107.235,107.125,107.13,0,0
JREB.DE,D,20201006,000000,107.19,107.255,107.19,107.225,0,0
JREB.DE,D,20201007,000000,107.35,107.35,107.205,107.21,0,0
JREB.DE,D,20201008,000000,107.255,107.365,107.255,107.365,0,0
JREB.DE,D,20201009,000000,107.39,107.48,107.39,107.48,0,0
JREB.DE,D,20201012,000000,107.5,107.555,107.49,107.555,0,0
JREB.DE,D,20201013,000000,107.61,107.61,107.58,107.585,0,0
JREB.DE,D,20201014,000000,107.67,107.67,107.63,107.63,0,0
JREB.DE,D,20201015,000000,107.66,107.66,107.625,107.645,0,0
JREB.DE,D,20201016,000000,107.61,107.85,107.61,107.85,0,0
JREB.DE,D,20201019,000000,107.8,107.88,107.8,107.88,0,0
JREB.DE,D,20201020,000000,107.86,107.86,107.795,107.795,0,0
JREB.DE,D,20201021,000000,107.725,107.825,107.725,107.745,0,0
JREB.DE,D,20201022,000000,107.775,107.775,107.765,107.765,0,0
JREB.DE,D,20201023,000000,107.8,107.8,107.675,107.675,0,0
JREB.DE,D,20201026,000000,107.705,107.705,107.65,107.67,0,0
JREB.DE,D,20201027,000000,107.625,107.795,107.625,107.795,0,0
JREB.DE,D,20201028,000000,107.805,107.805,107.58,107.58,0,0
JREB.DE,D,20201029,000000,107.455,107.74,107.455,107.74,44,0
JREB.DE,D,20201030,000000,107.475,107.59,107.475,107.57,0,0
JREB.DE,D,20201102,000000,107.65,107.705,107.65,107.705,0,0
JREB.DE,D,20201103,000000,107.705,107.775,107.705,107.775,0,0
JREB.DE,D,20201104,000000,107.895,108,107.89,108,0,0
JREB.DE,D,20201105,000000,108.085,108.37,108.085,108.315,0,0
JREB.DE,D,20201106,000000,108.31,108.315,108.27,108.27,0,0
JREB.DE,D,20201109,000000,108.435,108.54,108.24,108.24,0,0
JREB.DE,D,20201110,000000,108.29,108.29,108.18,108.18,0,0
JREB.DE,D,20201111,000000,108.145,108.27,108.145,108.27,0,0
JREB.DE,D,20201112,000000,108.275,108.275,108.21,108.21,0,0
JREB.DE,D,20201113,000000,108.255,108.255,108.195,108.21,0,0
JREB.DE,D,20201116,000000,108.365,108.445,108.335,108.445,0,0
JREB.DE,D,20201117,000000,108.45,108.505,108.4,108.505,0,0
JREB.DE,D,20201118,000000,108.535,108.56,108.52,108.56,0,0
JREB.DE,D,20201119,000000,108.59,108.59,108.54,108.54,0,0
JREB.DE,D,20201120,000000,108.585,108.585,108.58,108.585,0,0
JREB.DE,D,20201123,000000,108.71,108.845,108.58,108.65,20,0
JREB.DE,D,20201124,000000,108.63,108.725,108.63,108.72,0,0
JREB.DE,D,20201125,000000,108.72,108.72,108.625,108.625,42,0
JREB.DE,D,20201126,000000,108.665,108.725,108.665,108.725,0,0
JREB.DE,D,20201127,000000,108.715,108.775,108.71,108.71,56,0
JREB.DE,D,20201130,000000,108.725,108.74,108.645,108.65,921,0
JREB.DE,D,20201201,000000,108.715,108.715,108.56,108.56,0,0
JREB.DE,D,20201202,000000,108.52,108.545,108.485,108.485,0,0
JREB.DE,D,20201203,000000,108.56,108.72,108.56,108.72,0,0
JREB.DE,D,20201204,000000,108.745,108.83,108.745,108.83,0,0
JREB.DE,D,20201207,000000,108.965,108.965,108.885,108.885,0,0
JREB.DE,D,20201208,000000,108.91,108.96,108.9,108.96,0,0
JREB.DE,D,20201209,000000,108.925,108.965,108.9,108.965,0,0
JREB.DE,D,20201210,000000,109.015,109.025,108.935,108.935,0,0
JREB.DE,D,20201211,000000,108.965,108.995,108.94,108.995,0,0
JREB.DE,D,20201214,000000,108.995,108.995,108.945,108.945,0,0
JREB.DE,D,20201215,000000,108.94,108.94,108.84,108.84,0,0
JREB.DE,D,20201216,000000,108.905,108.905,108.785,108.785,0,0
JREB.DE,D,20201217,000000,108.725,108.925,108.725,108.85,1170,0
JREB.DE,D,20201218,000000,108.85,108.85,108.79,108.845,0,0
JREB.DE,D,20201221,000000,109.025,109.025,108.78,108.78,0,0
JREB.DE,D,20201222,000000,108.85,108.85,108.77,108.835,0,0
JREB.DE,D,20201223,000000,108.92,108.92,108.66,108.66,0,0
JREB.DE,D,20201228,000000,108.815,108.945,108.75,108.795,1470,0
JREB.DE,D,20201229,000000,108.975,108.975,108.88,108.93,0,0
JREB.DE,D,20201230,000000,108.95,108.985,108.9,108.915,56,0
JREB.DE,D,20210104,000000,109.03,109.115,109.03,109.115,0,0
JREB.DE,D,20210105,000000,109.13,109.14,109.075,109.14,0,0
JREB.DE,D,20210106,000000,108.935,108.955,108.93,108.955,0,0
JREB.DE,D,20210107,000000,109.08,109.08,109.01,109.01,0,0
JREB.DE,D,20210108,000000,109.115,109.13,109.05,109.05,0,0
JREB.DE,D,20210111,000000,109.115,109.115,108.94,108.94,0,0
JREB.DE,D,20210112,000000,108.835,108.835,108.63,108.63,0,0
JREB.DE,D,20210113,000000,108.74,108.805,108.645,108.805,0,0
JREB.DE,D,20210114,000000,108.83,108.9,108.805,108.9,0,0
JREB.DE,D,20210115,000000,108.83,108.83,108.755,108.765,0,0
JREB.DE,D,20210118,000000,108.815,108.815,108.75,108.775,0,0
JREB.DE,D,20210119,000000,108.76,108.77,108.745,108.77,0,0
JREB.DE,D,20210120,000000,108.79,108.89,108.79,108.89,0,0
JREB.DE,D,20210121,000000,108.91,108.91,108.745,108.745,0,0
JREB.DE,D,20210122,000000,108.74,108.775,108.68,108.775,0,0
JREB.DE,D,20210125,000000,108.775,108.825,108.745,108.825,0,0
JREB.DE,D,20210126,000000,108.845,108.845,108.735,108.735,0,0
JREB.DE,D,20210127,000000,108.715,108.715,108.62,108.69,0,0
JREB.DE,D,20210128,000000,108.585,108.665,108.58,108.665,0,0
JREB.DE,D,20210129,000000,108.435,108.585,108.435,108.585,56,0
JREB.DE,D,20210201,000000,108.64,108.685,108.64,108.685,0,0
JREB.DE,D,20210202,000000,108.65,108.71,108.65,108.71,0,0
JREB.DE,D,20210203,000000,108.62,108.79,108.62,108.7,0,0
JREB.DE,D,20210204,000000,108.69,108.71,108.615,108.71,0,0
JREB.DE,D,20210205,000000,108.705,108.705,108.63,108.68,0,0
JREB.DE,D,20210208,000000,108.645,108.645,108.595,108.645,0,0
JREB.DE,D,20210209,000000,108.68,108.68,108.635,108.68,0,0
JREB.DE,D,20210210,000000,108.65,108.65,108.57,108.585,0,0
JREB.DE,D,20210211,000000,108.67,108.705,108.67,108.705,0,0
JREB.DE,D,20210212,000000,108.65,108.82,108.58,108.58,1500,0
JREB.DE,D,20210215,000000,108.45,108.485,108.45,108.465,0,0
JREB.DE,D,20210216,000000,108.535,108.535,108.35,108.35,0,0
JREB.DE,D,20210217,000000,108.26,108.37,108.26,108.37,0,0
JREB.DE,D,20210218,000000,108.375,108.375,108.23,108.23,0,0
JREB.DE,D,20210219,000000,108.14,108.145,108.13,108.145,0,0
JREB.DE,D,20210222,000000,108.05,108.18,107.98,108.18,0,0
JREB.DE,D,20210223,000000,108.13,108.13,108.025,108.07,0,0
JREB.DE,D,20210224,000000,108.12,108.12,108.06,108.06,0,0
JREB.DE,D,20210225,000000,107.98,107.98,107.535,107.535,0,0
JREB.DE,D,20210226,000000,107.545,107.725,107.545,107.725,0,0
JREB.DE,D,20210301,000000,107.835,108.13,107.835,108.13,0,0
JREB.DE,D,20210302,000000,108.09,108.12,107.95,108.12,0,0
JREB.DE,D,20210303,000000,108.2,108.2,107.99,107.99,0,0
JREB.DE,D,20210304,000000,108,108.07,108,108.055,0,0
JREB.DE,D,20210305,000000,107.84,107.945,107.84,107.875,0,0
JREB.DE,D,20210308,000000,107.8,107.83,107.8,107.82,0,0
JREB.DE,D,20210309,000000,107.915,108.02,107.915,107.93,0,0
JREB.DE,D,20210310,000000,107.905,107.905,107.83,107.9,0,0
JREB.DE,D,20210311,000000,108.015,108.1,107.985,108.1,0,0
JREB.DE,D,20210312,000000,107.935,107.935,107.895,107.905,0,0
JREB.DE,D,20210315,000000,108,108.04,107.93,108.04,0,0
JREB.DE,D,20210316,000000,108.045,108.05,108.015,108.015,0,0
JREB.DE,D,20210317,000000,107.96,107.96,107.8,107.8,0,0
JREB.DE,D,20210318,000000,107.73,107.73,107.545,107.625,0,0
JREB.DE,D,20210319,000000,107.675,107.92,107.675,107.8,305,0
JREB.DE,D,20210322,000000,107.875,107.895,107.8,107.895,0,0
JREB.DE,D,20210323,000000,108.03,108.03,107.97,107.97,0,0
JREB.DE,D,20210324,000000,108.075,108.1,108.02,108.085,250,0
JREB.DE,D,20210325,000000,108.08,108.2,108.08,108.16,250,0
JREB.DE,D,20210326,000000,108.095,108.095,108.04,108.09,0,0
JREB.DE,D,20210329,000000,108.08,108.14,107.975,107.975,450,0
JREB.DE,D,20210330,000000,107.84,107.92,107.7,107.915,1527,0
JREB.DE,D,20210331,000000,107.965,108.095,107.965,108.095,0,0
JREB.DE,D,20210401,000000,108.11,108.375,108.11,108.375,0,0
JREB.DE,D,20210406,000000,108.37,108.37,108.235,108.29,0,0
JREB.DE,D,20210407,000000,108.48,108.48,108.315,108.315,0,0
JREB.DE,D,20210408,000000,108.395,108.395,108.345,108.385,0,0
JREB.DE,D,20210409,000000,108.39,108.39,108.175,108.175,325,0
JREB.DE,D,20210412,000000,108.405,108.405,108.195,108.195,0,0
JREB.DE,D,20210413,000000,108.185,108.185,108.125,108.125,0,0
JREB.DE,D,20210414,000000,108.23,108.23,108.03,108.03,0,0
JREB.DE,D,20210415,000000,108.04,108.27,108.04,108.27,0,0
JREB.DE,D,20210416,000000,108.25,108.25,108.125,108.125,0,0
JREB.DE,D,20210419,000000,108.07,108.07,108.01,108.01,100,0
JREB.DE,D,20210420,000000,108.025,108.045,107.965,108.045,0,0
JREB.DE,D,20210421,000000,108.105,108.12,108.085,108.12,0,0
JREB.DE,D,20210422,000000,108.215,108.215,108.11,108.175,0,0
JREB.DE,D,20210423,000000,108.175,108.175,108.12,108.12,0,0
JREB.DE,D,20210426,000000,108.125,108.125,108.015,108.105,0,0
JREB.DE,D,20210427,000000,108.145,108.145,108.08,108.08,0,0
JREB.DE,D,20210428,000000,108.05,108.05,107.88,107.95,58,0
JREB.DE,D,20210429,000000,108.045,108.045,107.79,107.835,125,0
JREB.DE,D,20210430,000000,107.9,107.995,107.9,107.96,0,0
JREB.DE,D,20210503,000000,108.07,108.07,107.875,107.985,0,0
JREB.DE,D,20210504,000000,107.915,108.05,107.915,108.05,0,0
JREB.DE,D,20210505,000000,108.105,108.115,108.065,108.115,0,0
JREB.DE,D,20210506,000000,108.17,108.17,108.08,108.08,0,0
JREB.DE,D,20210507,000000,108.12,108.12,108.01,108.07,0,0
JREB.DE,D,20210510,000000,107.89,108.01,107.89,108.01,0,0
JREB.DE,D,20210511,000000,107.975,107.975,107.73,107.73,0,0
JREB.DE,D,20210512,000000,107.77,107.77,107.515,107.515,359,0
JREB.DE,D,20210513,000000,107.575,107.575,107.36,107.5,0,0
JREB.DE,D,20210514,000000,107.47,107.535,107.425,107.535,306,0
JREB.DE,D,20210517,000000,107.625,107.625,107.34,107.45,0,0
JREB.DE,D,20210518,000000,107.5,107.5,107.335,107.395,325,0
JREB.DE,D,20210519,000000,107.35,107.36,107.16,107.36,153,0
JREB.DE,D,20210520,000000,107.285,107.29,107.16,107.29,0,0
JREB.DE,D,20210521,000000,107.405,107.405,107.335,107.405,0,0
JREB.DE,D,20210525,000000,107.53,107.59,107.53,107.59,0,0
JREB.DE,D,20210526,000000,107.66,107.735,107.66,107.735,0,0
JREB.DE,D,20210527,000000,107.74,107.74,107.65,107.65,0,0
JREB.DE,D,20210528,000000,107.615,107.745,107.615,107.745,0,0
JREB.DE,D,20210531,000000,107.7,107.735,107.585,107.735,3,0
JREB.DE,D,20210601,000000,107.745,107.83,107.745,107.77,0,0
JREB.DE,D,20210602,000000,107.82,108.01,107.82,107.95,671,0
JREB.DE,D,20210603,000000,107.88,107.915,107.835,107.915,0,0
JREB.DE,D,20210604,000000,107.905,108.11,107.905,108.11,0,0
JREB.DE,D,20210607,000000,108.05,108.06,108.04,108.06,0,0
JREB.DE,D,20210608,000000,108.05,108.2,108.05,108.2,0,0
JREB.DE,D,20210609,000000,108.16,108.35,108.16,108.235,279,0
JREB.DE,D,20210610,000000,108.295,108.295,108.16,108.275,0,0
JREB.DE,D,20210611,000000,108.37,108.37,108.345,108.345,0,0
JREB.DE,D,20210614,000000,108.425,108.425,108.27,108.27,0,0
JREB.DE,D,20210615,000000,108.33,108.33,108.195,108.195,0,0
JREB.DE,D,20210616,000000,108.275,108.38,108.22,108.38,1360,0
JREB.DE,D,20210617,000000,108.065,108.135,108.025,108.135,0,0
JREB.DE,D,20210618,000000,108.18,108.18,108.14,108.14,0,0
JREB.DE,D,20210621,000000,108.175,108.175,107.99,107.99,0,0
JREB.DE,D,20210622,000000,108.005,108.01,107.965,107.965,0,0
JREB.DE,D,20210623,000000,107.91,108.105,107.91,108.105,0,0
JREB.DE,D,20210624,000000,108.06,108.06,107.965,108.02,0,0
JREB.DE,D,20210625,000000,108.07,108.07,107.95,107.95,0,0
JREB.DE,D,20210628,000000,108.005,108.075,107.965,108.065,50,0
JREB.DE,D,20210629,000000,108.085,108.11,108.085,108.095,0,0
JREB.DE,D,20210630,000000,108.095,108.195,108.095,108.195,0,0
JREB.DE,D,20210701,000000,108.13,108.155,108.095,108.155,0,0
JREB.DE,D,20210702,000000,108.16,108.335,108.16,108.325,0,0
JREB.DE,D,20210705,000000,108.27,108.29,108.2,108.2,0,0
JREB.DE,D,20210706,000000,108.175,108.425,108.175,108.425,14,0
JREB.DE,D,20210707,000000,108.445,108.64,108.445,108.625,209,0
JREB.DE,D,20210708,000000,108.735,108.735,108.65,108.665,23,0
JREB.DE,D,20210709,000000,108.62,108.64,108.58,108.58,0,0
JREB.DE,D,20210712,000000,108.59,108.635,108.59,108.63,0,0
JREB.DE,D,20210713,000000,108.65,108.73,108.64,108.64,0,0
JREB.DE,D,20210714,000000,108.57,108.74,108.57,108.74,0,0
JREB.DE,D,20210715,000000,108.785,108.785,108.755,108.77,0,0
JREB.DE,D,20210716,000000,108.81,108.87,108.81,108.87,0,0
JREB.DE,D,20210719,000000,108.88,108.9,108.88,108.895,0,0
JREB.DE,D,20210720,000000,108.935,109.04,108.935,109.03,0,0
JREB.DE,D,20210721,000000,109.06,109.06,108.955,108.98,0,0
JREB.DE,D,20210722,000000,109.035,109.135,108.99,109.135,11,0
JREB.DE,D,20210723,000000,109.135,109.155,109.11,109.155,0,0
JREB.DE,D,20210726,000000,109.21,109.21,109.16,109.185,50,0
JREB.DE,D,20210727,000000,109.2,109.27,109.2,109.27,0,0
JREB.DE,D,20210728,000000,109.285,109.345,109.285,109.345,0,0
JREB.DE,D,20210729,000000,109.355,109.375,109.295,109.375,0,0
JREB.DE,D,20210730,000000,109.315,109.325,109.27,109.325,0,0
JREB.DE,D,20210802,000000,109.36,109.51,109.36,109.51,837,0
JREB.DE,D,20210803,000000,109.5,109.66,109.5,109.615,329,0
JREB.DE,D,20210804,000000,109.59,109.715,109.59,109.675,4000,0
JREB.DE,D,20210805,000000,109.675,109.8,109.675,109.72,0,0
JREB.DE,D,20210806,000000,109.63,109.63,109.5,109.5,0,0
JREB.DE,D,20210809,000000,109.525,109.525,109.43,109.43,0,0
JREB.DE,D,20210810,000000,109.475,109.51,109.415,109.415,0,0
JREB.DE,D,20210811,000000,109.4,109.41,109.365,109.41,0,0
JREB.DE,D,20210812,000000,109.45,109.45,109.41,109.44,0,0
JREB.DE,D,20210813,000000,109.465,109.465,109.425,109.425,0,0
JREB.DE,D,20210816,000000,109.48,109.48,109.405,109.45,0,0
JREB.DE,D,20210817,000000,109.485,109.525,109.445,109.445,0,0
JREB.DE,D,20210818,000000,109.465,109.495,109.465,109.495,0,0
JREB.DE,D,20210819,000000,109.48,109.49,109.465,109.465,0,0
JREB.DE,D,20210820,000000,109.485,109.51,109.485,109.51,0,0
JREB.DE,D,20210823,000000,109.52,109.52,109.345,109.41,0,0
JREB.DE,D,20210824,000000,109.385,109.44,109.385,109.41,0,0
