<TICKER>,<PER>,<DATE>,<TIME>,<OPEN>,<HIGH>,<LOW>,<CLOSE>,<VOL>,<OPENINT>
JREG.DE,D,20190313,000000,21.675,21.835,21.675,21.835,2400,0
JREG.DE,D,20190314,000000,21.81,21.86,21.81,21.85,0,0
JREG.DE,D,20190315,000000,21.84,21.97,21.84,21.97,0,0
JREG.DE,D,20190318,000000,21.92,21.955,21.915,21.955,0,0
JREG.DE,D,20190319,000000,22.005,22.08,22.005,22.065,0,0
JREG.DE,D,20190320,000000,21.99,21.99,21.85,21.85,0,0
JREG.DE,D,20190321,000000,21.795,21.995,21.77,21.995,0,0
JREG.DE,D,20190322,000000,22.045,22.05,21.835,21.835,0,0
JREG.DE,D,20190325,000000,21.725,21.755,21.72,21.72,0,0
JREG.DE,D,20190326,000000,21.835,21.92,21.835,21.92,0,0
JREG.DE,D,20190327,000000,22.03,22.03,21.87,21.87,0,0
JREG.DE,D,20190328,000000,21.915,21.98,21.915,21.955,0,0
JREG.DE,D,20190329,000000,22.07,22.135,22.07,22.135,0,0
JREG.DE,D,20190401,000000,22.285,22.385,22.285,22.385,0,0
JREG.DE,D,20190402,000000,22.425,22.47,22.425,22.465,0,0
JREG.DE,D,20190403,000000,22.545,22.57,22.5,22.57,0,0
JREG.DE,D,20190404,000000,22.49,22.545,22.49,22.545,0,0
JREG.DE,D,20190405,000000,22.575,22.635,22.575,22.635,0,0
JREG.DE,D,20190408,000000,22.605,22.605,22.57,22.57,0,0
JREG.DE,D,20190409,000000,22.575,22.575,22.5,22.5,0,0
JREG.DE,D,20190410,000000,22.51,22.545,22.51,22.545,0,0
JREG.DE,D,20190411,000000,22.54,22.58,22.54,22.545,0,0
JREG.DE,D,20190412,000000,22.505,22.555,22.505,22.555,0,0
JREG.DE,D,20190415,000000,22.585,22.605,22.58,22.58,0,0
JREG.DE,D,20190416,000000,22.625,22.675,22.625,22.675,0,0
JREG.DE,D,20190417,000000,22.615,22.64,22.6,22.6,0,0
JREG.DE,D,20190418,000000,22.52,22.735,22.52,22.715,2300,0
JREG.DE,D,20190423,000000,22.725,22.905,22.71,22.905,0,0
JREG.DE,D,20190424,000000,22.905,22.94,22.905,22.935,0,0
JREG.DE,D,20190425,000000,22.985,22.99,22.985,22.99,0,0
JREG.DE,D,20190426,000000,22.945,23.02,22.945,23.015,0,0
JREG.DE,D,20190429,000000,23.07,23.085,23.045,23.085,0,0
JREG.DE,D,20190430,000000,23.015,23.015,22.955,22.955,0,0
JREG.DE,D,20190502,000000,22.94,22.94,22.85,22.85,0,0
JREG.DE,D,20190503,000000,22.95,23.045,22.95,23.045,0,0
JREG.DE,D,20190506,000000,22.67,22.825,22.66,22.825,0,0
JREG.DE,D,20190507,000000,22.87,22.87,22.605,22.605,0,0
JREG.DE,D,20190508,000000,22.58,22.58,22.47,22.565,0,0
JREG.DE,D,20190509,000000,22.42,22.45,22.185,22.185,0,0
JREG.DE,D,20190510,000000,22.385,22.385,22.135,22.135,0,0
JREG.DE,D,20190513,000000,22.31,22.31,21.96,21.96,2200,0
JREG.DE,D,20190514,000000,22.025,22.275,22.025,22.275,0,0
JREG.DE,D,20190515,000000,22.285,22.335,22.15,22.335,2300,0
JREG.DE,D,20190516,000000,22.29,22.655,22.29,22.655,0,0
JREG.DE,D,20190517,000000,22.53,22.595,22.47,22.595,0,0
JREG.DE,D,20190520,000000,22.55,22.55,22.34,22.34,0,0
JREG.DE,D,20190521,000000,22.465,22.515,22.465,22.51,0,0
JREG.DE,D,20190522,000000,22.515,22.515,22.465,22.475,0,0
JREG.DE,D,20190523,000000,22.365,22.365,22.165,22.165,0,0
JREG.DE,D,20190524,000000,22.23,22.29,22.195,22.195,0,0
JREG.DE,D,20190527,000000,22.305,22.305,22.28,22.285,0,0
JREG.DE,D,20190528,000000,22.34,22.34,22.245,22.245,0,0
JREG.DE,D,20190529,000000,22.045,22.045,21.975,21.975,0,0
JREG.DE,D,20190530,000000,22.07,22.07,22.04,22.055,0,0
JREG.DE,D,20190531,000000,21.9,21.9,21.795,21.875,0,0
JREG.DE,D,20190603,000000,21.685,21.75,21.685,21.75,0,0
JREG.DE,D,20190604,000000,21.6,21.885,21.6,21.885,5375,0
JREG.DE,D,20190605,000000,22.025,22.095,22.025,22.055,0,0
JREG.DE,D,20190606,000000,22.155,22.225,22.09,22.09,0,0
JREG.DE,D,20190607,000000,22.245,22.31,22.245,22.31,0,0
JREG.DE,D,20190611,000000,22.48,22.565,22.48,22.49,0,0
JREG.DE,D,20190612,000000,22.35,22.41,22.35,22.41,0,0
JREG.DE,D,20190613,000000,22.39,22.535,22.39,22.505,2846,0
JREG.DE,D,20190614,000000,22.495,22.54,22.48,22.54,0,0
JREG.DE,D,20190617,000000,22.625,22.625,22.56,22.56,0,0
JREG.DE,D,20190618,000000,22.535,22.91,22.535,22.91,0,0
JREG.DE,D,20190619,000000,22.915,22.915,22.86,22.86,0,0
JREG.DE,D,20190620,000000,22.965,22.975,22.955,22.955,0,0
JREG.DE,D,20190621,000000,22.98,22.98,22.94,22.955,0,0
JREG.DE,D,20190624,000000,22.835,22.835,22.77,22.77,0,0
JREG.DE,D,20190625,000000,22.7,22.76,22.695,22.695,0,0
JREG.DE,D,20190626,000000,22.64,22.705,22.625,22.625,0,0
JREG.DE,D,20190627,000000,22.725,22.725,22.63,22.63,0,0
JREG.DE,D,20190628,000000,22.7,22.75,22.7,22.75,0,0
JREG.DE,D,20190701,000000,23.115,23.115,23.075,23.08,0,0
JREG.DE,D,20190702,000000,23.135,23.135,23.085,23.085,0,0
JREG.DE,D,20190703,000000,23.2,23.31,23.2,23.31,0,0
JREG.DE,D,20190704,000000,23.35,23.36,23.35,23.36,0,0
JREG.DE,D,20190705,000000,23.38,23.38,23.315,23.315,0,0
JREG.DE,D,20190708,000000,23.28,23.33,23.28,23.28,0,0
JREG.DE,D,20190709,000000,23.19,23.25,23.19,23.25,0,0
JREG.DE,D,20190710,000000,23.215,23.27,23.215,23.27,0,0
JREG.DE,D,20190711,000000,23.33,23.33,23.31,23.32,0,0
JREG.DE,D,20190712,000000,23.335,23.37,23.335,23.37,0,0
JREG.DE,D,20190715,000000,23.39,23.41,23.39,23.41,0,0
JREG.DE,D,20190716,000000,23.42,23.48,23.42,23.48,0,0
JREG.DE,D,20190717,000000,23.485,23.485,23.37,23.37,0,0
JREG.DE,D,20190718,000000,23.18,23.305,23.18,23.22,0,0
JREG.DE,D,20190719,000000,23.355,23.365,23.34,23.365,0,0
JREG.DE,D,20190722,000000,23.305,23.305,23.285,23.285,0,0
JREG.DE,D,20190723,000000,23.435,23.53,23.435,23.53,0,0
JREG.DE,D,20190724,000000,23.61,23.635,23.59,23.635,0,0
JREG.DE,D,20190725,000000,23.755,23.755,23.565,23.565,0,0
JREG.DE,D,20190726,000000,23.58,23.765,23.58,23.765,0,0
JREG.DE,D,20190729,000000,23.725,23.78,23.725,23.735,2200,0
JREG.DE,D,20190730,000000,23.715,23.715,23.575,23.575,0,0
JREG.DE,D,20190731,000000,23.575,23.62,23.575,23.62,0,0
JREG.DE,D,20190801,000000,23.535,23.725,23.535,23.725,0,0
JREG.DE,D,20190802,000000,23.21,23.21,22.96,22.96,0,0
JREG.DE,D,20190805,000000,22.79,22.79,22.4,22.4,1048,0
JREG.DE,D,20190806,000000,22.225,22.335,22.225,22.255,0,0
JREG.DE,D,20190807,000000,22.4,22.535,22.275,22.275,0,0
JREG.DE,D,20190808,000000,22.55,22.765,22.51,22.765,0,0
JREG.DE,D,20190809,000000,22.81,22.81,22.6,22.6,0,0
JREG.DE,D,20190812,000000,22.795,22.795,22.48,22.48,0,0
JREG.DE,D,20190813,000000,22.425,22.725,22.4,22.725,0,0
JREG.DE,D,20190814,000000,22.76,22.76,22.59,22.59,0,0
JREG.DE,D,20190815,000000,22.4,22.4,22.195,22.375,2300,0
JREG.DE,D,20190816,000000,22.485,22.69,22.485,22.69,0,0
JREG.DE,D,20190819,000000,22.91,22.965,22.91,22.965,0,0
JREG.DE,D,20190820,000000,22.965,22.965,22.875,22.875,0,0
JREG.DE,D,20190821,000000,22.86,23.005,22.86,23.005,0,0
JREG.DE,D,20190822,000000,22.99,23,22.915,22.915,0,0
JREG.DE,D,20190823,000000,23.055,23.055,22.55,22.55,2300,0
JREG.DE,D,20190826,000000,22.5,22.595,22.5,22.595,0,0
JREG.DE,D,20190827,000000,22.595,22.7,22.595,22.675,2300,0
JREG.DE,D,20190828,000000,22.64,22.735,22.61,22.735,0,0
JREG.DE,D,20190829,000000,22.71,23.055,22.71,23.055,0,0
JREG.DE,D,20190830,000000,23.1,23.265,23.1,23.185,0,0
JREG.DE,D,20190902,000000,23.185,23.25,23.185,23.205,0,0
JREG.DE,D,20190903,000000,23.19,23.19,23.155,23.155,0,0
JREG.DE,D,20190904,000000,23.3,23.3,23.255,23.255,0,0
JREG.DE,D,20190905,000000,23.455,23.535,23.415,23.535,0,0
JREG.DE,D,20190906,000000,23.56,23.6,23.56,23.575,0,0
JREG.DE,D,20190909,000000,23.66,23.66,23.57,23.57,0,0
JREG.DE,D,20190910,000000,23.535,23.55,23.48,23.48,985,0
JREG.DE,D,20190911,000000,23.645,23.78,23.645,23.78,0,0
JREG.DE,D,20190912,000000,23.86,23.86,23.825,23.845,0,0
JREG.DE,D,20190913,000000,23.8,23.865,23.8,23.865,0,0
JREG.DE,D,20190916,000000,23.75,23.875,23.75,23.875,0,0
JREG.DE,D,20190917,000000,23.845,23.845,23.795,23.795,0,0
JREG.DE,D,20190918,000000,23.785,23.805,23.755,23.755,0,0
JREG.DE,D,20190919,000000,23.75,23.965,23.75,23.965,0,0
JREG.DE,D,20190920,000000,23.895,23.995,23.895,23.995,0,0
JREG.DE,D,20190923,000000,23.915,23.915,23.87,23.875,0,0
JREG.DE,D,20190924,000000,23.945,23.965,23.805,23.805,0,0
JREG.DE,D,20190925,000000,23.715,23.785,23.625,23.785,0,0
JREG.DE,D,20190926,000000,23.81,23.945,23.81,23.815,0,0
JREG.DE,D,20190927,000000,23.92,23.935,23.9,23.9,0,0
JREG.DE,D,20191001,000000,24.08,24.08,23.745,23.745,0,0
JREG.DE,D,20191002,000000,23.65,23.65,23.125,23.125,0,0
JREG.DE,D,20191004,000000,23.225,23.425,23.195,23.425,0,0
JREG.DE,D,20191007,000000,23.42,23.52,23.42,23.52,0,0
JREG.DE,D,20191008,000000,23.5,23.5,23.22,23.22,2200,0
JREG.DE,D,20191009,000000,23.175,23.29,23.175,23.29,2200,0
JREG.DE,D,20191010,000000,23.26,23.48,23.22,23.48,0,0
JREG.DE,D,20191011,000000,23.515,23.82,23.515,23.82,0,0
JREG.DE,D,20191014,000000,23.725,23.725,23.61,23.69,0,0
JREG.DE,D,20191015,000000,23.785,23.885,23.785,23.885,0,0
JREG.DE,D,20191016,000000,23.855,23.875,23.81,23.81,0,0
JREG.DE,D,20191017,000000,23.695,23.77,23.695,23.74,1,0
JREG.DE,D,20191018,000000,23.695,23.725,23.645,23.645,0,0
JREG.DE,D,20191021,000000,23.655,23.775,23.655,23.775,0,0
JREG.DE,D,20191022,000000,23.8,23.85,23.8,23.85,0,0
JREG.DE,D,20191023,000000,23.735,23.84,23.735,23.84,0,0
JREG.DE,D,20191024,000000,23.87,23.995,23.87,23.995,0,0
JREG.DE,D,20191025,000000,23.95,24.095,23.92,24.095,0,0
JREG.DE,D,20191028,000000,24.105,24.15,24.1,24.15,0,0
JREG.DE,D,20191029,000000,24.195,24.195,24.15,24.18,5100,0
JREG.DE,D,20191030,000000,24.095,24.115,24.085,24.085,0,0
JREG.DE,D,20191031,000000,24.11,24.11,23.97,23.97,2100,0
JREG.DE,D,20191101,000000,24.07,24.17,24.07,24.17,0,0
JREG.DE,D,20191104,000000,24.28,24.4,24.28,24.4,0,0
JREG.DE,D,20191105,000000,24.435,24.545,24.435,24.545,0,0
JREG.DE,D,20191106,000000,24.485,24.53,24.485,24.53,0,0
JREG.DE,D,20191107,000000,24.625,24.72,24.615,24.72,0,0
JREG.DE,D,20191108,000000,24.595,24.68,24.595,24.68,0,0
JREG.DE,D,20191111,000000,24.625,24.63,24.6,24.63,0,0
JREG.DE,D,20191112,000000,24.725,24.795,24.725,24.795,0,0
JREG.DE,D,20191113,000000,24.715,24.745,24.65,24.745,1650,0
JREG.DE,D,20191114,000000,24.735,24.74,24.68,24.68,20,0
JREG.DE,D,20191115,000000,24.805,24.805,24.725,24.765,0,0
JREG.DE,D,20191118,000000,24.83,24.85,24.74,24.74,16000,0
JREG.DE,D,20191119,000000,24.815,24.84,24.74,24.74,114,0
JREG.DE,D,20191120,000000,24.67,24.73,24.67,24.73,0,0
JREG.DE,D,20191121,000000,24.585,24.615,24.585,24.6,0,0
JREG.DE,D,20191122,000000,24.67,24.715,24.67,24.715,0,0
JREG.DE,D,20191125,000000,24.85,24.96,24.85,24.96,0,0
JREG.DE,D,20191126,000000,24.96,24.995,24.96,24.995,0,0
JREG.DE,D,20191127,000000,25.12,25.125,25.11,25.125,0,0
JREG.DE,D,20191128,000000,25.09,25.12,25.09,25.12,14,0
JREG.DE,D,20191129,000000,25.035,25.1,25.02,25.02,0,0
JREG.DE,D,20191202,000000,25.07,25.13,24.625,24.625,420,0
JREG.DE,D,20191203,000000,24.72,24.72,24.425,24.425,0,0
JREG.DE,D,20191204,000000,24.49,24.72,24.49,24.72,0,0
JREG.DE,D,20191205,000000,24.75,24.78,24.65,24.65,2100,0
JREG.DE,D,20191206,000000,24.735,25.06,24.735,25.06,10,0
JREG.DE,D,20191209,000000,25,25,24.965,24.97,0,0
JREG.DE,D,20191210,000000,24.895,24.895,24.78,24.885,0,0
JREG.DE,D,20191211,000000,24.895,24.905,24.895,24.895,0,0
JREG.DE,D,20191212,000000,24.86,25.01,24.86,25.01,0,0
JREG.DE,D,20191213,000000,25.105,25.11,25.07,25.07,0,0
JREG.DE,D,20191216,000000,25.205,25.335,25.205,25.335,0,0
JREG.DE,D,20191217,000000,25.295,25.295,25.245,25.25,2000,0
JREG.DE,D,20191218,000000,25.245,25.32,25.245,25.32,0,0
JREG.DE,D,20191219,000000,25.29,25.355,25.29,25.325,100,0
JREG.DE,D,20191220,000000,25.355,25.595,25.355,25.595,150,0
JREG.DE,D,20191223,000000,25.56,25.61,25.555,25.555,100,0
JREG.DE,D,20191227,000000,25.595,25.63,25.535,25.535,0,0
JREG.DE,D,20191230,000000,25.475,25.475,25.435,25.44,0,0
JREG.DE,D,20200102,000000,25.485,25.55,25.475,25.475,10,0
JREG.DE,D,20200103,000000,25.43,25.465,25.4,25.465,0,0
JREG.DE,D,20200106,000000,25.36,25.41,25.255,25.41,0,0
JREG.DE,D,20200107,000000,25.525,25.6,25.525,25.57,1370,0
JREG.DE,D,20200108,000000,25.47,25.68,25.47,25.68,0,0
JREG.DE,D,20200109,000000,25.83,25.85,25.82,25.85,0,0
JREG.DE,D,20200110,000000,25.925,25.93,25.825,25.825,0,0
JREG.DE,D,20200113,000000,25.835,25.835,25.815,25.815,0,0
JREG.DE,D,20200114,000000,25.845,25.895,25.845,25.895,0,0
JREG.DE,D,20200115,000000,25.88,25.895,25.825,25.895,0,0
JREG.DE,D,20200116,000000,25.935,25.995,25.93,25.995,0,0
JREG.DE,D,20200117,000000,26.12,26.25,26.12,26.25,0,0
JREG.DE,D,20200120,000000,26.235,26.27,26.235,26.265,2,0
JREG.DE,D,20200121,000000,26.13,26.23,26.13,26.23,125,0
JREG.DE,D,20200122,000000,26.325,26.325,26.265,26.265,0,0
JREG.DE,D,20200123,000000,26.21,26.245,26.21,26.21,5,0
JREG.DE,D,20200124,000000,26.36,26.455,26.295,26.295,10000,0
JREG.DE,D,20200127,000000,25.88,25.88,25.77,25.775,200,0
JREG.DE,D,20200128,000000,25.86,26.005,25.825,26.005,0,0
JREG.DE,D,20200129,000000,26.03,26.13,26.03,26.075,40,0
JREG.DE,D,20200130,000000,25.705,25.86,25.705,25.785,962,0
JREG.DE,D,20200131,000000,25.95,25.95,25.505,25.505,96,0
JREG.DE,D,20200203,000000,25.565,25.62,25.54,25.62,0,0
JREG.DE,D,20200204,000000,25.81,26.1,25.81,26.1,0,0
JREG.DE,D,20200205,000000,26.305,26.335,26.305,26.335,0,0
JREG.DE,D,20200206,000000,26.56,26.575,26.53,26.545,3067,0
JREG.DE,D,20200207,000000,26.545,26.545,26.49,26.535,23,0
JREG.DE,D,20200210,000000,26.47,26.62,26.45,26.62,0,0
JREG.DE,D,20200211,000000,26.78,26.855,26.78,26.815,13022,0
JREG.DE,D,20200212,000000,26.855,26.995,26.855,26.995,0,0
JREG.DE,D,20200213,000000,26.915,27.095,26.915,27.095,0,0
JREG.DE,D,20200214,000000,27.125,27.165,27.105,27.105,0,0
JREG.DE,D,20200217,000000,27.185,27.2,27.185,27.2,0,0
JREG.DE,D,20200218,000000,26.99,27.025,26.99,27.025,0,0
JREG.DE,D,20200219,000000,27.195,27.315,27.195,27.315,0,0
JREG.DE,D,20200220,000000,27.28,27.28,27.025,27.025,0,0
JREG.DE,D,20200221,000000,26.975,27.045,26.845,26.845,0,0
JREG.DE,D,20200224,000000,26.36,26.36,25.945,25.945,407,0
JREG.DE,D,20200225,000000,26.12,26.12,25.55,25.55,0,0
JREG.DE,D,20200226,000000,25.29,25.415,25.165,25.415,0,0
JREG.DE,D,20200227,000000,24.8,24.8,24.325,24.325,0,0
JREG.DE,D,20200228,000000,23.485,23.485,23.07,23.34,167,0
JREG.DE,D,20200302,000000,23.78,23.78,23.1,23.59,21,0
JREG.DE,D,20200303,000000,24.02,24.195,23.79,23.79,17825,0
JREG.DE,D,20200304,000000,23.765,24.03,23.765,23.97,33520,0
JREG.DE,D,20200305,000000,24.165,24.165,23.755,23.83,3000,0
JREG.DE,D,20200306,000000,23.265,23.265,22.81,22.825,0,0
JREG.DE,D,20200309,000000,21.175,21.255,21.175,21.255,0,0
JREG.DE,D,20200310,000000,21.54,21.75,21.16,21.16,0,0
JREG.DE,D,20200311,000000,21.52,21.52,21.305,21.305,0,0
JREG.DE,D,20200312,000000,20.275,20.275,19.43,19.43,0,0
JREG.DE,D,20200313,000000,20.035,20.24,19.408,19.54,5845,0
JREG.DE,D,20200316,000000,18.464,19.268,18.464,19.268,0,0
JREG.DE,D,20200317,000000,19.02,19.452,18.984,19.452,30,0
JREG.DE,D,20200318,000000,18.82,18.82,18.438,18.626,0,0
JREG.DE,D,20200319,000000,19.152,19.152,18.69,19.13,20,0
JREG.DE,D,20200320,000000,19.72,19.72,19.236,19.236,0,0
JREG.DE,D,20200323,000000,18.138,18.67,18.138,18.148,2563,0
JREG.DE,D,20200324,000000,18.774,19.642,18.774,19.642,0,0
JREG.DE,D,20200325,000000,20.05,20.23,19.724,20.23,0,0
JREG.DE,D,20200326,000000,19.618,20.595,19.538,20.595,30,0
JREG.DE,D,20200327,000000,20.385,20.385,20.095,20.095,0,0
JREG.DE,D,20200330,000000,20.07,20.47,20.07,20.47,0,0
JREG.DE,D,20200331,000000,20.72,20.805,20.66,20.805,0,0
JREG.DE,D,20200401,000000,19.842,19.96,19.842,19.96,0,0
JREG.DE,D,20200402,000000,19.926,20.12,19.926,20.12,0,0
JREG.DE,D,20200403,000000,20.075,20.11,20.025,20.025,0,0
JREG.DE,D,20200406,000000,20.69,20.885,20.685,20.885,0,0
JREG.DE,D,20200407,000000,21.42,21.725,21.42,21.57,0,0
JREG.DE,D,20200408,000000,21.13,21.55,21.13,21.55,0,0
JREG.DE,D,20200409,000000,21.86,21.945,21.755,21.945,136,0
JREG.DE,D,20200414,000000,22.1,22.1,22.1,22.1,0,0
JREG.DE,D,20200415,000000,22.16,22.16,21.745,21.745,0,0
JREG.DE,D,20200416,000000,22.01,22.04,21.945,21.985,181,0
JREG.DE,D,20200417,000000,22.53,22.64,22.31,22.31,12,0
JREG.DE,D,20200420,000000,22.57,22.57,22.285,22.495,2821,0
JREG.DE,D,20200421,000000,22.365,22.365,21.535,21.535,1000,0
JREG.DE,D,20200422,000000,21.815,22.045,21.815,22.045,0,0
JREG.DE,D,20200423,000000,22.205,22.355,22.205,22.355,0,0
JREG.DE,D,20200424,000000,22.175,22.325,22.175,22.175,0,0
JREG.DE,D,20200427,000000,22.48,22.685,22.48,22.685,3554,0
JREG.DE,D,20200428,000000,22.705,23.105,22.705,22.84,3500,0
JREG.DE,D,20200429,000000,22.95,23.235,22.95,23.235,1272,0
JREG.DE,D,20200430,000000,23.37,23.37,22.845,22.845,0,0
JREG.DE,D,20200504,000000,22.105,22.25,22.065,22.18,3742,0
JREG.DE,D,20200505,000000,22.505,22.82,22.505,22.82,0,0
JREG.DE,D,20200506,000000,22.89,22.89,22.735,22.735,1619,0
JREG.DE,D,20200507,000000,22.76,23,22.76,23,0,0
JREG.DE,D,20200508,000000,23.105,23.115,23.105,23.115,0,0
JREG.DE,D,20200511,000000,23.305,23.305,23.15,23.205,0,0
JREG.DE,D,20200512,000000,23.065,23.245,23.065,23.14,0,0
JREG.DE,D,20200513,000000,22.82,22.82,22.585,22.585,0,0
JREG.DE,D,20200514,000000,22.4,22.42,22.12,22.38,11836,0
JREG.DE,D,20200515,000000,22.74,22.74,22.48,22.48,0,0
JREG.DE,D,20200518,000000,22.92,23.325,22.92,23.325,0,0
JREG.DE,D,20200519,000000,23.355,23.355,23.135,23.245,0,0
JREG.DE,D,20200520,000000,23.11,23.355,23.11,23.355,4908,0
JREG.DE,D,20200521,000000,23.195,23.195,23.135,23.135,0,0
JREG.DE,D,20200522,000000,22.945,23.175,22.945,23.175,0,0
JREG.DE,D,20200525,000000,23.415,23.605,23.415,23.605,0,0
JREG.DE,D,20200526,000000,23.755,23.755,23.605,23.605,0,0
JREG.DE,D,20200527,000000,23.735,23.765,23.57,23.57,0,0
JREG.DE,D,20200528,000000,23.85,23.91,23.85,23.865,420,0
JREG.DE,D,20200529,000000,23.59,23.59,23.415,23.415,0,0
JREG.DE,D,20200602,000000,23.815,23.905,23.8,23.8,0,0
JREG.DE,D,20200603,000000,23.985,24.205,23.985,24.205,0,0
JREG.DE,D,20200604,000000,24.155,24.155,23.975,23.975,0,0
JREG.DE,D,20200605,000000,24.075,24.675,24.075,24.675,0,0
JREG.DE,D,20200608,000000,24.525,24.69,24.525,24.69,0,0
JREG.DE,D,20200609,000000,24.79,24.79,24.52,24.52,0,0
JREG.DE,D,20200610,000000,24.665,24.665,24.41,24.41,0,0
JREG.DE,D,20200611,000000,24.045,24.045,23.545,23.545,0,0
JREG.DE,D,20200612,000000,23.375,23.715,23.375,23.57,0,0
JREG.DE,D,20200615,000000,22.92,23.36,22.92,23.36,289,0
JREG.DE,D,20200616,000000,23.82,24.22,23.82,24.11,5799,0
JREG.DE,D,20200617,000000,24.155,24.35,24.155,24.27,5000,0
JREG.DE,D,20200618,000000,24.09,24.165,24.09,24.165,0,0
JREG.DE,D,20200619,000000,24.29,24.4,24.29,24.365,0,0
JREG.DE,D,20200622,000000,24.075,24.075,24.05,24.055,0,0
JREG.DE,D,20200623,000000,24.195,24.31,24.195,24.285,0,0
JREG.DE,D,20200624,000000,24.14,24.14,23.685,23.685,0,0
JREG.DE,D,20200625,000000,23.605,23.805,23.605,23.755,0,0
JREG.DE,D,20200626,000000,24.035,24.1,23.695,23.695,0,0
JREG.DE,D,20200629,000000,23.57,23.725,23.565,23.725,0,0
JREG.DE,D,20200630,000000,23.855,23.91,23.835,23.91,0,0
JREG.DE,D,20200701,000000,24.025,24.025,23.95,24.025,0,0
JREG.DE,D,20200702,000000,24.2,24.41,24.2,24.41,0,0
JREG.DE,D,20200703,000000,24.425,24.425,24.24,24.24,0,0
JREG.DE,D,20200706,000000,24.565,24.6,24.56,24.6,1268,0
JREG.DE,D,20200707,000000,24.495,24.56,24.425,24.56,0,0
JREG.DE,D,20200708,000000,24.345,24.38,24.275,24.275,0,0
JREG.DE,D,20200709,000000,24.4,24.43,24.19,24.19,0,0
JREG.DE,D,20200710,000000,24.205,24.41,24.205,24.41,0,0
JREG.DE,D,20200713,000000,24.685,24.79,24.685,24.79,0,0
JREG.DE,D,20200714,000000,24.415,24.415,24.32,24.32,0,0
JREG.DE,D,20200715,000000,24.64,24.74,24.64,24.7,0,0
JREG.DE,D,20200716,000000,24.59,24.59,24.535,24.535,0,0
JREG.DE,D,20200717,000000,24.66,24.66,24.61,24.625,5,0
JREG.DE,D,20200720,000000,24.475,24.74,24.475,24.74,0,0
JREG.DE,D,20200721,000000,24.945,25.06,24.895,24.895,0,0
JREG.DE,D,20200722,000000,24.73,24.73,24.59,24.615,0,0
JREG.DE,D,20200723,000000,24.75,24.76,24.635,24.635,0,0
JREG.DE,D,20200724,000000,24.19,24.32,24.17,24.17,0,0
JREG.DE,D,20200727,000000,24.13,24.13,24,24,0,0
JREG.DE,D,20200728,000000,24.165,24.175,24.09,24.175,0,0
JREG.DE,D,20200729,000000,24.055,24.15,24.055,24.15,0,0
JREG.DE,D,20200730,000000,24.165,24.165,23.935,23.935,0,0
JREG.DE,D,20200731,000000,23.885,23.985,23.815,23.815,0,0
JREG.DE,D,20200803,000000,24.11,24.38,24.11,24.38,0,0
JREG.DE,D,20200804,000000,24.4,24.4,24.295,24.36,0,0
JREG.DE,D,20200805,000000,24.425,24.445,24.355,24.355,0,0
JREG.DE,D,20200806,000000,24.355,24.385,24.33,24.385,0,0
JREG.DE,D,20200807,000000,24.47,24.575,24.47,24.575,0,0
JREG.DE,D,20200810,000000,24.665,24.705,24.665,24.675,0,0
JREG.DE,D,20200811,000000,24.88,24.945,24.88,24.9,0,0
JREG.DE,D,20200812,000000,24.865,25.02,24.865,24.985,30,0
JREG.DE,D,20200813,000000,24.895,24.94,24.855,24.94,0,0
JREG.DE,D,20200814,000000,24.92,24.92,24.81,24.845,0,0
JREG.DE,D,20200817,000000,24.815,24.88,24.815,24.88,0,0
JREG.DE,D,20200818,000000,24.795,24.925,24.795,24.815,19936,0
JREG.DE,D,20200819,000000,24.825,24.96,24.82,24.96,41,0
JREG.DE,D,20200820,000000,24.76,24.88,24.76,24.88,0,0
JREG.DE,D,20200821,000000,24.955,25.035,24.955,25.035,0,0
JREG.DE,D,20200824,000000,25.185,25.265,25.185,25.255,41,0
JREG.DE,D,20200825,000000,25.445,25.445,25.28,25.28,0,0
JREG.DE,D,20200826,000000,25.34,25.51,25.34,25.51,4,0
JREG.DE,D,20200827,000000,25.59,25.67,25.59,25.67,0,0
JREG.DE,D,20200828,000000,25.575,25.575,25.47,25.47,0,0
JREG.DE,D,20200831,000000,25.54,25.54,25.335,25.38,1000,0
JREG.DE,D,20200901,000000,25.44,25.44,25.44,25.44,0,0
JREG.DE,D,20200902,000000,25.74,25.925,25.74,25.885,0,0
JREG.DE,D,20200903,000000,26.185,26.185,25.415,25.415,1000,0
JREG.DE,D,20200904,000000,25.2,25.325,24.875,24.875,0,0
JREG.DE,D,20200907,000000,25.04,25.23,25.04,25.23,0,0
JREG.DE,D,20200908,000000,25.285,25.285,24.785,24.785,0,0
JREG.DE,D,20200909,000000,24.935,25.095,24.87,25.095,6200,0
JREG.DE,D,20200910,000000,25.085,25.085,24.98,24.99,500,0
JREG.DE,D,20200911,000000,24.85,24.865,24.785,24.785,0,0
JREG.DE,D,20200914,000000,24.99,25,24.865,25,0,0
JREG.DE,D,20200915,000000,24.98,25.205,24.98,25.205,0,0
JREG.DE,D,20200916,000000,25.19,25.275,25.19,25.275,0,0
JREG.DE,D,20200917,000000,24.845,24.945,24.845,24.945,0,0
JREG.DE,D,20200918,000000,24.86,24.94,24.72,24.72,0,0
JREG.DE,D,20200921,000000,24.585,24.585,24.205,24.205,0,0
JREG.DE,D,20200922,000000,24.45,24.525,24.45,24.525,0,0
JREG.DE,D,20200923,000000,24.785,24.87,24.7,24.7,0,0
JREG.DE,D,20200924,000000,24.305,24.45,24.305,24.45,5900,0
JREG.DE,D,20200925,000000,24.44,24.58,24.29,24.58,0,0
JREG.DE,D,20200928,000000,24.94,25.08,24.94,25.08,0,0
JREG.DE,D,20200929,000000,25.085,25.085,24.88,24.88,0,0
JREG.DE,D,20200930,000000,24.71,25.045,24.71,25.045,0,0
JREG.DE,D,20201001,000000,25.125,25.235,25.08,25.08,310,0
JREG.DE,D,20201002,000000,24.775,25.005,24.775,25.005,0,0
JREG.DE,D,20201005,000000,25.265,25.265,25.095,25.16,30,0
JREG.DE,D,20201006,000000,25.235,25.235,25.165,25.21,140,0
JREG.DE,D,20201007,000000,25.135,25.27,25.135,25.27,0,0
JREG.DE,D,20201008,000000,25.48,25.545,25.46,25.485,379,0
JREG.DE,D,20201009,000000,25.585,25.605,25.565,25.605,0,0
JREG.DE,D,20201012,000000,25.71,25.975,25.71,25.975,0,0
JREG.DE,D,20201013,000000,26.015,26.065,25.985,26.06,239,0
JREG.DE,D,20201014,000000,26.075,26.075,25.975,25.975,0,0
JREG.DE,D,20201015,000000,25.685,25.685,25.61,25.67,0,0
JREG.DE,D,20201016,000000,25.81,25.905,25.81,25.905,0,0
JREG.DE,D,20201019,000000,25.965,25.965,25.64,25.64,0,0
JREG.DE,D,20201020,000000,25.51,25.51,25.38,25.38,0,0
JREG.DE,D,20201021,000000,25.41,25.41,25.215,25.215,239,0
JREG.DE,D,20201022,000000,25.135,25.28,25.135,25.25,0,0
JREG.DE,D,20201023,000000,25.35,25.41,25.3,25.3,0,0
JREG.DE,D,20201026,000000,25.105,25.14,24.925,24.925,150,0
JREG.DE,D,20201027,000000,25.05,25.07,24.935,24.935,239,0
JREG.DE,D,20201028,000000,24.795,24.795,24.395,24.395,239,0
JREG.DE,D,20201029,000000,24.49,24.58,24.31,24.56,478,0
JREG.DE,D,20201030,000000,24.255,24.415,24.145,24.395,478,0
JREG.DE,D,20201102,000000,24.49,24.82,24.49,24.75,242,0
JREG.DE,D,20201103,000000,24.84,25.16,24.82,25.16,239,0
JREG.DE,D,20201104,000000,24.97,25.71,24.97,25.71,8671,0
JREG.DE,D,20201105,000000,25.795,25.94,25.64,25.915,717,0
JREG.DE,D,20201106,000000,25.795,25.795,25.68,25.77,2067,0
JREG.DE,D,20201109,000000,26.09,26.645,26.09,26.645,239,0
JREG.DE,D,20201110,000000,26.305,26.305,26.285,26.285,0,0
JREG.DE,D,20201111,000000,26.41,26.645,26.41,26.645,0,0
JREG.DE,D,20201112,000000,26.45,26.455,26.45,26.45,0,0
JREG.DE,D,20201113,000000,26.36,26.45,26.36,26.45,0,0
JREG.DE,D,20201116,000000,26.67,26.905,26.67,26.855,478,0
JREG.DE,D,20201117,000000,26.825,26.825,26.62,26.72,478,0
JREG.DE,D,20201118,000000,26.605,26.77,26.605,26.765,0,0
JREG.DE,D,20201119,000000,26.545,26.61,26.545,26.61,0,0
JREG.DE,D,20201120,000000,26.57,26.695,26.57,26.685,0,0
JREG.DE,D,20201123,000000,26.71,26.71,26.59,26.65,0,0
JREG.DE,D,20201124,000000,26.895,26.99,26.84,26.99,239,0
JREG.DE,D,20201125,000000,27.035,27.035,26.9,26.93,12,0
JREG.DE,D,20201126,000000,26.99,27.015,26.965,26.965,0,0
JREG.DE,D,20201127,000000,26.945,26.995,26.945,26.985,0,0
JREG.DE,D,20201130,000000,26.76,26.83,26.69,26.69,0,0
JREG.DE,D,20201201,000000,26.95,27.015,26.895,26.895,0,0
JREG.DE,D,20201202,000000,26.71,26.76,26.675,26.75,150,0
JREG.DE,D,20201203,000000,26.745,26.76,26.65,26.76,250,0
JREG.DE,D,20201204,000000,26.755,26.92,26.74,26.92,0,0
JREG.DE,D,20201207,000000,26.93,26.93,26.88,26.915,6,0
JREG.DE,D,20201208,000000,26.885,26.975,26.78,26.975,100,0
JREG.DE,D,20201209,000000,27.04,27.13,27.04,27.045,1100,0
JREG.DE,D,20201210,000000,26.885,26.895,26.86,26.86,0,0
JREG.DE,D,20201211,000000,26.795,26.795,26.605,26.685,16620,0
JREG.DE,D,20201214,000000,26.88,26.915,26.845,26.845,0,0
JREG.DE,D,20201215,000000,26.73,26.75,26.73,26.75,0,0
JREG.DE,D,20201216,000000,26.905,26.945,26.905,26.945,0,0
JREG.DE,D,20201217,000000,26.97,27.005,26.965,26.965,0,0
JREG.DE,D,20201218,000000,26.945,27.01,26.905,26.905,939,0
JREG.DE,D,20201221,000000,26.855,26.855,26.59,26.59,0,0
JREG.DE,D,20201222,000000,26.72,26.835,26.72,26.835,610,0
JREG.DE,D,20201223,000000,26.85,26.94,26.85,26.94,0,0
JREG.DE,D,20201228,000000,27.07,27.16,27.07,27.13,35,0
JREG.DE,D,20201229,000000,27.23,27.23,27.13,27.13,0,0
JREG.DE,D,20201230,000000,27.14,27.16,27.1,27.1,30,0
JREG.DE,D,20210104,000000,27.27,27.29,26.9,26.9,12,0
JREG.DE,D,20210105,000000,26.905,26.95,26.89,26.95,76,0
JREG.DE,D,20210106,000000,26.875,27.315,26.875,27.315,0,0
JREG.DE,D,20210107,000000,27.36,27.655,27.345,27.56,1189,0
JREG.DE,D,20210108,000000,27.83,27.835,27.695,27.695,650,0
JREG.DE,D,20210111,000000,27.8,27.84,27.8,27.84,0,0
JREG.DE,D,20210112,000000,27.855,27.87,27.815,27.82,100,0
JREG.DE,D,20210113,000000,27.76,27.85,27.69,27.85,6748,0
JREG.DE,D,20210114,000000,27.945,28.005,27.945,28.005,0,0
JREG.DE,D,20210115,000000,27.82,27.82,27.79,27.8,0,0
JREG.DE,D,20210118,000000,27.74,27.835,27.74,27.835,0,0
JREG.DE,D,20210119,000000,27.94,27.94,27.805,27.805,0,0
JREG.DE,D,20210120,000000,27.87,28.175,27.87,28.175,0,0
JREG.DE,D,20210121,000000,28.315,28.315,28.16,28.165,5839,0
JREG.DE,D,20210122,000000,28.02,28.02,27.9,28,359,0
JREG.DE,D,20210125,000000,28.12,28.205,27.96,27.96,3125,0
JREG.DE,D,20210126,000000,28.055,28.185,28.055,28.07,0,0
JREG.DE,D,20210127,000000,27.965,27.965,27.705,27.705,244,0
JREG.DE,D,20210128,000000,27.365,27.78,27.34,27.78,422,0
JREG.DE,D,20210129,000000,27.305,27.43,27.215,27.215,0,0
JREG.DE,D,20210201,000000,27.335,27.535,27.335,27.535,74,0
JREG.DE,D,20210202,000000,27.755,28.12,27.755,28.12,8,0
JREG.DE,D,20210203,000000,28.235,28.235,28.1,28.1,0,0
JREG.DE,D,20210204,000000,28.115,28.385,28.115,28.385,0,0
JREG.DE,D,20210205,000000,28.54,28.585,28.425,28.425,65,0
JREG.DE,D,20210208,000000,28.51,28.57,28.51,28.535,0,0
JREG.DE,D,20210209,000000,28.59,28.59,28.505,28.555,0,0
JREG.DE,D,20210210,000000,28.61,28.61,28.425,28.425,0,0
JREG.DE,D,20210211,000000,28.525,28.565,28.525,28.565,0,0
JREG.DE,D,20210212,000000,28.545,28.665,28.545,28.665,0,0
JREG.DE,D,20210215,000000,28.795,28.89,28.795,28.89,0,0
JREG.DE,D,20210216,000000,28.93,28.93,28.84,28.84,0,0
JREG.DE,D,20210217,000000,28.855,28.895,28.74,28.74,0,0
JREG.DE,D,20210218,000000,28.81,28.81,28.595,28.595,0,0
JREG.DE,D,20210219,000000,28.6,28.72,28.595,28.72,25,0
JREG.DE,D,20210222,000000,28.435,28.455,28.42,28.445,956,0
JREG.DE,D,20210223,000000,28.48,28.48,28.075,28.28,478,0
JREG.DE,D,20210224,000000,28.32,28.55,28.32,28.55,0,0
JREG.DE,D,20210225,000000,28.615,28.615,28.195,28.195,1463,0
JREG.DE,D,20210226,000000,27.885,28.15,27.885,28.115,594,0
JREG.DE,D,20210301,000000,28.3,28.585,28.3,28.565,101,0
JREG.DE,D,20210302,000000,28.585,28.665,28.445,28.445,1510,0
JREG.DE,D,20210303,000000,28.55,28.585,28.355,28.39,5,0
JREG.DE,D,20210304,000000,28.14,28.21,28.14,28.205,29,0
JREG.DE,D,20210305,000000,27.985,28.15,27.93,27.995,608,0
JREG.DE,D,20210308,000000,28.47,28.855,28.41,28.855,1239,0
JREG.DE,D,20210309,000000,28.71,28.975,28.71,28.975,956,0
JREG.DE,D,20210310,000000,28.865,29.055,28.865,29.055,1800,0
JREG.DE,D,20210311,000000,29.1,29.235,29.04,29.235,670,0
JREG.DE,D,20210312,000000,29.115,29.135,29.105,29.105,0,0
JREG.DE,D,20210315,000000,29.27,29.295,29.235,29.235,0,0
JREG.DE,D,20210316,000000,29.45,29.485,29.42,29.485,34,0
JREG.DE,D,20210317,000000,29.465,29.465,29.335,29.37,1430,0
JREG.DE,D,20210318,000000,29.415,29.44,29.325,29.44,0,0
JREG.DE,D,20210319,000000,29.23,29.29,29.23,29.245,0,0
JREG.DE,D,20210322,000000,29.125,29.305,29.125,29.305,0,0
JREG.DE,D,20210323,000000,29.265,29.445,29.265,29.445,3787,0
JREG.DE,D,20210324,000000,29.295,29.445,29.295,29.445,0,0
JREG.DE,D,20210325,000000,29.255,29.355,29.175,29.355,0,0
JREG.DE,D,20210326,000000,29.575,29.64,29.52,29.64,0,0
JREG.DE,D,20210329,000000,29.72,29.82,29.705,29.75,63,0
JREG.DE,D,20210330,000000,29.89,29.89,29.84,29.89,0,0
JREG.DE,D,20210331,000000,29.855,30.025,29.855,30.025,345,0
JREG.DE,D,20210401,000000,30.07,30.18,30.07,30.18,1912,0
JREG.DE,D,20210406,000000,30.505,30.505,30.41,30.415,1303,0
JREG.DE,D,20210407,000000,30.34,30.355,30.265,30.275,441,0
JREG.DE,D,20210408,000000,30.445,30.495,30.39,30.4,2874,0
JREG.DE,D,20210409,000000,30.535,30.535,30.455,30.51,984,0
JREG.DE,D,20210412,000000,31.045,31.045,30.52,30.52,487,0
JREG.DE,D,20210413,000000,30.615,30.615,30.515,30.55,75,0
JREG.DE,D,20210414,000000,30.56,30.655,30.545,30.545,470,0
JREG.DE,D,20210415,000000,30.495,30.69,30.495,30.69,33,0
JREG.DE,D,20210416,000000,30.71,30.79,30.71,30.79,209,0
JREG.DE,D,20210419,000000,30.775,30.775,30.59,30.59,1350,0
JREG.DE,D,20210420,000000,30.58,30.58,30.22,30.22,710,0
JREG.DE,D,20210421,000000,30.315,30.455,30.315,30.45,1182,0
JREG.DE,D,20210422,000000,30.51,30.625,30.505,30.625,722,0
JREG.DE,D,20210423,000000,30.39,30.525,30.375,30.525,1458,0
JREG.DE,D,20210426,000000,30.505,30.63,30.475,30.585,812,0
JREG.DE,D,20210427,000000,30.6,30.6,30.535,30.535,35,0
JREG.DE,D,20210428,000000,30.65,30.65,30.545,30.545,16,0
JREG.DE,D,20210429,000000,30.615,30.635,30.47,30.47,0,0
JREG.DE,D,20210430,000000,30.53,30.555,30.41,30.485,2123,0
JREG.DE,D,20210503,000000,30.505,30.62,30.505,30.54,260,0
JREG.DE,D,20210504,000000,30.555,30.615,30.265,30.265,15,0
JREG.DE,D,20210505,000000,30.555,30.67,30.555,30.67,2841,0
JREG.DE,D,20210506,000000,30.615,30.615,30.345,30.52,100,0
JREG.DE,D,20210507,000000,30.72,30.725,30.72,30.725,2,0
JREG.DE,D,20210510,000000,30.79,30.79,30.7,30.7,118,0
JREG.DE,D,20210511,000000,30.385,30.385,30.04,30.155,2816,0
JREG.DE,D,20210512,000000,30.17,30.17,30.04,30.04,35,0
JREG.DE,D,20210513,000000,29.705,30.075,29.665,30.075,40,0
JREG.DE,D,20210514,000000,30.22,30.31,30.18,30.31,0,0
JREG.DE,D,20210517,000000,30.34,30.34,30.19,30.26,68920,0
JREG.DE,D,20210518,000000,30.425,30.425,30.225,30.225,0,0
JREG.DE,D,20210519,000000,29.79,29.79,29.595,29.72,1350,0
JREG.DE,D,20210520,000000,29.96,30.21,29.87,30.21,0,0
JREG.DE,D,20210521,000000,30.235,30.37,30.235,30.37,0,0
JREG.DE,D,20210525,000000,30.49,30.49,30.38,30.38,202,0
JREG.DE,D,20210526,000000,30.355,30.485,30.355,30.485,5081,0
JREG.DE,D,20210527,000000,30.435,30.605,30.435,30.565,358,0
JREG.DE,D,20210528,000000,30.635,30.69,30.63,30.65,469,0
JREG.DE,D,20210531,000000,30.725,30.725,30.465,30.465,140,0
JREG.DE,D,20210601,000000,30.52,30.705,30.52,30.545,15,0
JREG.DE,D,20210602,000000,30.57,30.675,30.57,30.655,11,0
JREG.DE,D,20210603,000000,30.645,30.745,30.485,30.72,932,0
JREG.DE,D,20210604,000000,30.775,30.85,30.765,30.815,3496,0
JREG.DE,D,20210607,000000,30.845,30.9,30.775,30.775,408,0
JREG.DE,D,20210608,000000,30.875,30.955,30.805,30.805,19,0
JREG.DE,D,20210609,000000,30.85,30.89,30.81,30.855,2124,0
JREG.DE,D,20210610,000000,30.85,30.935,30.835,30.935,0,0
JREG.DE,D,20210611,000000,30.915,31.13,30.915,31.13,0,0
JREG.DE,D,20210614,000000,31.21,31.21,31.075,31.075,400,0
JREG.DE,D,20210615,000000,31.25,31.255,31.13,31.13,26,0
JREG.DE,D,20210616,000000,31.175,31.205,31.17,31.205,328,0
JREG.DE,D,20210617,000000,31.205,31.5,31.205,31.5,55,0
JREG.DE,D,20210618,000000,31.48,31.48,31.205,31.205,160,0
JREG.DE,D,20210621,000000,30.98,31.35,30.98,31.35,56,0
JREG.DE,D,20210622,000000,31.435,31.525,31.435,31.525,100,0
JREG.DE,D,20210623,000000,31.56,31.56,31.405,31.405,264,0
JREG.DE,D,20210624,000000,31.475,31.64,31.475,31.615,105,0
JREG.DE,D,20210625,000000,31.615,31.67,31.615,31.67,0,0
JREG.DE,D,20210628,000000,31.71,31.785,31.675,31.675,405,0
JREG.DE,D,20210629,000000,31.755,31.845,31.755,31.845,0,0
JREG.DE,D,20210630,000000,31.865,31.885,31.805,31.885,0,0
JREG.DE,D,20210701,000000,31.955,32.01,31.845,31.96,381,0
JREG.DE,D,20210702,000000,32.105,32.185,32.105,32.155,123,0
JREG.DE,D,20210705,000000,32.185,32.26,32.135,32.24,1099,0
JREG.DE,D,20210706,000000,32.17,32.275,32.135,32.15,163,0
JREG.DE,D,20210707,000000,32.295,32.41,32.235,32.375,1989,0
JREG.DE,D,20210708,000000,32.25,32.25,31.805,31.945,4764,0
JREG.DE,D,20210709,000000,32.08,32.3,32.08,32.3,1003,0
JREG.DE,D,20210712,000000,32.325,32.44,32.3,32.43,312,0
JREG.DE,D,20210713,000000,32.465,32.615,32.465,32.615,460,0
JREG.DE,D,20210714,000000,32.565,32.615,32.49,32.49,45,0
JREG.DE,D,20210715,000000,32.42,32.425,32.355,32.405,245,0
JREG.DE,D,20210716,000000,32.375,32.415,32.285,32.285,1,0
JREG.DE,D,20210719,000000,31.965,31.965,31.61,31.7,1510,0
JREG.DE,D,20210720,000000,31.865,32.095,31.78,32.095,655,0
JREG.DE,D,20210721,000000,32.185,32.32,32.185,32.32,75,0
JREG.DE,D,20210722,000000,32.455,32.505,32.415,32.505,3290,0
JREG.DE,D,20210723,000000,32.565,32.825,32.565,32.825,397,0
JREG.DE,D,20210726,000000,32.72,32.76,32.595,32.76,43,0
JREG.DE,D,20210727,000000,32.73,32.77,32.45,32.45,91,0
JREG.DE,D,20210728,000000,32.585,32.725,32.585,32.67,4000,0
JREG.DE,D,20210729,000000,32.61,32.665,32.61,32.665,0,0
JREG.DE,D,20210730,000000,32.35,32.51,32.35,32.51,241,0
JREG.DE,D,20210802,000000,32.7,32.705,32.57,32.625,1389,0
JREG.DE,D,20210803,000000,32.565,32.615,32.525,32.61,13318,0
JREG.DE,D,20210804,000000,32.76,32.81,32.76,32.795,9,0
JREG.DE,D,20210805,000000,32.785,32.965,32.785,32.92,1966,0
JREG.DE,D,20210806,000000,33,33.15,33,33.115,766,0
JREG.DE,D,20210809,000000,33.095,33.2,33.095,33.175,845,0
JREG.DE,D,20210810,000000,33.185,33.265,33.185,33.265,16,0
JREG.DE,D,20210811,000000,33.27,33.315,33.27,33.295,550,0
JREG.DE,D,20210812,000000,33.32,33.385,33.32,33.355,50,0
JREG.DE,D,20210813,000000,33.42,33.42,33.31,33.31,34,0
JREG.DE,D,20210816,000000,33.215,33.28,33.11,33.225,1401,0
JREG.DE,D,20210817,000000,33.255,33.38,33.24,33.345,32957,0
JREG.DE,D,20210818,000000,33.38,33.38,33.295,33.325,79,0
JREG.DE,D,20210819,000000,32.855,32.975,32.715,32.975,1759,0
JREG.DE,D,20210820,000000,32.99,33.215,32.905,33.215,1073,0
JREG.DE,D,20210823,000000,33.335,33.445,33.27,33.445,1986,0
JREG.DE,D,20210824,000000,33.505,33.555,33.41,33.46,4515,0
