<TICKER>,<PER>,<DATE>,<TIME>,<OPEN>,<HIGH>,<LOW>,<CLOSE>,<VOL>,<OPENINT>
LAUT.DE,D,20190624,000000,60.29,60.36,60.02,60.02,3027,0
LAUT.DE,D,20190625,000000,59.39,59.66,59.37,59.37,0,0
LAUT.DE,D,20190626,000000,59.08,59.94,59.08,59.91,6,0
LAUT.DE,D,20190627,000000,60.33,60.33,60.06,60.06,5,0
LAUT.DE,D,20190628,000000,60.28,60.6,60.19,60.6,31,0
LAUT.DE,D,20190701,000000,62.02,62.02,60.78,60.78,76,0
LAUT.DE,D,20190702,000000,60.74,60.74,60.55,60.55,506,0
LAUT.DE,D,20190703,000000,60.4,61.37,60.4,61.14,17,0
LAUT.DE,D,20190704,000000,61.41,61.57,61.36,61.36,0,0
LAUT.DE,D,20190705,000000,61.34,61.34,61.07,61.32,14,0
LAUT.DE,D,20190708,000000,61.17,61.34,61.12,61.12,0,0
LAUT.DE,D,20190709,000000,60.36,60.36,60.1,60.12,489,0
LAUT.DE,D,20190710,000000,60.05,60.54,59.71,59.71,413,0
LAUT.DE,D,20190711,000000,59.89,59.89,59.36,59.36,437,0
LAUT.DE,D,20190712,000000,58.64,60.1,58.64,59.92,0,0
LAUT.DE,D,20190715,000000,60.23,60.56,60.23,60.36,32,0
LAUT.DE,D,20190716,000000,60.21,60.55,59.97,60.55,40,0
LAUT.DE,D,20190717,000000,60.39,60.39,59.67,59.67,0,0
LAUT.DE,D,20190718,000000,59.37,59.56,59.09,59.09,0,0
LAUT.DE,D,20190719,000000,59.39,59.44,59.26,59.26,232,0
LAUT.DE,D,20190722,000000,59.17,59.71,59.17,59.71,30,0
LAUT.DE,D,20190723,000000,60.42,62.3,60.37,61.95,198,0
LAUT.DE,D,20190724,000000,61.9,63.06,61.9,62.79,20,0
LAUT.DE,D,20190725,000000,63.54,63.54,61.51,61.68,2058,0
LAUT.DE,D,20190726,000000,61.35,61.7,61.35,61.43,307,0
LAUT.DE,D,20190729,000000,60.94,60.98,60.81,60.98,69,0
LAUT.DE,D,20190730,000000,60.77,60.77,59.54,59.54,16,0
LAUT.DE,D,20190731,000000,59.56,59.92,59.51,59.51,0,0
LAUT.DE,D,20190801,000000,59.57,59.6,59.45,59.6,261,0
LAUT.DE,D,20190802,000000,58.05,58.05,57.12,57.52,1257,0
LAUT.DE,D,20190805,000000,56.85,56.85,55.98,56.41,0,0
LAUT.DE,D,20190806,000000,56.74,56.98,56.2,56.2,30,0
LAUT.DE,D,20190807,000000,56.46,57.17,56.03,56.36,586,0
LAUT.DE,D,20190808,000000,56.83,56.96,56.53,56.96,0,0
LAUT.DE,D,20190809,000000,56.45,56.45,55.59,55.59,116,0
LAUT.DE,D,20190812,000000,56.18,56.24,55.26,55.39,265,0
LAUT.DE,D,20190813,000000,54.96,55.94,54.84,55.94,1228,0
LAUT.DE,D,20190814,000000,55.73,55.73,54.34,54.34,1200,0
LAUT.DE,D,20190815,000000,54.52,54.52,53.3,53.47,5436,0
LAUT.DE,D,20190816,000000,53.45,53.94,53.45,53.94,473,0
LAUT.DE,D,20190819,000000,54.47,54.75,54.29,54.69,1014,0
LAUT.DE,D,20190820,000000,54.52,54.52,53.94,54,785,0
LAUT.DE,D,20190821,000000,54.31,55.13,54.31,54.93,10,0
LAUT.DE,D,20190822,000000,54.6,55.35,54.6,55,174,0
LAUT.DE,D,20190823,000000,55.38,55.38,53.84,53.84,262,0
LAUT.DE,D,20190826,000000,53.92,54.51,53.6,54.44,482,0
LAUT.DE,D,20190827,000000,54.15,55.28,54.15,55,116,0
LAUT.DE,D,20190828,000000,54.65,54.92,54.53,54.85,193,0
LAUT.DE,D,20190829,000000,54.51,55.46,54.51,55.44,78,0
LAUT.DE,D,20190830,000000,55.57,56.51,55.57,56.04,184,0
LAUT.DE,D,20190902,000000,56.19,56.19,55.86,55.96,548,0
LAUT.DE,D,20190903,000000,55.96,56.14,55.92,56.14,106,0
LAUT.DE,D,20190904,000000,56.66,57.31,56.66,57.3,1835,0
LAUT.DE,D,20190905,000000,58.16,59.09,58.16,58.89,1173,0
LAUT.DE,D,20190906,000000,59.2,59.3,59.14,59.14,0,0
LAUT.DE,D,20190909,000000,59.38,60.26,59.38,60.26,40,0
LAUT.DE,D,20190910,000000,60.6,60.78,60.4,60.4,100,0
LAUT.DE,D,20190911,000000,60.72,61.21,60.42,60.42,300,0
LAUT.DE,D,20190912,000000,60.78,60.94,60.53,60.94,1800,0
LAUT.DE,D,20190913,000000,61.24,61.79,61.24,61.66,0,0
LAUT.DE,D,20190916,000000,61.14,61.38,61.07,61.28,50,0
LAUT.DE,D,20190917,000000,60.92,60.92,59.97,60.53,1352,0
LAUT.DE,D,20190918,000000,60.26,60.83,60.26,60.64,64,0
LAUT.DE,D,20190919,000000,60.47,60.92,60.47,60.92,369,0
LAUT.DE,D,20190920,000000,61,61,60.63,60.63,232,0
LAUT.DE,D,20190923,000000,60.47,60.47,59.23,59.56,600,0
LAUT.DE,D,20190924,000000,59.69,59.69,58.73,58.73,1673,0
LAUT.DE,D,20190925,000000,58.38,58.57,57.88,58.57,16,0
LAUT.DE,D,20190926,000000,58.68,58.89,58.48,58.57,138,0
LAUT.DE,D,20190927,000000,58.64,59.2,58.64,59.14,138,0
LAUT.DE,D,20191001,000000,59.66,59.88,58.76,58.81,442,0
LAUT.DE,D,20191002,000000,58.68,58.68,57.18,57.18,26,0
LAUT.DE,D,20191004,000000,57.08,57.08,56.31,56.91,0,0
LAUT.DE,D,20191007,000000,56.52,57,56.46,57,2486,0
LAUT.DE,D,20191008,000000,57.2,57.2,56.05,56.47,1246,0
LAUT.DE,D,20191009,000000,56.17,57.33,56.17,57.05,2706,0
LAUT.DE,D,20191010,000000,57.45,58.26,57.45,58.26,1810,0
LAUT.DE,D,20191011,000000,58.66,60.29,58.66,60.29,475,0
LAUT.DE,D,20191014,000000,59.97,60.46,59.77,60.46,821,0
LAUT.DE,D,20191015,000000,61.1,61.74,60.8,61.51,138,0
LAUT.DE,D,20191016,000000,61.48,62.51,61.48,62.48,1813,0
LAUT.DE,D,20191017,000000,62.17,62.67,62.17,62.46,600,0
LAUT.DE,D,20191018,000000,60.98,61.66,60.98,61.41,192,0
LAUT.DE,D,20191021,000000,61.63,62.26,61.63,62.07,280,0
LAUT.DE,D,20191022,000000,62.22,62.54,62.22,62.54,3374,0
LAUT.DE,D,20191023,000000,61.87,62.54,61.87,62.54,2404,0
LAUT.DE,D,20191024,000000,63.03,63.39,63.03,63.22,23,0
LAUT.DE,D,20191025,000000,63.76,63.76,63.21,63.72,4224,0
LAUT.DE,D,20191028,000000,64.16,65,64,64.86,3799,0
LAUT.DE,D,20191029,000000,64.89,64.89,64.48,64.59,3623,0
LAUT.DE,D,20191030,000000,65.67,65.67,64.29,64.29,1184,0
LAUT.DE,D,20191031,000000,63.88,63.88,63.43,63.44,0,0
LAUT.DE,D,20191101,000000,63.79,64.27,63.65,64.27,3362,0
LAUT.DE,D,20191104,000000,65.33,66.24,65.33,66.14,297,0
LAUT.DE,D,20191105,000000,66.35,66.57,66.13,66.53,2830,0
LAUT.DE,D,20191106,000000,66.41,66.41,66.2,66.25,39,0
LAUT.DE,D,20191107,000000,66.83,67.42,66.83,67.42,1072,0
LAUT.DE,D,20191108,000000,67.27,67.27,66.83,67.12,1614,0
LAUT.DE,D,20191111,000000,66.49,67,66.43,66.82,126,0
LAUT.DE,D,20191112,000000,67.11,67.17,67.04,67.04,58,0
LAUT.DE,D,20191113,000000,66.62,66.62,65.95,66.25,0,0
LAUT.DE,D,20191114,000000,65.21,65.7,65.21,65.3,277,0
LAUT.DE,D,20191115,000000,65.82,65.82,65.53,65.81,454,0
LAUT.DE,D,20191118,000000,65.77,65.77,64.38,64.38,1761,0
LAUT.DE,D,20191119,000000,64.7,65.3,64.53,64.56,801,0
LAUT.DE,D,20191120,000000,64.05,64.32,63.95,64.32,60,0
LAUT.DE,D,20191121,000000,63.58,64.58,63.58,64.3,2200,0
LAUT.DE,D,20191122,000000,64.44,64.91,64.44,64.8,75,0
LAUT.DE,D,20191125,000000,65.61,65.68,65.15,65.26,233,0
LAUT.DE,D,20191126,000000,65.38,65.38,65.04,65.11,1220,0
LAUT.DE,D,20191127,000000,65.36,65.61,65.36,65.36,397,0
LAUT.DE,D,20191128,000000,64.82,64.82,64.79,64.81,0,0
LAUT.DE,D,20191129,000000,64.43,64.59,64.08,64.08,62,0
LAUT.DE,D,20191202,000000,64.33,64.57,63.02,63.04,118,0
LAUT.DE,D,20191203,000000,63.58,63.58,62.65,62.65,335,0
LAUT.DE,D,20191204,000000,62.88,63.14,62.88,63.1,240,0
LAUT.DE,D,20191205,000000,63.3,63.46,62.79,62.79,1,0
LAUT.DE,D,20191206,000000,62.98,63.39,62.75,63.38,225,0
LAUT.DE,D,20191209,000000,63.57,63.57,62.9,62.9,15,0
LAUT.DE,D,20191210,000000,62.37,62.57,61.9,62.57,200,0
LAUT.DE,D,20191211,000000,62.67,63.12,62.67,63.02,50,0
LAUT.DE,D,20191212,000000,63.19,63.93,63.11,63.93,2460,0
LAUT.DE,D,20191213,000000,65.4,65.4,64.54,64.54,161,0
LAUT.DE,D,20191216,000000,64.75,64.85,64.24,64.79,167,0
LAUT.DE,D,20191217,000000,64.65,64.75,64.65,64.75,0,0
LAUT.DE,D,20191218,000000,64.79,64.79,64.39,64.41,5860,0
LAUT.DE,D,20191219,000000,64.42,64.42,63.57,63.81,1284,0
LAUT.DE,D,20191220,000000,63.91,63.91,63.61,63.88,2123,0
LAUT.DE,D,20191223,000000,63.73,63.73,63.29,63.56,816,0
LAUT.DE,D,20191227,000000,63.54,63.54,63.5,63.5,0,0
LAUT.DE,D,20191230,000000,63.37,63.37,62.93,62.99,300,0
LAUT.DE,D,20200102,000000,63.03,63.84,63.03,63.6,34,0
LAUT.DE,D,20200103,000000,63.16,63.16,62.15,62.61,151,0
LAUT.DE,D,20200106,000000,61.92,62.31,61.55,62.31,130,0
LAUT.DE,D,20200107,000000,62.66,62.96,62.66,62.9,88,0
LAUT.DE,D,20200108,000000,62.56,63.31,62.56,63.31,0,0
LAUT.DE,D,20200109,000000,63.87,63.87,63.73,63.77,0,0
LAUT.DE,D,20200110,000000,63.87,64.23,63.87,64.02,0,0
LAUT.DE,D,20200113,000000,64.08,64.08,63.42,63.42,0,0
LAUT.DE,D,20200114,000000,63.45,63.45,63.26,63.33,33,0
LAUT.DE,D,20200115,000000,63.24,63.24,62.22,62.29,276,0
LAUT.DE,D,20200116,000000,62.28,62.28,61.36,61.74,200,0
LAUT.DE,D,20200117,000000,62.18,62.18,61.91,61.91,0,0
LAUT.DE,D,20200120,000000,61.74,62.25,61.74,62.07,120,0
LAUT.DE,D,20200121,000000,61.41,62.2,61.41,61.62,0,0
LAUT.DE,D,20200122,000000,61.71,61.71,61,61,0,0
LAUT.DE,D,20200123,000000,60.63,60.63,59.83,59.83,7576,0
LAUT.DE,D,20200124,000000,60.12,60.12,59.43,59.43,448,0
LAUT.DE,D,20200127,000000,58.3,58.3,57.69,57.69,40,0
LAUT.DE,D,20200128,000000,57.95,58.46,57.95,58.46,0,0
LAUT.DE,D,20200129,000000,58.36,58.86,58.36,58.48,0,0
LAUT.DE,D,20200130,000000,57.75,57.85,57.59,57.59,151,0
LAUT.DE,D,20200131,000000,57.43,57.43,56.69,56.73,199,0
LAUT.DE,D,20200203,000000,56.75,56.88,56.59,56.73,321,0
LAUT.DE,D,20200204,000000,56.92,57.52,56.92,57.46,200,0
LAUT.DE,D,20200205,000000,58.54,58.77,58.54,58.77,321,0
LAUT.DE,D,20200206,000000,59.34,59.47,58.91,58.91,0,0
LAUT.DE,D,20200207,000000,58.33,58.33,57.53,57.84,70,0
LAUT.DE,D,20200210,000000,57.99,57.99,57.37,57.37,1052,0
LAUT.DE,D,20200211,000000,57.87,57.87,57.53,57.64,292,0
LAUT.DE,D,20200212,000000,58.18,59.78,58.18,59.78,280,0
LAUT.DE,D,20200213,000000,58.97,59.39,58.97,59.39,250,0
LAUT.DE,D,20200214,000000,59.35,59.57,58.94,58.94,192,0
LAUT.DE,D,20200217,000000,59.69,60.07,59.65,59.65,92,0
LAUT.DE,D,20200218,000000,58.87,58.87,58.64,58.64,100,0
LAUT.DE,D,20200219,000000,58.93,59,58.93,59,0,0
LAUT.DE,D,20200220,000000,58.68,59.67,58.68,59.24,126,0
LAUT.DE,D,20200221,000000,58.82,58.82,58.1,58.1,0,0
LAUT.DE,D,20200224,000000,55.88,55.88,54.72,54.86,1410,0
LAUT.DE,D,20200225,000000,55.25,55.25,54.07,54.07,0,0
LAUT.DE,D,20200226,000000,53.71,54.94,53.71,54.83,0,0
LAUT.DE,D,20200227,000000,53.65,53.65,52.63,53.11,137,0
LAUT.DE,D,20200228,000000,51.23,51.86,51.23,51.86,0,0
LAUT.DE,D,20200302,000000,52.74,52.74,50.51,51.2,578,0
LAUT.DE,D,20200303,000000,51.7,52.64,51.39,51.39,1985,0
LAUT.DE,D,20200304,000000,51.24,52.05,51.24,51.81,99,0
LAUT.DE,D,20200305,000000,51.69,51.69,50.01,50.01,41,0
LAUT.DE,D,20200306,000000,48.76,49.075,48.085,49.075,1281,0
LAUT.DE,D,20200309,000000,44.71,44.86,43.935,43.935,241,0
LAUT.DE,D,20200310,000000,44.49,46.015,43.89,43.89,839,0
LAUT.DE,D,20200311,000000,44.69,44.76,44.195,44.195,1200,0
LAUT.DE,D,20200312,000000,40.635,40.635,37.27,37.27,556,0
LAUT.DE,D,20200313,000000,39.045,41.7,38.045,38.045,65,0
LAUT.DE,D,20200316,000000,35.63,35.63,33.765,34.49,9,0
LAUT.DE,D,20200317,000000,36.35,36.35,34.145,35.19,2125,0
LAUT.DE,D,20200318,000000,34.275,34.275,32.8,32.81,836,0
LAUT.DE,D,20200319,000000,33.015,33.015,32.115,32.82,0,0
LAUT.DE,D,20200320,000000,34.625,34.645,34.525,34.645,104,0
LAUT.DE,D,20200323,000000,33.395,34.49,33.395,33.905,271,0
LAUT.DE,D,20200324,000000,35.78,39.335,35.78,39.335,80,0
LAUT.DE,D,20200325,000000,40.55,41.89,39.47,40.28,194,0
LAUT.DE,D,20200326,000000,39.865,40.42,38.885,40.42,200,0
LAUT.DE,D,20200327,000000,39.58,39.58,38.31,38.375,90,0
LAUT.DE,D,20200330,000000,38.445,38.445,37.835,38.085,180,0
LAUT.DE,D,20200331,000000,38.59,39.095,38.33,39.095,6,0
LAUT.DE,D,20200401,000000,37.965,37.965,37.185,37.185,4857,0
LAUT.DE,D,20200402,000000,37.31,37.485,37,37.045,225,0
LAUT.DE,D,20200403,000000,36.9,36.9,36.005,36.005,363,0
LAUT.DE,D,20200406,000000,38.265,39.5,38.265,39.5,149,0
LAUT.DE,D,20200407,000000,41.52,42.19,40.92,40.92,108,0
LAUT.DE,D,20200408,000000,40.63,41.47,40.42,41.47,488,0
LAUT.DE,D,20200409,000000,42.38,42.5,41.745,42.5,114,0
LAUT.DE,D,20200414,000000,42.88,43.615,42.235,42.235,534,0
LAUT.DE,D,20200415,000000,42.13,42.13,40.09,40.09,418,0
LAUT.DE,D,20200416,000000,40.765,40.765,39.975,40.315,91,0
LAUT.DE,D,20200417,000000,41.57,42.745,41.57,42.315,15,0
LAUT.DE,D,20200420,000000,42.315,42.53,41.6,42.055,442,0
LAUT.DE,D,20200421,000000,41.43,41.43,40.255,40.255,243,0
LAUT.DE,D,20200422,000000,40.455,40.82,40.455,40.725,250,0
LAUT.DE,D,20200423,000000,41.095,41.475,40.9,41.475,289,0
LAUT.DE,D,20200424,000000,40.66,41.595,40.66,40.805,908,0
LAUT.DE,D,20200427,000000,41.89,42.73,41.89,42.73,425,0
LAUT.DE,D,20200428,000000,42.685,43.85,42.685,43.58,203,0
LAUT.DE,D,20200429,000000,43.86,45.69,43.86,45.69,4327,0
LAUT.DE,D,20200430,000000,46.19,46.495,44.47,44.47,594,0
LAUT.DE,D,20200504,000000,42.8,42.8,42.025,42.665,118,0
LAUT.DE,D,20200505,000000,43.475,43.75,43.285,43.75,12,0
LAUT.DE,D,20200506,000000,43.575,43.75,43.22,43.22,167,0
LAUT.DE,D,20200507,000000,43.37,43.39,43.125,43.13,446,0
LAUT.DE,D,20200508,000000,43.785,44.35,43.785,44.35,24,0
LAUT.DE,D,20200511,000000,44.7,44.78,43.705,43.825,267,0
LAUT.DE,D,20200512,000000,43.635,43.875,43.48,43.48,352,0
LAUT.DE,D,20200513,000000,42.71,42.71,41.255,41.255,391,0
LAUT.DE,D,20200514,000000,40.45,40.45,39.86,40.205,4627,0
LAUT.DE,D,20200515,000000,40.935,41.2,40.645,41.065,571,0
LAUT.DE,D,20200518,000000,42.12,44.255,42.12,44.255,0,0
LAUT.DE,D,20200519,000000,44.86,44.86,43.305,43.75,244,0
LAUT.DE,D,20200520,000000,43.535,44.115,43.26,44.115,1222,0
LAUT.DE,D,20200521,000000,43.32,44.2,43.3,43.695,160,0
LAUT.DE,D,20200522,000000,42.88,43.995,42.88,43.93,480,0
LAUT.DE,D,20200525,000000,44.27,44.73,43.88,44.73,40,0
LAUT.DE,D,20200526,000000,45.28,46.125,45.28,45.95,2949,0
LAUT.DE,D,20200527,000000,46.595,48.765,46.595,48.25,4130,0
LAUT.DE,D,20200528,000000,49.08,49.08,47.685,48.12,2883,0
LAUT.DE,D,20200529,000000,46.64,46.705,46.44,46.44,13,0
LAUT.DE,D,20200602,000000,48.215,49.255,48.215,48.79,2042,0
LAUT.DE,D,20200603,000000,49.52,50.85,49.52,50.85,1072,0
LAUT.DE,D,20200604,000000,49.51,50.21,49.51,50.03,1044,0
LAUT.DE,D,20200605,000000,51.17,52.58,51.17,52.58,475,0
LAUT.DE,D,20200608,000000,52.43,53.59,52.4,52.48,724,0
LAUT.DE,D,20200609,000000,53.06,53.06,50.79,51.46,3437,0
LAUT.DE,D,20200610,000000,51.87,51.87,50.44,50.57,400,0
LAUT.DE,D,20200611,000000,48.6,48.6,46.755,46.755,322,0
LAUT.DE,D,20200612,000000,46.595,48.39,46.595,47.655,185,0
LAUT.DE,D,20200615,000000,45.98,47.885,45.98,47.66,2457,0
LAUT.DE,D,20200616,000000,49.475,49.475,48.75,48.75,0,0
LAUT.DE,D,20200617,000000,49.005,49.005,48.425,48.425,0,0
LAUT.DE,D,20200618,000000,48.14,48.3,48.045,48.045,4657,0
LAUT.DE,D,20200619,000000,48.44,48.44,47.695,47.695,1,0
LAUT.DE,D,20200622,000000,47.98,48.08,47.98,48.08,2081,0
LAUT.DE,D,20200623,000000,48.465,49.93,48.465,49.535,1875,0
LAUT.DE,D,20200624,000000,49.255,49.255,47.155,47.155,4,0
LAUT.DE,D,20200625,000000,46.955,48.135,46.955,48.135,293,0
LAUT.DE,D,20200626,000000,48.75,48.75,47.69,47.69,300,0
LAUT.DE,D,20200629,000000,47.695,48.575,47.695,48.575,0,0
LAUT.DE,D,20200630,000000,48.885,48.885,48.495,48.75,159,0
LAUT.DE,D,20200701,000000,48.325,48.465,47.745,48.085,53,0
LAUT.DE,D,20200702,000000,48.675,49.795,48.675,49.795,1719,0
LAUT.DE,D,20200703,000000,50.01,50.01,49.03,49.04,71,0
LAUT.DE,D,20200706,000000,50.72,50.72,50.11,50.2,2607,0
LAUT.DE,D,20200707,000000,49.915,50.48,49.915,50.08,0,0
LAUT.DE,D,20200708,000000,49.81,49.935,49.045,49.045,2171,0
LAUT.DE,D,20200709,000000,49.655,49.655,48.685,48.685,0,0
LAUT.DE,D,20200710,000000,48.19,49.85,48.19,49.85,90,0
LAUT.DE,D,20200713,000000,50.69,50.69,50.14,50.31,27,0
LAUT.DE,D,20200714,000000,49.77,49.77,49.175,49.715,52,0
LAUT.DE,D,20200715,000000,50.27,50.91,50.27,50.54,1320,0
LAUT.DE,D,20200716,000000,50.52,50.55,50.23,50.53,3,0
LAUT.DE,D,20200717,000000,51.55,51.7,51.22,51.3,13788,0
LAUT.DE,D,20200720,000000,50.94,51.31,50.76,51.31,40,0
LAUT.DE,D,20200721,000000,51.9,52.64,51.9,52.1,0,0
LAUT.DE,D,20200722,000000,51.79,51.79,50.96,51.47,0,0
LAUT.DE,D,20200723,000000,52.17,52.83,52.17,52.5,1046,0
LAUT.DE,D,20200724,000000,51.76,51.84,51.23,51.33,20,0
LAUT.DE,D,20200727,000000,51.37,51.6,51.18,51.53,52,0
LAUT.DE,D,20200728,000000,51.79,51.79,51.42,51.52,0,0
LAUT.DE,D,20200729,000000,51.58,51.58,50.79,50.79,125,0
LAUT.DE,D,20200730,000000,50.49,50.49,48.42,49,19163,0
LAUT.DE,D,20200731,000000,49.035,49.035,47.5,47.5,11395,0
LAUT.DE,D,20200803,000000,47.82,49.405,47.8,49.34,737,0
LAUT.DE,D,20200804,000000,50.25,50.47,49.99,50.47,1727,0
LAUT.DE,D,20200805,000000,50.57,51.14,50.46,50.74,540,0
LAUT.DE,D,20200806,000000,50.71,50.71,50.1,50.23,312,0
LAUT.DE,D,20200807,000000,49.915,50.2,49.735,50.15,778,0
LAUT.DE,D,20200810,000000,50.35,50.55,50.1,50.55,0,0
LAUT.DE,D,20200811,000000,51.51,52.85,51.51,52.85,2111,0
LAUT.DE,D,20200812,000000,52.78,53.8,52.78,53.31,49,0
LAUT.DE,D,20200813,000000,52.96,53.62,52.9,52.9,11558,0
LAUT.DE,D,20200814,000000,52.69,52.71,52.22,52.71,301,0
LAUT.DE,D,20200817,000000,52.95,53.02,52.78,52.8,425,0
LAUT.DE,D,20200818,000000,52.25,53.35,52.25,52.55,4454,0
LAUT.DE,D,20200819,000000,52.42,52.84,52.42,52.84,433,0
LAUT.DE,D,20200820,000000,51.92,52.13,51.64,51.85,6871,0
LAUT.DE,D,20200821,000000,52.12,52.12,51.24,51.32,1919,0
LAUT.DE,D,20200824,000000,52.04,52.63,51.75,52.63,1111,0
LAUT.DE,D,20200825,000000,53.02,53.19,52.42,52.42,666,0
LAUT.DE,D,20200826,000000,52.14,53.13,52.14,53.13,2029,0
LAUT.DE,D,20200827,000000,53.19,53.49,53.06,53.06,31,0
LAUT.DE,D,20200828,000000,53.27,53.27,52.83,52.88,16,0
LAUT.DE,D,20200831,000000,53.12,53.57,52.58,52.58,100,0
LAUT.DE,D,20200901,000000,52.92,53.06,51.89,52.3,544,0
LAUT.DE,D,20200902,000000,52.6,53.21,52.6,52.96,202,0
LAUT.DE,D,20200903,000000,53.52,54.34,53.22,53.22,54,0
LAUT.DE,D,20200904,000000,52.92,54.42,52.92,53.73,10360,0
LAUT.DE,D,20200907,000000,54.26,55.08,54.26,55.08,677,0
LAUT.DE,D,20200908,000000,55.07,55.25,54.36,55.14,3336,0
LAUT.DE,D,20200909,000000,54.92,55.53,54.92,55.49,3270,0
LAUT.DE,D,20200910,000000,55.56,56.29,55.56,55.72,703,0
LAUT.DE,D,20200911,000000,55.44,55.71,55.44,55.71,674,0
LAUT.DE,D,20200914,000000,56.06,56.06,55.5,55.76,386,0
LAUT.DE,D,20200915,000000,56.1,56.53,55.47,55.88,3058,0
LAUT.DE,D,20200916,000000,55.89,56.13,55.36,55.75,1443,0
LAUT.DE,D,20200917,000000,54.64,55.73,54.64,55.61,1057,0
LAUT.DE,D,20200918,000000,55.39,55.39,54.31,54.35,1737,0
LAUT.DE,D,20200921,000000,53.43,53.43,51.52,51.57,575,0
LAUT.DE,D,20200922,000000,51.91,52.5,51.91,52.14,1402,0
LAUT.DE,D,20200923,000000,52.8,53.68,52.76,52.76,2196,0
LAUT.DE,D,20200924,000000,51.9,53.22,51.9,52.86,161,0
LAUT.DE,D,20200925,000000,52.73,52.73,51.7,52.15,3062,0
LAUT.DE,D,20200928,000000,53.08,54.04,53.08,54.04,101,0
LAUT.DE,D,20200929,000000,53.77,53.87,53.63,53.63,96,0
LAUT.DE,D,20200930,000000,53.28,53.79,53.28,53.79,0,0
LAUT.DE,D,20201001,000000,54.21,54.48,54,54.02,424,0
LAUT.DE,D,20201002,000000,53.42,53.79,53.42,53.79,0,0
LAUT.DE,D,20201005,000000,54.51,54.75,54.45,54.75,540,0
LAUT.DE,D,20201006,000000,55.09,55.26,55.09,55.26,98,0
LAUT.DE,D,20201007,000000,55.38,56.03,55.05,56.03,0,0
LAUT.DE,D,20201008,000000,56.48,56.48,55.83,55.92,102,0
LAUT.DE,D,20201009,000000,55.93,55.93,55.22,55.33,211,0
LAUT.DE,D,20201012,000000,55.64,55.89,55.64,55.89,250,0
LAUT.DE,D,20201013,000000,55.64,55.67,55.36,55.36,204,0
LAUT.DE,D,20201014,000000,55.35,55.58,55.35,55.41,224,0
LAUT.DE,D,20201015,000000,54.48,54.48,53.37,54.19,1045,0
LAUT.DE,D,20201016,000000,55.41,56.26,55.41,56.13,1623,0
LAUT.DE,D,20201019,000000,56.45,56.45,55.67,56.09,626,0
LAUT.DE,D,20201020,000000,55.92,56.16,55.69,56.07,224,0
LAUT.DE,D,20201021,000000,55.99,56.03,55.59,55.59,14,0
LAUT.DE,D,20201022,000000,55.04,56.07,54.75,55.93,8137,0
LAUT.DE,D,20201023,000000,56.47,56.73,56.22,56.47,476,0
LAUT.DE,D,20201026,000000,55.61,56.58,55.6,55.6,894,0
LAUT.DE,D,20201027,000000,55.27,55.27,54.37,54.37,668,0
LAUT.DE,D,20201028,000000,52.95,52.95,51.84,51.84,945,0
LAUT.DE,D,20201029,000000,52.17,52.39,51.76,51.9,759,0
LAUT.DE,D,20201030,000000,51.25,52.12,51.25,52.12,511,0
LAUT.DE,D,20201102,000000,51.99,53.38,51.99,53.16,363,0
LAUT.DE,D,20201103,000000,54.05,55.21,54.05,55.13,4404,0
LAUT.DE,D,20201104,000000,53.6,55.83,53.6,55.64,149,0
LAUT.DE,D,20201105,000000,56.28,56.96,56.19,56.96,260,0
LAUT.DE,D,20201106,000000,56.98,56.98,55.84,56.02,1105,0
LAUT.DE,D,20201109,000000,56.98,60.05,56.98,59.5,8032,0
LAUT.DE,D,20201110,000000,59.71,61.33,59.71,61.19,8562,0
LAUT.DE,D,20201111,000000,61.38,61.61,61.27,61.59,4145,0
LAUT.DE,D,20201112,000000,60.91,61.04,60.63,60.9,637,0
LAUT.DE,D,20201113,000000,60.68,61.36,60.68,61.21,64,0
LAUT.DE,D,20201116,000000,62.09,62.97,62.01,62.86,3401,0
LAUT.DE,D,20201117,000000,62.81,63.29,62.38,63.29,12161,0
LAUT.DE,D,20201118,000000,62.88,64.15,62.88,64.11,301,0
LAUT.DE,D,20201119,000000,63.62,63.83,63.56,63.76,3475,0
LAUT.DE,D,20201120,000000,63.74,63.97,63.63,63.81,852,0
LAUT.DE,D,20201123,000000,64.09,64.61,63.81,63.81,164,0
LAUT.DE,D,20201124,000000,64.56,65.98,64.56,65.98,2908,0
LAUT.DE,D,20201125,000000,66.32,66.32,65.06,65.4,370,0
LAUT.DE,D,20201126,000000,65.23,65.23,64.43,64.43,251,0
LAUT.DE,D,20201127,000000,64.06,64.63,63.9,64.5,7386,0
LAUT.DE,D,20201130,000000,63.81,64.45,63.69,63.69,183,0
LAUT.DE,D,20201201,000000,64.18,65.01,64.13,65.01,1020,0
LAUT.DE,D,20201202,000000,64.36,64.62,64.33,64.62,173,0
LAUT.DE,D,20201203,000000,64.59,64.68,64.38,64.43,2,0
LAUT.DE,D,20201204,000000,64.29,65.04,64.29,65.04,543,0
LAUT.DE,D,20201207,000000,64.49,64.49,64.25,64.45,258,0
LAUT.DE,D,20201208,000000,64.27,64.27,63.94,64.25,568,0
LAUT.DE,D,20201209,000000,64.56,65.32,64.56,65.08,415,0
LAUT.DE,D,20201210,000000,65.39,65.39,64.14,64.14,217,0
LAUT.DE,D,20201211,000000,63.97,63.97,62.92,63.17,667,0
LAUT.DE,D,20201214,000000,63.67,64.67,63.67,63.97,103,0
LAUT.DE,D,20201215,000000,64.28,65.95,64.28,65.9,363,0
LAUT.DE,D,20201216,000000,66.6,67.64,66.6,66.83,1839,0
LAUT.DE,D,20201217,000000,67.59,67.59,66.79,66.79,505,0
LAUT.DE,D,20201218,000000,66.48,66.87,66.48,66.82,121,0
LAUT.DE,D,20201221,000000,64.48,65.13,64.1,65.13,2056,0
LAUT.DE,D,20201222,000000,65.49,65.95,65.48,65.56,1294,0
LAUT.DE,D,20201223,000000,66.42,66.78,66.14,66.78,377,0
LAUT.DE,D,20201228,000000,68.43,68.43,67.08,67.08,4205,0
LAUT.DE,D,20201229,000000,67.53,67.53,66.85,66.85,803,0
LAUT.DE,D,20201230,000000,66.79,67.1,66.52,66.78,1013,0
LAUT.DE,D,20210104,000000,67.28,67.47,65.88,65.88,689,0
LAUT.DE,D,20210105,000000,65.79,65.95,65.19,65.44,4523,0
LAUT.DE,D,20210106,000000,66.29,66.29,64.67,64.78,625,0
LAUT.DE,D,20210107,000000,65,65.99,65,65.71,332,0
LAUT.DE,D,20210108,000000,66.46,66.46,64.89,65.43,2669,0
LAUT.DE,D,20210111,000000,64.58,65,63.93,64.64,9042,0
LAUT.DE,D,20210112,000000,64.67,65.9,64.56,65.72,1017,0
LAUT.DE,D,20210113,000000,65.48,65.48,65.06,65.14,4160,0
LAUT.DE,D,20210114,000000,65.46,66.99,65.46,66.29,7669,0
LAUT.DE,D,20210115,000000,66.24,66.42,64.71,64.93,1001,0
LAUT.DE,D,20210118,000000,64.72,65.78,64.72,65.78,380,0
LAUT.DE,D,20210119,000000,66.14,66.14,65.4,65.4,1226,0
LAUT.DE,D,20210120,000000,65.97,67.18,65.97,67.16,4201,0
LAUT.DE,D,20210121,000000,67.95,68.07,67.35,67.89,8108,0
LAUT.DE,D,20210122,000000,67.18,68.01,66.77,67.51,348,0
LAUT.DE,D,20210125,000000,68.13,68.13,65.34,65.57,256,0
LAUT.DE,D,20210126,000000,64.99,67.26,64.99,66.78,811,0
LAUT.DE,D,20210127,000000,66.3,66.46,65.35,65.48,362,0
LAUT.DE,D,20210128,000000,64.42,66.02,63.79,66.02,181,0
LAUT.DE,D,20210129,000000,64.95,66.56,64.95,65.91,237,0
LAUT.DE,D,20210201,000000,66.69,66.69,66.07,66.26,213,0
LAUT.DE,D,20210202,000000,67.18,67.99,67.18,67.49,1057,0
LAUT.DE,D,20210203,000000,68.59,69.29,68.04,69.27,712,0
LAUT.DE,D,20210204,000000,69.78,69.93,69.15,69.82,4939,0
LAUT.DE,D,20210205,000000,69.87,70.57,69.87,70.3,87,0
LAUT.DE,D,20210208,000000,70.59,71,70.31,70.49,33,0
LAUT.DE,D,20210209,000000,70.46,70.46,69.97,70.11,634,0
LAUT.DE,D,20210210,000000,70.3,70.41,69.47,69.47,380,0
LAUT.DE,D,20210211,000000,69.88,69.88,69.59,69.59,0,0
LAUT.DE,D,20210212,000000,69.18,69.21,69.11,69.21,45,0
LAUT.DE,D,20210215,000000,69.78,69.95,69.28,69.57,213,0
LAUT.DE,D,20210216,000000,69.82,69.97,69.73,69.73,409,0
LAUT.DE,D,20210217,000000,69.46,69.46,69.09,69.09,166,0
LAUT.DE,D,20210218,000000,69.78,70.65,69.59,70.06,4435,0
LAUT.DE,D,20210219,000000,70.03,70.79,70.01,70.67,2478,0
LAUT.DE,D,20210222,000000,69.89,70.36,69.71,70.36,321,0
LAUT.DE,D,20210223,000000,70.55,70.55,68.92,69.47,1081,0
LAUT.DE,D,20210224,000000,69.66,70.4,69.66,70.14,345,0
LAUT.DE,D,20210225,000000,70.66,70.66,70.01,70.01,755,0
LAUT.DE,D,20210226,000000,69.11,70.21,69.11,70.21,875,0
LAUT.DE,D,20210301,000000,71.06,71.24,70.34,71.05,648,0
LAUT.DE,D,20210302,000000,71.05,71.9,71.05,71.58,217,0
LAUT.DE,D,20210303,000000,72.84,73.82,72.84,73.43,4305,0
LAUT.DE,D,20210304,000000,73.33,74.01,72.9,74.01,1067,0
LAUT.DE,D,20210305,000000,73.57,74.54,73.3,73.65,1617,0
LAUT.DE,D,20210308,000000,74.37,76.57,74.35,76.4,3297,0
LAUT.DE,D,20210309,000000,75.99,76.42,75.37,75.84,2023,0
LAUT.DE,D,20210310,000000,75.71,76.65,75.63,76.65,518,0
LAUT.DE,D,20210311,000000,76.89,76.89,75.84,75.84,1799,0
LAUT.DE,D,20210312,000000,75.32,75.35,74.95,75.35,788,0
LAUT.DE,D,20210315,000000,75.92,76.69,75.74,75.74,606,0
LAUT.DE,D,20210316,000000,76.37,77.58,76.37,77.31,104,0
LAUT.DE,D,20210317,000000,77.83,79.81,77.83,79.81,678,0
LAUT.DE,D,20210318,000000,81.73,81.92,80.43,80.67,5672,0
LAUT.DE,D,20210319,000000,79.96,80.47,79.3,79.33,1847,0
LAUT.DE,D,20210322,000000,79.51,81.1,79.51,80.93,53891,0
LAUT.DE,D,20210323,000000,80.31,80.31,78.49,78.79,1353,0
LAUT.DE,D,20210324,000000,77.64,78.74,77.38,77.6,4374,0
LAUT.DE,D,20210325,000000,77.03,78.89,77.03,78.89,1907,0
LAUT.DE,D,20210326,000000,80.02,80.02,79.34,79.39,523,0
LAUT.DE,D,20210329,000000,79.64,80.17,79.18,79.91,2737,0
LAUT.DE,D,20210330,000000,80.73,82.45,80.73,82.45,437,0
LAUT.DE,D,20210331,000000,82.54,82.65,81.79,82.06,940,0
LAUT.DE,D,20210401,000000,82.44,82.86,81.74,82.82,678,0
LAUT.DE,D,20210406,000000,84.07,84.44,83.58,83.58,1662,0
LAUT.DE,D,20210407,000000,83.85,83.97,82.96,83.06,1778,0
LAUT.DE,D,20210408,000000,83.8,83.8,81.26,81.88,1142,0
LAUT.DE,D,20210409,000000,82.12,82.12,81.44,81.46,1388,0
LAUT.DE,D,20210412,000000,81.79,82.44,81.66,81.88,3872,0
LAUT.DE,D,20210413,000000,82.2,82.46,81.74,81.74,1845,0
LAUT.DE,D,20210414,000000,81.64,81.78,81.26,81.42,237,0
LAUT.DE,D,20210415,000000,81.61,82.03,81.55,81.79,1230,0
LAUT.DE,D,20210416,000000,82.85,83.77,82.85,83.53,2021,0
LAUT.DE,D,20210419,000000,84.15,84.15,82.21,82.21,789,0
LAUT.DE,D,20210420,000000,82.33,82.62,80,80.19,1225,0
LAUT.DE,D,20210421,000000,80.46,80.53,78.75,79.98,1113,0
LAUT.DE,D,20210422,000000,80.54,80.75,79.96,80.75,141,0
LAUT.DE,D,20210423,000000,80.65,81.32,80.12,80.86,2398,0
LAUT.DE,D,20210426,000000,80.96,81.15,80.07,81.15,3355,0
LAUT.DE,D,20210427,000000,80.83,80.93,80.38,80.88,271,0
LAUT.DE,D,20210428,000000,80.97,81.03,80.71,80.71,6975,0
LAUT.DE,D,20210429,000000,80.44,80.44,78.11,78.55,5248,0
LAUT.DE,D,20210430,000000,78.33,78.73,78.33,78.42,1547,0
LAUT.DE,D,20210503,000000,78.65,79.48,78.54,79.43,436,0
LAUT.DE,D,20210504,000000,79.44,79.54,76.74,76.88,11386,0
LAUT.DE,D,20210505,000000,76.74,78.49,76.74,78.49,4078,0
LAUT.DE,D,20210506,000000,79.26,79.26,77.95,78.29,501,0
LAUT.DE,D,20210507,000000,78.58,78.97,78.38,78.67,672,0
LAUT.DE,D,20210510,000000,78.93,79.16,78.76,79.16,204,0
LAUT.DE,D,20210511,000000,78.29,78.29,77.13,77.54,2050,0
LAUT.DE,D,20210512,000000,77.3,77.74,77.18,77.53,146,0
LAUT.DE,D,20210513,000000,76.3,77.07,75.38,77.07,462,0
LAUT.DE,D,20210514,000000,77.58,78.51,76.66,78.51,6441,0
LAUT.DE,D,20210517,000000,78.9,79.27,78.64,79.08,281,0
LAUT.DE,D,20210518,000000,80.09,80.39,78.98,79.57,443,0
LAUT.DE,D,20210519,000000,78.6,78.63,77.28,77.77,1090,0
LAUT.DE,D,20210520,000000,78.33,79.29,78.33,79.29,100,0
LAUT.DE,D,20210521,000000,79.94,80.27,79.72,80.13,4311,0
LAUT.DE,D,20210525,000000,80.88,81.34,80.88,80.96,655,0
LAUT.DE,D,20210526,000000,81.39,81.47,80.64,81.47,4249,0
LAUT.DE,D,20210527,000000,81.3,82.75,81.25,82.75,340,0
LAUT.DE,D,20210528,000000,82.8,82.83,82.64,82.64,548,0
LAUT.DE,D,20210531,000000,82.28,82.85,82.28,82.72,100,0
LAUT.DE,D,20210601,000000,83.79,84.66,83.79,84.57,587,0
LAUT.DE,D,20210602,000000,84.93,85.61,84.93,85.61,2097,0
LAUT.DE,D,20210603,000000,85.57,86.87,85.57,86.87,3686,0
LAUT.DE,D,20210604,000000,86.81,87.2,86.64,87.03,512,0
LAUT.DE,D,20210607,000000,87.24,87.96,87.07,87.76,1139,0
LAUT.DE,D,20210608,000000,87.67,87.67,86.41,86.82,689,0
LAUT.DE,D,20210609,000000,86.82,86.84,85.54,85.91,789,0
LAUT.DE,D,20210610,000000,85.6,86.15,85.39,85.47,1988,0
LAUT.DE,D,20210611,000000,85.45,86.72,85.45,86.72,66,0
LAUT.DE,D,20210614,000000,86.99,86.99,85.7,85.7,453,0
LAUT.DE,D,20210615,000000,85.95,86.02,85.27,85.27,679,0
LAUT.DE,D,20210616,000000,85.67,85.67,84.07,84.87,2377,0
LAUT.DE,D,20210617,000000,84.4,85.69,84.4,85.25,2189,0
LAUT.DE,D,20210618,000000,85.23,85.23,83.27,83.28,10046,0
LAUT.DE,D,20210621,000000,82.69,85.67,82.18,85.67,1262,0
LAUT.DE,D,20210622,000000,85.82,85.82,85.08,85.13,498,0
LAUT.DE,D,20210623,000000,85.55,85.55,84.28,84.28,6256,0
LAUT.DE,D,20210624,000000,84.75,85.11,84.65,84.99,380,0
LAUT.DE,D,20210625,000000,84.78,84.78,84.2,84.41,622,0
LAUT.DE,D,20210628,000000,83.97,84.08,83.25,83.25,266,0
LAUT.DE,D,20210629,000000,83.78,84.22,83.49,83.85,9047,0
LAUT.DE,D,20210630,000000,83.81,83.81,81.81,82.31,2030,0
LAUT.DE,D,20210701,000000,82.66,82.95,82.08,82.78,4788,0
LAUT.DE,D,20210702,000000,83.21,83.29,82.75,83.02,399,0
LAUT.DE,D,20210705,000000,82.54,83.25,82.2,83.06,555,0
LAUT.DE,D,20210706,000000,82.66,82.66,80.7,80.7,3634,0
LAUT.DE,D,20210707,000000,80.86,80.86,80.2,80.78,746,0
LAUT.DE,D,20210708,000000,79.7,79.7,78.25,78.86,5879,0
LAUT.DE,D,20210709,000000,79.8,81.61,79.8,81.57,11017,0
LAUT.DE,D,20210712,000000,81.52,82.18,80.86,82.13,703,0
LAUT.DE,D,20210713,000000,82.22,82.22,81.34,81.62,263,0
LAUT.DE,D,20210714,000000,81.46,82.28,81.46,81.75,211,0
LAUT.DE,D,20210715,000000,81.98,81.98,80.38,80.63,1710,0
LAUT.DE,D,20210716,000000,80.82,80.82,79.53,79.62,5294,0
LAUT.DE,D,20210719,000000,78.97,78.97,76.72,77.33,1272,0
LAUT.DE,D,20210720,000000,78.19,78.19,76.96,77.83,1084,0
LAUT.DE,D,20210721,000000,77.36,79.48,77.36,79.44,46,0
LAUT.DE,D,20210722,000000,80.41,80.41,79.26,79.26,522,0
LAUT.DE,D,20210723,000000,80.22,81.82,80.22,81.47,474,0
LAUT.DE,D,20210726,000000,80.62,81.23,80.36,81.23,593,0
LAUT.DE,D,20210727,000000,80.5,80.5,80.04,80.04,341,0
LAUT.DE,D,20210728,000000,79.99,80.58,79.99,80.45,433,0
LAUT.DE,D,20210729,000000,80.42,82.11,80.42,82.05,1116,0
LAUT.DE,D,20210730,000000,81.66,81.8,81.06,81.43,1892,0
LAUT.DE,D,20210802,000000,82.08,83.06,81.88,81.97,3991,0
LAUT.DE,D,20210803,000000,82.4,82.4,81.35,81.42,148,0
LAUT.DE,D,20210804,000000,81.92,82.25,81.92,82.06,130,0
LAUT.DE,D,20210805,000000,81.79,82.42,81.48,82.42,4589,0
LAUT.DE,D,20210806,000000,82.3,83.39,82.3,83.22,316,0
LAUT.DE,D,20210809,000000,83.05,83.05,82.49,82.66,4067,0
LAUT.DE,D,20210810,000000,82.69,82.8,82.52,82.65,465,0
LAUT.DE,D,20210811,000000,82.76,82.99,82.46,82.95,777,0
LAUT.DE,D,20210812,000000,82.96,83.99,82.96,83.99,159,0
LAUT.DE,D,20210813,000000,84.1,84.5,83.99,84.13,2381,0
LAUT.DE,D,20210816,000000,83.64,83.82,83.07,83.16,1818,0
LAUT.DE,D,20210817,000000,82.53,82.53,81.67,81.67,1590,0
LAUT.DE,D,20210818,000000,81.63,81.63,80.68,81.34,1400,0
LAUT.DE,D,20210819,000000,79.24,79.24,78.98,79.06,242,0
LAUT.DE,D,20210820,000000,78.49,78.69,77.87,78.69,494,0
LAUT.DE,D,20210823,000000,79.73,79.8,78.92,78.92,69,0
LAUT.DE,D,20210824,000000,79.28,79.86,79.28,79.69,113,0
