<TICKER>,<PER>,<DATE>,<TIME>,<OPEN>,<HIGH>,<LOW>,<CLOSE>,<VOL>,<OPENINT>
LCUJ.DE,D,20190313,000000,11.074,11.153,11.074,11.153,0,0
LCUJ.DE,D,20190314,000000,11.014,11.0415,11.014,11.0415,0,0
LCUJ.DE,D,20190315,000000,11.0725,11.1465,11.0725,11.1465,2502,0
LCUJ.DE,D,20190318,000000,11.152,11.162,11.1205,11.162,1000,0
LCUJ.DE,D,20190319,000000,11.143,11.185,11.143,11.1765,340,0
LCUJ.DE,D,20190320,000000,11.1305,11.1305,11.089,11.089,2201,0
LCUJ.DE,D,20190321,000000,11.082,11.174,11.077,11.174,0,0
LCUJ.DE,D,20190322,000000,11.186,11.262,11.1705,11.1705,7122,0
LCUJ.DE,D,20190325,000000,11.082,11.1135,11.077,11.0945,47,0
LCUJ.DE,D,20190326,000000,11.356,11.356,11.29,11.29,2407,0
LCUJ.DE,D,20190327,000000,11.3705,11.3705,11.2535,11.265,1053,0
LCUJ.DE,D,20190328,000000,11.281,11.297,11.2705,11.2895,14083,0
LCUJ.DE,D,20190329,000000,11.3055,11.322,11.3055,11.322,0,0
LCUJ.DE,D,20190401,000000,11.383,11.444,11.383,11.444,259,0
LCUJ.DE,D,20190402,000000,11.376,11.413,11.376,11.413,1338,0
LCUJ.DE,D,20190403,000000,11.439,11.465,11.439,11.463,676,0
LCUJ.DE,D,20190404,000000,11.4,11.434,11.4,11.434,155,0
LCUJ.DE,D,20190405,000000,11.419,11.4535,11.419,11.4535,245,0
LCUJ.DE,D,20190408,000000,11.4225,11.4225,11.376,11.384,5444,0
LCUJ.DE,D,20190409,000000,11.3755,11.3755,11.298,11.3265,16316,0
LCUJ.DE,D,20190410,000000,11.3435,11.3665,11.321,11.321,3176,0
LCUJ.DE,D,20190411,000000,11.295,11.297,11.287,11.289,99,0
LCUJ.DE,D,20190412,000000,11.22,11.305,11.22,11.289,7151,0
LCUJ.DE,D,20190415,000000,11.326,11.326,11.3145,11.3145,13996,0
LCUJ.DE,D,20190416,000000,11.332,11.392,11.332,11.384,561,0
LCUJ.DE,D,20190417,000000,11.353,11.384,11.353,11.367,529,0
LCUJ.DE,D,20190418,000000,11.305,11.4435,11.305,11.436,310,0
LCUJ.DE,D,20190423,000000,11.39,11.472,11.39,11.472,1078,0
LCUJ.DE,D,20190424,000000,11.364,11.3975,11.364,11.387,245,0
LCUJ.DE,D,20190425,000000,11.459,11.4755,11.459,11.463,0,0
LCUJ.DE,D,20190426,000000,11.4775,11.5185,11.4775,11.509,233,0
LCUJ.DE,D,20190429,000000,11.559,11.559,11.529,11.538,1000,0
LCUJ.DE,D,20190430,000000,11.517,11.525,11.483,11.502,16680,0
LCUJ.DE,D,20190502,000000,11.48,11.48,11.4505,11.4505,3278,0
LCUJ.DE,D,20190503,000000,11.498,11.576,11.498,11.5635,886,0
LCUJ.DE,D,20190506,000000,11.3725,11.453,11.3725,11.453,0,0
LCUJ.DE,D,20190507,000000,11.449,11.449,11.332,11.332,1259,0
LCUJ.DE,D,20190508,000000,11.266,11.295,11.1965,11.1965,1332,0
LCUJ.DE,D,20190509,000000,11.135,11.135,10.9875,10.9875,100,0
LCUJ.DE,D,20190510,000000,11.133,11.133,11.0015,11.0015,1368,0
LCUJ.DE,D,20190513,000000,11.0745,11.0745,10.9385,10.9385,0,0
LCUJ.DE,D,20190514,000000,11.0065,11.111,11.0065,11.111,240,0
LCUJ.DE,D,20190515,000000,11.112,11.1185,11.044,11.1185,3259,0
LCUJ.DE,D,20190516,000000,11.101,11.2375,11.101,11.23,1659,0
LCUJ.DE,D,20190517,000000,11.2345,11.2345,11.2065,11.2175,902,0
LCUJ.DE,D,20190520,000000,11.19,11.203,11.098,11.098,260,0
LCUJ.DE,D,20190521,000000,11.17,11.191,11.142,11.1495,466,0
LCUJ.DE,D,20190522,000000,11.109,11.112,11.084,11.1015,7465,0
LCUJ.DE,D,20190523,000000,11.077,11.077,11.018,11.018,0,0
LCUJ.DE,D,20190524,000000,11.146,11.1535,11.098,11.11,400,0
LCUJ.DE,D,20190527,000000,11.1795,11.194,11.1725,11.1725,1155,0
LCUJ.DE,D,20190528,000000,11.19,11.19,11.1245,11.1245,10330,0
LCUJ.DE,D,20190529,000000,11.103,11.103,11.0705,11.0705,7580,0
LCUJ.DE,D,20190530,000000,11.102,11.102,11.091,11.091,0,0
LCUJ.DE,D,20190531,000000,10.995,11.0025,10.912,11.0025,949,0
LCUJ.DE,D,20190603,000000,10.974,10.988,10.974,10.984,0,0
LCUJ.DE,D,20190604,000000,10.9,11.0215,10.9,11.0215,1437,0
LCUJ.DE,D,20190605,000000,11.078,11.125,11.074,11.074,0,0
LCUJ.DE,D,20190606,000000,11.1085,11.1525,11.051,11.051,1928,0
LCUJ.DE,D,20190607,000000,11.1035,11.134,11.09,11.1055,4545,0
LCUJ.DE,D,20190611,000000,11.2335,11.2625,11.2335,11.2425,500,0
LCUJ.DE,D,20190612,000000,11.1895,11.1985,11.1615,11.1615,0,0
LCUJ.DE,D,20190613,000000,11.1495,11.171,11.134,11.134,368,0
LCUJ.DE,D,20190614,000000,11.172,11.178,11.162,11.1755,1639,0
LCUJ.DE,D,20190617,000000,11.201,11.201,11.192,11.192,0,0
LCUJ.DE,D,20190618,000000,11.16,11.31,11.116,11.29,12523,0
LCUJ.DE,D,20190619,000000,11.347,11.347,11.32,11.3205,990,0
LCUJ.DE,D,20190620,000000,11.406,11.4125,11.376,11.378,38,0
LCUJ.DE,D,20190621,000000,11.334,11.334,11.2605,11.288,27749,0
LCUJ.DE,D,20190624,000000,11.226,11.226,11.19,11.191,4804,0
LCUJ.DE,D,20190625,000000,11.196,11.2135,11.1925,11.1925,19011,0
LCUJ.DE,D,20190626,000000,11.17,11.2235,11.1495,11.1495,4250,0
LCUJ.DE,D,20190627,000000,11.236,11.238,11.2005,11.203,11679,0
LCUJ.DE,D,20190628,000000,11.2595,11.26,11.241,11.2475,892,0
LCUJ.DE,D,20190701,000000,11.497,11.497,11.4605,11.4605,2144,0
LCUJ.DE,D,20190702,000000,11.523,11.523,11.4895,11.5065,23078,0
LCUJ.DE,D,20190703,000000,11.524,11.561,11.524,11.5605,1815,0
LCUJ.DE,D,20190704,000000,11.5895,11.5895,11.5655,11.576,399,0
LCUJ.DE,D,20190705,000000,11.577,11.582,11.543,11.5445,1547,0
LCUJ.DE,D,20190708,000000,11.52,11.526,11.504,11.5215,29384,0
LCUJ.DE,D,20190709,000000,11.433,11.438,11.4235,11.4235,0,0
LCUJ.DE,D,20190710,000000,11.415,11.48,11.415,11.44,2901,0
LCUJ.DE,D,20190711,000000,11.496,11.498,11.4495,11.452,16778,0
LCUJ.DE,D,20190712,000000,11.415,11.464,11.415,11.4485,1000,0
LCUJ.DE,D,20190715,000000,11.475,11.475,11.464,11.475,0,0
LCUJ.DE,D,20190716,000000,11.435,11.4445,11.435,11.444,42064,0
LCUJ.DE,D,20190717,000000,11.4625,11.4625,11.421,11.421,721,0
LCUJ.DE,D,20190718,000000,11.276,11.312,11.276,11.285,1024,0
LCUJ.DE,D,20190719,000000,11.429,11.443,11.429,11.443,469,0
LCUJ.DE,D,20190722,000000,11.413,11.4455,11.413,11.425,8700,0
LCUJ.DE,D,20190723,000000,11.5395,11.5795,11.5395,11.5795,31153,0
LCUJ.DE,D,20190724,000000,11.6105,11.622,11.599,11.599,739,0
LCUJ.DE,D,20190725,000000,11.6575,11.6575,11.5125,11.5125,3245,0
LCUJ.DE,D,20190726,000000,11.52,11.5605,11.52,11.5605,0,0
LCUJ.DE,D,20190729,000000,11.525,11.547,11.513,11.513,13264,0
LCUJ.DE,D,20190730,000000,11.561,11.561,11.4415,11.4415,466,0
LCUJ.DE,D,20190731,000000,11.479,11.52,11.479,11.5125,750,0
LCUJ.DE,D,20190801,000000,11.524,11.642,11.524,11.642,54710,0
LCUJ.DE,D,20190802,000000,11.441,11.449,11.353,11.353,15070,0
LCUJ.DE,D,20190805,000000,11.3375,11.3375,11.0975,11.0975,1160,0
LCUJ.DE,D,20190806,000000,11.1575,11.1605,11.0745,11.0835,381,0
LCUJ.DE,D,20190807,000000,11.2115,11.2705,11.156,11.156,0,0
LCUJ.DE,D,20190808,000000,11.215,11.2815,11.2065,11.2815,4060,0
LCUJ.DE,D,20190809,000000,11.267,11.267,11.178,11.178,190,0
LCUJ.DE,D,20190812,000000,11.2795,11.2795,11.129,11.134,2938,0
LCUJ.DE,D,20190813,000000,11.1565,11.248,11.12,11.23,120966,0
LCUJ.DE,D,20190814,000000,11.175,11.175,11.054,11.054,20336,0
LCUJ.DE,D,20190815,000000,11.181,11.188,11.1185,11.1515,631,0
LCUJ.DE,D,20190816,000000,11.203,11.283,11.203,11.283,759,0
LCUJ.DE,D,20190819,000000,11.3085,11.3115,11.2945,11.3115,400,0
LCUJ.DE,D,20190820,000000,11.3295,11.346,11.274,11.274,1727,0
LCUJ.DE,D,20190821,000000,11.2665,11.32,11.2665,11.32,0,0
LCUJ.DE,D,20190822,000000,11.3035,11.3095,11.273,11.273,1230,0
LCUJ.DE,D,20190823,000000,11.335,11.341,11.1625,11.1625,1678,0
LCUJ.DE,D,20190826,000000,11.3195,11.3485,11.27,11.3165,4155,0
LCUJ.DE,D,20190827,000000,11.269,11.3305,11.26,11.3305,14032,0
LCUJ.DE,D,20190828,000000,11.312,11.324,11.282,11.324,5379,0
LCUJ.DE,D,20190829,000000,11.322,11.407,11.322,11.4025,28367,0
LCUJ.DE,D,20190830,000000,11.4395,11.5015,11.4395,11.4785,2777,0
LCUJ.DE,D,20190902,000000,11.4845,11.5155,11.4845,11.508,1220,0
LCUJ.DE,D,20190903,000000,11.552,11.5705,11.524,11.5305,7054,0
LCUJ.DE,D,20190904,000000,11.558,11.558,11.525,11.534,8430,0
LCUJ.DE,D,20190905,000000,11.629,11.629,11.587,11.626,1034,0
LCUJ.DE,D,20190906,000000,11.6215,11.643,11.6155,11.643,1197,0
LCUJ.DE,D,20190909,000000,11.753,11.765,11.72,11.72,100,0
LCUJ.DE,D,20190910,000000,11.7095,11.727,11.686,11.727,581,0
LCUJ.DE,D,20190911,000000,11.851,11.9,11.851,11.892,34298,0
LCUJ.DE,D,20190912,000000,11.964,11.983,11.9275,11.9275,2606,0
LCUJ.DE,D,20190913,000000,11.976,12.0735,11.976,12.0685,7139,0
LCUJ.DE,D,20190916,000000,12.0415,12.103,12.0415,12.091,3674,0
LCUJ.DE,D,20190917,000000,12.0865,12.0865,12.0075,12.0255,1966,0
LCUJ.DE,D,20190918,000000,11.99,12.01,11.99,11.995,2981,0
LCUJ.DE,D,20190919,000000,12.0615,12.1665,12.048,12.1665,661,0
LCUJ.DE,D,20190920,000000,12.089,12.173,12.089,12.1695,1936,0
LCUJ.DE,D,20190923,000000,12.127,12.156,12.115,12.126,3778,0
LCUJ.DE,D,20190924,000000,12.2295,12.244,12.1915,12.1915,14639,0
LCUJ.DE,D,20190925,000000,12.182,12.212,12.12,12.212,2685,0
LCUJ.DE,D,20190926,000000,12.2215,12.33,12.2215,12.283,5660,0
LCUJ.DE,D,20190927,000000,12.188,12.233,12.149,12.149,1000,0
LCUJ.DE,D,20191001,000000,12.2485,12.2485,12.1195,12.1195,25528,0
LCUJ.DE,D,20191002,000000,12.122,12.122,11.9215,11.9215,902,0
LCUJ.DE,D,20191004,000000,12.0025,12.056,11.981,12.056,5030,0
LCUJ.DE,D,20191007,000000,12.0145,12.0775,12.0145,12.0775,1631,0
LCUJ.DE,D,20191008,000000,12.047,12.076,11.998,12.0185,16604,0
LCUJ.DE,D,20191009,000000,12.023,12.0715,12.0225,12.0505,25918,0
LCUJ.DE,D,20191010,000000,11.9975,12.0475,11.9525,12.043,17271,0
LCUJ.DE,D,20191011,000000,12.0385,12.1835,12.0385,12.1835,6737,0
LCUJ.DE,D,20191014,000000,12.1425,12.1425,12.093,12.1285,1175,0
LCUJ.DE,D,20191015,000000,12.1905,12.2795,12.1905,12.255,42819,0
LCUJ.DE,D,20191016,000000,12.189,12.23,12.1785,12.2025,21022,0
LCUJ.DE,D,20191017,000000,12.0995,12.148,12.0995,12.104,23592,0
LCUJ.DE,D,20191018,000000,12.045,12.0585,12.036,12.0585,1960,0
LCUJ.DE,D,20191021,000000,12.0755,12.166,12.0755,12.1635,79681,0
LCUJ.DE,D,20191022,000000,12.177,12.2225,12.17,12.195,16013,0
LCUJ.DE,D,20191023,000000,12.1755,12.2645,12.1755,12.2645,1760,0
LCUJ.DE,D,20191024,000000,12.2185,12.2735,12.2185,12.2735,656,0
LCUJ.DE,D,20191025,000000,12.236,12.2905,12.194,12.2905,4613,0
LCUJ.DE,D,20191028,000000,12.272,12.307,12.265,12.295,1059,0
LCUJ.DE,D,20191029,000000,12.3465,12.3725,12.326,12.3535,426,0
LCUJ.DE,D,20191030,000000,12.3385,12.356,12.318,12.318,595,0
LCUJ.DE,D,20191031,000000,12.3345,12.3345,12.276,12.2935,19652,0
LCUJ.DE,D,20191101,000000,12.4005,12.483,12.393,12.432,4492,0
LCUJ.DE,D,20191104,000000,12.484,12.5485,12.4785,12.5485,56858,0
LCUJ.DE,D,20191105,000000,12.5615,12.662,12.5615,12.662,29096,0
LCUJ.DE,D,20191106,000000,12.6165,12.6355,12.596,12.6355,52187,0
LCUJ.DE,D,20191107,000000,12.737,12.759,12.724,12.759,28810,0
LCUJ.DE,D,20191108,000000,12.6785,12.7285,12.6655,12.7245,92115,0
LCUJ.DE,D,20191111,000000,12.664,12.674,12.6475,12.674,10400,0
LCUJ.DE,D,20191112,000000,12.721,12.771,12.696,12.771,1249,0
LCUJ.DE,D,20191113,000000,12.706,12.706,12.6,12.702,5692,0
LCUJ.DE,D,20191114,000000,12.613,12.6495,12.5895,12.6215,6980,0
LCUJ.DE,D,20191115,000000,12.6905,12.6905,12.65,12.6805,541,0
LCUJ.DE,D,20191118,000000,12.6805,12.6865,12.629,12.65,1407,0
LCUJ.DE,D,20191119,000000,12.637,12.6555,12.612,12.612,23787,0
LCUJ.DE,D,20191120,000000,12.5965,12.632,12.577,12.625,13641,0
LCUJ.DE,D,20191121,000000,12.571,12.599,12.569,12.5925,77931,0
LCUJ.DE,D,20191122,000000,12.6255,12.6535,12.616,12.641,22218,0
LCUJ.DE,D,20191125,000000,12.7105,12.753,12.7105,12.753,14549,0
LCUJ.DE,D,20191126,000000,12.721,12.739,12.688,12.7365,6055,0
LCUJ.DE,D,20191127,000000,12.7845,12.786,12.765,12.784,1608,0
LCUJ.DE,D,20191128,000000,12.7235,12.738,12.72,12.7335,5268,0
LCUJ.DE,D,20191129,000000,12.6335,12.689,12.624,12.649,13920,0
LCUJ.DE,D,20191202,000000,12.7155,12.74,12.466,12.466,32952,0
LCUJ.DE,D,20191203,000000,12.61,12.626,12.4875,12.53,226140,0
LCUJ.DE,D,20191204,000000,12.608,12.7335,12.608,12.7285,18977,0
LCUJ.DE,D,20191205,000000,12.7285,12.7285,12.664,12.664,33003,0
LCUJ.DE,D,20191206,000000,12.702,12.8795,12.6945,12.8795,14423,0
LCUJ.DE,D,20191209,000000,12.842,12.842,12.8125,12.8125,873,0
LCUJ.DE,D,20191210,000000,12.775,12.796,12.7265,12.783,36239,0
LCUJ.DE,D,20191211,000000,12.724,12.766,12.691,12.766,4939,0
LCUJ.DE,D,20191212,000000,12.696,12.7625,12.654,12.7625,6255,0
LCUJ.DE,D,20191213,000000,12.7355,12.794,12.7015,12.772,89361,0
LCUJ.DE,D,20191216,000000,12.7745,12.8445,12.7745,12.8445,2124,0
LCUJ.DE,D,20191217,000000,12.8,12.8125,12.76,12.8045,132469,0
LCUJ.DE,D,20191218,000000,12.76,12.7845,12.7565,12.7845,3252,0
LCUJ.DE,D,20191219,000000,12.7605,12.7855,12.751,12.7805,1419,0
LCUJ.DE,D,20191220,000000,12.733,12.847,12.733,12.847,1224,0
LCUJ.DE,D,20191223,000000,12.778,12.802,12.758,12.7985,69940,0
LCUJ.DE,D,20191227,000000,12.91,12.91,12.683,12.6845,102159,0
LCUJ.DE,D,20191230,000000,12.6105,12.616,12.592,12.616,86142,0
LCUJ.DE,D,20200102,000000,12.6565,12.7315,12.6385,12.6875,8204,0
LCUJ.DE,D,20200103,000000,12.609,12.6485,12.5945,12.6485,4125,0
LCUJ.DE,D,20200106,000000,12.591,12.614,12.542,12.61,24820,0
LCUJ.DE,D,20200107,000000,12.722,12.7365,12.713,12.727,9982,0
LCUJ.DE,D,20200108,000000,12.6465,12.731,12.6465,12.726,1551,0
LCUJ.DE,D,20200109,000000,12.8105,12.8225,12.772,12.8225,19109,0
LCUJ.DE,D,20200110,000000,12.828,12.828,12.742,12.742,21745,0
LCUJ.DE,D,20200113,000000,12.739,12.759,12.694,12.7135,12385,0
LCUJ.DE,D,20200114,000000,12.7365,12.78,12.73,12.7675,47652,0
LCUJ.DE,D,20200115,000000,12.734,12.7415,12.691,12.7055,29021,0
LCUJ.DE,D,20200116,000000,12.69,12.7245,12.671,12.7245,39742,0
LCUJ.DE,D,20200117,000000,12.7295,12.769,12.7265,12.768,16187,0
LCUJ.DE,D,20200120,000000,12.814,12.851,12.814,12.837,3018,0
LCUJ.DE,D,20200121,000000,12.775,12.775,12.734,12.762,44041,0
LCUJ.DE,D,20200122,000000,12.837,12.837,12.7975,12.809,5592,0
LCUJ.DE,D,20200123,000000,12.798,12.8225,12.7855,12.8225,44629,0
LCUJ.DE,D,20200124,000000,12.88,12.9295,12.866,12.8665,4789,0
LCUJ.DE,D,20200127,000000,12.748,12.748,12.6425,12.6425,6137,0
LCUJ.DE,D,20200128,000000,12.6725,12.7315,12.6015,12.7235,28923,0
LCUJ.DE,D,20200129,000000,12.7295,12.752,12.716,12.7365,56743,0
LCUJ.DE,D,20200130,000000,12.534,12.5945,12.505,12.559,25256,0
LCUJ.DE,D,20200131,000000,12.567,12.571,12.397,12.4065,5170,0
LCUJ.DE,D,20200203,000000,12.5075,12.529,12.4665,12.5145,17318,0
LCUJ.DE,D,20200204,000000,12.6045,12.7395,12.6045,12.7395,9837,0
LCUJ.DE,D,20200205,000000,12.8375,12.877,12.8375,12.8685,2789,0
LCUJ.DE,D,20200206,000000,12.9705,12.981,12.945,12.981,18900,0
LCUJ.DE,D,20200207,000000,12.936,12.953,12.922,12.9395,20016,0
LCUJ.DE,D,20200210,000000,12.8705,12.924,12.8445,12.924,873,0
LCUJ.DE,D,20200211,000000,13.025,13.033,12.988,13.009,16354,0
LCUJ.DE,D,20200212,000000,12.931,12.9815,12.931,12.9735,12307,0
LCUJ.DE,D,20200213,000000,12.8865,12.947,12.8245,12.947,27922,0
LCUJ.DE,D,20200214,000000,12.8745,12.877,12.831,12.835,8492,0
LCUJ.DE,D,20200217,000000,12.7965,12.7995,12.7685,12.7865,11818,0
LCUJ.DE,D,20200218,000000,12.646,12.7095,12.646,12.662,48910,0
LCUJ.DE,D,20200219,000000,12.71,12.712,12.6795,12.7055,26054,0
LCUJ.DE,D,20200220,000000,12.705,12.705,12.5,12.5,56283,0
LCUJ.DE,D,20200221,000000,12.4895,12.504,12.3635,12.414,26222,0
LCUJ.DE,D,20200224,000000,12.086,12.086,11.9935,12.015,35211,0
LCUJ.DE,D,20200225,000000,12.228,12.228,11.9875,11.9915,17491,0
LCUJ.DE,D,20200226,000000,12.057,12.1155,11.9365,12.083,59860,0
LCUJ.DE,D,20200227,000000,11.8515,11.853,11.5165,11.636,76590,0
LCUJ.DE,D,20200228,000000,11.4095,11.457,11.1925,11.2975,6703,0
LCUJ.DE,D,20200302,000000,11.5045,11.5135,11.2,11.2955,123374,0
LCUJ.DE,D,20200303,000000,11.364,11.4615,11.301,11.301,36335,0
LCUJ.DE,D,20200304,000000,11.348,11.49,11.348,11.437,104130,0
LCUJ.DE,D,20200305,000000,11.504,11.504,11.2635,11.303,33568,0
LCUJ.DE,D,20200306,000000,11.238,11.238,10.9425,11.021,82152,0
LCUJ.DE,D,20200309,000000,10.5705,10.5705,10.2665,10.4325,23235,0
LCUJ.DE,D,20200310,000000,10.6475,10.911,10.467,10.501,67187,0
LCUJ.DE,D,20200311,000000,10.662,10.6695,10.53,10.5525,17090,0
LCUJ.DE,D,20200312,000000,10.1745,10.1745,9.365,9.365,41075,0
LCUJ.DE,D,20200313,000000,9.5394,9.9668,9.5394,9.6726,8649,0
LCUJ.DE,D,20200316,000000,9.3852,9.4402,9.0588,9.3836,135850,0
LCUJ.DE,D,20200317,000000,9.7014,9.8514,9.3702,9.7368,185829,0
LCUJ.DE,D,20200318,000000,9.7376,9.7926,9.4916,9.6474,44350,0
LCUJ.DE,D,20200319,000000,9.9408,10.1375,9.8146,10.0645,107430,0
LCUJ.DE,D,20200320,000000,10.3435,10.513,10.22,10.247,24886,0
LCUJ.DE,D,20200323,000000,10.0305,10.2125,9.7628,9.8116,81187,0
LCUJ.DE,D,20200324,000000,10.4855,10.5865,10.4065,10.5865,28883,0
LCUJ.DE,D,20200325,000000,10.768,10.8075,10.3305,10.5185,25903,0
LCUJ.DE,D,20200326,000000,10.4695,10.78,10.4535,10.772,270720,0
LCUJ.DE,D,20200327,000000,10.9915,11.046,10.8,10.864,271401,0
LCUJ.DE,D,20200330,000000,10.672,10.8905,10.575,10.89,103567,0
LCUJ.DE,D,20200331,000000,10.6625,10.74,10.533,10.74,28828,0
LCUJ.DE,D,20200401,000000,10.3145,10.366,10.203,10.3465,111298,0
LCUJ.DE,D,20200402,000000,10.358,10.371,10.2545,10.353,123056,0
LCUJ.DE,D,20200403,000000,10.3,10.3495,10.2445,10.2445,38123,0
LCUJ.DE,D,20200406,000000,10.597,10.7345,10.5665,10.716,22998,0
LCUJ.DE,D,20200407,000000,11.0705,11.2605,11,11.068,37424,0
LCUJ.DE,D,20200408,000000,10.7775,10.889,10.7335,10.889,35677,0
LCUJ.DE,D,20200409,000000,10.9935,11.0175,10.8405,10.967,28506,0
LCUJ.DE,D,20200414,000000,11.1185,11.1185,11.0355,11.07,10510,0
LCUJ.DE,D,20200415,000000,11.1755,11.1755,10.9995,11.011,24280,0
LCUJ.DE,D,20200416,000000,11.0445,11.0565,10.9,10.976,29209,0
LCUJ.DE,D,20200417,000000,11.174,11.1865,11.0045,11.02,57180,0
LCUJ.DE,D,20200420,000000,11.115,11.129,10.996,11.073,6337,0
LCUJ.DE,D,20200421,000000,11.0835,11.0835,10.8455,10.8455,75049,0
LCUJ.DE,D,20200422,000000,10.9385,11.048,10.9365,11.037,49615,0
LCUJ.DE,D,20200423,000000,11.1315,11.2525,11.1215,11.196,19826,0
LCUJ.DE,D,20200424,000000,11.1465,11.196,11.13,11.149,2944,0
LCUJ.DE,D,20200427,000000,11.278,11.319,11.263,11.319,7304,0
LCUJ.DE,D,20200428,000000,11.3775,11.536,11.3775,11.5145,53798,0
LCUJ.DE,D,20200429,000000,11.6015,11.724,11.5675,11.72,56317,0
LCUJ.DE,D,20200430,000000,11.424,11.491,11.247,11.247,13889,0
LCUJ.DE,D,20200504,000000,10.953,10.978,10.8885,10.932,31636,0
LCUJ.DE,D,20200505,000000,11.141,11.2555,11.118,11.2555,145737,0
LCUJ.DE,D,20200506,000000,11.281,11.333,11.1975,11.2175,30797,0
LCUJ.DE,D,20200507,000000,11.292,11.357,11.292,11.33,75473,0
LCUJ.DE,D,20200508,000000,11.4715,11.475,11.4385,11.4485,2753,0
LCUJ.DE,D,20200511,000000,11.625,11.6305,11.55,11.583,21670,0
LCUJ.DE,D,20200512,000000,11.475,11.556,11.475,11.526,31867,0
LCUJ.DE,D,20200513,000000,11.534,11.58,11.497,11.509,69166,0
LCUJ.DE,D,20200514,000000,11.3325,11.356,11.2015,11.3075,98277,0
LCUJ.DE,D,20200515,000000,11.4395,11.4395,11.301,11.3145,19503,0
LCUJ.DE,D,20200518,000000,11.4705,11.561,11.458,11.5575,54758,0
LCUJ.DE,D,20200519,000000,11.5425,11.5425,11.4055,11.4665,4572,0
LCUJ.DE,D,20200520,000000,11.479,11.564,11.4665,11.56,108071,0
LCUJ.DE,D,20200521,000000,11.425,11.457,11.4005,11.41,26774,0
LCUJ.DE,D,20200522,000000,11.365,11.4845,11.342,11.478,79003,0
LCUJ.DE,D,20200525,000000,11.6275,11.7125,11.6115,11.7125,85215,0
LCUJ.DE,D,20200526,000000,11.8165,11.8165,11.758,11.786,24531,0
LCUJ.DE,D,20200527,000000,11.9255,12.02,11.852,11.912,71035,0
LCUJ.DE,D,20200528,000000,12.055,12.111,12.055,12.0765,19103,0
LCUJ.DE,D,20200529,000000,11.888,11.8895,11.787,11.787,118336,0
LCUJ.DE,D,20200602,000000,12.0155,12.1,11.989,11.992,121214,0
LCUJ.DE,D,20200603,000000,11.9065,12.0405,11.9065,12.0255,236373,0
LCUJ.DE,D,20200604,000000,11.9395,11.998,11.8265,11.832,179691,0
LCUJ.DE,D,20200605,000000,11.8185,12.0375,11.817,12.032,205825,0
LCUJ.DE,D,20200608,000000,11.9735,12.0605,11.961,12.06,22124,0
LCUJ.DE,D,20200609,000000,12.15,12.15,11.992,12.0005,114484,0
LCUJ.DE,D,20200610,000000,12.089,12.1,11.9845,12.0155,174479,0
LCUJ.DE,D,20200611,000000,11.8175,11.8245,11.6645,11.6645,191638,0
LCUJ.DE,D,20200612,000000,11.6945,11.847,11.6945,11.8185,344247,0
LCUJ.DE,D,20200615,000000,11.5135,11.618,11.4935,11.607,52144,0
LCUJ.DE,D,20200616,000000,11.809,12.008,11.795,11.9215,41241,0
LCUJ.DE,D,20200617,000000,11.9835,12.09,11.9835,12.0775,70985,0
LCUJ.DE,D,20200618,000000,11.9615,12.0305,11.9595,12.0185,42144,0
LCUJ.DE,D,20200619,000000,12.0785,12.1135,12.06,12.104,30508,0
LCUJ.DE,D,20200622,000000,12.003,12.026,11.945,11.9755,4317,0
LCUJ.DE,D,20200623,000000,12.0025,12.044,12.0025,12.03,37995,0
LCUJ.DE,D,20200624,000000,11.905,11.94,11.764,11.764,79429,0
LCUJ.DE,D,20200625,000000,11.7905,11.8975,11.7905,11.8825,11240,0
LCUJ.DE,D,20200626,000000,11.953,11.989,11.837,11.8585,93645,0
LCUJ.DE,D,20200629,000000,11.763,11.8185,11.7365,11.8185,59823,0
LCUJ.DE,D,20200630,000000,11.7825,11.792,11.727,11.771,94729,0
LCUJ.DE,D,20200701,000000,11.6905,11.6905,11.6205,11.627,66419,0
LCUJ.DE,D,20200702,000000,11.668,11.8015,11.668,11.8015,51418,0
LCUJ.DE,D,20200703,000000,11.7755,11.7755,11.6715,11.6895,46695,0
LCUJ.DE,D,20200706,000000,11.8495,11.874,11.814,11.8495,11678,0
LCUJ.DE,D,20200707,000000,11.8,11.822,11.7875,11.822,58053,0
LCUJ.DE,D,20200708,000000,11.747,11.7565,11.646,11.646,176433,0
LCUJ.DE,D,20200709,000000,11.698,11.707,11.602,11.63,46409,0
LCUJ.DE,D,20200710,000000,11.6965,11.776,11.6965,11.776,9710,0
LCUJ.DE,D,20200713,000000,11.8695,11.8835,11.806,11.847,70091,0
LCUJ.DE,D,20200714,000000,11.778,11.778,11.703,11.741,78825,0
LCUJ.DE,D,20200715,000000,11.882,11.9745,11.857,11.9375,18984,0
LCUJ.DE,D,20200716,000000,11.808,11.818,11.778,11.7805,40089,0
LCUJ.DE,D,20200717,000000,11.7805,11.7875,11.7295,11.7565,8983,0
LCUJ.DE,D,20200720,000000,11.68,11.7885,11.6795,11.758,48448,0
LCUJ.DE,D,20200721,000000,11.758,11.7965,11.739,11.7615,55330,0
LCUJ.DE,D,20200722,000000,11.6785,11.6895,11.5805,11.6085,36194,0
LCUJ.DE,D,20200723,000000,11.635,11.66,11.61,11.6155,7570,0
LCUJ.DE,D,20200724,000000,11.4875,11.558,11.472,11.529,7963,0
LCUJ.DE,D,20200727,000000,11.664,11.6875,11.6055,11.6055,31557,0
LCUJ.DE,D,20200728,000000,11.566,11.611,11.566,11.611,3369,0
LCUJ.DE,D,20200729,000000,11.51,11.5235,11.489,11.4935,85192,0
LCUJ.DE,D,20200730,000000,11.355,11.355,11.2135,11.291,54700,0
LCUJ.DE,D,20200731,000000,11.074,11.1175,10.9925,11.0375,4907,0
LCUJ.DE,D,20200803,000000,11.1685,11.285,11.1395,11.285,180307,0
LCUJ.DE,D,20200804,000000,11.4265,11.4265,11.328,11.3885,36510,0
LCUJ.DE,D,20200805,000000,11.4095,11.4345,11.354,11.354,80353,0
LCUJ.DE,D,20200806,000000,11.3055,11.3495,11.2835,11.3055,20539,0
LCUJ.DE,D,20200807,000000,11.3335,11.3825,11.321,11.366,4799,0
LCUJ.DE,D,20200810,000000,11.423,11.436,11.39,11.4245,8912,0
LCUJ.DE,D,20200811,000000,11.6285,11.712,11.624,11.628,124571,0
LCUJ.DE,D,20200812,000000,11.7455,11.8025,11.7455,11.798,8473,0
LCUJ.DE,D,20200813,000000,11.77,11.7875,11.72,11.7325,21783,0
LCUJ.DE,D,20200814,000000,11.749,11.749,11.676,11.74,57026,0
LCUJ.DE,D,20200817,000000,11.688,11.7325,11.6745,11.732,9349,0
LCUJ.DE,D,20200818,000000,11.717,11.7635,11.691,11.7025,54866,0
LCUJ.DE,D,20200819,000000,11.712,11.7635,11.712,11.7635,1381,0
LCUJ.DE,D,20200820,000000,11.639,11.699,11.639,11.674,12797,0
LCUJ.DE,D,20200821,000000,11.687,11.7335,11.6605,11.6885,8835,0
LCUJ.DE,D,20200824,000000,11.788,11.8155,11.785,11.8155,6218,0
LCUJ.DE,D,20200825,000000,11.8955,11.8955,11.7875,11.7875,9375,0
LCUJ.DE,D,20200826,000000,11.768,11.844,11.768,11.837,9550,0
LCUJ.DE,D,20200827,000000,11.776,11.7855,11.73,11.7705,10667,0
LCUJ.DE,D,20200828,000000,11.619,11.698,11.5685,11.684,4377,0
LCUJ.DE,D,20200831,000000,11.772,11.778,11.6205,11.6205,47487,0
LCUJ.DE,D,20200901,000000,11.6785,11.6785,11.577,11.628,634086,0
LCUJ.DE,D,20200902,000000,11.7685,11.858,11.7685,11.8425,80731,0
LCUJ.DE,D,20200903,000000,11.9215,11.9215,11.7165,11.7165,21955,0
LCUJ.DE,D,20200904,000000,11.707,11.7825,11.621,11.6915,22199,0
LCUJ.DE,D,20200907,000000,11.6825,11.7455,11.6685,11.7325,13055,0
LCUJ.DE,D,20200908,000000,11.7545,11.7545,11.647,11.6945,40313,0
LCUJ.DE,D,20200909,000000,11.718,11.75,11.691,11.713,23405,0
LCUJ.DE,D,20200910,000000,11.7935,11.7935,11.715,11.7265,14076,0
LCUJ.DE,D,20200911,000000,11.843,11.886,11.8105,11.8665,286248,0
LCUJ.DE,D,20200914,000000,11.9775,11.9775,11.9115,11.932,15353,0
LCUJ.DE,D,20200915,000000,11.9065,11.9785,11.8975,11.9785,19160,0
LCUJ.DE,D,20200916,000000,11.984,12.069,11.984,12.068,16587,0
LCUJ.DE,D,20200917,000000,12.022,12.061,12.022,12.0405,16838,0
LCUJ.DE,D,20200918,000000,12.01,12.0805,12.007,12.007,39904,0
LCUJ.DE,D,20200921,000000,11.9635,11.9635,11.808,11.822,68965,0
LCUJ.DE,D,20200922,000000,11.8675,11.9145,11.8505,11.8925,17340,0
LCUJ.DE,D,20200923,000000,12.132,12.181,12.117,12.117,19311,0
LCUJ.DE,D,20200924,000000,12.0435,12.0835,12.0365,12.074,20413,0
LCUJ.DE,D,20200925,000000,12.04,12.056,12.0045,12.056,5294,0
LCUJ.DE,D,20200928,000000,12.2405,12.256,12.1855,12.256,50849,0
LCUJ.DE,D,20200929,000000,12.23,12.28,12.1675,12.179,19761,0
LCUJ.DE,D,20200930,000000,12.015,12.116,12.005,12.078,29512,0
LCUJ.DE,D,20201001,000000,12.0845,12.0845,12.0275,12.059,23382,0
LCUJ.DE,D,20201002,000000,11.9425,12.021,11.919,12.021,16964,0
LCUJ.DE,D,20201005,000000,12.093,12.093,12.023,12.046,3096,0
LCUJ.DE,D,20201006,000000,12.076,12.094,12.055,12.087,8598,0
LCUJ.DE,D,20201007,000000,12.127,12.137,12.0765,12.114,22404,0
LCUJ.DE,D,20201008,000000,12.1485,12.16,12.1355,12.1355,1804,0
LCUJ.DE,D,20201009,000000,12.061,12.0795,12.043,12.0645,6387,0
LCUJ.DE,D,20201012,000000,12.029,12.113,12.0275,12.1,15682,0
LCUJ.DE,D,20201013,000000,12.135,12.1385,12.093,12.1385,122727,0
LCUJ.DE,D,20201014,000000,12.1315,12.173,12.1315,12.1725,9918,0
LCUJ.DE,D,20201015,000000,12.0675,12.071,12.03,12.052,25507,0
LCUJ.DE,D,20201016,000000,12.0375,12.062,12.0105,12.062,16492,0
LCUJ.DE,D,20201019,000000,12.1595,12.1675,12.04,12.043,40332,0
LCUJ.DE,D,20201020,000000,11.9895,12.007,11.9345,11.945,28431,0
LCUJ.DE,D,20201021,000000,11.9995,12.051,11.9755,12.0055,127566,0
LCUJ.DE,D,20201022,000000,11.968,12.0175,11.968,11.9935,23424,0
LCUJ.DE,D,20201023,000000,12.039,12.049,11.986,11.9885,21743,0
LCUJ.DE,D,20201026,000000,11.928,11.9585,11.91,11.922,81249,0
LCUJ.DE,D,20201027,000000,11.9545,11.986,11.94,11.95,43296,0
LCUJ.DE,D,20201028,000000,12.019,12.019,11.901,11.913,13518,0
LCUJ.DE,D,20201029,000000,12.0565,12.0595,12.0175,12.0465,13098,0
LCUJ.DE,D,20201030,000000,11.8735,11.99,11.87,11.9845,10553,0
LCUJ.DE,D,20201102,000000,12.078,12.161,12.044,12.1465,18176,0
LCUJ.DE,D,20201103,000000,12.2095,12.324,12.2095,12.324,117119,0
LCUJ.DE,D,20201104,000000,12.122,12.32,12.122,12.3165,117322,0
LCUJ.DE,D,20201105,000000,12.394,12.4695,12.355,12.4465,65298,0
LCUJ.DE,D,20201106,000000,12.4605,12.461,12.3905,12.4275,9784,0
LCUJ.DE,D,20201109,000000,12.5595,13.0235,12.5595,12.891,21643,0
LCUJ.DE,D,20201110,000000,12.775,12.843,12.6705,12.843,59427,0
LCUJ.DE,D,20201111,000000,12.8315,12.975,12.8315,12.9465,6911,0
LCUJ.DE,D,20201112,000000,12.7295,12.77,12.705,12.763,35906,0
LCUJ.DE,D,20201113,000000,12.661,12.776,12.661,12.761,22770,0
LCUJ.DE,D,20201116,000000,12.8885,13.009,12.8885,12.9685,38212,0
LCUJ.DE,D,20201117,000000,12.966,12.978,12.8865,12.972,44245,0
LCUJ.DE,D,20201118,000000,12.831,12.9685,12.831,12.9685,34348,0
LCUJ.DE,D,20201119,000000,12.917,12.938,12.858,12.9315,184215,0
LCUJ.DE,D,20201120,000000,12.9275,13.033,12.9275,13.033,14659,0
LCUJ.DE,D,20201123,000000,13.155,13.2,13.118,13.1385,78985,0
LCUJ.DE,D,20201124,000000,13.2215,13.316,13.191,13.285,35931,0
LCUJ.DE,D,20201125,000000,13.1805,13.1855,13.0515,13.12,26945,0
LCUJ.DE,D,20201126,000000,13.2015,13.2365,13.2,13.2135,32269,0
LCUJ.DE,D,20201127,000000,13.2435,13.315,13.2435,13.272,33099,0
LCUJ.DE,D,20201130,000000,13.0875,13.119,13.0155,13.0155,142179,0
LCUJ.DE,D,20201201,000000,13.0725,13.17,13.06,13.1145,46820,0
LCUJ.DE,D,20201202,000000,13.031,13.052,13,13.023,394945,0
LCUJ.DE,D,20201203,000000,12.987,13.023,12.9685,13.023,58417,0
LCUJ.DE,D,20201204,000000,12.99,13.0415,12.967,13.0415,34388,0
LCUJ.DE,D,20201207,000000,12.936,12.936,12.843,12.908,61573,0
LCUJ.DE,D,20201208,000000,12.9045,12.922,12.851,12.922,50483,0
LCUJ.DE,D,20201209,000000,13.0225,13.0835,13.018,13.038,65778,0
LCUJ.DE,D,20201210,000000,13.0015,13.0265,12.935,13.004,53211,0
LCUJ.DE,D,20201211,000000,13.027,13.054,12.983,13.029,38437,0
LCUJ.DE,D,20201214,000000,13.1225,13.1545,13.0895,13.0895,36632,0
LCUJ.DE,D,20201215,000000,13.034,13.121,13.022,13.094,112911,0
LCUJ.DE,D,20201216,000000,13.1285,13.1345,13.068,13.114,63695,0
LCUJ.DE,D,20201217,000000,13.1465,13.1655,13.123,13.136,47168,0
LCUJ.DE,D,20201218,000000,13.113,13.156,13.093,13.1445,49710,0
LCUJ.DE,D,20201221,000000,13.033,13.033,12.8625,12.8975,31019,0
LCUJ.DE,D,20201222,000000,12.936,13.0135,12.936,12.993,67607,0
LCUJ.DE,D,20201223,000000,12.999,13.0555,12.9735,13.04,27632,0
LCUJ.DE,D,20201228,000000,13.0985,13.132,13.088,13.11,121550,0
LCUJ.DE,D,20201229,000000,13.3015,13.317,13.234,13.2675,138478,0
LCUJ.DE,D,20201230,000000,13.252,13.2825,13.2385,13.2595,9250,0
LCUJ.DE,D,20210104,000000,13.2565,13.264,13.164,13.168,46823,0
LCUJ.DE,D,20210105,000000,13.1225,13.215,13.1205,13.177,175631,0
LCUJ.DE,D,20210106,000000,13.1815,13.338,13.15,13.3115,115640,0
LCUJ.DE,D,20210107,000000,13.339,13.3775,13.3,13.35,128308,0
LCUJ.DE,D,20210108,000000,13.624,13.627,13.5585,13.5855,103864,0
LCUJ.DE,D,20210111,000000,13.5945,13.6335,13.5315,13.6015,79168,0
LCUJ.DE,D,20210112,000000,13.623,13.6355,13.6025,13.62,192784,0
LCUJ.DE,D,20210113,000000,13.6655,13.7215,13.6525,13.705,19564,0
LCUJ.DE,D,20210114,000000,13.7985,13.9055,13.788,13.9055,126761,0
LCUJ.DE,D,20210115,000000,13.74,13.769,13.638,13.6955,28395,0
LCUJ.DE,D,20210118,000000,13.684,13.7345,13.6785,13.731,10728,0
LCUJ.DE,D,20210119,000000,13.7585,13.7585,13.668,13.699,82797,0
LCUJ.DE,D,20210120,000000,13.651,13.781,13.645,13.7545,26060,0
LCUJ.DE,D,20210121,000000,13.7825,13.7825,13.672,13.672,31620,0
LCUJ.DE,D,20210122,000000,13.6795,13.6875,13.6,13.643,44479,0
LCUJ.DE,D,20210125,000000,13.7115,13.7275,13.655,13.6745,87328,0
LCUJ.DE,D,20210126,000000,13.6965,13.7635,13.6965,13.7425,26303,0
LCUJ.DE,D,20210127,000000,13.7035,13.7425,13.6325,13.6545,10488,0
LCUJ.DE,D,20210128,000000,13.451,13.6015,13.313,13.57,15096,0
LCUJ.DE,D,20210129,000000,13.28,13.4195,13.28,13.3175,88315,0
LCUJ.DE,D,20210201,000000,13.426,13.495,13.402,13.45,223034,0
LCUJ.DE,D,20210202,000000,13.5345,13.6295,13.5345,13.623,28812,0
LCUJ.DE,D,20210203,000000,13.783,13.8865,13.736,13.754,23736,0
LCUJ.DE,D,20210204,000000,13.734,13.816,13.734,13.816,39985,0
LCUJ.DE,D,20210205,000000,13.8995,13.9405,13.843,13.8905,65705,0
LCUJ.DE,D,20210208,000000,14.045,14.1285,14.0285,14.11,20931,0
LCUJ.DE,D,20210209,000000,14.115,14.15,14.067,14.108,49351,0
LCUJ.DE,D,20210210,000000,14.1035,14.118,14.028,14.054,82295,0
LCUJ.DE,D,20210211,000000,14.076,14.126,14.076,14.126,10501,0
LCUJ.DE,D,20210212,000000,14.104,14.2095,14.104,14.2075,22039,0
LCUJ.DE,D,20210215,000000,14.2755,14.3455,14.2655,14.3255,39957,0
LCUJ.DE,D,20210216,000000,14.3825,14.3875,14.3305,14.354,50433,0
LCUJ.DE,D,20210217,000000,14.315,14.3605,14.308,14.308,15311,0
LCUJ.DE,D,20210218,000000,14.216,14.216,14.089,14.1095,88235,0
LCUJ.DE,D,20210219,000000,14.101,14.1855,14.099,14.1725,31703,0
LCUJ.DE,D,20210222,000000,14.0715,14.1595,14.0655,14.1595,37292,0
LCUJ.DE,D,20210223,000000,14.16,14.17,13.9695,14.0795,133612,0
LCUJ.DE,D,20210224,000000,13.853,13.955,13.8365,13.955,171377,0
LCUJ.DE,D,20210225,000000,13.9575,13.9575,13.815,13.815,18124,0
LCUJ.DE,D,20210226,000000,13.574,13.6995,13.568,13.607,45641,0
LCUJ.DE,D,20210301,000000,13.7605,13.8825,13.744,13.8665,129913,0
LCUJ.DE,D,20210302,000000,13.77,13.784,13.69,13.7125,104167,0
LCUJ.DE,D,20210303,000000,13.7385,13.793,13.677,13.7145,42331,0
LCUJ.DE,D,20210304,000000,13.619,13.7545,13.55,13.647,108896,0
LCUJ.DE,D,20210305,000000,13.5375,13.6975,13.5185,13.6155,34502,0
LCUJ.DE,D,20210308,000000,13.6165,13.784,13.588,13.751,213168,0
LCUJ.DE,D,20210309,000000,13.677,13.801,13.677,13.784,62379,0
LCUJ.DE,D,20210310,000000,13.7385,13.834,13.737,13.808,27210,0
LCUJ.DE,D,20210311,000000,13.7465,13.775,13.73,13.751,32181,0
LCUJ.DE,D,20210312,000000,13.821,13.8975,13.821,13.8545,23159,0
LCUJ.DE,D,20210315,000000,13.9405,13.9855,13.918,13.949,65248,0
LCUJ.DE,D,20210316,000000,14.0435,14.128,14.002,14.128,39289,0
LCUJ.DE,D,20210317,000000,14.0925,14.1,14.0505,14.09,41848,0
LCUJ.DE,D,20210318,000000,14.1975,14.3065,14.1845,14.3065,156804,0
LCUJ.DE,D,20210319,000000,14.251,14.425,14.2255,14.2695,65083,0
LCUJ.DE,D,20210322,000000,14.0975,14.214,14.0975,14.2,19184,0
LCUJ.DE,D,20210323,000000,14.068,14.1415,14.0405,14.1305,142130,0
LCUJ.DE,D,20210324,000000,13.861,14.017,13.861,14.017,18174,0
LCUJ.DE,D,20210325,000000,14.001,14.1165,13.9905,14.1165,60585,0
LCUJ.DE,D,20210326,000000,14.2495,14.2575,14.1825,14.24,31436,0
LCUJ.DE,D,20210329,000000,14.224,14.2605,14.201,14.224,45095,0
LCUJ.DE,D,20210330,000000,14.2265,14.262,14.162,14.201,32105,0
LCUJ.DE,D,20210331,000000,14.0265,14.1145,14.0005,14.0995,17982,0
LCUJ.DE,D,20210401,000000,14.074,14.1255,14.041,14.112,46997,0
LCUJ.DE,D,20210406,000000,14.036,14.0435,13.9845,14.0245,218968,0
LCUJ.DE,D,20210407,000000,14.028,14.0425,13.933,13.982,88809,0
LCUJ.DE,D,20210408,000000,13.955,14.029,13.955,14.0035,38180,0
LCUJ.DE,D,20210409,000000,14.035,14.095,14.021,14.089,39632,0
LCUJ.DE,D,20210412,000000,14.0275,14.065,14.004,14.016,61871,0
LCUJ.DE,D,20210413,000000,14.0215,14.0595,13.9825,14.0235,18728,0
LCUJ.DE,D,20210414,000000,13.981,14.043,13.973,14.043,57110,0
LCUJ.DE,D,20210415,000000,14.0275,14.0935,14.019,14.0835,22246,0
LCUJ.DE,D,20210416,000000,14.058,14.075,14.034,14.041,7809,0
LCUJ.DE,D,20210419,000000,14.0465,14.0465,13.918,13.918,93607,0
LCUJ.DE,D,20210420,000000,13.756,13.756,13.529,13.5535,74762,0
LCUJ.DE,D,20210421,000000,13.6025,13.649,13.5755,13.629,43207,0
LCUJ.DE,D,20210422,000000,13.796,13.842,13.772,13.815,67490,0
LCUJ.DE,D,20210423,000000,13.751,13.8005,13.718,13.8005,247500,0
LCUJ.DE,D,20210426,000000,13.754,13.786,13.737,13.754,27387,0
LCUJ.DE,D,20210427,000000,13.6005,13.6205,13.529,13.586,44749,0
LCUJ.DE,D,20210428,000000,13.578,13.5935,13.5485,13.569,28009,0
LCUJ.DE,D,20210429,000000,13.5505,13.556,13.4645,13.4895,4336,0
LCUJ.DE,D,20210430,000000,13.509,13.5535,13.4925,13.5535,48594,0
LCUJ.DE,D,20210503,000000,13.526,13.6055,13.521,13.6055,58374,0
LCUJ.DE,D,20210504,000000,13.6295,13.657,13.46,13.479,169523,0
LCUJ.DE,D,20210505,000000,13.5565,13.7145,13.5565,13.7145,48885,0
LCUJ.DE,D,20210506,000000,13.72,13.7535,13.614,13.677,103876,0
LCUJ.DE,D,20210507,000000,13.7085,13.712,13.6545,13.6965,86063,0
LCUJ.DE,D,20210510,000000,13.747,13.7805,13.7365,13.778,26225,0
LCUJ.DE,D,20210511,000000,13.4735,13.4735,13.3,13.395,65910,0
LCUJ.DE,D,20210512,000000,13.3185,13.335,13.1925,13.2,155669,0
LCUJ.DE,D,20210513,000000,13.009,13.119,12.9175,13.106,289872,0
LCUJ.DE,D,20210514,000000,13.244,13.333,13.1975,13.2775,24120,0
LCUJ.DE,D,20210517,000000,13.2095,13.2095,13.128,13.162,51755,0
LCUJ.DE,D,20210518,000000,13.3775,13.3815,13.3055,13.33,77097,0
LCUJ.DE,D,20210519,000000,13.2145,13.232,13.1495,13.185,139433,0
LCUJ.DE,D,20210520,000000,13.294,13.365,13.22,13.365,36729,0
LCUJ.DE,D,20210521,000000,13.3705,13.4625,13.368,13.414,20228,0
LCUJ.DE,D,20210525,000000,13.482,13.491,13.3745,13.376,51856,0
LCUJ.DE,D,20210526,000000,13.4655,13.4715,13.424,13.464,56608,0
LCUJ.DE,D,20210527,000000,13.4185,13.518,13.399,13.478,134222,0
LCUJ.DE,D,20210528,000000,13.6005,13.6435,13.5865,13.6115,27157,0
LCUJ.DE,D,20210531,000000,13.5505,13.5505,13.4765,13.4855,59644,0
LCUJ.DE,D,20210601,000000,13.454,13.509,13.427,13.469,62692,0
LCUJ.DE,D,20210602,000000,13.555,13.6075,13.492,13.603,142737,0
LCUJ.DE,D,20210603,000000,13.679,13.679,13.6005,13.675,18701,0
LCUJ.DE,D,20210604,000000,13.725,13.782,13.702,13.7745,40895,0
LCUJ.DE,D,20210607,000000,13.7875,13.8215,13.77,13.773,58434,0
LCUJ.DE,D,20210608,000000,13.8075,13.821,13.756,13.7635,12637,0
LCUJ.DE,D,20210609,000000,13.707,13.707,13.642,13.6905,110020,0
LCUJ.DE,D,20210610,000000,13.7075,13.757,13.6835,13.727,86178,0
LCUJ.DE,D,20210611,000000,13.6915,13.795,13.6915,13.795,30387,0
LCUJ.DE,D,20210614,000000,13.8235,13.8235,13.7565,13.7565,21243,0
LCUJ.DE,D,20210615,000000,13.8595,13.8715,13.814,13.828,24929,0
LCUJ.DE,D,20210616,000000,13.8655,13.944,13.836,13.884,290340,0
LCUJ.DE,D,20210617,000000,13.8725,14.003,13.8725,14.003,34645,0
LCUJ.DE,D,20210618,000000,13.8885,13.895,13.75,13.779,140280,0
LCUJ.DE,D,20210621,000000,13.653,13.787,13.636,13.787,12615,0
LCUJ.DE,D,20210622,000000,13.9145,13.934,13.829,13.869,22842,0
LCUJ.DE,D,20210623,000000,13.7865,13.7865,13.7,13.7295,45073,0
LCUJ.DE,D,20210624,000000,13.765,13.8475,13.762,13.8175,23162,0
LCUJ.DE,D,20210625,000000,13.849,13.8885,13.849,13.882,64008,0
LCUJ.DE,D,20210628,000000,13.8925,13.898,13.8405,13.851,105385,0
LCUJ.DE,D,20210629,000000,13.8655,13.9515,13.8625,13.9245,7170,0
LCUJ.DE,D,20210630,000000,13.8375,13.8425,13.7425,13.8045,126337,0
LCUJ.DE,D,20210701,000000,13.7975,13.815,13.7065,13.778,42396,0
LCUJ.DE,D,20210702,000000,13.853,13.894,13.8515,13.8515,129462,0
LCUJ.DE,D,20210705,000000,13.8685,13.9065,13.8575,13.891,25383,0
LCUJ.DE,D,20210706,000000,13.874,13.957,13.84,13.85,31801,0
LCUJ.DE,D,20210707,000000,13.903,13.94,13.874,13.934,30820,0
LCUJ.DE,D,20210708,000000,13.779,13.779,13.5745,13.6695,96647,0
LCUJ.DE,D,20210709,000000,13.874,13.9645,13.8375,13.9565,28094,0
LCUJ.DE,D,20210712,000000,13.994,14.034,13.95,14.026,49031,0
LCUJ.DE,D,20210713,000000,14.0635,14.1155,14.0445,14.0765,20115,0
LCUJ.DE,D,20210714,000000,14.0995,14.157,14.073,14.103,13581,0
LCUJ.DE,D,20210715,000000,13.9465,13.986,13.938,13.975,35955,0
LCUJ.DE,D,20210716,000000,13.9,13.935,13.8465,13.882,29420,0
LCUJ.DE,D,20210719,000000,13.754,13.754,13.621,13.631,17635,0
LCUJ.DE,D,20210720,000000,13.7425,13.8385,13.7095,13.795,24224,0
LCUJ.DE,D,20210721,000000,13.822,13.847,13.7995,13.8115,5827,0
LCUJ.DE,D,20210722,000000,13.9255,13.962,13.8835,13.9265,9731,0
LCUJ.DE,D,20210723,000000,13.9835,14.0215,13.955,14.0215,37851,0
LCUJ.DE,D,20210726,000000,13.868,13.883,13.8,13.875,41228,0
LCUJ.DE,D,20210727,000000,13.8885,13.8905,13.7865,13.7865,7767,0
LCUJ.DE,D,20210728,000000,13.8275,13.894,13.8135,13.8645,9064,0
LCUJ.DE,D,20210729,000000,13.8855,13.898,13.86,13.8865,19681,0
LCUJ.DE,D,20210730,000000,13.6875,13.789,13.6665,13.7655,13835,0
LCUJ.DE,D,20210802,000000,13.9175,13.9435,13.8905,13.914,50014,0
LCUJ.DE,D,20210803,000000,13.899,13.9125,13.84,13.9125,138998,0
LCUJ.DE,D,20210804,000000,13.884,13.9115,13.84,13.866,41433,0
LCUJ.DE,D,20210805,000000,13.9045,13.9535,13.9045,13.9435,13593,0
LCUJ.DE,D,20210806,000000,13.944,14.0005,13.9245,13.9975,67231,0
LCUJ.DE,D,20210809,000000,13.965,14.0035,13.951,14.0035,5885,0
LCUJ.DE,D,20210810,000000,13.987,14.0355,13.9745,14.02,16013,0
LCUJ.DE,D,20210811,000000,14.1305,14.195,14.109,14.1775,44627,0
LCUJ.DE,D,20210812,000000,14.107,14.1595,14.0965,14.154,131979,0
LCUJ.DE,D,20210813,000000,14.1625,14.172,14.1125,14.131,11069,0
LCUJ.DE,D,20210816,000000,13.976,14.031,13.9645,14.031,17151,0
LCUJ.DE,D,20210817,000000,13.918,14.014,13.9015,14.014,15067,0
LCUJ.DE,D,20210818,000000,14.0255,14.0255,13.9905,14.022,6492,0
LCUJ.DE,D,20210819,000000,13.764,13.839,13.7395,13.8195,13935,0
LCUJ.DE,D,20210820,000000,13.734,13.8,13.7015,13.7985,6274,0
LCUJ.DE,D,20210823,000000,13.945,13.981,13.908,13.981,29023,0
LCUJ.DE,D,20210824,000000,14.0585,14.092,14.041,14.0735,14424,0
