<TICKER>,<PER>,<DATE>,<TIME>,<OPEN>,<HIGH>,<LOW>,<CLOSE>,<VOL>,<OPENINT>
LHTC.DE,D,20190313,000000,91.23,91.78,91.23,91.78,0,0
LHTC.DE,D,20190314,000000,92.11,92.62,92.11,92.62,0,0
LHTC.DE,D,20190315,000000,92.67,92.9,92.52,92.9,39,0
LHTC.DE,D,20190318,000000,92.91,92.91,92.46,92.78,2131,0
LHTC.DE,D,20190319,000000,92.89,93.36,92.89,93.15,258,0
LHTC.DE,D,20190320,000000,92.42,92.75,92.42,92.64,1132,0
LHTC.DE,D,20190321,000000,92.26,92.71,92.07,92.71,598,0
LHTC.DE,D,20190322,000000,92.78,92.78,92.14,92.14,0,0
LHTC.DE,D,20190325,000000,91.59,91.73,91.59,91.64,52,0
LHTC.DE,D,20190326,000000,91.75,93.08,91.75,93.08,448,0
LHTC.DE,D,20190327,000000,93.28,93.28,92.63,92.8,0,0
LHTC.DE,D,20190328,000000,92.84,93.48,92.84,93.35,155,0
LHTC.DE,D,20190329,000000,93.15,93.62,92.87,93.62,6616,0
LHTC.DE,D,20190401,000000,93.83,94.15,93.82,94.05,1135,0
LHTC.DE,D,20190402,000000,93.7,94.04,93.7,94.04,90,0
LHTC.DE,D,20190403,000000,94.14,94.14,93.26,93.8,325,0
LHTC.DE,D,20190404,000000,93.36,93.54,93,93.28,236,0
LHTC.DE,D,20190405,000000,93.51,93.52,93.35,93.52,0,0
LHTC.DE,D,20190408,000000,93.39,94,93.26,93.5,266,0
LHTC.DE,D,20190409,000000,93.45,94.05,93.45,93.45,0,0
LHTC.DE,D,20190410,000000,93.34,93.4,92.98,93.12,607,0
LHTC.DE,D,20190411,000000,92.85,93.11,92.38,92.38,341,0
LHTC.DE,D,20190412,000000,92.06,92.06,90.86,91.39,3177,0
LHTC.DE,D,20190415,000000,91.06,91.58,91.06,91.46,90,0
LHTC.DE,D,20190416,000000,91.76,91.76,91.49,91.49,230,0
LHTC.DE,D,20190417,000000,90.85,90.85,89.75,89.75,0,0
LHTC.DE,D,20190418,000000,89.35,89.66,88.88,89.01,2674,0
LHTC.DE,D,20190423,000000,89.09,90.23,89.09,90.23,352,0
LHTC.DE,D,20190424,000000,90.79,90.79,90.41,90.41,28,0
LHTC.DE,D,20190425,000000,90.93,90.93,90.73,90.85,4,0
LHTC.DE,D,20190426,000000,91.46,91.56,91.46,91.54,700,0
LHTC.DE,D,20190429,000000,91.72,92.06,91.72,92.03,8055,0
LHTC.DE,D,20190430,000000,92.13,92.14,91.69,92.09,50,0
LHTC.DE,D,20190502,000000,92.4,92.4,91.92,91.92,874,0
LHTC.DE,D,20190503,000000,92.22,92.75,92.22,92.56,958,0
LHTC.DE,D,20190506,000000,91.68,91.89,91.26,91.89,354,0
LHTC.DE,D,20190507,000000,92.07,92.59,91.22,91.22,510,0
LHTC.DE,D,20190508,000000,91.18,91.75,90.93,91.75,211,0
LHTC.DE,D,20190509,000000,91.44,91.62,90.59,90.63,138,0
LHTC.DE,D,20190510,000000,90.9,91.04,90.51,90.51,51,0
LHTC.DE,D,20190513,000000,90.69,90.69,89.69,89.69,0,0
LHTC.DE,D,20190514,000000,89.81,90.27,89.81,90.27,0,0
LHTC.DE,D,20190515,000000,90.27,90.63,89.94,90.63,278,0
LHTC.DE,D,20190516,000000,90.75,92.06,90.73,92.06,667,0
LHTC.DE,D,20190517,000000,91.92,92.02,91.6,91.98,170,0
LHTC.DE,D,20190520,000000,91.94,91.94,91.15,91.25,98,0
LHTC.DE,D,20190521,000000,91.51,91.77,91.51,91.73,89,0
LHTC.DE,D,20190522,000000,91.57,92.4,91.57,92.4,58,0
LHTC.DE,D,20190523,000000,92.62,92.71,92.35,92.35,7,0
LHTC.DE,D,20190524,000000,92.55,93.21,92.55,93.21,20,0
LHTC.DE,D,20190527,000000,93.6,93.6,93.3,93.41,0,0
LHTC.DE,D,20190528,000000,93.33,93.33,92.75,92.75,13,0
LHTC.DE,D,20190529,000000,92.1,92.1,91.43,91.43,139,0
LHTC.DE,D,20190530,000000,91.57,91.64,91.42,91.64,0,0
LHTC.DE,D,20190531,000000,91.01,91.01,90.56,90.84,0,0
LHTC.DE,D,20190603,000000,90.1,91.99,90.1,91.99,1862,0
LHTC.DE,D,20190604,000000,91.48,91.68,91,91.68,30,0
LHTC.DE,D,20190605,000000,91.57,91.89,91.57,91.89,100,0
LHTC.DE,D,20190606,000000,92.11,92.8,92.11,92.5,344,0
LHTC.DE,D,20190607,000000,92.67,93.16,92.67,92.88,5,0
LHTC.DE,D,20190611,000000,93.31,94.18,93.31,93.7,400,0
LHTC.DE,D,20190612,000000,93.5,94.37,93.39,94.2,257,0
LHTC.DE,D,20190613,000000,94.17,94.78,94.17,94.55,238,0
LHTC.DE,D,20190614,000000,94.25,94.53,94.25,94.4,50,0
LHTC.DE,D,20190617,000000,94.39,94.42,93.96,94.32,97,0
LHTC.DE,D,20190618,000000,94.57,96.23,94.57,96.23,1128,0
LHTC.DE,D,20190619,000000,96.06,96.56,95.81,96.56,180,0
LHTC.DE,D,20190620,000000,97.14,97.35,97.14,97.16,0,0
LHTC.DE,D,20190621,000000,97,97,95.77,95.89,1150,0
LHTC.DE,D,20190624,000000,95.81,96.03,95.53,95.78,141,0
LHTC.DE,D,20190625,000000,95.54,96.01,95.54,96.01,200,0
LHTC.DE,D,20190626,000000,95.46,95.59,94.83,94.83,22,0
LHTC.DE,D,20190627,000000,94.81,95.35,94.76,95.35,1802,0
LHTC.DE,D,20190628,000000,95.14,95.86,95.14,95.86,197,0
LHTC.DE,D,20190701,000000,96.58,96.86,96.58,96.83,66,0
LHTC.DE,D,20190702,000000,97.03,97.31,97.02,97.18,1801,0
LHTC.DE,D,20190703,000000,97.62,98.55,97.62,98.21,373,0
LHTC.DE,D,20190704,000000,98.18,98.18,97.59,97.86,100,0
LHTC.DE,D,20190705,000000,97.95,97.95,97.25,97.25,40,0
LHTC.DE,D,20190708,000000,96.62,96.63,96.38,96.56,786,0
LHTC.DE,D,20190709,000000,96.45,96.65,96.41,96.65,624,0
LHTC.DE,D,20190710,000000,96.3,96.69,96.3,96.58,152,0
LHTC.DE,D,20190711,000000,97,97,95.93,95.93,0,0
LHTC.DE,D,20190712,000000,95.64,95.64,94.59,94.63,124,0
LHTC.DE,D,20190715,000000,94.74,95.25,94.59,95.05,975,0
LHTC.DE,D,20190716,000000,95.47,95.74,95.47,95.62,433,0
LHTC.DE,D,20190717,000000,95.65,96.11,95.65,95.9,697,0
LHTC.DE,D,20190718,000000,96.02,97.19,96.02,96.55,314,0
LHTC.DE,D,20190719,000000,96.97,96.97,96.29,96.52,345,0
LHTC.DE,D,20190722,000000,96.31,97.14,96.31,97.14,254,0
LHTC.DE,D,20190723,000000,97.25,97.67,97.25,97.53,421,0
LHTC.DE,D,20190724,000000,97.72,97.95,97.46,97.46,2997,0
LHTC.DE,D,20190725,000000,97.81,98.18,97.46,97.46,240,0
LHTC.DE,D,20190726,000000,97.67,98.21,97.67,98.21,10,0
LHTC.DE,D,20190729,000000,98.22,98.88,98.22,98.48,305,0
LHTC.DE,D,20190730,000000,98.21,98.21,97.25,97.32,816,0
LHTC.DE,D,20190731,000000,97.18,97.73,96.81,97.73,149,0
LHTC.DE,D,20190801,000000,97.78,99.01,97.78,99.01,8642,0
LHTC.DE,D,20190802,000000,98,98.56,97.64,97.64,775,0
LHTC.DE,D,20190805,000000,97.18,97.18,95.59,95.74,364,0
LHTC.DE,D,20190806,000000,95.13,96.06,95.13,95.24,803,0
LHTC.DE,D,20190807,000000,95.47,96.31,95.15,95.56,2088,0
LHTC.DE,D,20190808,000000,96.82,97.95,96.59,97.95,314,0
LHTC.DE,D,20190809,000000,98.14,98.71,98.02,98.02,1080,0
LHTC.DE,D,20190812,000000,98.64,98.64,98.07,98.07,0,0
LHTC.DE,D,20190813,000000,98.12,98.74,97.89,98.74,0,0
LHTC.DE,D,20190814,000000,99.09,99.09,97.39,97.39,1634,0
LHTC.DE,D,20190815,000000,97.52,97.6,96.67,97.4,252,0
LHTC.DE,D,20190816,000000,97.68,98.56,97.68,98.54,1259,0
LHTC.DE,D,20190819,000000,98.9,99.5,98.9,99.36,1473,0
LHTC.DE,D,20190820,000000,99.58,100.06,99.19,99.19,2205,0
LHTC.DE,D,20190821,000000,99.05,100.22,99.05,100.22,1611,0
LHTC.DE,D,20190822,000000,100.06,100.26,99.69,99.69,2494,0
LHTC.DE,D,20190823,000000,99.97,100.38,99.24,99.24,2485,0
LHTC.DE,D,20190826,000000,98.83,99.09,98.8,98.96,103,0
LHTC.DE,D,20190827,000000,98.83,99.85,98.78,99.85,180,0
LHTC.DE,D,20190828,000000,99.51,99.51,98.79,99.5,84,0
LHTC.DE,D,20190829,000000,99.35,100.14,99.35,100.02,414,0
LHTC.DE,D,20190830,000000,100.12,100.54,100.12,100.52,312,0
LHTC.DE,D,20190902,000000,100.66,101.58,100.66,101.26,2210,0
LHTC.DE,D,20190903,000000,101.02,101.22,101.02,101.22,0,0
LHTC.DE,D,20190904,000000,101.76,101.96,101.34,101.4,4147,0
LHTC.DE,D,20190905,000000,101.58,101.58,100.56,100.6,114,0
LHTC.DE,D,20190906,000000,100.52,101.14,100.52,101.14,234,0
LHTC.DE,D,20190909,000000,101.34,101.34,99.38,99.38,843,0
LHTC.DE,D,20190910,000000,98.45,98.45,97.71,98.2,508,0
LHTC.DE,D,20190911,000000,98.84,99.18,98.56,99.18,119,0
LHTC.DE,D,20190912,000000,99.43,100.16,98.8,99.03,2740,0
LHTC.DE,D,20190913,000000,99.05,99.05,98.43,98.7,70,0
LHTC.DE,D,20190916,000000,98.44,98.95,98.29,98.44,607,0
LHTC.DE,D,20190917,000000,98.53,99.11,98.53,99.11,142,0
LHTC.DE,D,20190918,000000,99.1,99.31,99.1,99.31,0,0
LHTC.DE,D,20190919,000000,99.52,100.28,99.52,100.26,135,0
LHTC.DE,D,20190920,000000,100.58,101.24,100.58,101.1,8374,0
LHTC.DE,D,20190923,000000,101.44,101.44,101,101,581,0
LHTC.DE,D,20190924,000000,101.14,101.78,101.14,101.6,628,0
LHTC.DE,D,20190925,000000,101.36,101.36,100.4,101.04,0,0
LHTC.DE,D,20190926,000000,100.66,101.72,100.66,101.72,11,0
LHTC.DE,D,20190927,000000,101.86,101.86,101.26,101.58,203,0
LHTC.DE,D,20191001,000000,101.84,101.94,99.95,99.95,2432,0
LHTC.DE,D,20191002,000000,99.55,99.55,97.12,97.12,439,0
LHTC.DE,D,20191004,000000,97.89,98.86,97.89,98.86,3050,0
LHTC.DE,D,20191007,000000,99.08,99.71,99.08,99.71,294,0
LHTC.DE,D,20191008,000000,99.49,99.49,98.59,98.59,218,0
LHTC.DE,D,20191009,000000,98.6,99.25,98.6,99.1,2293,0
LHTC.DE,D,20191010,000000,98.75,98.75,98.05,98.65,1422,0
LHTC.DE,D,20191011,000000,98.52,99.44,98.48,99.44,294,0
LHTC.DE,D,20191014,000000,98.84,99.53,98.84,99.53,75,0
LHTC.DE,D,20191015,000000,99.9,100.2,99.6,100.08,163,0
LHTC.DE,D,20191016,000000,100.68,100.68,99.62,99.62,314,0
LHTC.DE,D,20191017,000000,99.64,100.02,99.64,100.02,32,0
LHTC.DE,D,20191018,000000,100.32,100.32,99.54,99.54,1513,0
LHTC.DE,D,20191021,000000,99.53,99.53,99.1,99.28,760,0
LHTC.DE,D,20191022,000000,99.15,99.8,98.62,99.52,10636,0
LHTC.DE,D,20191023,000000,99.3,99.95,99.3,99.69,1022,0
LHTC.DE,D,20191024,000000,99.96,101.24,99.96,101.24,0,0
LHTC.DE,D,20191025,000000,101.3,101.6,101.06,101.6,139,0
LHTC.DE,D,20191028,000000,101.52,101.94,101.52,101.94,210,0
LHTC.DE,D,20191029,000000,101.72,102.14,101.72,102.14,187,0
LHTC.DE,D,20191030,000000,102.36,103.24,102.36,103.24,883,0
LHTC.DE,D,20191031,000000,103.62,103.62,102.96,102.96,681,0
LHTC.DE,D,20191101,000000,103.22,103.48,103.16,103.4,5745,0
LHTC.DE,D,20191104,000000,103.46,104.02,103.44,104.02,1503,0
LHTC.DE,D,20191105,000000,103.6,103.86,103.34,103.34,1318,0
LHTC.DE,D,20191106,000000,102.98,103.6,102.98,103.6,322,0
LHTC.DE,D,20191107,000000,103.98,103.98,103.3,103.48,1017,0
LHTC.DE,D,20191108,000000,103.02,103.86,103.02,103.86,3026,0
LHTC.DE,D,20191111,000000,104.08,104.28,103.7,103.98,342,0
LHTC.DE,D,20191112,000000,103.82,104.3,103.82,104.3,147,0
LHTC.DE,D,20191113,000000,104.36,104.98,104.36,104.96,1333,0
LHTC.DE,D,20191114,000000,105.42,105.42,104.4,104.4,3,0
LHTC.DE,D,20191115,000000,104.72,104.72,104.18,104.5,120,0
LHTC.DE,D,20191118,000000,104.72,105.34,104.72,105.24,0,0
LHTC.DE,D,20191119,000000,105.24,105.52,104.92,104.92,9,0
LHTC.DE,D,20191120,000000,104.76,104.9,104.46,104.46,24,0
LHTC.DE,D,20191121,000000,103.94,104.42,103.82,104.42,316,0
LHTC.DE,D,20191122,000000,104.74,105.2,104.7,104.78,1301,0
LHTC.DE,D,20191125,000000,105.02,106.38,105.02,106.38,51,0
LHTC.DE,D,20191126,000000,106.22,106.9,106.22,106.78,199,0
LHTC.DE,D,20191127,000000,106.98,107.16,106.8,107.1,429,0
LHTC.DE,D,20191128,000000,107.36,107.36,106.96,107,18,0
LHTC.DE,D,20191129,000000,106.68,107.04,106.68,106.7,209,0
LHTC.DE,D,20191202,000000,106.96,107.38,104.96,104.96,878,0
LHTC.DE,D,20191203,000000,105.2,105.2,104.82,104.82,35,0
LHTC.DE,D,20191204,000000,104.88,105.84,104.88,105.84,895,0
LHTC.DE,D,20191205,000000,106.72,106.72,105.7,105.7,69,0
LHTC.DE,D,20191206,000000,105.72,106.44,105.72,106.44,18,0
LHTC.DE,D,20191209,000000,106.38,106.38,105.92,106,6,0
LHTC.DE,D,20191210,000000,106.4,106.64,105.54,106.64,750,0
LHTC.DE,D,20191211,000000,106.84,106.84,106.52,106.78,0,0
LHTC.DE,D,20191212,000000,106.78,106.8,106.24,106.4,1627,0
LHTC.DE,D,20191213,000000,106.44,106.84,106.44,106.8,625,0
LHTC.DE,D,20191216,000000,107.02,108.32,107.02,108.2,1026,0
LHTC.DE,D,20191217,000000,107.84,107.96,107.66,107.7,1173,0
LHTC.DE,D,20191218,000000,107.84,108.18,107.74,107.74,88,0
LHTC.DE,D,20191219,000000,107.92,108.56,107.92,108.56,410,0
LHTC.DE,D,20191220,000000,108.74,109.64,108.74,109.64,201,0
LHTC.DE,D,20191223,000000,109.84,110.22,109.8,109.84,181,0
LHTC.DE,D,20191227,000000,109.88,110.4,109.88,110.1,167,0
LHTC.DE,D,20191230,000000,110.2,110.2,109.64,109.66,415,0
LHTC.DE,D,20200102,000000,109.22,110.04,109.22,109.34,413,0
LHTC.DE,D,20200103,000000,109.28,109.28,108.48,109.24,1122,0
LHTC.DE,D,20200106,000000,108.74,108.94,108,108.86,1104,0
LHTC.DE,D,20200107,000000,109.28,109.58,109.16,109.16,223,0
LHTC.DE,D,20200108,000000,108.9,109.64,108.9,109.64,200,0
LHTC.DE,D,20200109,000000,110.34,110.58,110.34,110.5,216,0
LHTC.DE,D,20200110,000000,110.78,111.1,110.7,110.74,633,0
LHTC.DE,D,20200113,000000,110.66,110.82,110.26,110.26,125,0
LHTC.DE,D,20200114,000000,110.22,110.56,110.18,110.56,0,0
LHTC.DE,D,20200115,000000,111.02,111.92,111.02,111.92,18201,0
LHTC.DE,D,20200116,000000,112.16,112.16,111.48,111.48,52,0
LHTC.DE,D,20200117,000000,112.26,113.14,112.26,113.14,0,0
LHTC.DE,D,20200120,000000,113.08,113.08,112.8,113.02,52,0
LHTC.DE,D,20200121,000000,112.68,113.46,112.68,113.46,122,0
LHTC.DE,D,20200122,000000,113.44,113.7,113.02,113.1,230,0
LHTC.DE,D,20200123,000000,112.92,113.08,112.78,112.78,29,0
LHTC.DE,D,20200124,000000,113.2,113.74,112.84,112.84,180,0
LHTC.DE,D,20200127,000000,111.08,111.36,110.6,110.92,687,0
LHTC.DE,D,20200128,000000,111.48,111.92,110.98,111.9,267,0
LHTC.DE,D,20200129,000000,112.1,112.9,112.1,112.82,522,0
LHTC.DE,D,20200130,000000,112.2,112.2,111.72,111.8,176,0
LHTC.DE,D,20200131,000000,112.1,112.1,110.68,110.68,2124,0
LHTC.DE,D,20200203,000000,110.9,111.16,110.58,110.88,371,0
LHTC.DE,D,20200204,000000,111.48,112.46,111.48,112.46,78,0
LHTC.DE,D,20200205,000000,114.02,114.36,114.02,114.2,439,0
LHTC.DE,D,20200206,000000,114.58,114.7,114,114.7,115,0
LHTC.DE,D,20200207,000000,114.86,114.86,114.38,114.38,66,0
LHTC.DE,D,20200210,000000,114.24,115.12,114.2,115.12,4113,0
LHTC.DE,D,20200211,000000,115.66,116.1,115.58,115.7,173,0
LHTC.DE,D,20200212,000000,115.44,115.68,115.44,115.68,120,0
LHTC.DE,D,20200213,000000,115.58,116.2,115.58,116.2,0,0
LHTC.DE,D,20200214,000000,115.72,116.2,115.48,115.5,155,0
LHTC.DE,D,20200217,000000,115.54,115.84,115.34,115.8,103,0
LHTC.DE,D,20200218,000000,115.08,116.48,115.08,116.48,22,0
LHTC.DE,D,20200219,000000,116.38,117.74,116.38,117.46,131,0
LHTC.DE,D,20200220,000000,117.5,117.5,116.32,116.32,2040,0
LHTC.DE,D,20200221,000000,116.02,116.74,116,116.48,40,0
LHTC.DE,D,20200224,000000,114.94,114.94,112.36,112.64,792,0
LHTC.DE,D,20200225,000000,113.1,113.38,110.3,110.3,245,0
LHTC.DE,D,20200226,000000,109.36,110.62,107.18,110.54,1236,0
LHTC.DE,D,20200227,000000,109.2,109.2,106.86,107.58,352,0
LHTC.DE,D,20200228,000000,106.02,106.02,102.32,103.5,1739,0
LHTC.DE,D,20200302,000000,105.24,105.84,103.14,104.46,459,0
LHTC.DE,D,20200303,000000,106.48,108.16,106.26,106.26,3526,0
LHTC.DE,D,20200304,000000,106.7,109.06,106.36,109.06,2188,0
LHTC.DE,D,20200305,000000,109.48,109.48,107.74,108.24,1979,0
LHTC.DE,D,20200306,000000,106.34,106.34,103.82,104.42,2164,0
LHTC.DE,D,20200309,000000,100.28,100.42,98.47,98.67,1594,0
LHTC.DE,D,20200310,000000,100.74,102.1,97.86,97.86,2071,0
LHTC.DE,D,20200311,000000,99.67,99.67,97.82,97.82,372,0
LHTC.DE,D,20200312,000000,94.33,94.33,88.43,88.43,711,0
LHTC.DE,D,20200313,000000,92.8,96.75,89.93,89.93,200,0
LHTC.DE,D,20200316,000000,84.53,89.49,84.53,89.49,51,0
LHTC.DE,D,20200317,000000,92.39,92.47,88.74,91.77,41,0
LHTC.DE,D,20200318,000000,91.48,91.48,87.48,89.37,31,0
LHTC.DE,D,20200319,000000,91.98,93.7,90.19,93.7,428,0
LHTC.DE,D,20200320,000000,97.46,97.46,92.47,92.47,195,0
LHTC.DE,D,20200323,000000,88.62,91.27,87.86,87.86,848,0
LHTC.DE,D,20200324,000000,91.61,92.9,90.9,92.9,2302,0
LHTC.DE,D,20200325,000000,94.99,95.05,92.41,94.96,509,0
LHTC.DE,D,20200326,000000,93.13,96.45,92.91,96.24,990,0
LHTC.DE,D,20200327,000000,95.04,95.77,93.94,95.77,474,0
LHTC.DE,D,20200330,000000,97.08,98.63,95.33,98.63,296,0
LHTC.DE,D,20200331,000000,100.8,100.88,98.63,100.14,2906,0
LHTC.DE,D,20200401,000000,98.45,99.73,97.5,99.73,815,0
LHTC.DE,D,20200402,000000,99.67,100.14,98.75,100.14,368,0
LHTC.DE,D,20200403,000000,101.36,101.36,100.6,100.84,271,0
LHTC.DE,D,20200406,000000,103.66,103.66,102.32,103.18,1352,0
LHTC.DE,D,20200407,000000,104.78,104.78,102,102.38,937,0
LHTC.DE,D,20200408,000000,102.08,102.08,101.02,102.04,2581,0
LHTC.DE,D,20200409,000000,102.82,102.82,101.72,102.32,4115,0
LHTC.DE,D,20200414,000000,104.58,105.16,104.42,104.5,1115,0
LHTC.DE,D,20200415,000000,106.1,106.1,103.42,103.46,1025,0
LHTC.DE,D,20200416,000000,104.74,106.4,104.4,106.04,671,0
LHTC.DE,D,20200417,000000,108.22,108.22,107.52,107.92,6157,0
LHTC.DE,D,20200420,000000,108.94,110.38,108,110.38,769,0
LHTC.DE,D,20200421,000000,110.16,110.16,108.5,108.5,1898,0
LHTC.DE,D,20200422,000000,110.16,110.26,109.46,110.2,488,0
LHTC.DE,D,20200423,000000,111.52,111.76,109.76,110.86,323,0
LHTC.DE,D,20200424,000000,110.64,111.04,110,110.88,4371,0
LHTC.DE,D,20200427,000000,112.46,112.8,112.32,112.78,560,0
LHTC.DE,D,20200428,000000,113.36,113.76,112.26,112.36,727,0
LHTC.DE,D,20200429,000000,111.02,111.16,110.64,110.64,381,0
LHTC.DE,D,20200430,000000,110.78,111.66,109.82,109.82,288,0
LHTC.DE,D,20200504,000000,109.06,109.44,108.66,108.82,740,0
LHTC.DE,D,20200505,000000,110.34,111.04,110.12,111,2263,0
LHTC.DE,D,20200506,000000,111.52,112.28,111.52,112.22,126,0
LHTC.DE,D,20200507,000000,113.06,113.06,111.24,111.58,923,0
LHTC.DE,D,20200508,000000,112.68,112.68,111.34,111.58,1031,0
LHTC.DE,D,20200511,000000,111.72,112.48,111.38,112.48,57,0
LHTC.DE,D,20200512,000000,113.2,113.2,112.72,113.16,800,0
LHTC.DE,D,20200513,000000,112.4,113.4,112.4,112.86,435,0
LHTC.DE,D,20200514,000000,112.86,112.86,111,111.1,1815,0
LHTC.DE,D,20200515,000000,111.96,112.14,110.96,111.2,450,0
LHTC.DE,D,20200518,000000,113.1,113.14,112.08,113.14,651,0
LHTC.DE,D,20200519,000000,112.18,112.62,112.16,112.28,684,0
LHTC.DE,D,20200520,000000,112.58,113.52,112.58,113.52,105,0
LHTC.DE,D,20200521,000000,113.36,113.36,112.24,112.56,2669,0
LHTC.DE,D,20200522,000000,111.92,112.9,111.92,112.7,33,0
LHTC.DE,D,20200525,000000,113.5,114.98,113.4,114.98,69,0
LHTC.DE,D,20200526,000000,115.52,115.52,112.8,112.8,206,0
LHTC.DE,D,20200527,000000,112.62,112.62,109.68,110.02,1819,0
LHTC.DE,D,20200528,000000,110.58,113.3,110.58,113.3,493,0
LHTC.DE,D,20200529,000000,113.44,113.44,112.08,112.08,1331,0
LHTC.DE,D,20200602,000000,113.56,113.56,111.5,112.16,3879,0
LHTC.DE,D,20200603,000000,112.04,112.58,112.04,112.42,39,0
LHTC.DE,D,20200604,000000,112.68,113.28,110.86,110.86,110,0
LHTC.DE,D,20200605,000000,110.64,111.76,110.6,111.6,23896,0
LHTC.DE,D,20200608,000000,110.18,110.94,109.68,110.88,2119,0
LHTC.DE,D,20200609,000000,111.02,111.84,111.02,111.64,9887,0
LHTC.DE,D,20200610,000000,111.7,112.34,111.48,112,869,0
LHTC.DE,D,20200611,000000,111.56,111.56,109.44,109.44,7686,0
LHTC.DE,D,20200612,000000,108.98,110.28,108.62,109.56,297,0
LHTC.DE,D,20200615,000000,108.32,109.9,107.56,109.8,1069,0
LHTC.DE,D,20200616,000000,110.44,112.52,110.44,112.52,30,0
LHTC.DE,D,20200617,000000,112.76,114.52,112.76,114.52,801,0
LHTC.DE,D,20200618,000000,114.7,114.7,113.38,113.4,172,0
LHTC.DE,D,20200619,000000,115.38,115.38,114.72,114.82,35,0
LHTC.DE,D,20200622,000000,115.5,115.52,114.06,114.06,90,0
LHTC.DE,D,20200623,000000,115.02,115.26,114.14,115.26,345,0
LHTC.DE,D,20200624,000000,114.64,114.64,112.12,112.12,181,0
LHTC.DE,D,20200625,000000,112,113.22,112,113.1,786,0
LHTC.DE,D,20200626,000000,113.92,113.92,112.54,112.54,403,0
LHTC.DE,D,20200629,000000,112.4,112.46,112,112.14,106,0
LHTC.DE,D,20200630,000000,111.94,112.14,111.32,111.4,55,0
LHTC.DE,D,20200701,000000,112.74,112.74,111.44,112.5,341,0
LHTC.DE,D,20200702,000000,113.2,113.74,112.46,113.74,33,0
LHTC.DE,D,20200703,000000,113.46,113.76,112.62,113,207,0
LHTC.DE,D,20200706,000000,114.2,114.2,113.36,114.12,382,0
LHTC.DE,D,20200707,000000,113.22,113.3,112.22,113.28,126,0
LHTC.DE,D,20200708,000000,112.64,113.36,112.62,112.66,42,0
LHTC.DE,D,20200709,000000,112.9,113.64,112.52,112.52,325,0
LHTC.DE,D,20200710,000000,112.18,113.12,112.18,112.3,204,0
LHTC.DE,D,20200713,000000,112.5,113.22,112.5,113.22,377,0
LHTC.DE,D,20200714,000000,112.14,112.14,111.5,112,197,0
LHTC.DE,D,20200715,000000,113,115.02,113,114.68,6161,0
LHTC.DE,D,20200716,000000,114.38,114.38,113.54,113.68,269,0
LHTC.DE,D,20200717,000000,113.82,114.92,113.82,114.88,175,0
LHTC.DE,D,20200720,000000,115.22,116.64,114.62,116.08,712,0
LHTC.DE,D,20200721,000000,116.64,116.64,114.9,115.04,183,0
LHTC.DE,D,20200722,000000,114.26,114.26,113.46,113.58,402,0
LHTC.DE,D,20200723,000000,113.6,114.02,112.96,112.96,25686,0
LHTC.DE,D,20200724,000000,111.78,111.78,110.26,110.42,1003,0
LHTC.DE,D,20200727,000000,110.64,110.64,109.96,110.2,188,0
LHTC.DE,D,20200728,000000,110.78,111.44,110.76,111.44,82,0
LHTC.DE,D,20200729,000000,111.34,111.48,111.08,111.1,179,0
LHTC.DE,D,20200730,000000,110.72,110.72,108.9,109.82,587,0
LHTC.DE,D,20200731,000000,109.24,110.38,108.28,108.28,448,0
LHTC.DE,D,20200803,000000,108.74,111,108.48,110.78,985,0
LHTC.DE,D,20200804,000000,110.7,110.7,109.16,109.32,1592,0
LHTC.DE,D,20200805,000000,109.54,109.56,108.42,108.42,1268,0
LHTC.DE,D,20200806,000000,108.38,109.06,107.78,107.82,184,0
LHTC.DE,D,20200807,000000,108.02,108.42,108,108.42,20,0
LHTC.DE,D,20200810,000000,108.38,108.52,108.04,108.04,1027,0
LHTC.DE,D,20200811,000000,108.5,109.46,108.5,108.8,91,0
LHTC.DE,D,20200812,000000,108.62,110.34,108.62,110.34,148,0
LHTC.DE,D,20200813,000000,110.38,110.38,109.48,109.84,15,0
LHTC.DE,D,20200814,000000,109.6,109.6,108.44,108.44,468,0
LHTC.DE,D,20200817,000000,108.76,109.84,108.68,109.84,297,0
LHTC.DE,D,20200818,000000,109.36,109.94,108.8,109.06,1081,0
LHTC.DE,D,20200819,000000,108.56,110,108.56,110,4435,0
LHTC.DE,D,20200820,000000,108.9,109.98,108.9,109.54,264,0
LHTC.DE,D,20200821,000000,109.82,109.82,108.8,109.12,175,0
LHTC.DE,D,20200824,000000,110.26,110.98,109.76,109.76,916,0
LHTC.DE,D,20200825,000000,109.98,110.16,109.54,109.54,174,0
LHTC.DE,D,20200826,000000,109.64,110.1,109.64,110.1,252,0
LHTC.DE,D,20200827,000000,109.94,109.94,108.9,108.92,364,0
LHTC.DE,D,20200828,000000,108.78,108.78,107.68,107.7,1109,0
LHTC.DE,D,20200831,000000,107.94,108.18,107.5,107.66,1674,0
LHTC.DE,D,20200901,000000,108.74,109.04,107.22,107.22,613,0
LHTC.DE,D,20200902,000000,107.76,109.56,107.76,109.56,3839,0
LHTC.DE,D,20200903,000000,110.48,110.62,107.24,107.36,11877,0
LHTC.DE,D,20200904,000000,106.26,107.72,105.58,105.82,795,0
LHTC.DE,D,20200907,000000,106.68,108.26,106.68,108.14,1222,0
LHTC.DE,D,20200908,000000,108.34,108.34,106.76,107.46,1365,0
LHTC.DE,D,20200909,000000,108.12,109.48,108.12,109.48,1293,0
LHTC.DE,D,20200910,000000,109.48,109.48,108.42,108.42,133,0
LHTC.DE,D,20200911,000000,108.38,109.56,108.38,109.32,1121,0
LHTC.DE,D,20200914,000000,109.6,109.6,108.78,109.26,1615,0
LHTC.DE,D,20200915,000000,109.66,111.58,109.52,111.02,508,0
LHTC.DE,D,20200916,000000,111.2,111.62,111.2,111.32,108,0
LHTC.DE,D,20200917,000000,110.28,111.72,110.28,111.5,939,0
LHTC.DE,D,20200918,000000,111.78,112.88,111.78,112.12,5708,0
LHTC.DE,D,20200921,000000,111.48,111.78,109.64,110.12,2959,0
LHTC.DE,D,20200922,000000,110.8,110.96,109.72,109.72,2104,0
LHTC.DE,D,20200923,000000,109.94,110.94,109.94,110.48,7377,0
LHTC.DE,D,20200924,000000,109.78,109.88,108.78,108.9,567,0
LHTC.DE,D,20200925,000000,108.54,109.28,108,109.28,462,0
LHTC.DE,D,20200928,000000,110.2,110.52,110.12,110.2,1081,0
LHTC.DE,D,20200929,000000,109.82,109.94,109.66,109.66,235,0
LHTC.DE,D,20200930,000000,109.46,109.72,109,109,333,0
LHTC.DE,D,20201001,000000,109.6,109.78,108.72,108.72,2422,0
LHTC.DE,D,20201002,000000,107.68,108.7,107.68,108.7,405,0
LHTC.DE,D,20201005,000000,109.52,109.56,108.84,109.48,5276,0
LHTC.DE,D,20201006,000000,109.24,109.24,108.36,108.4,1689,0
LHTC.DE,D,20201007,000000,108.62,108.7,107.5,107.58,2027,0
LHTC.DE,D,20201008,000000,108.3,108.9,108.22,108.68,127,0
LHTC.DE,D,20201009,000000,109.34,110.26,109.1,110.16,334,0
LHTC.DE,D,20201012,000000,110.14,110.88,110.12,110.78,548,0
LHTC.DE,D,20201013,000000,110.68,110.76,110.46,110.48,226,0
LHTC.DE,D,20201014,000000,110.62,110.64,109.76,109.76,160,0
LHTC.DE,D,20201015,000000,109.08,109.08,107.44,107.44,275,0
LHTC.DE,D,20201016,000000,107.64,108.86,107.64,108.86,30,0
LHTC.DE,D,20201019,000000,109.52,109.52,107.92,108.04,370,0
LHTC.DE,D,20201020,000000,108.48,108.48,107.04,107.04,71,0
LHTC.DE,D,20201021,000000,107.04,107.04,105.32,105.38,1238,0
LHTC.DE,D,20201022,000000,104.78,105.24,104.24,105.14,132,0
LHTC.DE,D,20201023,000000,105.06,105.86,105.06,105.34,137,0
LHTC.DE,D,20201026,000000,104.76,105.6,104.76,104.98,204,0
LHTC.DE,D,20201027,000000,105,105.4,104.42,104.42,184,0
LHTC.DE,D,20201028,000000,103.52,103.52,101.84,102.1,33077,0
LHTC.DE,D,20201029,000000,102.52,102.74,101.38,101.68,115,0
LHTC.DE,D,20201030,000000,100.72,101.24,100.72,101.08,454,0
LHTC.DE,D,20201102,000000,101.38,102.74,101.14,102.6,763,0
LHTC.DE,D,20201103,000000,103.12,104.14,102.76,104.14,705,0
LHTC.DE,D,20201104,000000,105.88,109.58,105.56,109.58,6217,0
LHTC.DE,D,20201105,000000,110,110.26,109.26,109.32,721,0
LHTC.DE,D,20201106,000000,108.8,109.04,108.76,108.76,187,0
LHTC.DE,D,20201109,000000,109.44,110.36,108.4,108.48,560,0
LHTC.DE,D,20201110,000000,108.54,108.58,107.96,107.96,768,0
LHTC.DE,D,20201111,000000,108.46,110.22,108.46,110.08,109,0
LHTC.DE,D,20201112,000000,109.82,109.82,109.32,109.64,356,0
LHTC.DE,D,20201113,000000,109.7,109.7,109.32,109.32,472,0
LHTC.DE,D,20201116,000000,109.3,109.78,109.1,109.26,208,0
LHTC.DE,D,20201117,000000,109.26,109.38,107.94,107.98,755,0
LHTC.DE,D,20201118,000000,107.6,108.18,107.58,107.58,409,0
LHTC.DE,D,20201119,000000,107.38,107.38,107.02,107.1,0,0
LHTC.DE,D,20201120,000000,107.26,107.94,107.24,107.94,711,0
LHTC.DE,D,20201123,000000,107.96,107.96,106.8,106.8,3746,0
LHTC.DE,D,20201124,000000,107.18,107.18,105.84,106.16,1288,0
LHTC.DE,D,20201125,000000,105.98,106.6,105.82,105.92,964,0
LHTC.DE,D,20201126,000000,106.4,106.94,106.4,106.76,835,0
LHTC.DE,D,20201127,000000,106.8,107.04,106.32,106.9,3292,0
LHTC.DE,D,20201130,000000,107.22,107.94,107.06,107.06,4300,0
LHTC.DE,D,20201201,000000,107.34,107.42,106.76,106.76,3988,0
LHTC.DE,D,20201202,000000,106.64,107.06,106.64,106.88,379,0
LHTC.DE,D,20201203,000000,106.78,106.78,105.82,105.82,602,0
LHTC.DE,D,20201204,000000,106.04,106.7,106.04,106.7,485,0
LHTC.DE,D,20201207,000000,106.7,107.14,106.62,106.78,1411,0
LHTC.DE,D,20201208,000000,106.7,107.32,105.84,107.32,137,0
LHTC.DE,D,20201209,000000,107.22,107.64,107,107.28,244,0
LHTC.DE,D,20201210,000000,107.38,108.24,107.28,107.28,305,0
LHTC.DE,D,20201211,000000,107.04,107.18,106.18,106.78,38,0
LHTC.DE,D,20201214,000000,106.64,106.96,106.08,106.5,1305,0
LHTC.DE,D,20201215,000000,106.52,106.52,105.14,105.26,173,0
LHTC.DE,D,20201216,000000,105.74,106.94,105.74,106.88,2049,0
LHTC.DE,D,20201217,000000,106.94,107.1,106.94,106.94,917,0
LHTC.DE,D,20201218,000000,106.96,107.5,106.94,106.94,443,0
LHTC.DE,D,20201221,000000,106.4,106.4,104.56,104.82,20,0
LHTC.DE,D,20201222,000000,105.06,105.74,105.06,105.52,103,0
LHTC.DE,D,20201223,000000,105.4,105.64,105,105.06,358,0
LHTC.DE,D,20201228,000000,106.12,106.52,105.92,106.1,2038,0
LHTC.DE,D,20201229,000000,106.88,107.5,106.88,107.38,562,0
LHTC.DE,D,20201230,000000,107.74,107.74,107.44,107.52,1844,0
LHTC.DE,D,20210104,000000,108.32,108.7,107.98,107.98,1244,0
LHTC.DE,D,20210105,000000,108.12,108.52,107.44,107.74,2022,0
LHTC.DE,D,20210106,000000,106.8,107.6,106.8,107.26,166,0
LHTC.DE,D,20210107,000000,107.52,107.52,106.68,106.76,3739,0
LHTC.DE,D,20210108,000000,107.16,108,107.16,108,258,0
LHTC.DE,D,20210111,000000,108.12,108.8,108.06,108.58,1837,0
LHTC.DE,D,20210112,000000,108.46,108.46,107.94,107.94,1416,0
LHTC.DE,D,20210113,000000,107.8,108.84,107.8,108.76,941,0
LHTC.DE,D,20210114,000000,108.6,109.72,108.58,109.62,215,0
LHTC.DE,D,20210115,000000,109.72,110.58,109.62,110.48,754,0
LHTC.DE,D,20210118,000000,109.8,110.56,109.8,110.48,222,0
LHTC.DE,D,20210119,000000,110.84,111.5,110.84,111.36,139,0
LHTC.DE,D,20210120,000000,111.14,111.64,111.14,111.5,232,0
LHTC.DE,D,20210121,000000,112,112,111,111,117,0
LHTC.DE,D,20210122,000000,110.92,111.36,110.44,111.34,103,0
LHTC.DE,D,20210125,000000,111.98,112.1,111.96,112.1,143,0
LHTC.DE,D,20210126,000000,111.74,112.48,111.74,112,393,0
LHTC.DE,D,20210127,000000,111.92,112.3,110.9,110.96,641,0
LHTC.DE,D,20210128,000000,109.54,110.18,109.54,110.18,11,0
LHTC.DE,D,20210129,000000,108.46,108.88,107.4,107.4,433,0
LHTC.DE,D,20210201,000000,108.62,108.86,108.38,108.64,233,0
LHTC.DE,D,20210202,000000,108.3,109.46,108.3,109.46,64,0
LHTC.DE,D,20210203,000000,110.22,110.22,108.76,108.76,446,0
LHTC.DE,D,20210204,000000,108.72,110.22,108.72,110.22,129,0
LHTC.DE,D,20210205,000000,110.86,110.86,109.78,109.78,192,0
LHTC.DE,D,20210208,000000,110.1,110.22,109.62,109.62,91,0
LHTC.DE,D,20210209,000000,109.6,110.4,109.54,110.4,1191,0
LHTC.DE,D,20210210,000000,110.46,110.78,109.94,109.94,105,0
LHTC.DE,D,20210211,000000,110.14,110.74,110.14,110.36,259,0
LHTC.DE,D,20210212,000000,110.54,111.62,110.52,111.62,188,0
LHTC.DE,D,20210215,000000,111.76,112.12,111.44,111.96,335,0
LHTC.DE,D,20210216,000000,111.98,111.98,111.5,111.54,109,0
LHTC.DE,D,20210217,000000,110.94,111.1,110.74,110.74,351,0
LHTC.DE,D,20210218,000000,110.86,110.86,109.96,109.96,403,0
LHTC.DE,D,20210219,000000,109.76,109.88,108.74,108.74,631,0
LHTC.DE,D,20210222,000000,107.74,107.9,107.54,107.66,401,0
LHTC.DE,D,20210223,000000,107.54,107.54,106.18,106.34,7,0
LHTC.DE,D,20210224,000000,106.04,106.7,106.04,106.58,835,0
LHTC.DE,D,20210225,000000,106.66,106.66,105.38,105.38,317,0
LHTC.DE,D,20210226,000000,104.24,106.02,104.24,104.76,260,0
LHTC.DE,D,20210301,000000,106.16,106.46,105.46,106.18,634,0
LHTC.DE,D,20210302,000000,106.18,106.64,105.98,106.04,290,0
LHTC.DE,D,20210303,000000,106.26,106.26,104.08,104.62,873,0
LHTC.DE,D,20210304,000000,104.28,104.36,103.92,104.36,1195,0
LHTC.DE,D,20210305,000000,103.7,104,103.3,103.3,66,0
LHTC.DE,D,20210308,000000,104.16,105.1,103.84,105.1,527,0
LHTC.DE,D,20210309,000000,104.9,106.32,104.9,106.32,125,0
LHTC.DE,D,20210310,000000,106,107.36,106,107.26,558,0
LHTC.DE,D,20210311,000000,107.14,107.16,106.88,107,39,0
LHTC.DE,D,20210312,000000,106.56,107.02,105.98,105.98,119,0
LHTC.DE,D,20210315,000000,106.3,107.18,106.3,107.18,968,0
LHTC.DE,D,20210316,000000,107.56,108.72,107.56,108.72,203,0
LHTC.DE,D,20210317,000000,108.62,108.62,107.5,107.6,3010,0
LHTC.DE,D,20210318,000000,107.86,108.54,107.72,107.96,12240,0
LHTC.DE,D,20210319,000000,107.68,108.36,107.64,108,202,0
LHTC.DE,D,20210322,000000,108.22,109.28,108.1,109.28,270,0
LHTC.DE,D,20210323,000000,108.88,109.14,108.66,108.78,696,0
LHTC.DE,D,20210324,000000,108.1,108.3,107.7,107.7,79,0
LHTC.DE,D,20210325,000000,107.26,108.52,107.26,108.52,68,0
LHTC.DE,D,20210326,000000,108.08,108.74,108.08,108.66,1641,0
LHTC.DE,D,20210329,000000,109.28,109.48,109.02,109.48,287,0
LHTC.DE,D,20210330,000000,109.42,109.42,108.82,108.96,190,0
LHTC.DE,D,20210331,000000,108.98,109.6,108.98,109.16,144,0
LHTC.DE,D,20210401,000000,109.78,109.78,109.08,109.22,270,0
LHTC.DE,D,20210406,000000,109.56,109.74,109.16,109.62,437,0
LHTC.DE,D,20210407,000000,108.94,109.06,108.66,108.66,111,0
LHTC.DE,D,20210408,000000,108.86,110.06,108.86,110.02,62,0
LHTC.DE,D,20210409,000000,110.08,110.82,110.08,110.82,2502,0
LHTC.DE,D,20210412,000000,110.5,110.8,110.18,110.18,2334,0
LHTC.DE,D,20210413,000000,109.98,110.1,109.74,110.06,176,0
LHTC.DE,D,20210414,000000,110.4,110.66,110.2,110.2,788,0
LHTC.DE,D,20210415,000000,110.08,111.72,110.08,111.44,2584,0
LHTC.DE,D,20210416,000000,111.48,111.84,111.28,111.84,280,0
LHTC.DE,D,20210419,000000,111.88,112.46,111.88,112.2,181,0
LHTC.DE,D,20210420,000000,112.04,112.04,111.52,111.6,59,0
LHTC.DE,D,20210421,000000,112.28,113.54,112.28,113.42,2607,0
LHTC.DE,D,20210422,000000,113.22,113.62,113.22,113.54,388,0
LHTC.DE,D,20210423,000000,113.5,113.5,112.2,112.36,127,0
LHTC.DE,D,20210426,000000,112.28,112.5,111.78,112.04,327,0
LHTC.DE,D,20210427,000000,112.08,112.08,111.6,111.6,432,0
LHTC.DE,D,20210428,000000,111.72,111.84,111.42,111.52,237,0
LHTC.DE,D,20210429,000000,112.02,112.26,111.08,111.1,573,0
LHTC.DE,D,20210430,000000,111.58,112.04,111.42,111.8,5430,0
LHTC.DE,D,20210503,000000,112.38,112.66,111.78,112.5,2864,0
LHTC.DE,D,20210504,000000,112.52,112.52,111.14,111.14,110,0
LHTC.DE,D,20210505,000000,111.86,112.36,111.8,112.2,533,0
LHTC.DE,D,20210506,000000,112.54,112.54,111.6,111.6,156,0
LHTC.DE,D,20210507,000000,111.98,112.66,111.84,112.66,275,0
LHTC.DE,D,20210510,000000,112.48,112.48,112.06,112.34,111,0
LHTC.DE,D,20210511,000000,111.52,111.52,110.32,110.84,642,0
LHTC.DE,D,20210512,000000,111.26,112.14,111.26,111.94,165,0
LHTC.DE,D,20210513,000000,111.2,112.64,110.44,112.64,10467,0
LHTC.DE,D,20210514,000000,113.1,113.22,112.56,113.22,5355,0
LHTC.DE,D,20210517,000000,113.44,113.96,112.92,113.82,167,0
LHTC.DE,D,20210518,000000,114.04,114.04,113.64,113.68,0,0
LHTC.DE,D,20210519,000000,112.54,113.06,112.44,112.7,121,0
LHTC.DE,D,20210520,000000,113.28,114.38,113.1,114.38,256,0
LHTC.DE,D,20210521,000000,114.56,115.06,114.56,115.06,419,0
LHTC.DE,D,20210525,000000,115.14,115.22,114.72,114.72,102,0
LHTC.DE,D,20210526,000000,115.1,115.48,115,115.1,397,0
LHTC.DE,D,20210527,000000,114.68,114.68,114.1,114.2,2708,0
LHTC.DE,D,20210528,000000,114,114.9,114,114.9,222,0
LHTC.DE,D,20210531,000000,114.86,114.94,114.12,114.26,239,0
LHTC.DE,D,20210601,000000,114.4,115.16,114,114,742,0
LHTC.DE,D,20210602,000000,114.16,114.16,113.86,113.86,150,0
LHTC.DE,D,20210603,000000,113.68,114.36,113.46,114.36,783,0
LHTC.DE,D,20210604,000000,114.68,115.5,114.68,115.5,10,0
LHTC.DE,D,20210607,000000,115.26,116.28,115.26,116.28,276,0
LHTC.DE,D,20210608,000000,116.66,117.34,116.3,116.3,323,0
LHTC.DE,D,20210609,000000,116.38,118.58,116.38,118.58,328,0
LHTC.DE,D,20210610,000000,119.32,119.84,118.96,119.84,1829,0
LHTC.DE,D,20210611,000000,120.12,120.66,120.12,120.54,52,0
LHTC.DE,D,20210614,000000,120.48,120.66,120.48,120.5,360,0
LHTC.DE,D,20210615,000000,120.86,121.22,120.84,120.84,324,0
LHTC.DE,D,20210616,000000,120.84,121.64,120.84,121.46,309,0
LHTC.DE,D,20210617,000000,120.6,121.7,120.2,121.7,47,0
LHTC.DE,D,20210618,000000,121.88,121.98,121.1,121.1,508,0
LHTC.DE,D,20210621,000000,120.48,121.14,120.42,121.14,1601,0
LHTC.DE,D,20210622,000000,120.72,120.72,120.46,120.6,83,0
LHTC.DE,D,20210623,000000,120.22,120.4,119.64,119.64,117,0
LHTC.DE,D,20210624,000000,120.02,120.74,120.02,120.72,276,0
LHTC.DE,D,20210625,000000,120.48,121.1,120.48,121.1,257,0
LHTC.DE,D,20210628,000000,121.5,121.94,121.5,121.82,153,0
LHTC.DE,D,20210629,000000,121.96,122.26,121.96,121.96,245,0
LHTC.DE,D,20210630,000000,122.26,122.4,121.8,121.8,152,0
LHTC.DE,D,20210701,000000,122.3,122.6,121.5,122.14,3416,0
LHTC.DE,D,20210702,000000,122.66,122.66,122.08,122.32,180,0
LHTC.DE,D,20210705,000000,122.32,122.32,121.64,121.74,190,0
LHTC.DE,D,20210706,000000,121.86,122.72,121.86,122.72,499,0
LHTC.DE,D,20210707,000000,122.72,123.68,122.72,123.68,1809,0
LHTC.DE,D,20210708,000000,123.22,123.22,122.62,122.88,62,0
LHTC.DE,D,20210709,000000,123.48,123.48,122.92,123.24,552,0
LHTC.DE,D,20210712,000000,123.38,124.32,123.38,124.26,308,0
LHTC.DE,D,20210713,000000,123.86,124.4,123.52,124.4,26,0
LHTC.DE,D,20210714,000000,124.36,124.36,123.8,124.06,1414,0
LHTC.DE,D,20210715,000000,123.68,123.84,122.62,122.72,327,0
LHTC.DE,D,20210716,000000,122.64,123.26,122.64,123.26,70,0
LHTC.DE,D,20210719,000000,122.8,122.8,122.12,122.34,0,0
LHTC.DE,D,20210720,000000,122.64,122.94,121.96,122.16,256,0
LHTC.DE,D,20210721,000000,123.3,123.52,122.7,122.92,172,0
LHTC.DE,D,20210722,000000,123,123.38,122.66,123.38,119,0
LHTC.DE,D,20210723,000000,123.66,124.58,123.66,124.58,159,0
LHTC.DE,D,20210726,000000,124.16,124.16,123.08,123.08,99,0
LHTC.DE,D,20210727,000000,122.64,123.1,122.54,122.72,147,0
LHTC.DE,D,20210728,000000,123.06,124,123.06,124,89,0
LHTC.DE,D,20210729,000000,124.54,124.54,123.78,123.86,313,0
LHTC.DE,D,20210730,000000,122.96,124.72,122.96,124.62,332,0
LHTC.DE,D,20210802,000000,125.32,125.32,124.12,125.1,295,0
LHTC.DE,D,20210803,000000,125.38,125.6,125.38,125.6,145,0
LHTC.DE,D,20210804,000000,125.78,126.22,125.6,126.06,97,0
LHTC.DE,D,20210805,000000,126.44,127.16,126.44,126.98,1051,0
LHTC.DE,D,20210806,000000,127.04,127.04,125.8,125.8,61,0
LHTC.DE,D,20210809,000000,126.34,126.98,126.34,126.98,28,0
LHTC.DE,D,20210810,000000,127.2,127.54,126.8,126.88,439,0
LHTC.DE,D,20210811,000000,127.02,127.4,127.02,127.22,211,0
LHTC.DE,D,20210812,000000,127.28,127.96,127.28,127.96,36,0
LHTC.DE,D,20210813,000000,128.08,128.38,128.06,128.36,103,0
LHTC.DE,D,20210816,000000,128.14,128.98,128.14,128.98,200,0
LHTC.DE,D,20210817,000000,129,130.34,129,130.3,112,0
LHTC.DE,D,20210818,000000,131.06,131.58,130.88,131.46,353,0
LHTC.DE,D,20210819,000000,130.3,130.66,129.74,130.66,1367,0
LHTC.DE,D,20210820,000000,131.08,131.36,130.22,131.28,255,0
LHTC.DE,D,20210823,000000,131.88,131.88,131.2,131.36,91,0
LHTC.DE,D,20210824,000000,131.5,131.5,129.78,130.06,696,0
