<TICKER>,<PER>,<DATE>,<TIME>,<OPEN>,<HIGH>,<LOW>,<CLOSE>,<VOL>,<OPENINT>
NB2.DE,D,20181005,000000,17,17.5,17,17.25,553,0
NB2.DE,D,20181008,000000,17.5,19,17.5,18.7,3015,0
NB2.DE,D,20181009,000000,18.998,18.998,18.998,18.998,17,0
NB2.DE,D,20181010,000000,18.7,18.7,18.4,18.4,100,0
NB2.DE,D,20181011,000000,18.3,18.3,18.3,18.3,0,0
NB2.DE,D,20181012,000000,18.6,18.6,18.6,18.6,0,0
NB2.DE,D,20181015,000000,18.1,18.1,17.9,17.9,800,0
NB2.DE,D,20181016,000000,17.8,17.8,17.8,17.8,0,0
NB2.DE,D,20181017,000000,17.4,17.4,16.4,16.8,1284,0
NB2.DE,D,20181018,000000,16.8,16.8,16.8,16.8,0,0
NB2.DE,D,20181019,000000,17.2,17.5,17.2,17.5,962,0
NB2.DE,D,20181022,000000,17.2,22.2,17.1,21.6,7070,0
NB2.DE,D,20181023,000000,20.8,21.6,19.6,19.7,2284,0
NB2.DE,D,20181024,000000,19.9,22,18.9,21,3395,0
NB2.DE,D,20181025,000000,21.2,21.2,20,20.6,891,0
NB2.DE,D,20181026,000000,21,23,20.2,23,2984,0
NB2.DE,D,20181029,000000,23.4,26.4,22.4,25.2,2573,0
NB2.DE,D,20181030,000000,26,27,24.2,24.2,2077,0
NB2.DE,D,20181031,000000,24.4,26.2,24.4,25.6,3276,0
NB2.DE,D,20181101,000000,25,25,24.2,24.4,1010,0
NB2.DE,D,20181102,000000,24.8,24.8,23.6,23.6,1787,0
NB2.DE,D,20181105,000000,22.8,24,22.2,23.4,4292,0
NB2.DE,D,20181106,000000,22.8,23,22,22.6,2265,0
NB2.DE,D,20181107,000000,22,22.4,21.8,21.8,1026,0
NB2.DE,D,20181108,000000,21.2,21.8,21,21.8,820,0
NB2.DE,D,20181109,000000,21.8,21.8,21,21.4,90,0
NB2.DE,D,20181112,000000,21.8,22.8,21.8,22.8,580,0
NB2.DE,D,20181113,000000,22.8,22.8,22.4,22.4,157,0
NB2.DE,D,20181114,000000,22.4,22.4,21.4,21.6,1090,0
NB2.DE,D,20181115,000000,21.2,21.2,20.4,20.4,575,0
NB2.DE,D,20181116,000000,20.2,20.2,19.2,19.4,914,0
NB2.DE,D,20181119,000000,19.8,20.2,19.4,20.2,972,0
NB2.DE,D,20181120,000000,20.4,20.4,19,19.3,1010,0
NB2.DE,D,20181121,000000,18.8,19.7,18.7,18.9,243,0
NB2.DE,D,20181122,000000,18.9,19.3,18.5,19.3,1003,0
NB2.DE,D,20181123,000000,19.2,19.2,18.3,18.3,717,0
NB2.DE,D,20181126,000000,19.1,19.1,17.5,18.1,456,0
NB2.DE,D,20181127,000000,18,19,18,18.3,1094,0
NB2.DE,D,20181128,000000,18,18.1,17.8,17.9,716,0
NB2.DE,D,20181129,000000,18.3,18.9,18.3,18.7,1467,0
NB2.DE,D,20181130,000000,19.2,20.6,19.2,19.4,1459,0
NB2.DE,D,20181203,000000,19.4,19.4,18.9,19,316,0
NB2.DE,D,20181204,000000,18.6,18.6,17.8,17.8,440,0
NB2.DE,D,20181205,000000,18,18,17,17,1209,0
NB2.DE,D,20181206,000000,16,16,16,16,190,0
NB2.DE,D,20181207,000000,17.5,17.5,17.5,17.5,15,0
NB2.DE,D,20181210,000000,16,16.6,16,16.6,12,0
NB2.DE,D,20181211,000000,17.4,17.4,16.2,16.2,909,0
NB2.DE,D,20181212,000000,16.5,16.5,16.5,16.5,0,0
NB2.DE,D,20181213,000000,16.8,16.8,16.5,16.5,10,0
NB2.DE,D,20181214,000000,16.2,16.2,15.8,15.8,9,0
NB2.DE,D,20181217,000000,16.2,16.2,16.2,16.2,0,0
NB2.DE,D,20181218,000000,15,15.8,13.5,14.9,445,0
NB2.DE,D,20181219,000000,12,18.5,12,16,6423,0
NB2.DE,D,20181220,000000,16.4,17.4,15.2,15.2,810,0
NB2.DE,D,20181221,000000,16,17.4,16,16.7,3660,0
NB2.DE,D,20181227,000000,17.4,19,16.5,18.5,1388,0
NB2.DE,D,20181228,000000,18.5,18.5,18,18,301,0
NB2.DE,D,20190102,000000,18.5,18.5,17.6,18.1,290,0
NB2.DE,D,20190103,000000,17.7,17.7,17.7,17.7,0,0
NB2.DE,D,20190104,000000,18.7,18.7,17,17.8,588,0
NB2.DE,D,20190107,000000,17.8,17.8,17.8,17.8,0,0
NB2.DE,D,20190108,000000,17,18.3,16.8,17.6,834,0
NB2.DE,D,20190109,000000,17,18.3,17,17.6,209,0
NB2.DE,D,20190110,000000,17,17.7,17,17.7,220,0
NB2.DE,D,20190111,000000,17,17.5,17,17.5,105,0
NB2.DE,D,20190114,000000,17.8,17.8,15.5,17,881,0
NB2.DE,D,20190115,000000,17,17,17,17,0,0
NB2.DE,D,20190116,000000,16.2,16.9,14.5,16.4,148,0
NB2.DE,D,20190117,000000,16,17.3,16,16.9,133,0
NB2.DE,D,20190118,000000,16.8,16.9,16.8,16.9,28,0
NB2.DE,D,20190121,000000,16.1,16.1,16.1,16.1,50,0
NB2.DE,D,20190122,000000,16.1,16.4,16.1,16.4,100,0
NB2.DE,D,20190123,000000,16.3,16.3,16.3,16.3,0,0
NB2.DE,D,20190124,000000,16.6,16.6,16.6,16.6,0,0
NB2.DE,D,20190125,000000,17.2,17.7,17.2,17.2,225,0
NB2.DE,D,20190128,000000,17.8,17.8,17.2,17.2,5,0
NB2.DE,D,20190129,000000,17.8,18.3,17.8,18.3,800,0
NB2.DE,D,20190131,000000,19,20,18.5,18.6,732,0
NB2.DE,D,20190201,000000,19,19,18.2,18.2,5,0
NB2.DE,D,20190204,000000,18.1,18.5,18.1,18.5,70,0
NB2.DE,D,20190205,000000,18.1,18.5,18.1,18.5,175,0
NB2.DE,D,20190206,000000,18,18.5,18,18.5,28,0
NB2.DE,D,20190207,000000,18,18.3,18,18,630,0
NB2.DE,D,20190208,000000,18.1,18.1,17,17,1209,0
NB2.DE,D,20190211,000000,17.4,19,17.3,17.7,785,0
NB2.DE,D,20190212,000000,17.4,17.4,17.2,17.2,674,0
NB2.DE,D,20190213,000000,17,17.3,17,17.2,360,0
NB2.DE,D,20190214,000000,17,17.2,17,17.2,248,0
NB2.DE,D,20190215,000000,17,17.3,17,17.3,5,0
NB2.DE,D,20190218,000000,17.3,18.1,16.7,17.4,3991,0
NB2.DE,D,20190219,000000,17.4,17.4,17.4,17.4,0,0
NB2.DE,D,20190220,000000,17.3,17.3,17.3,17.3,0,0
NB2.DE,D,20190221,000000,17.2,17.4,17.1,17.4,3,0
NB2.DE,D,20190222,000000,17.7,17.7,16.7,16.7,808,0
NB2.DE,D,20190225,000000,16.7,16.7,16.4,16.4,59,0
NB2.DE,D,20190226,000000,16.6,16.6,16.6,16.6,7,0
NB2.DE,D,20190227,000000,16.7,17.2,16.7,17.2,909,0
NB2.DE,D,20190228,000000,16.8,17.2,16.8,17.2,20,0
NB2.DE,D,20190301,000000,16.8,16.8,16.5,16.5,1053,0
NB2.DE,D,20190304,000000,16.5,16.5,16.5,16.5,0,0
NB2.DE,D,20190305,000000,16.5,16.5,16.5,16.5,0,0
NB2.DE,D,20190306,000000,16.5,16.5,16.5,16.5,0,0
NB2.DE,D,20190307,000000,16.2,16.5,16.2,16.5,87,0
NB2.DE,D,20190308,000000,16.5,16.5,16.5,16.5,0,0
NB2.DE,D,20190311,000000,16.8,16.8,16.5,16.5,206,0
NB2.DE,D,20190312,000000,16.5,16.5,16.5,16.5,0,0
NB2.DE,D,20190313,000000,16.5,16.5,16.5,16.5,0,0
NB2.DE,D,20190314,000000,16.1,16.5,16,16.3,1587,0
NB2.DE,D,20190315,000000,16.2,16.2,16.2,16.2,0,0
NB2.DE,D,20190318,000000,15.9,16.5,15.9,16.3,633,0
NB2.DE,D,20190319,000000,16.5,16.5,16,16.3,25,0
NB2.DE,D,20190320,000000,16.3,16.3,16.3,16.3,0,0
NB2.DE,D,20190321,000000,16.3,16.3,16.3,16.3,0,0
NB2.DE,D,20190322,000000,16.3,16.3,16.3,16.3,0,0
NB2.DE,D,20190325,000000,16.3,16.3,16.3,16.3,0,0
NB2.DE,D,20190326,000000,16,16.3,16,16.3,231,0
NB2.DE,D,20190327,000000,16.7,17.3,16.7,17,1977,0
NB2.DE,D,20190328,000000,17,17,17,17,0,0
NB2.DE,D,20190329,000000,17.3,17.3,16.7,17,145,0
NB2.DE,D,20190401,000000,16.7,17,16.7,17,820,0
NB2.DE,D,20190402,000000,17.5,19.5,17.4,18,7914,0
NB2.DE,D,20190403,000000,18.3,18.4,17,18.4,3038,0
NB2.DE,D,20190404,000000,18.5,18.5,16.8,16.8,4710,0
NB2.DE,D,20190405,000000,17,17.4,17,17.3,919,0
NB2.DE,D,20190408,000000,17.5,19,17.5,18.1,1680,0
NB2.DE,D,20190409,000000,17.3,17.5,17.1,17.5,760,0
NB2.DE,D,20190410,000000,17.9,17.9,17.1,17.1,1003,0
NB2.DE,D,20190411,000000,17.3,17.5,17.1,17.2,138,0
NB2.DE,D,20190412,000000,17.3,17.3,17.3,17.3,0,0
NB2.DE,D,20190415,000000,17.5,17.5,17.3,17.3,12,0
NB2.DE,D,20190416,000000,17.5,17.5,17.3,17.3,10,0
NB2.DE,D,20190417,000000,17.3,17.3,17.3,17.3,0,0
NB2.DE,D,20190418,000000,17.1,17.1,16.4,16.6,1370,0
NB2.DE,D,20190423,000000,17.3,17.7,17,17.7,1217,0
NB2.DE,D,20190424,000000,18,18,17.8,17.8,45,0
NB2.DE,D,20190425,000000,17.5,18.3,17.5,18.3,1202,0
NB2.DE,D,20190426,000000,18.1,18.1,17.6,17.8,965,0
NB2.DE,D,20190429,000000,17.5,17.7,17.5,17.7,1000,0
NB2.DE,D,20190430,000000,17.4,17.6,17.2,17.6,140,0
NB2.DE,D,20190502,000000,17.9,17.9,17.6,17.6,281,0
NB2.DE,D,20190503,000000,17.2,17.9,17.2,17.6,303,0
NB2.DE,D,20190506,000000,17.3,17.4,17,17.4,1535,0
NB2.DE,D,20190507,000000,17.8,17.8,17.6,17.7,720,0
NB2.DE,D,20190508,000000,18.1,19,17.8,19,1828,0
NB2.DE,D,20190509,000000,19,19,18.3,18.7,1032,0
NB2.DE,D,20190510,000000,18.5,19.5,18.5,19.5,1180,0
NB2.DE,D,20190513,000000,20.4,24,20.2,24,15712,0
NB2.DE,D,20190514,000000,25,27,20.4,21.6,15739,0
NB2.DE,D,20190515,000000,21.4,22.6,20,20.6,1408,0
NB2.DE,D,20190516,000000,21.4,22,19.7,21.2,2626,0
NB2.DE,D,20190517,000000,19,21,18.2,19.2,4703,0
NB2.DE,D,20190520,000000,22.2,22.2,19.2,20.6,8029,0
NB2.DE,D,20190521,000000,21.2,21.2,19.6,20.2,1921,0
NB2.DE,D,20190522,000000,19,19.4,19,19.4,7,0
NB2.DE,D,20190523,000000,19,19.8,17.7,19.5,3984,0
NB2.DE,D,20190524,000000,20,21.6,20,20.6,2604,0
NB2.DE,D,20190527,000000,21.4,22,20,21.4,5652,0
NB2.DE,D,20190528,000000,21.8,23,20.8,20.8,8399,0
NB2.DE,D,20190529,000000,21.4,21.4,20,20.8,99,0
NB2.DE,D,20190530,000000,19.8,20.6,19.8,20.6,100,0
NB2.DE,D,20190531,000000,20,20,19.1,20,4161,0
NB2.DE,D,20190603,000000,20,20,18.4,19.7,3148,0
NB2.DE,D,20190604,000000,19.4,19.5,18.6,18.7,1947,0
NB2.DE,D,20190605,000000,19,19,17.6,17.9,3391,0
NB2.DE,D,20190606,000000,17.5,17.7,15,17.7,17215,0
NB2.DE,D,20190607,000000,17.7,18.3,17.5,18,2355,0
NB2.DE,D,20190611,000000,18,19,16,17.8,22909,0
NB2.DE,D,20190612,000000,17.7,17.7,16.3,17.1,3640,0
NB2.DE,D,20190613,000000,16.4,17,16,16.6,1716,0
NB2.DE,D,20190614,000000,16.9,17.5,15.9,16.5,1426,0
NB2.DE,D,20190617,000000,17.4,18.5,16.5,16.9,5389,0
NB2.DE,D,20190618,000000,16.8,16.9,16.1,16.3,1271,0
NB2.DE,D,20190619,000000,16.3,16.3,16,16,720,0
NB2.DE,D,20190620,000000,16.3,16.4,14.9,15.6,2038,0
NB2.DE,D,20190621,000000,15.9,17.5,15.9,16.6,3059,0
NB2.DE,D,20190624,000000,16.9,18.4,16.8,17.9,3776,0
NB2.DE,D,20190625,000000,18,18.1,16.3,16.6,2179,0
NB2.DE,D,20190626,000000,17.1,19,15.2,17.9,7940,0
NB2.DE,D,20190627,000000,17.8,17.8,16.5,17.1,2162,0
NB2.DE,D,20190628,000000,17.2,17.2,16.9,17,714,0
NB2.DE,D,20190701,000000,17.1,17.9,17,17.1,3285,0
NB2.DE,D,20190702,000000,17.4,17.4,16.5,16.7,1304,0
NB2.DE,D,20190703,000000,16.8,17.8,16.6,17,2362,0
NB2.DE,D,20190704,000000,16.7,17,16.7,16.8,140,0
NB2.DE,D,20190705,000000,17,17,15.8,15.8,661,0
NB2.DE,D,20190708,000000,16.2,17.2,16.2,17.2,427,0
NB2.DE,D,20190709,000000,17.2,17.2,16.7,17.1,427,0
NB2.DE,D,20190710,000000,17.2,17.2,16.8,16.9,373,0
NB2.DE,D,20190711,000000,16.8,16.8,16.7,16.8,168,0
NB2.DE,D,20190712,000000,16.8,17,16.7,16.9,247,0
NB2.DE,D,20190715,000000,17.1,17.1,16.4,16.5,442,0
NB2.DE,D,20190716,000000,16.6,17,16.6,16.9,239,0
NB2.DE,D,20190717,000000,16.8,16.8,16.8,16.8,0,0
NB2.DE,D,20190718,000000,16.9,16.9,16.9,16.9,5,0
NB2.DE,D,20190719,000000,16.5,16.7,16.2,16.7,1092,0
NB2.DE,D,20190722,000000,16.2,16.6,16.2,16.6,35,0
NB2.DE,D,20190723,000000,16.6,16.6,16.6,16.6,0,0
NB2.DE,D,20190724,000000,16.2,16.2,15,15.9,3537,0
NB2.DE,D,20190725,000000,15.6,15.7,15.2,15.4,1012,0
NB2.DE,D,20190726,000000,15.4,16,15.2,16,981,0
NB2.DE,D,20190729,000000,16,16.2,15.9,15.9,250,0
NB2.DE,D,20190730,000000,15.6,15.8,15.3,15.5,410,0
NB2.DE,D,20190731,000000,16,16,16,16,0,0
NB2.DE,D,20190801,000000,16.1,16.1,16.1,16.1,0,0
NB2.DE,D,20190802,000000,16.1,16.1,16.1,16.1,0,0
NB2.DE,D,20190805,000000,16.5,16.5,16.2,16.2,100,0
NB2.DE,D,20190806,000000,16.2,16.2,16.1,16.1,13,0
NB2.DE,D,20190807,000000,15.9,16.2,15.8,16.2,1600,0
NB2.DE,D,20190808,000000,16,16.2,15.8,16.2,304,0
NB2.DE,D,20190809,000000,16,16,16,16,0,0
NB2.DE,D,20190812,000000,16,16.2,15.1,16.2,1571,0
NB2.DE,D,20190813,000000,16.2,16.3,16.2,16.3,2,0
NB2.DE,D,20190814,000000,15.8,15.8,15.6,15.6,100,0
NB2.DE,D,20190815,000000,15.2,15.6,15.2,15.4,62,0
NB2.DE,D,20190816,000000,15.3,15.3,15.3,15.3,0,0
NB2.DE,D,20190819,000000,15.1,15.6,15.1,15.6,17,0
NB2.DE,D,20190820,000000,15.5,15.5,15.1,15.4,175,0
NB2.DE,D,20190821,000000,15.1,15.6,15.1,15.6,20,0
NB2.DE,D,20190822,000000,15.4,15.4,15.4,15.4,0,0
NB2.DE,D,20190823,000000,15.1,16.5,14.5,15.2,2924,0
NB2.DE,D,20190826,000000,15.2,15.2,14.6,14.6,547,0
NB2.DE,D,20190827,000000,14.2,14.2,13,13.3,4135,0
NB2.DE,D,20190828,000000,13.4,13.7,13.4,13.7,711,0
NB2.DE,D,20190829,000000,13.4,13.6,13.3,13.5,729,0
NB2.DE,D,20190830,000000,13.7,13.7,13.1,13.2,506,0
NB2.DE,D,20190902,000000,13,13,11.7,12,4789,0
NB2.DE,D,20190903,000000,12,12.6,12,12.6,400,0
NB2.DE,D,20190904,000000,12.6,12.7,12.2,12.5,171,0
NB2.DE,D,20190905,000000,12.2,12.2,12,12.2,210,0
NB2.DE,D,20190906,000000,12,12,10.2,10.8,4294,0
NB2.DE,D,20190909,000000,10.7,11.5,9.8,11,2834,0
NB2.DE,D,20190910,000000,11,11.5,10.3,10.3,1765,0
NB2.DE,D,20190911,000000,10.8,11.4,10.4,11.4,2489,0
NB2.DE,D,20190912,000000,11.4,14,11.4,11.9,4967,0
NB2.DE,D,20190913,000000,12.3,13.3,12.3,13.2,1379,0
NB2.DE,D,20190916,000000,13.6,13.6,12,12.6,711,0
NB2.DE,D,20190917,000000,13,13,12.9,12.9,310,0
NB2.DE,D,20190918,000000,12.4,12.8,12.4,12.4,332,0
NB2.DE,D,20190919,000000,12.9,13.2,12.9,13.1,440,0
NB2.DE,D,20190920,000000,13.5,13.5,12.3,13,1072,0
NB2.DE,D,20190923,000000,12.4,14,12.4,13.2,912,0
NB2.DE,D,20190924,000000,13.2,13.6,12.4,13.6,487,0
NB2.DE,D,20190925,000000,12.4,12.9,12.2,12.2,138,0
NB2.DE,D,20190926,000000,12.2,12.9,11.9,12.4,944,0
NB2.DE,D,20190927,000000,13,13,11.8,11.8,335,0
NB2.DE,D,20190930,000000,12.3,13.2,11.3,12.6,396,0
NB2.DE,D,20191001,000000,12,12.2,11.7,12,1223,0
NB2.DE,D,20191002,000000,11.8,11.8,11.8,11.8,0,0
NB2.DE,D,20191004,000000,12,12,11.8,11.8,150,0
NB2.DE,D,20191007,000000,12.8,12.8,11.6,11.8,624,0
NB2.DE,D,20191008,000000,11.6,11.8,11.6,11.8,1,0
NB2.DE,D,20191009,000000,11.6,12.5,11.3,12.5,3730,0
NB2.DE,D,20191010,000000,12.3,12.3,11.5,11.5,420,0
NB2.DE,D,20191011,000000,11.7,12.1,11.7,11.8,882,0
NB2.DE,D,20191014,000000,12,12,11.8,11.8,29,0
NB2.DE,D,20191015,000000,11.8,11.8,11.8,11.8,0,0
NB2.DE,D,20191016,000000,11.5,11.8,11.5,11.8,47,0
NB2.DE,D,20191017,000000,11.6,11.6,11.5,11.6,400,0
NB2.DE,D,20191018,000000,11.4,11.4,11.4,11.4,0,0
NB2.DE,D,20191021,000000,11.4,11.4,11.4,11.4,0,0
NB2.DE,D,20191022,000000,11.1,11.6,11.1,11.4,360,0
NB2.DE,D,20191023,000000,11.6,11.6,11.4,11.4,395,0
NB2.DE,D,20191024,000000,11.6,12,11.4,11.4,929,0
NB2.DE,D,20191025,000000,11.6,11.7,11.6,11.7,250,0
NB2.DE,D,20191028,000000,12,12,11.8,11.9,664,0
NB2.DE,D,20191029,000000,11.9,12.2,11.9,12.2,295,0
NB2.DE,D,20191030,000000,11.9,11.9,11.9,11.9,0,0
NB2.DE,D,20191031,000000,11.7,11.7,11.2,11.6,628,0
NB2.DE,D,20191101,000000,11.2,11.7,11.2,11.7,35,0
NB2.DE,D,20191104,000000,11.7,11.7,11.7,11.7,10,0
NB2.DE,D,20191105,000000,11.9,12.2,11.9,11.9,802,0
NB2.DE,D,20191106,000000,12,12.3,12,12.3,2575,0
NB2.DE,D,20191107,000000,12.3,12.3,11.8,12,858,0
NB2.DE,D,20191108,000000,11.8,11.8,11.8,11.8,0,0
NB2.DE,D,20191111,000000,11.6,11.8,11.6,11.8,15,0
NB2.DE,D,20191112,000000,12,12,11.8,11.8,50,0
NB2.DE,D,20191113,000000,11.8,11.8,11.8,11.8,0,0
NB2.DE,D,20191114,000000,11.8,11.8,11.5,11.5,201,0
NB2.DE,D,20191115,000000,11.2,11.2,10.9,11.2,2501,0
NB2.DE,D,20191118,000000,11.2,11.2,11,11,79,0
NB2.DE,D,20191121,000000,19,21.6,18,20.2,10048,0
NB2.DE,D,20191122,000000,17.6,21,17.6,20.2,8465,0
NB2.DE,D,20191125,000000,20.4,21.8,17,20.6,16112,0
NB2.DE,D,20191126,000000,21,23,21,22,8529,0
NB2.DE,D,20191127,000000,22.2,22.6,20.2,21.2,4319,0
NB2.DE,D,20191128,000000,20.2,22.6,18.8,22.4,4645,0
NB2.DE,D,20191129,000000,22.4,24.6,21,23.2,3320,0
NB2.DE,D,20191202,000000,21.8,24.2,21.2,22.4,9424,0
NB2.DE,D,20191203,000000,22.2,24.6,22.2,24,14944,0
NB2.DE,D,20191204,000000,24,24.6,23.6,24,4713,0
NB2.DE,D,20191205,000000,24.2,24.2,22.6,23,2947,0
NB2.DE,D,20191206,000000,23,23,21.4,22.2,1267,0
NB2.DE,D,20191209,000000,22.2,22.6,20.6,22.4,3662,0
NB2.DE,D,20191210,000000,21.4,21.4,20.6,21,1839,0
NB2.DE,D,20191211,000000,21,21,19,21,7851,0
NB2.DE,D,20191212,000000,20,20.8,20,20,659,0
NB2.DE,D,20191213,000000,20,20.6,19.4,20.6,1279,0
NB2.DE,D,20191216,000000,20.6,20.6,19.9,19.9,528,0
NB2.DE,D,20191217,000000,19.1,22,18.5,21.4,9377,0
NB2.DE,D,20191218,000000,22,22,21,21.2,4150,0
NB2.DE,D,20191219,000000,21.4,21.6,20.8,21.2,3378,0
NB2.DE,D,20191220,000000,21.4,21.4,20.4,20.8,7528,0
NB2.DE,D,20191223,000000,20.8,20.8,20.8,20.8,40,0
NB2.DE,D,20191227,000000,20.4,21,20,20.4,2500,0
NB2.DE,D,20191230,000000,20,20.6,20,20.2,159,0
NB2.DE,D,20200102,000000,20.4,20.8,20.4,20.4,1451,0
NB2.DE,D,20200103,000000,21,26.4,21,25.4,26712,0
NB2.DE,D,20200106,000000,26,28.2,26,27,6818,0
NB2.DE,D,20200107,000000,28.2,29.6,27.6,29.4,10046,0
NB2.DE,D,20200108,000000,29.6,29.6,25.4,29,6088,0
NB2.DE,D,20200109,000000,29,29.6,28.2,28.6,5547,0
NB2.DE,D,20200110,000000,28.8,29,27,28.6,4628,0
NB2.DE,D,20200113,000000,28.8,28.8,26.6,27.8,1687,0
NB2.DE,D,20200114,000000,28,28.4,25.2,27.8,4544,0
NB2.DE,D,20200115,000000,28,28.2,28,28,1882,0
NB2.DE,D,20200116,000000,28.2,28.2,27.2,27.2,630,0
NB2.DE,D,20200117,000000,27,28.4,27,28,2992,0
NB2.DE,D,20200120,000000,28,28.8,26.2,28,5635,0
NB2.DE,D,20200121,000000,29,29,28,28,2859,0
NB2.DE,D,20200122,000000,28.4,29.2,28.4,28.6,5439,0
NB2.DE,D,20200123,000000,28.4,28.8,27.6,28.2,3913,0
NB2.DE,D,20200124,000000,28.2,28.4,28.2,28.2,543,0
NB2.DE,D,20200127,000000,28.4,31,28.2,30,5944,0
NB2.DE,D,20200128,000000,30,30.6,28,30.6,9059,0
NB2.DE,D,20200129,000000,30.6,33,30.6,33,18837,0
NB2.DE,D,20200130,000000,33.4,34.2,32.2,33.6,8924,0
NB2.DE,D,20200131,000000,33.2,33.4,29,30,9872,0
NB2.DE,D,20200203,000000,30.2,30.4,29,29.4,2999,0
NB2.DE,D,20200204,000000,29.8,30.2,29.4,30.2,11849,0
NB2.DE,D,20200205,000000,30.8,32,30.8,31.4,3437,0
NB2.DE,D,20200206,000000,31.6,32.4,29.4,30.6,2891,0
NB2.DE,D,20200207,000000,31,32.2,27,29.8,9421,0
NB2.DE,D,20200210,000000,30.2,32,30,32,20583,0
NB2.DE,D,20200211,000000,32,35,31.4,35,9290,0
NB2.DE,D,20200212,000000,34.8,35,33.6,34.2,3390,0
NB2.DE,D,20200213,000000,34.2,36.8,34.2,36.2,12400,0
NB2.DE,D,20200214,000000,36.6,38.8,36,38.8,22939,0
NB2.DE,D,20200217,000000,38.6,42,36.8,41.6,27598,0
NB2.DE,D,20200218,000000,41.6,42.4,40.6,41.6,14208,0
NB2.DE,D,20200219,000000,41,41.2,38,39.4,7203,0
NB2.DE,D,20200220,000000,39.6,41,36.6,36.8,8724,0
NB2.DE,D,20200221,000000,37,39.6,36.4,37,11868,0
NB2.DE,D,20200224,000000,37.4,38.8,36.8,37.8,8053,0
NB2.DE,D,20200225,000000,37.4,38.4,35,35.4,9629,0
NB2.DE,D,20200226,000000,33,34.2,31,32.6,21937,0
NB2.DE,D,20200227,000000,32.2,32.6,31.2,32,4398,0
NB2.DE,D,20200228,000000,29.4,30.8,27.6,30.6,15404,0
NB2.DE,D,20200302,000000,32,38.4,30.8,36.2,9259,0
NB2.DE,D,20200303,000000,38,42,37.6,40.8,15044,0
NB2.DE,D,20200304,000000,40,41.6,38,40.4,4035,0
NB2.DE,D,20200305,000000,39.8,41.2,37,39.8,9690,0
NB2.DE,D,20200306,000000,39.8,40,36.4,37.2,4209,0
NB2.DE,D,20200309,000000,36,36,31.6,32,13963,0
NB2.DE,D,20200310,000000,33.2,34.4,30,32.2,10000,0
NB2.DE,D,20200311,000000,32.6,34.8,29.6,30.2,8268,0
NB2.DE,D,20200312,000000,28.4,30,24,27,9493,0
NB2.DE,D,20200313,000000,28,31.2,26,26.6,4643,0
NB2.DE,D,20200316,000000,26.8,31,24,30.6,15605,0
NB2.DE,D,20200317,000000,30,30,26.2,30,4537,0
NB2.DE,D,20200318,000000,29,31,26.4,27.6,5210,0
NB2.DE,D,20200319,000000,28,30.8,26.6,30.8,3517,0
NB2.DE,D,20200320,000000,30.4,30.4,26,26.8,15187,0
NB2.DE,D,20200323,000000,26.2,26.8,24,24,11854,0
NB2.DE,D,20200324,000000,25.2,27.8,24,27.6,18560,0
NB2.DE,D,20200325,000000,28,29,24.4,26.4,16655,0
NB2.DE,D,20200326,000000,27.6,27.6,24,25.8,2508,0
NB2.DE,D,20200327,000000,25.2,27.4,24.4,24.8,3259,0
NB2.DE,D,20200330,000000,28,35.6,28,35.4,36520,0
NB2.DE,D,20200331,000000,36.4,40,35.4,39.8,23183,0
NB2.DE,D,20200401,000000,40,43.6,37.7,38.8,24537,0
NB2.DE,D,20200402,000000,39,42,38.2,40.3,13738,0
NB2.DE,D,20200403,000000,40.8,45,39.4,42.9,11746,0
NB2.DE,D,20200406,000000,45.6,50,45.6,49.4,43345,0
NB2.DE,D,20200407,000000,50.4,50.6,47,50.6,17805,0
NB2.DE,D,20200408,000000,51.2,51.8,47.5,47.5,23076,0
NB2.DE,D,20200409,000000,46.5,49.8,46,47.8,88302,0
NB2.DE,D,20200414,000000,50.2,51.6,49.3,49.3,20284,0
NB2.DE,D,20200415,000000,50,50.2,47.5,48.4,15997,0
NB2.DE,D,20200416,000000,48.7,49.8,47.5,48.4,14449,0
NB2.DE,D,20200417,000000,48.4,48.9,45,47.1,16906,0
NB2.DE,D,20200420,000000,48.5,48.7,46.7,48.4,22557,0
NB2.DE,D,20200421,000000,48.2,48.5,47.4,48.4,13490,0
NB2.DE,D,20200422,000000,48.9,48.9,46.5,47,8369,0
NB2.DE,D,20200423,000000,46.7,48,46.4,47.2,9344,0
NB2.DE,D,20200424,000000,47.2,47.4,45.4,46.7,9393,0
NB2.DE,D,20200427,000000,47,49.7,46,46.6,17540,0
NB2.DE,D,20200428,000000,47.2,47.4,44.5,44.6,16337,0
NB2.DE,D,20200429,000000,45,45.7,44,44.7,18561,0
NB2.DE,D,20200430,000000,46.2,47,45.1,45.1,4818,0
NB2.DE,D,20200504,000000,44.9,45,44.1,45,3962,0
NB2.DE,D,20200505,000000,44.9,47.8,43.6,45.9,13816,0
NB2.DE,D,20200506,000000,46.2,47.8,45.4,45.5,16565,0
NB2.DE,D,20200507,000000,46.6,49.6,46.6,49.6,19719,0
NB2.DE,D,20200508,000000,49.4,50.6,47.9,50.4,28585,0
NB2.DE,D,20200511,000000,49.8,50.6,47,48.2,28857,0
NB2.DE,D,20200512,000000,48.1,50.8,46.8,49.9,25663,0
NB2.DE,D,20200513,000000,48.9,49.1,46.8,47.4,15608,0
NB2.DE,D,20200514,000000,46.9,47,45.4,46.4,8994,0
NB2.DE,D,20200515,000000,47.4,49.3,46,46.2,13337,0
NB2.DE,D,20200518,000000,47.2,49.6,46.8,48.4,13549,0
NB2.DE,D,20200519,000000,48.1,50,48.1,49.8,13556,0
NB2.DE,D,20200520,000000,50,56.8,50,54.2,69780,0
NB2.DE,D,20200521,000000,54.8,56.8,54.8,54.8,17165,0
NB2.DE,D,20200522,000000,54.8,56,54.8,54.8,10002,0
NB2.DE,D,20200525,000000,59,65.6,58.4,63.4,81971,0
NB2.DE,D,20200526,000000,66.6,66.6,62.2,62.8,30116,0
NB2.DE,D,20200527,000000,63,63.8,55.4,58,39802,0
NB2.DE,D,20200528,000000,60,60.8,56.4,57,14566,0
NB2.DE,D,20200529,000000,56.6,57,55.4,55.6,15119,0
NB2.DE,D,20200602,000000,59.6,59.6,56.2,57,20265,0
NB2.DE,D,20200603,000000,57.4,61,56.2,60.2,21710,0
NB2.DE,D,20200604,000000,60,60.2,56.6,57.4,17060,0
NB2.DE,D,20200605,000000,57,60,50.4,55,37246,0
NB2.DE,D,20200608,000000,54.8,55,49.2,54.4,43321,0
NB2.DE,D,20200609,000000,51.2,52.8,48.7,52,29687,0
NB2.DE,D,20200610,000000,54.6,58,52.2,54.2,58914,0
NB2.DE,D,20200611,000000,56.2,56.2,50.4,50.8,12445,0
NB2.DE,D,20200612,000000,51,52.6,49.4,52.2,39751,0
NB2.DE,D,20200615,000000,52.2,52.2,48,49.5,18002,0
NB2.DE,D,20200616,000000,51.2,53.6,50,51.8,28594,0
NB2.DE,D,20200617,000000,55.6,63.8,54.6,62.2,117638,0
NB2.DE,D,20200618,000000,61.8,67.6,61,64.4,68063,0
NB2.DE,D,20200619,000000,65,69,62.6,67.6,106647,0
NB2.DE,D,20200622,000000,69,69.2,65.4,68.6,44683,0
NB2.DE,D,20200623,000000,69.4,73.2,68.4,70.2,31969,0
NB2.DE,D,20200624,000000,70.8,78.4,70.8,75.6,56127,0
NB2.DE,D,20200625,000000,76,76,71.8,75.4,42292,0
NB2.DE,D,20200626,000000,76,77,74.2,75.6,32479,0
NB2.DE,D,20200629,000000,76,77.2,72.8,73.8,49957,0
NB2.DE,D,20200630,000000,76,77.2,73,73.4,33678,0
NB2.DE,D,20200701,000000,75.2,75.8,72.6,75,15529,0
NB2.DE,D,20200702,000000,74.8,76,72.6,75.2,38733,0
NB2.DE,D,20200703,000000,76,82.4,76,79,66157,0
NB2.DE,D,20200706,000000,81.8,81.8,76.2,79,61569,0
NB2.DE,D,20200707,000000,79.8,79.8,73.6,76,39056,0
NB2.DE,D,20200708,000000,77.8,80.2,77,79,22778,0
NB2.DE,D,20200709,000000,79,81,75.4,76,23292,0
NB2.DE,D,20200710,000000,76.2,78.2,75,78.2,14024,0
NB2.DE,D,20200713,000000,79,79,76,79,10375,0
NB2.DE,D,20200714,000000,77.8,77.8,72,74.6,24476,0
NB2.DE,D,20200715,000000,74.8,76.2,40.7,49.4,456514,0
NB2.DE,D,20200716,000000,56.2,57,39.1,51.6,225099,0
NB2.DE,D,20200717,000000,50.8,51.2,43.1,48,137288,0
NB2.DE,D,20200720,000000,45.9,49.7,41.6,46,95523,0
NB2.DE,D,20200721,000000,50.2,51.8,44.1,46,98006,0
NB2.DE,D,20200722,000000,46.1,51.4,46,50.8,26550,0
NB2.DE,D,20200723,000000,51.2,52.2,48.6,50.4,27375,0
NB2.DE,D,20200724,000000,50,50,47,48.1,21473,0
NB2.DE,D,20200727,000000,49,49.5,47.2,48.5,13967,0
NB2.DE,D,20200728,000000,48.4,51.8,47,51,26430,0
NB2.DE,D,20200729,000000,51.2,51.6,48.3,49.8,27836,0
NB2.DE,D,20200730,000000,49.8,50,46.1,46.3,20396,0
NB2.DE,D,20200731,000000,48.1,51.6,48,51.6,61712,0
NB2.DE,D,20200803,000000,52.4,53.8,49.6,50,21762,0
NB2.DE,D,20200804,000000,51,51.6,47.8,49.8,14492,0
NB2.DE,D,20200805,000000,50,50.4,47.5,47.7,19353,0
NB2.DE,D,20200806,000000,48.9,49.4,48.5,49,5190,0
NB2.DE,D,20200807,000000,48.9,53,47.8,50.8,29479,0
NB2.DE,D,20200810,000000,51.2,51.4,49.8,49.8,10138,0
NB2.DE,D,20200811,000000,50.2,53.4,50.2,52.8,9802,0
NB2.DE,D,20200812,000000,53,55.2,52.2,54.4,9976,0
NB2.DE,D,20200813,000000,54.6,58.8,54.2,58.8,24752,0
NB2.DE,D,20200814,000000,59.4,60,55.6,59.8,21776,0
NB2.DE,D,20200817,000000,59.8,60,51.6,54,22380,0
NB2.DE,D,20200818,000000,54.8,61.8,54.8,57,24998,0
NB2.DE,D,20200819,000000,57.2,60.4,57,60.2,17850,0
NB2.DE,D,20200820,000000,60,60,57,58.6,9189,0
NB2.DE,D,20200821,000000,58.2,59,54.6,57.2,16179,0
NB2.DE,D,20200824,000000,57.2,58,53,55.8,31951,0
NB2.DE,D,20200825,000000,56,57.4,53.6,57.4,11509,0
NB2.DE,D,20200826,000000,57,58.8,55,57.6,10053,0
NB2.DE,D,20200827,000000,57.2,60.6,56.2,60.6,24183,0
NB2.DE,D,20200828,000000,60,61.4,59,61.4,9362,0
NB2.DE,D,20200831,000000,61.8,68,61.4,65.6,59077,0
NB2.DE,D,20200901,000000,67.6,68.8,66.4,68,17399,0
NB2.DE,D,20200902,000000,69.4,70.8,67.8,70.4,19877,0
NB2.DE,D,20200903,000000,71,71,66.2,67.6,32425,0
NB2.DE,D,20200904,000000,63.6,66.2,60.4,65,24370,0
NB2.DE,D,20200907,000000,66.6,69,66.2,68.4,8089,0
NB2.DE,D,20200908,000000,68.2,69,63.4,65.4,30669,0
NB2.DE,D,20200909,000000,63.8,69.8,63.4,64.6,27542,0
NB2.DE,D,20200910,000000,64,64,62.2,63.2,5882,0
NB2.DE,D,20200911,000000,62.2,63.2,50,58.6,73009,0
NB2.DE,D,20200914,000000,60,60.8,55.8,57.4,79660,0
NB2.DE,D,20200915,000000,57,62.2,54.6,57.4,67062,0
NB2.DE,D,20200916,000000,57.6,59.2,53.2,54.6,51195,0
NB2.DE,D,20200917,000000,54.8,55,53.2,53.8,13863,0
NB2.DE,D,20200918,000000,53.8,57.8,53.2,57.8,14289,0
NB2.DE,D,20200921,000000,57,57,53.4,55.6,22002,0
NB2.DE,D,20200922,000000,55.2,55.6,54,55.4,7463,0
NB2.DE,D,20200923,000000,53.6,55,53.2,54,13573,0
NB2.DE,D,20200924,000000,53.8,53.8,50.2,51.6,16901,0
NB2.DE,D,20200925,000000,51,52.6,46.4,52.6,34055,0
NB2.DE,D,20200928,000000,53,55.2,51.8,52.4,14840,0
NB2.DE,D,20200929,000000,53.6,54.4,49.9,50.8,14080,0
NB2.DE,D,20200930,000000,52,53.6,50,53,13132,0
NB2.DE,D,20201001,000000,54.8,55,50.6,51.2,8157,0
NB2.DE,D,20201002,000000,50.2,51.8,49.7,51.8,14641,0
NB2.DE,D,20201005,000000,51.2,51.2,48.1,49.8,10066,0
NB2.DE,D,20201006,000000,49.3,49.3,45.5,47.4,25801,0
NB2.DE,D,20201007,000000,47.7,54.6,47.7,52.2,29995,0
NB2.DE,D,20201008,000000,53.4,55,51.2,51.2,33311,0
NB2.DE,D,20201009,000000,51.6,52.6,49.3,51.4,15147,0
NB2.DE,D,20201012,000000,51.8,54,51.4,54,19135,0
NB2.DE,D,20201013,000000,54,54.4,51.8,54.4,7079,0
NB2.DE,D,20201014,000000,54,54.2,52.4,53.8,7665,0
NB2.DE,D,20201015,000000,52.6,52.6,49.1,51.4,24067,0
NB2.DE,D,20201016,000000,51.6,52,50.8,52,5817,0
NB2.DE,D,20201019,000000,51.6,51.6,49.5,49.9,5983,0
NB2.DE,D,20201020,000000,49.6,50.4,49.5,50,5394,0
NB2.DE,D,20201021,000000,50,50.6,49.8,50,7824,0
NB2.DE,D,20201022,000000,49.6,50.2,49,49.1,16236,0
NB2.DE,D,20201023,000000,49.6,49.8,49,49.1,5711,0
NB2.DE,D,20201026,000000,49.5,49.7,49,49,10506,0
NB2.DE,D,20201027,000000,49.1,49.1,46.9,47.5,18782,0
NB2.DE,D,20201028,000000,46.6,46.7,40,43,43074,0
NB2.DE,D,20201029,000000,42.5,43,41.2,43,16429,0
NB2.DE,D,20201030,000000,41.7,42.5,40.8,42.5,20542,0
NB2.DE,D,20201102,000000,41.9,44.2,41.8,43.9,10016,0
NB2.DE,D,20201103,000000,44.3,46.9,44.3,45,11354,0
NB2.DE,D,20201104,000000,45.4,47,43.9,46.1,17184,0
NB2.DE,D,20201105,000000,46.9,49.1,46,47.4,20604,0
NB2.DE,D,20201106,000000,47.7,48.2,46.1,48.2,6105,0
NB2.DE,D,20201109,000000,48.1,49.3,46.6,48.2,10759,0
NB2.DE,D,20201110,000000,48,48,45.4,47.2,13634,0
NB2.DE,D,20201111,000000,46.4,49.2,45.1,48,12842,0
NB2.DE,D,20201112,000000,47.9,48,46.2,48,10456,0
NB2.DE,D,20201113,000000,46.5,48,46.4,48,3996,0
NB2.DE,D,20201116,000000,47.5,49.3,47,48.4,17883,0
NB2.DE,D,20201117,000000,48.4,55,47.4,55,41681,0
NB2.DE,D,20201118,000000,53.4,55.6,53.4,55.2,18189,0
NB2.DE,D,20201119,000000,55.2,59.8,54.4,59.8,34310,0
NB2.DE,D,20201120,000000,60,62,55,58.2,35229,0
NB2.DE,D,20201123,000000,60.2,61,57.6,60,18612,0
NB2.DE,D,20201124,000000,59.8,59.8,56.8,59.4,29182,0
NB2.DE,D,20201125,000000,58,63,57.6,63,27350,0
NB2.DE,D,20201126,000000,61.4,61.4,58,60,17379,0
NB2.DE,D,20201127,000000,59.8,61.2,59.2,60.6,20735,0
NB2.DE,D,20201130,000000,61.4,62.2,58.8,60,20839,0
NB2.DE,D,20201201,000000,60,60,58,59.8,11650,0
NB2.DE,D,20201202,000000,59.2,59.2,56,56.2,19853,0
NB2.DE,D,20201203,000000,56.4,57.8,56.4,57.6,9499,0
NB2.DE,D,20201204,000000,57.6,61.8,56.8,60.6,46411,0
NB2.DE,D,20201207,000000,61.6,62.2,57.4,58.6,12754,0
NB2.DE,D,20201208,000000,58.6,59,57.2,57.2,7396,0
NB2.DE,D,20201209,000000,57,58.2,54.2,57,14330,0
NB2.DE,D,20201210,000000,57.2,57.2,54.2,57,17437,0
NB2.DE,D,20201211,000000,57.4,57.8,54.8,56.6,9579,0
NB2.DE,D,20201214,000000,56,60,49.8,58.6,101809,0
NB2.DE,D,20201215,000000,60.4,64,60.2,62.8,85942,0
NB2.DE,D,20201216,000000,64,64.6,57.8,57.8,71010,0
NB2.DE,D,20201217,000000,62,62.4,59.4,61.6,85271,0
NB2.DE,D,20201218,000000,61.2,68,61.2,64,81174,0
NB2.DE,D,20201221,000000,61.4,65.4,60,65.2,33941,0
NB2.DE,D,20201222,000000,64.4,66.8,62.6,66.6,31239,0
NB2.DE,D,20201223,000000,66.6,70,66.6,69,31102,0
NB2.DE,D,20201228,000000,73.2,82,72,81,91569,0
NB2.DE,D,20201229,000000,78.8,80,75.2,76.8,46005,0
NB2.DE,D,20201230,000000,78.6,79.4,76.6,77,17443,0
NB2.DE,D,20210104,000000,82,94.6,80.4,86.8,154221,0
NB2.DE,D,20210105,000000,87,92.2,86,91,35769,0
NB2.DE,D,20210106,000000,91.6,92.2,87.4,89.6,27016,0
NB2.DE,D,20210107,000000,90.6,100,90.4,100,150275,0
NB2.DE,D,20210108,000000,101,101.5,93,96,62617,0
NB2.DE,D,20210111,000000,86.8,92.2,82.6,91,99558,0
NB2.DE,D,20210112,000000,92.2,92.2,87,87.8,47162,0
NB2.DE,D,20210113,000000,89.2,90.8,88.2,88.6,30774,0
NB2.DE,D,20210114,000000,88,95.4,87,93.2,94783,0
NB2.DE,D,20210115,000000,94,96,88.8,90,72624,0
NB2.DE,D,20210118,000000,91.6,92.2,87.4,87.4,30867,0
NB2.DE,D,20210119,000000,89.6,89.8,87.2,88.4,26218,0
NB2.DE,D,20210120,000000,90.2,90.2,87.2,88,31601,0
NB2.DE,D,20210121,000000,88,88.8,80.4,83.6,64737,0
NB2.DE,D,20210122,000000,83.6,84.6,78.6,81,54407,0
NB2.DE,D,20210125,000000,83.2,86.6,81.2,82.6,35047,0
NB2.DE,D,20210126,000000,82,83,80,82,36049,0
NB2.DE,D,20210127,000000,80.8,81.8,72.2,77,73310,0
NB2.DE,D,20210128,000000,77.2,77.8,72.8,76.6,54417,0
NB2.DE,D,20210129,000000,78.8,81.8,76.2,78.8,54064,0
NB2.DE,D,20210201,000000,77,80.6,76.4,76.6,16063,0
NB2.DE,D,20210202,000000,79.8,84.2,79.4,82,20153,0
NB2.DE,D,20210203,000000,83.8,85.6,80.8,81.6,21301,0
NB2.DE,D,20210204,000000,82.2,86.4,81.6,86.4,29860,0
NB2.DE,D,20210205,000000,86,89.2,84,88.8,56928,0
NB2.DE,D,20210208,000000,88.8,94,86.6,93.6,70294,0
NB2.DE,D,20210209,000000,95.2,110,93.6,109,155483,0
NB2.DE,D,20210210,000000,106,115.5,102.5,110,125351,0
NB2.DE,D,20210211,000000,114.5,114.5,102.5,111,80194,0
NB2.DE,D,20210212,000000,111,125,109.5,121.5,96542,0
NB2.DE,D,20210215,000000,135.5,143,129.5,130,103214,0
NB2.DE,D,20210216,000000,131.5,141.5,123.5,138.5,83909,0
NB2.DE,D,20210217,000000,138,142,132.5,135.5,47073,0
NB2.DE,D,20210218,000000,133,135.5,126,129.5,49900,0
NB2.DE,D,20210219,000000,125,138,120,135.5,51314,0
NB2.DE,D,20210222,000000,134,135.5,123.5,124,61718,0
NB2.DE,D,20210223,000000,120.5,127,105,113,146712,0
NB2.DE,D,20210224,000000,119.5,121.5,109.5,112,41896,0
NB2.DE,D,20210225,000000,114.5,116.5,109,111,24211,0
NB2.DE,D,20210226,000000,103,104,94.8,102,195722,0
NB2.DE,D,20210301,000000,103.5,109.5,103,105.5,37682,0
NB2.DE,D,20210302,000000,108.5,110,104,107.5,27746,0
NB2.DE,D,20210303,000000,107.5,112,98,104.5,44351,0
NB2.DE,D,20210304,000000,101,101,93.2,95.6,52921,0
NB2.DE,D,20210305,000000,89.6,95.8,84.6,90.2,90606,0
NB2.DE,D,20210308,000000,96,101,92.4,96.6,84894,0
NB2.DE,D,20210309,000000,105,105,96.6,102,46289,0
NB2.DE,D,20210310,000000,103,104.5,95.6,97,42366,0
NB2.DE,D,20210311,000000,98.2,103,98.2,103,27202,0
NB2.DE,D,20210312,000000,99.8,104.5,99,100.5,26155,0
NB2.DE,D,20210315,000000,103.5,104,96.8,99.2,28581,0
NB2.DE,D,20210316,000000,98.8,102,98,102,32554,0
NB2.DE,D,20210317,000000,101.5,102.5,99.8,101.5,33780,0
NB2.DE,D,20210318,000000,101,101.5,99.6,100,15810,0
NB2.DE,D,20210319,000000,100.5,102,96.4,101,25653,0
NB2.DE,D,20210322,000000,101.5,104.5,100.5,104,27496,0
NB2.DE,D,20210323,000000,102,110,98.8,109.5,55002,0
NB2.DE,D,20210324,000000,106,109.5,102.5,104,22896,0
NB2.DE,D,20210325,000000,101.5,102.5,94.4,97,68348,0
NB2.DE,D,20210326,000000,98.2,102,98,100.5,19143,0
NB2.DE,D,20210329,000000,99.8,104,99.4,100.5,39362,0
NB2.DE,D,20210330,000000,99.6,103,97.8,102.5,23099,0
NB2.DE,D,20210331,000000,100.5,104.5,95.6,102.5,35706,0
NB2.DE,D,20210401,000000,103.6,106,101,102,20798,0
NB2.DE,D,20210406,000000,105.8,106,100.8,105.4,21507,0
NB2.DE,D,20210407,000000,104.6,109.4,99.7,109.2,52775,0
NB2.DE,D,20210408,000000,108.2,134,98.3,109.2,311597,0
NB2.DE,D,20210409,000000,110,110,100,103.8,97376,0
NB2.DE,D,20210412,000000,104.6,109.8,104.2,107,47182,0
NB2.DE,D,20210413,000000,108.2,117.6,107,115.6,53881,0
NB2.DE,D,20210414,000000,118.2,126.2,115.6,117.6,117884,0
NB2.DE,D,20210415,000000,116.8,117.6,111.8,115,44376,0
NB2.DE,D,20210416,000000,113.2,113.6,103.2,104.6,76596,0
NB2.DE,D,20210419,000000,103.8,105,90.9,90.9,128344,0
NB2.DE,D,20210420,000000,94.9,95.8,87.1,88.6,147101,0
NB2.DE,D,20210421,000000,90.6,91.4,82.3,85,121326,0
NB2.DE,D,20210422,000000,85.6,96,85.3,93.7,79733,0
NB2.DE,D,20210423,000000,89.1,91.6,87.1,89.6,50658,0
NB2.DE,D,20210426,000000,92.9,93.2,89.6,91.1,65278,0
NB2.DE,D,20210427,000000,90.7,93.1,89.4,92.2,61624,0
NB2.DE,D,20210428,000000,92,94.4,90.2,92.6,38553,0
NB2.DE,D,20210429,000000,92,98.2,91,95.6,45508,0
NB2.DE,D,20210430,000000,95.8,98.9,92.8,97,41690,0
NB2.DE,D,20210503,000000,98.6,106.2,97.8,102.4,78772,0
NB2.DE,D,20210504,000000,101.4,102.4,92.1,92.1,44468,0
NB2.DE,D,20210505,000000,94.5,102,94.5,101,41045,0
NB2.DE,D,20210506,000000,97.9,100,94.1,95.9,31287,0
NB2.DE,D,20210507,000000,95.4,97.6,93.1,97.3,26038,0
NB2.DE,D,20210510,000000,96.8,97.6,91.1,92,26750,0
NB2.DE,D,20210511,000000,91.9,92,87,91.4,60814,0
NB2.DE,D,20210512,000000,91.9,91.9,82.3,82.4,76262,0
NB2.DE,D,20210513,000000,76.3,78.9,68.1,77.6,126986,0
NB2.DE,D,20210514,000000,76.8,81.5,75.1,79,77973,0
NB2.DE,D,20210517,000000,76.6,85.6,76.3,84.7,58490,0
NB2.DE,D,20210518,000000,82.4,87,81.2,83.4,35942,0
NB2.DE,D,20210519,000000,77.9,81.6,70.2,76.3,86679,0
NB2.DE,D,20210520,000000,78.5,83.2,76.6,83.1,45094,0
NB2.DE,D,20210521,000000,81.3,82.4,78.8,80.5,24179,0
NB2.DE,D,20210525,000000,82.1,86.7,82.1,86.7,45108,0
NB2.DE,D,20210526,000000,88.3,91.5,87.5,89.5,33034,0
NB2.DE,D,20210527,000000,89.6,92.8,86.8,92.6,195290,0
NB2.DE,D,20210528,000000,90,93.4,87.1,93.1,42115,0
NB2.DE,D,20210531,000000,90.4,93.4,89,92.4,19938,0
NB2.DE,D,20210601,000000,93.1,97.3,93.1,94.8,41468,0
NB2.DE,D,20210602,000000,94.9,94.9,89.1,91,28941,0
NB2.DE,D,20210603,000000,91.4,91.4,88.7,90.2,14859,0
NB2.DE,D,20210604,000000,90,90.6,88.7,90.2,14368,0
NB2.DE,D,20210607,000000,89.7,89.9,83.3,86.4,44295,0
NB2.DE,D,20210608,000000,85.8,86.4,80,82.1,40644,0
NB2.DE,D,20210609,000000,84.3,85.6,82.6,83,15045,0
NB2.DE,D,20210610,000000,85.6,86,82,82.5,15398,0
NB2.DE,D,20210611,000000,83,83.4,77.6,79.2,51677,0
NB2.DE,D,20210614,000000,80,88.2,79.7,87.7,66704,0
NB2.DE,D,20210615,000000,86.9,88.3,84.9,86.9,26398,0
NB2.DE,D,20210616,000000,86.8,88.5,84.5,84.9,14053,0
NB2.DE,D,20210617,000000,81.6,84.7,80.2,84.7,39111,0
NB2.DE,D,20210618,000000,84.5,85,81.6,82.1,19812,0
NB2.DE,D,20210621,000000,81.2,82.1,76.9,78,32138,0
NB2.DE,D,20210622,000000,77.4,79.2,73.5,75.8,30067,0
NB2.DE,D,20210623,000000,77.7,78.9,76.2,77.5,18554,0
NB2.DE,D,20210624,000000,77,80.9,77,80,12108,0
NB2.DE,D,20210625,000000,79.4,81.2,79.2,80.5,10696,0
NB2.DE,D,20210628,000000,79.2,79.6,76.9,77.9,23751,0
NB2.DE,D,20210629,000000,78.4,81.9,78.4,81.2,32657,0
NB2.DE,D,20210630,000000,81.2,82.8,78.9,81.6,31542,0
NB2.DE,D,20210701,000000,82,84.2,80,83.8,27982,0
NB2.DE,D,20210702,000000,83.2,83.2,81,83.2,14601,0
NB2.DE,D,20210705,000000,83.1,85.8,82.3,84.2,28714,0
NB2.DE,D,20210706,000000,83.5,85.7,81.6,85.3,25098,0
NB2.DE,D,20210707,000000,84.4,84.6,80,80.4,14009,0
NB2.DE,D,20210708,000000,80.6,81.8,75.9,77.1,30417,0
NB2.DE,D,20210709,000000,77.6,79.2,74.9,76,20370,0
NB2.DE,D,20210712,000000,76.3,81,76.3,80.6,14127,0
NB2.DE,D,20210713,000000,80.6,81.6,78.3,80.9,17313,0
NB2.DE,D,20210714,000000,80.4,82.5,75.7,76,12367,0
NB2.DE,D,20210715,000000,76,78.1,72.9,73.8,32774,0
NB2.DE,D,20210716,000000,73.3,77.5,73.3,77.4,22155,0
NB2.DE,D,20210719,000000,76.6,76.7,69,71.6,40061,0
NB2.DE,D,20210720,000000,69.1,72.9,67.3,72,29260,0
NB2.DE,D,20210721,000000,72.1,76.2,72.1,76,17574,0
NB2.DE,D,20210722,000000,76.1,82.8,76.1,81.4,32693,0
NB2.DE,D,20210723,000000,80.8,81.4,78.9,80.9,17055,0
NB2.DE,D,20210726,000000,83.3,84.3,77.3,78,52309,0
NB2.DE,D,20210727,000000,76.8,77.4,74,74.3,18960,0
NB2.DE,D,20210728,000000,74.8,75.9,72.6,73.9,26864,0
NB2.DE,D,20210729,000000,74.1,76.6,73.5,75.8,29625,0
NB2.DE,D,20210730,000000,75.3,76.8,71.6,72.3,32351,0
NB2.DE,D,20210802,000000,73.1,73.4,61.4,63.5,119156,0
NB2.DE,D,20210803,000000,61.8,61.9,40.2,55.5,530975,0
NB2.DE,D,20210804,000000,52.6,64.8,51.1,61.6,157671,0
NB2.DE,D,20210805,000000,60,67.2,60,65.2,84899,0
NB2.DE,D,20210806,000000,62.6,64.5,59.6,63.8,70697,0
NB2.DE,D,20210809,000000,62.6,67,62.3,65.4,52322,0
NB2.DE,D,20210810,000000,64.9,69.3,64.4,69.3,39038,0
NB2.DE,D,20210811,000000,68.7,71.6,66.6,70.2,31609,0
NB2.DE,D,20210812,000000,70,74.6,68,74.2,142178,0
NB2.DE,D,20210813,000000,73.8,78.5,72.9,74.3,36564,0
NB2.DE,D,20210816,000000,71.7,73.2,70.5,72.5,42612,0
NB2.DE,D,20210817,000000,72.3,76.1,71.5,71.8,50508,0
NB2.DE,D,20210818,000000,69.6,74.1,67.1,74,87257,0
NB2.DE,D,20210819,000000,71.7,73.3,70.4,70.5,32743,0
NB2.DE,D,20210820,000000,71.1,72.8,69,72.2,24172,0
NB2.DE,D,20210823,000000,73,74.3,72.6,73.7,11067,0
NB2.DE,D,20210824,000000,74.2,76,73.3,73.3,15047,0
