<TICKER>,<PER>,<DATE>,<TIME>,<OPEN>,<HIGH>,<LOW>,<CLOSE>,<VOL>,<OPENINT>
NFS.DE,D,20070102,000000,33.389524,33.389524,33.389524,33.389524,0,0
NFS.DE,D,20070103,000000,34.412854,34.412854,34.412854,34.412854,13,0
NFS.DE,D,20070104,000000,34.412854,34.412854,34.412854,34.412854,0,0
NFS.DE,D,20070105,000000,34.412854,34.412854,34.412854,34.412854,0,0
NFS.DE,D,20070108,000000,34.412854,34.412854,34.412854,34.412854,0,0
NFS.DE,D,20070109,000000,34.412854,34.412854,34.412854,34.412854,0,0
NFS.DE,D,20070110,000000,34.412854,34.412854,34.412854,34.412854,0,0
NFS.DE,D,20070115,000000,34.412854,34.412854,34.412854,34.412854,0,0
NFS.DE,D,20070116,000000,34.412854,34.412854,34.412854,34.412854,0,0
NFS.DE,D,20070117,000000,34.412854,34.412854,34.412854,34.412854,0,0
NFS.DE,D,20070118,000000,34.412854,34.412854,34.412854,34.412854,0,0
NFS.DE,D,20070119,000000,36.848921,36.848921,36.848921,36.848921,10,0
NFS.DE,D,20070122,000000,36.848921,36.848921,36.848921,36.848921,0,0
NFS.DE,D,20070123,000000,36.848921,36.848921,36.848921,36.848921,0,0
NFS.DE,D,20070124,000000,36.848921,36.848921,36.848921,36.848921,0,0
NFS.DE,D,20070125,000000,36.658745,36.658745,36.658745,36.658745,25,0
NFS.DE,D,20070126,000000,35.834648,35.834648,35.834648,35.834648,25,0
NFS.DE,D,20070129,000000,35.834648,35.834648,35.834648,35.834648,6,0
NFS.DE,D,20070130,000000,35.834648,35.834648,35.834648,35.834648,0,0
NFS.DE,D,20070131,000000,35.988174,35.988174,35.988174,35.988174,0,0
NFS.DE,D,20070201,000000,35.988174,35.988174,35.988174,35.988174,0,0
NFS.DE,D,20070202,000000,35.988174,35.988174,35.988174,35.988174,0,0
NFS.DE,D,20070205,000000,35.988174,35.988174,35.988174,35.988174,0,0
NFS.DE,D,20070206,000000,35.988174,35.988174,35.988174,35.988174,0,0
NFS.DE,D,20070207,000000,38.198213,38.198213,38.198213,38.198213,7,0
NFS.DE,D,20070208,000000,38.198213,38.198213,38.198213,38.198213,0,0
NFS.DE,D,20070209,000000,38.198213,38.198213,38.198213,38.198213,0,0
NFS.DE,D,20070212,000000,38.198213,38.198213,38.198213,38.198213,0,0
NFS.DE,D,20070213,000000,38.198213,38.198213,38.198213,38.198213,0,0
NFS.DE,D,20070214,000000,38.198213,38.198213,38.198213,38.198213,0,0
NFS.DE,D,20070215,000000,38.198213,38.198213,38.198213,38.198213,0,0
NFS.DE,D,20070216,000000,38.198213,38.198213,38.198213,38.198213,0,0
NFS.DE,D,20070219,000000,38.289161,38.289161,38.289161,38.289161,11,0
NFS.DE,D,20070220,000000,38.289161,38.289161,38.289161,38.289161,0,0
NFS.DE,D,20070221,000000,38.289161,38.289161,38.289161,38.289161,0,0
NFS.DE,D,20070222,000000,34.869512,34.869512,34.869512,34.869512,35,0
NFS.DE,D,20070226,000000,34.869512,34.869512,34.869512,34.869512,0,0
NFS.DE,D,20070227,000000,34.869512,34.869512,34.869512,34.869512,0,0
NFS.DE,D,20070228,000000,34.869512,34.869512,34.869512,34.869512,0,0
NFS.DE,D,20070301,000000,33.323394,33.323394,33.323394,33.323394,100,0
NFS.DE,D,20070302,000000,33.323394,33.323394,33.323394,33.323394,0,0
NFS.DE,D,20070305,000000,33.323394,33.323394,33.323394,33.323394,0,0
NFS.DE,D,20070306,000000,33.323394,33.323394,33.323394,33.323394,0,0
NFS.DE,D,20070307,000000,31.377104,31.377104,31.377104,31.377104,262,0
NFS.DE,D,20070308,000000,32.7868,32.7868,32.7868,32.7868,299,0
NFS.DE,D,20070309,000000,33.077834,33.077834,33.077834,33.077834,70,0
NFS.DE,D,20070312,000000,32.568524,32.568524,32.568524,32.568524,52,0
NFS.DE,D,20070313,000000,33.432531,33.432531,33.432531,33.432531,30,0
NFS.DE,D,20070314,000000,32.832274,32.832274,32.832274,32.832274,100,0
NFS.DE,D,20070315,000000,32.832274,32.832274,32.832274,32.832274,0,0
NFS.DE,D,20070316,000000,32.832274,32.832274,32.832274,32.832274,0,0
NFS.DE,D,20070319,000000,32.832274,32.832274,32.832274,32.832274,0,0
NFS.DE,D,20070320,000000,32.832274,32.832274,32.832274,32.832274,0,0
NFS.DE,D,20070321,000000,32.832274,32.832274,32.832274,32.832274,0,0
NFS.DE,D,20070322,000000,32.832274,32.832274,32.832274,32.832274,0,0
NFS.DE,D,20070323,000000,32.832274,32.832274,32.832274,32.832274,0,0
NFS.DE,D,20070326,000000,32.832274,32.832274,32.832274,32.832274,0,0
NFS.DE,D,20070327,000000,33.650807,33.650807,33.650807,33.650807,25,0
NFS.DE,D,20070328,000000,33.650807,33.650807,33.650807,33.650807,0,0
NFS.DE,D,20070329,000000,33.650807,33.650807,33.650807,33.650807,0,0
NFS.DE,D,20070330,000000,33.650807,33.650807,33.650807,33.650807,0,0
NFS.DE,D,20070402,000000,33.650807,33.650807,33.650807,33.650807,0,0
NFS.DE,D,20070403,000000,33.650807,33.650807,33.650807,33.650807,0,0
NFS.DE,D,20070404,000000,33.650807,33.650807,33.650807,33.650807,0,0
NFS.DE,D,20070405,000000,33.650807,33.650807,33.650807,33.650807,0,0
NFS.DE,D,20070410,000000,33.650807,33.650807,33.650807,33.650807,0,0
NFS.DE,D,20070411,000000,33.650807,33.650807,33.650807,33.650807,0,0
NFS.DE,D,20070412,000000,33.650807,33.650807,33.650807,33.650807,0,0
NFS.DE,D,20070413,000000,33.650807,33.650807,33.650807,33.650807,0,0
NFS.DE,D,20070416,000000,33.650807,33.650807,33.650807,33.650807,0,0
NFS.DE,D,20070417,000000,38.425583,38.425583,38.425583,38.425583,122,0
NFS.DE,D,20070418,000000,38.425583,38.425583,38.425583,38.425583,0,0
NFS.DE,D,20070419,000000,38.425583,38.425583,38.425583,38.425583,0,0
NFS.DE,D,20070420,000000,38.425583,38.425583,38.425583,38.425583,0,0
NFS.DE,D,20070423,000000,38.725712,38.725712,38.725712,38.725712,170,0
NFS.DE,D,20070424,000000,38.725712,38.725712,38.725712,38.725712,0,0
NFS.DE,D,20070425,000000,38.725712,38.725712,38.725712,38.725712,0,0
NFS.DE,D,20070426,000000,38.725712,38.725712,38.725712,38.725712,0,0
NFS.DE,D,20070427,000000,38.725712,38.725712,38.725712,38.725712,0,0
NFS.DE,D,20070430,000000,36.824896,36.824896,36.824896,36.824896,55,0
NFS.DE,D,20070502,000000,36.97269,36.97269,36.97269,36.97269,0,0
NFS.DE,D,20070503,000000,36.97269,36.97269,36.97269,36.97269,0,0
NFS.DE,D,20070504,000000,36.890509,36.890509,36.890509,36.890509,100,0
NFS.DE,D,20070507,000000,36.890509,36.890509,36.890509,36.890509,0,0
NFS.DE,D,20070508,000000,36.890509,36.890509,36.890509,36.890509,0,0
NFS.DE,D,20070509,000000,36.890509,36.890509,36.890509,36.890509,0,0
NFS.DE,D,20070510,000000,36.890509,36.890509,36.890509,36.890509,0,0
NFS.DE,D,20070511,000000,36.890509,36.890509,36.890509,36.890509,0,0
NFS.DE,D,20070514,000000,36.890509,36.890509,36.890509,36.890509,0,0
NFS.DE,D,20070515,000000,36.890509,36.890509,36.890509,36.890509,0,0
NFS.DE,D,20070516,000000,36.890509,36.890509,36.890509,36.890509,0,0
NFS.DE,D,20070517,000000,36.890509,36.890509,36.890509,36.890509,0,0
NFS.DE,D,20070518,000000,36.890509,36.890509,36.890509,36.890509,0,0
NFS.DE,D,20070521,000000,36.890509,36.890509,36.890509,36.890509,0,0
NFS.DE,D,20070522,000000,36.890509,36.890509,36.890509,36.890509,0,0
NFS.DE,D,20070523,000000,36.890509,36.890509,36.890509,36.890509,0,0
NFS.DE,D,20070524,000000,36.890509,36.890509,36.890509,36.890509,0,0
NFS.DE,D,20070525,000000,40.269095,40.269095,40.269095,40.269095,24,0
NFS.DE,D,20070529,000000,40.269095,40.269095,40.269095,40.269095,0,0
NFS.DE,D,20070530,000000,40.269095,40.269095,40.269095,40.269095,0,0
NFS.DE,D,20070531,000000,40.269095,40.269095,40.269095,40.269095,0,0
NFS.DE,D,20070601,000000,40.269095,40.269095,40.269095,40.269095,0,0
NFS.DE,D,20070604,000000,39.922105,39.922105,39.922105,39.922105,100,0
NFS.DE,D,20070605,000000,39.922105,39.922105,39.922105,39.922105,0,0
NFS.DE,D,20070606,000000,39.922105,39.922105,39.922105,39.922105,0,0
NFS.DE,D,20070607,000000,39.922105,39.922105,39.922105,39.922105,0,0
NFS.DE,D,20070608,000000,39.922105,39.922105,39.922105,39.922105,0,0
NFS.DE,D,20070611,000000,39.922105,39.922105,39.922105,39.922105,0,0
NFS.DE,D,20070612,000000,39.922105,39.922105,39.922105,39.922105,0,0
NFS.DE,D,20070613,000000,39.922105,39.922105,39.922105,39.922105,0,0
NFS.DE,D,20070614,000000,39.922105,39.922105,39.922105,39.922105,0,0
NFS.DE,D,20070615,000000,39.922105,39.922105,39.922105,39.922105,0,0
NFS.DE,D,20070618,000000,39.922105,39.922105,39.922105,39.922105,0,0
NFS.DE,D,20070619,000000,39.922105,39.922105,39.922105,39.922105,0,0
NFS.DE,D,20070620,000000,39.922105,39.922105,39.922105,39.922105,0,0
NFS.DE,D,20070621,000000,39.922105,39.922105,39.922105,39.922105,0,0
NFS.DE,D,20070622,000000,39.922105,39.922105,39.922105,39.922105,0,0
NFS.DE,D,20070625,000000,39.922105,39.922105,39.922105,39.922105,0,0
NFS.DE,D,20070628,000000,39.922105,39.922105,39.922105,39.922105,0,0
NFS.DE,D,20070629,000000,39.922105,39.922105,39.922105,39.922105,0,0
NFS.DE,D,20070702,000000,39.922105,39.922105,39.922105,39.922105,0,0
NFS.DE,D,20070703,000000,39.922105,39.922105,39.922105,39.922105,0,0
NFS.DE,D,20070704,000000,39.922105,39.922105,39.922105,39.922105,0,0
NFS.DE,D,20070705,000000,39.922105,39.922105,39.922105,39.922105,0,0
NFS.DE,D,20070706,000000,39.922105,39.922105,39.922105,39.922105,0,0
NFS.DE,D,20070709,000000,39.922105,39.922105,39.922105,39.922105,0,0
NFS.DE,D,20070710,000000,37.155317,37.155317,37.155317,37.155317,100,0
NFS.DE,D,20070711,000000,37.155317,37.155317,37.155317,37.155317,0,0
NFS.DE,D,20070712,000000,37.155317,37.155317,37.155317,37.155317,0,0
NFS.DE,D,20070713,000000,37.155317,37.155317,37.155317,37.155317,0,0
NFS.DE,D,20070716,000000,37.155317,37.155317,37.155317,37.155317,0,0
NFS.DE,D,20070717,000000,37.155317,37.155317,37.155317,37.155317,0,0
NFS.DE,D,20070718,000000,37.155317,37.155317,37.155317,37.155317,0,0
NFS.DE,D,20070719,000000,39.712085,39.712085,39.712085,39.712085,50,0
NFS.DE,D,20070720,000000,39.712085,39.712085,39.712085,39.712085,0,0
NFS.DE,D,20070723,000000,39.712085,39.712085,39.712085,39.712085,0,0
NFS.DE,D,20070724,000000,39.712085,39.712085,39.712085,39.712085,0,0
NFS.DE,D,20070725,000000,39.712085,39.712085,39.712085,39.712085,0,0
NFS.DE,D,20070726,000000,39.712085,39.712085,39.712085,39.712085,0,0
NFS.DE,D,20070727,000000,39.712085,39.712085,39.712085,39.712085,0,0
NFS.DE,D,20070730,000000,39.712085,39.712085,39.712085,39.712085,0,0
NFS.DE,D,20070731,000000,36.388286,36.388286,36.388286,36.388286,14,0
NFS.DE,D,20070801,000000,36.562812,36.562812,36.562812,36.562812,0,0
NFS.DE,D,20070802,000000,36.562812,36.562812,36.562812,36.562812,0,0
NFS.DE,D,20070803,000000,36.562812,36.562812,36.562812,36.562812,0,0
NFS.DE,D,20070806,000000,33.791928,33.791928,33.791928,33.791928,125,0
NFS.DE,D,20070807,000000,33.791928,33.791928,33.791928,33.791928,0,0
NFS.DE,D,20070808,000000,33.791928,33.791928,33.791928,33.791928,0,0
NFS.DE,D,20070809,000000,33.791928,33.791928,33.791928,33.791928,0,0
NFS.DE,D,20070810,000000,33.791928,33.791928,33.791928,33.791928,0,0
NFS.DE,D,20070813,000000,33.791928,33.791928,33.791928,33.791928,0,0
NFS.DE,D,20070814,000000,33.791928,33.791928,33.791928,33.791928,0,0
NFS.DE,D,20070815,000000,33.791928,33.791928,33.791928,33.791928,0,0
NFS.DE,D,20070816,000000,33.791928,33.791928,33.791928,33.791928,0,0
NFS.DE,D,20070817,000000,33.791928,33.791928,33.791928,33.791928,0,0
NFS.DE,D,20070820,000000,33.791928,33.791928,33.791928,33.791928,0,0
NFS.DE,D,20070821,000000,33.791928,33.791928,33.791928,33.791928,0,0
NFS.DE,D,20070822,000000,33.791928,33.791928,33.791928,33.791928,0,0
NFS.DE,D,20070823,000000,33.791928,33.791928,33.791928,33.791928,0,0
NFS.DE,D,20070824,000000,33.791928,33.791928,33.791928,33.791928,0,0
NFS.DE,D,20070827,000000,33.791928,33.791928,33.791928,33.791928,0,0
NFS.DE,D,20070828,000000,33.791928,33.791928,33.791928,33.791928,0,0
NFS.DE,D,20070829,000000,33.791928,33.791928,33.791928,33.791928,0,0
NFS.DE,D,20070830,000000,33.791928,33.791928,33.791928,33.791928,0,0
NFS.DE,D,20070831,000000,33.791928,33.791928,33.791928,33.791928,0,0
NFS.DE,D,20070903,000000,33.791928,33.791928,33.791928,33.791928,0,0
NFS.DE,D,20070904,000000,33.791928,33.791928,33.791928,33.791928,0,0
NFS.DE,D,20070905,000000,33.791928,33.791928,33.791928,33.791928,0,0
NFS.DE,D,20070906,000000,33.791928,33.791928,33.791928,33.791928,0,0
NFS.DE,D,20070907,000000,33.791928,33.791928,33.791928,33.791928,0,0
NFS.DE,D,20070910,000000,33.791928,33.791928,33.791928,33.791928,0,0
NFS.DE,D,20070911,000000,33.791928,33.791928,33.791928,33.791928,0,0
NFS.DE,D,20070912,000000,33.791928,33.791928,33.791928,33.791928,0,0
NFS.DE,D,20070913,000000,33.791928,33.791928,33.791928,33.791928,0,0
NFS.DE,D,20070914,000000,33.791928,33.791928,33.791928,33.791928,0,0
NFS.DE,D,20070917,000000,33.791928,33.791928,33.791928,33.791928,0,0
NFS.DE,D,20070918,000000,33.791928,33.791928,33.791928,33.791928,0,0
NFS.DE,D,20070919,000000,33.791928,33.791928,33.791928,33.791928,0,0
NFS.DE,D,20070920,000000,33.791928,33.791928,33.791928,33.791928,0,0
NFS.DE,D,20070921,000000,33.791928,33.791928,33.791928,33.791928,0,0
NFS.DE,D,20070924,000000,33.791928,33.791928,33.791928,33.791928,0,0
NFS.DE,D,20070925,000000,33.791928,33.791928,33.791928,33.791928,0,0
NFS.DE,D,20070926,000000,33.791928,33.791928,33.791928,33.791928,0,0
NFS.DE,D,20070927,000000,33.791928,33.791928,33.791928,33.791928,0,0
NFS.DE,D,20070928,000000,33.791928,33.791928,33.791928,33.791928,0,0
NFS.DE,D,20071001,000000,33.791928,33.791928,33.791928,33.791928,0,0
NFS.DE,D,20071002,000000,33.791928,33.791928,33.791928,33.791928,0,0
NFS.DE,D,20071003,000000,33.791928,33.791928,33.791928,33.791928,0,0
NFS.DE,D,20071004,000000,33.947905,33.947905,33.947905,33.947905,73,0
NFS.DE,D,20071005,000000,33.947905,33.947905,33.947905,33.947905,27,0
NFS.DE,D,20071008,000000,33.947905,33.947905,33.947905,33.947905,0,0
NFS.DE,D,20071009,000000,33.947905,33.947905,33.947905,33.947905,0,0
NFS.DE,D,20071010,000000,33.947905,33.947905,33.947905,33.947905,0,0
NFS.DE,D,20071011,000000,33.947905,33.947905,33.947905,33.947905,0,0
NFS.DE,D,20071012,000000,33.947905,33.947905,33.947905,33.947905,0,0
NFS.DE,D,20071015,000000,33.947905,33.947905,33.947905,33.947905,0,0
NFS.DE,D,20071016,000000,33.947905,33.947905,33.947905,33.947905,0,0
NFS.DE,D,20071017,000000,33.947905,33.947905,33.947905,33.947905,0,0
NFS.DE,D,20071018,000000,33.947905,33.947905,33.947905,33.947905,0,0
NFS.DE,D,20071019,000000,33.947905,33.947905,33.947905,33.947905,0,0
NFS.DE,D,20071022,000000,33.947905,33.947905,33.947905,33.947905,0,0
NFS.DE,D,20071023,000000,33.947905,33.947905,33.947905,33.947905,0,0
NFS.DE,D,20071024,000000,33.947905,33.947905,33.947905,33.947905,0,0
NFS.DE,D,20071025,000000,33.947905,33.947905,33.947905,33.947905,0,0
NFS.DE,D,20071026,000000,33.947905,33.947905,33.947905,33.947905,0,0
NFS.DE,D,20071029,000000,33.947905,33.947905,33.947905,33.947905,0,0
NFS.DE,D,20071030,000000,33.947905,33.947905,33.947905,33.947905,0,0
NFS.DE,D,20071031,000000,34.113453,34.113453,34.113453,34.113453,0,0
NFS.DE,D,20071101,000000,34.113453,34.113453,34.113453,34.113453,0,0
NFS.DE,D,20071102,000000,34.113453,34.113453,34.113453,34.113453,0,0
NFS.DE,D,20071105,000000,34.113453,34.113453,34.113453,34.113453,0,0
NFS.DE,D,20071106,000000,34.113453,34.113453,34.113453,34.113453,0,0
NFS.DE,D,20071107,000000,34.113453,34.113453,34.113453,34.113453,0,0
NFS.DE,D,20071108,000000,34.113453,34.113453,34.113453,34.113453,0,0
NFS.DE,D,20071109,000000,34.113453,34.113453,34.113453,34.113453,0,0
NFS.DE,D,20071112,000000,34.113453,34.113453,34.113453,34.113453,0,0
NFS.DE,D,20071113,000000,34.113453,34.113453,34.113453,34.113453,0,0
NFS.DE,D,20071114,000000,34.113453,34.113453,34.113453,34.113453,0,0
NFS.DE,D,20071115,000000,34.113453,34.113453,34.113453,34.113453,0,0
NFS.DE,D,20071116,000000,34.113453,34.113453,34.113453,34.113453,0,0
NFS.DE,D,20071119,000000,34.113453,34.113453,34.113453,34.113453,0,0
NFS.DE,D,20071120,000000,34.113453,34.113453,34.113453,34.113453,0,0
NFS.DE,D,20071121,000000,34.113453,34.113453,34.113453,34.113453,0,0
NFS.DE,D,20071122,000000,34.113453,34.113453,34.113453,34.113453,0,0
NFS.DE,D,20071123,000000,34.113453,34.113453,34.113453,34.113453,0,0
NFS.DE,D,20071126,000000,34.113453,34.113453,34.113453,34.113453,0,0
NFS.DE,D,20071127,000000,34.113453,34.113453,34.113453,34.113453,0,0
NFS.DE,D,20071128,000000,34.113453,34.113453,34.113453,34.113453,0,0
NFS.DE,D,20071129,000000,34.113453,34.113453,34.113453,34.113453,0,0
NFS.DE,D,20071130,000000,34.113453,34.113453,34.113453,34.113453,0,0
NFS.DE,D,20071203,000000,31.716292,31.716292,31.716292,31.716292,50,0
NFS.DE,D,20071204,000000,31.716292,31.716292,31.716292,31.716292,50,0
NFS.DE,D,20071205,000000,31.716292,31.716292,31.716292,31.716292,0,0
NFS.DE,D,20071206,000000,29.549626,29.549626,29.549626,29.549626,20,0
NFS.DE,D,20071207,000000,29.549626,29.549626,29.549626,29.549626,20,0
NFS.DE,D,20071210,000000,29.549626,29.549626,29.549626,29.549626,0,0
NFS.DE,D,20071211,000000,29.549626,29.549626,29.549626,29.549626,0,0
NFS.DE,D,20071212,000000,29.549626,29.549626,29.549626,29.549626,0,0
NFS.DE,D,20071213,000000,29.549626,29.549626,29.549626,29.549626,0,0
NFS.DE,D,20071214,000000,29.549626,29.549626,29.549626,29.549626,0,0
NFS.DE,D,20071217,000000,29.549626,29.549626,29.549626,29.549626,0,0
NFS.DE,D,20071218,000000,29.549626,29.549626,29.549626,29.549626,0,0
NFS.DE,D,20071219,000000,29.549626,29.549626,29.549626,29.549626,0,0
NFS.DE,D,20071220,000000,29.549626,29.549626,29.549626,29.549626,0,0
NFS.DE,D,20071221,000000,29.549626,29.549626,29.549626,29.549626,0,0
NFS.DE,D,20071227,000000,29.549626,29.549626,29.549626,29.549626,0,0
NFS.DE,D,20071228,000000,29.549626,29.549626,29.549626,29.549626,0,0
NFS.DE,D,20080102,000000,29.549626,29.549626,29.549626,29.549626,0,0
NFS.DE,D,20080103,000000,29.549626,29.549626,29.549626,29.549626,0,0
NFS.DE,D,20080104,000000,29.549626,29.549626,29.549626,29.549626,0,0
NFS.DE,D,20080107,000000,30.010619,30.010619,30.010619,30.010619,50,0
NFS.DE,D,20080108,000000,30.010619,30.010619,30.010619,30.010619,50,0
NFS.DE,D,20080109,000000,30.010619,30.010619,30.010619,30.010619,0,0
NFS.DE,D,20080110,000000,30.010619,30.010619,30.010619,30.010619,0,0
NFS.DE,D,20080111,000000,30.010619,30.010619,30.010619,30.010619,0,0
NFS.DE,D,20080114,000000,30.010619,30.010619,30.010619,30.010619,0,0
NFS.DE,D,20080115,000000,30.010619,30.010619,30.010619,30.010619,0,0
NFS.DE,D,20080116,000000,30.010619,30.010619,30.010619,30.010619,0,0
NFS.DE,D,20080117,000000,30.010619,30.010619,30.010619,30.010619,0,0
NFS.DE,D,20080118,000000,30.010619,30.010619,30.010619,30.010619,0,0
NFS.DE,D,20080121,000000,30.010619,30.010619,30.010619,30.010619,0,0
NFS.DE,D,20080122,000000,30.010619,30.010619,30.010619,30.010619,0,0
NFS.DE,D,20080123,000000,30.010619,30.010619,30.010619,30.010619,0,0
NFS.DE,D,20080124,000000,30.010619,30.010619,30.010619,30.010619,0,0
NFS.DE,D,20080125,000000,30.010619,30.010619,30.010619,30.010619,0,0
NFS.DE,D,20080128,000000,30.010619,30.010619,30.010619,30.010619,0,0
NFS.DE,D,20080129,000000,30.010619,30.010619,30.010619,30.010619,0,0
NFS.DE,D,20080130,000000,30.191486,30.191486,30.191486,30.191486,0,0
NFS.DE,D,20080131,000000,30.191486,30.191486,30.191486,30.191486,0,0
NFS.DE,D,20080201,000000,30.191486,30.191486,30.191486,30.191486,0,0
NFS.DE,D,20080204,000000,30.191486,30.191486,30.191486,30.191486,0,0
NFS.DE,D,20080205,000000,30.191486,30.191486,30.191486,30.191486,0,0
NFS.DE,D,20080206,000000,30.191486,30.191486,30.191486,30.191486,0,0
NFS.DE,D,20080207,000000,30.191486,30.191486,30.191486,30.191486,0,0
NFS.DE,D,20080208,000000,30.191486,30.191486,30.191486,30.191486,0,0
NFS.DE,D,20080211,000000,30.191486,30.191486,30.191486,30.191486,0,0
NFS.DE,D,20080212,000000,30.191486,30.191486,30.191486,30.191486,0,0
NFS.DE,D,20080213,000000,30.191486,30.191486,30.191486,30.191486,0,0
NFS.DE,D,20080214,000000,30.191486,30.191486,30.191486,30.191486,0,0
NFS.DE,D,20080215,000000,30.191486,30.191486,30.191486,30.191486,0,0
NFS.DE,D,20080218,000000,30.191486,30.191486,30.191486,30.191486,0,0
NFS.DE,D,20080219,000000,30.191486,30.191486,30.191486,30.191486,0,0
NFS.DE,D,20080220,000000,30.191486,30.191486,30.191486,30.191486,0,0
NFS.DE,D,20080221,000000,30.191486,30.191486,30.191486,30.191486,0,0
NFS.DE,D,20080222,000000,30.191486,30.191486,30.191486,30.191486,0,0
NFS.DE,D,20080225,000000,30.191486,30.191486,30.191486,30.191486,0,0
NFS.DE,D,20080226,000000,30.191486,30.191486,30.191486,30.191486,0,0
NFS.DE,D,20080227,000000,30.191486,30.191486,30.191486,30.191486,0,0
NFS.DE,D,20080228,000000,30.191486,30.191486,30.191486,30.191486,0,0
NFS.DE,D,20080229,000000,30.191486,30.191486,30.191486,30.191486,0,0
NFS.DE,D,20080303,000000,30.191486,30.191486,30.191486,30.191486,0,0
NFS.DE,D,20080304,000000,30.191486,30.191486,30.191486,30.191486,0,0
NFS.DE,D,20080305,000000,30.191486,30.191486,30.191486,30.191486,0,0
NFS.DE,D,20080306,000000,30.191486,30.191486,30.191486,30.191486,0,0
NFS.DE,D,20080307,000000,30.191486,30.191486,30.191486,30.191486,0,0
NFS.DE,D,20080310,000000,30.191486,30.191486,30.191486,30.191486,0,0
NFS.DE,D,20080311,000000,30.191486,30.191486,30.191486,30.191486,0,0
NFS.DE,D,20080312,000000,30.191486,30.191486,30.191486,30.191486,0,0
NFS.DE,D,20080313,000000,30.191486,30.191486,30.191486,30.191486,0,0
NFS.DE,D,20080314,000000,30.191486,30.191486,30.191486,30.191486,0,0
NFS.DE,D,20080317,000000,30.191486,30.191486,30.191486,30.191486,0,0
NFS.DE,D,20080318,000000,30.191486,30.191486,30.191486,30.191486,0,0
NFS.DE,D,20080319,000000,30.191486,30.191486,30.191486,30.191486,0,0
NFS.DE,D,20080320,000000,30.191486,30.191486,30.191486,30.191486,0,0
NFS.DE,D,20080325,000000,30.191486,30.191486,30.191486,30.191486,0,0
NFS.DE,D,20080326,000000,30.191486,30.191486,30.191486,30.191486,0,0
NFS.DE,D,20080327,000000,30.191486,30.191486,30.191486,30.191486,0,0
NFS.DE,D,20080328,000000,30.191486,30.191486,30.191486,30.191486,0,0
NFS.DE,D,20080331,000000,30.191486,30.191486,30.191486,30.191486,0,0
NFS.DE,D,20080401,000000,30.191486,30.191486,30.191486,30.191486,0,0
NFS.DE,D,20080402,000000,30.349168,30.349168,30.349168,30.349168,45,0
NFS.DE,D,20080403,000000,30.349168,30.349168,30.349168,30.349168,45,0
NFS.DE,D,20080404,000000,30.349168,30.349168,30.349168,30.349168,0,0
NFS.DE,D,20080407,000000,30.349168,30.349168,30.349168,30.349168,0,0
NFS.DE,D,20080408,000000,30.349168,30.349168,30.349168,30.349168,0,0
NFS.DE,D,20080409,000000,30.349168,30.349168,30.349168,30.349168,0,0
NFS.DE,D,20080410,000000,30.349168,30.349168,30.349168,30.349168,0,0
NFS.DE,D,20080411,000000,30.349168,30.349168,30.349168,30.349168,0,0
NFS.DE,D,20080414,000000,31.814684,31.814684,31.814684,31.814684,30,0
NFS.DE,D,20080415,000000,31.814684,31.814684,31.814684,31.814684,30,0
NFS.DE,D,20080416,000000,31.814684,31.814684,31.814684,31.814684,0,0
NFS.DE,D,20080417,000000,31.814684,31.814684,31.814684,31.814684,0,0
NFS.DE,D,20080418,000000,31.814684,31.814684,31.814684,31.814684,0,0
NFS.DE,D,20080421,000000,31.814684,31.814684,31.814684,31.814684,0,0
NFS.DE,D,20080422,000000,31.814684,31.814684,31.814684,31.814684,0,0
NFS.DE,D,20080423,000000,31.814684,31.814684,31.814684,31.814684,0,0
NFS.DE,D,20080424,000000,31.814684,31.814684,31.814684,31.814684,0,0
NFS.DE,D,20080425,000000,31.814684,31.814684,31.814684,31.814684,0,0
NFS.DE,D,20080428,000000,31.814684,31.814684,31.814684,31.814684,0,0
NFS.DE,D,20080429,000000,31.814684,31.814684,31.814684,31.814684,0,0
NFS.DE,D,20080502,000000,31.987881,31.987881,31.987881,31.987881,0,0
NFS.DE,D,20080505,000000,31.987881,31.987881,31.987881,31.987881,0,0
NFS.DE,D,20080506,000000,31.987881,31.987881,31.987881,31.987881,0,0
NFS.DE,D,20080507,000000,31.987881,31.987881,31.987881,31.987881,0,0
NFS.DE,D,20080508,000000,31.987881,31.987881,31.987881,31.987881,0,0
NFS.DE,D,20080509,000000,31.987881,31.987881,31.987881,31.987881,0,0
NFS.DE,D,20080512,000000,31.987881,31.987881,31.987881,31.987881,0,0
NFS.DE,D,20080513,000000,31.987881,31.987881,31.987881,31.987881,0,0
NFS.DE,D,20080514,000000,31.987881,31.987881,31.987881,31.987881,0,0
NFS.DE,D,20080515,000000,31.987881,31.987881,31.987881,31.987881,0,0
NFS.DE,D,20080516,000000,31.987881,31.987881,31.987881,31.987881,0,0
NFS.DE,D,20080519,000000,31.987881,31.987881,31.987881,31.987881,0,0
NFS.DE,D,20080520,000000,31.987881,31.987881,31.987881,31.987881,0,0
NFS.DE,D,20080521,000000,31.987881,31.987881,31.987881,31.987881,0,0
NFS.DE,D,20080522,000000,31.987881,31.987881,31.987881,31.987881,0,0
NFS.DE,D,20080523,000000,31.987881,31.987881,31.987881,31.987881,0,0
NFS.DE,D,20080526,000000,31.987881,31.987881,31.987881,31.987881,0,0
NFS.DE,D,20080527,000000,31.987881,31.987881,31.987881,31.987881,0,0
NFS.DE,D,20080528,000000,31.987881,31.987881,31.987881,31.987881,0,0
NFS.DE,D,20080529,000000,31.987881,31.987881,31.987881,31.987881,0,0
NFS.DE,D,20080530,000000,31.987881,31.987881,31.987881,31.987881,0,0
NFS.DE,D,20080602,000000,31.987881,31.987881,31.987881,31.987881,0,0
NFS.DE,D,20080603,000000,31.987881,31.987881,31.987881,31.987881,0,0
NFS.DE,D,20080604,000000,31.987881,31.987881,31.987881,31.987881,0,0
NFS.DE,D,20080605,000000,31.987881,31.987881,31.987881,31.987881,0,0
NFS.DE,D,20080606,000000,31.987881,31.987881,31.987881,31.987881,0,0
NFS.DE,D,20080609,000000,31.987881,31.987881,31.987881,31.987881,0,0
NFS.DE,D,20080610,000000,31.987881,31.987881,31.987881,31.987881,0,0
NFS.DE,D,20080611,000000,31.987881,31.987881,31.987881,31.987881,0,0
NFS.DE,D,20080612,000000,31.987881,31.987881,31.987881,31.987881,0,0
NFS.DE,D,20080613,000000,31.987881,31.987881,31.987881,31.987881,0,0
NFS.DE,D,20080616,000000,31.987881,31.987881,31.987881,31.987881,0,0
NFS.DE,D,20080617,000000,31.987881,31.987881,31.987881,31.987881,0,0
NFS.DE,D,20080618,000000,31.987881,31.987881,31.987881,31.987881,0,0
NFS.DE,D,20080619,000000,31.987881,31.987881,31.987881,31.987881,0,0
NFS.DE,D,20080620,000000,31.987881,31.987881,31.987881,31.987881,0,0
NFS.DE,D,20080623,000000,31.987881,31.987881,31.987881,31.987881,0,0
NFS.DE,D,20080624,000000,31.987881,31.987881,31.987881,31.987881,0,0
NFS.DE,D,20080626,000000,31.987881,31.987881,31.987881,31.987881,0,0
NFS.DE,D,20080627,000000,31.987881,31.987881,31.987881,31.987881,0,0
NFS.DE,D,20080630,000000,31.987881,31.987881,31.987881,31.987881,0,0
NFS.DE,D,20080701,000000,31.987881,31.987881,31.987881,31.987881,0,0
NFS.DE,D,20080702,000000,31.987881,31.987881,31.987881,31.987881,0,0
NFS.DE,D,20080703,000000,31.987881,31.987881,31.987881,31.987881,0,0
NFS.DE,D,20080704,000000,31.987881,31.987881,31.987881,31.987881,0,0
NFS.DE,D,20080707,000000,31.987881,31.987881,31.987881,31.987881,0,0
NFS.DE,D,20080708,000000,31.987881,31.987881,31.987881,31.987881,0,0
NFS.DE,D,20080709,000000,31.987881,31.987881,31.987881,31.987881,0,0
NFS.DE,D,20080710,000000,31.987881,31.987881,31.987881,31.987881,0,0
NFS.DE,D,20080711,000000,31.987881,31.987881,31.987881,31.987881,0,0
NFS.DE,D,20080714,000000,31.987881,31.987881,31.987881,31.987881,0,0
NFS.DE,D,20080715,000000,31.987881,31.987881,31.987881,31.987881,0,0
NFS.DE,D,20080716,000000,31.987881,31.987881,31.987881,31.987881,0,0
NFS.DE,D,20080717,000000,31.987881,31.987881,31.987881,31.987881,0,0
NFS.DE,D,20080718,000000,31.987881,31.987881,31.987881,31.987881,0,0
NFS.DE,D,20080721,000000,31.987881,31.987881,31.987881,31.987881,0,0
NFS.DE,D,20080722,000000,31.987881,31.987881,31.987881,31.987881,0,0
NFS.DE,D,20080723,000000,31.987881,31.987881,31.987881,31.987881,0,0
NFS.DE,D,20080724,000000,31.987881,31.987881,31.987881,31.987881,0,0
NFS.DE,D,20080725,000000,31.987881,31.987881,31.987881,31.987881,0,0
NFS.DE,D,20080728,000000,31.987881,31.987881,31.987881,31.987881,0,0
NFS.DE,D,20080729,000000,31.987881,31.987881,31.987881,31.987881,0,0
NFS.DE,D,20080731,000000,32.180627,32.180627,32.180627,32.180627,0,0
NFS.DE,D,20080801,000000,32.180627,32.180627,32.180627,32.180627,0,0
NFS.DE,D,20080804,000000,32.180627,32.180627,32.180627,32.180627,0,0
NFS.DE,D,20080805,000000,32.180627,32.180627,32.180627,32.180627,0,0
NFS.DE,D,20080806,000000,32.180627,32.180627,32.180627,32.180627,0,0
NFS.DE,D,20080807,000000,32.180627,32.180627,32.180627,32.180627,0,0
NFS.DE,D,20080808,000000,32.180627,32.180627,32.180627,32.180627,0,0
NFS.DE,D,20080811,000000,32.180627,32.180627,32.180627,32.180627,0,0
NFS.DE,D,20080812,000000,32.180627,32.180627,32.180627,32.180627,0,0
NFS.DE,D,20080813,000000,32.180627,32.180627,32.180627,32.180627,0,0
NFS.DE,D,20080814,000000,32.180627,32.180627,32.180627,32.180627,0,0
NFS.DE,D,20080815,000000,32.180627,32.180627,32.180627,32.180627,0,0
NFS.DE,D,20080818,000000,32.180627,32.180627,32.180627,32.180627,0,0
NFS.DE,D,20080819,000000,32.180627,32.180627,32.180627,32.180627,0,0
NFS.DE,D,20080820,000000,32.180627,32.180627,32.180627,32.180627,0,0
NFS.DE,D,20080821,000000,32.180627,32.180627,32.180627,32.180627,0,0
NFS.DE,D,20080822,000000,32.180627,32.180627,32.180627,32.180627,0,0
NFS.DE,D,20080825,000000,32.180627,32.180627,32.180627,32.180627,0,0
NFS.DE,D,20080826,000000,32.180627,32.180627,32.180627,32.180627,0,0
NFS.DE,D,20080827,000000,32.180627,32.180627,32.180627,32.180627,0,0
NFS.DE,D,20080828,000000,32.180627,32.180627,32.180627,32.180627,0,0
NFS.DE,D,20080829,000000,32.180627,32.180627,32.180627,32.180627,0,0
NFS.DE,D,20080901,000000,32.180627,32.180627,32.180627,32.180627,0,0
NFS.DE,D,20080902,000000,32.180627,32.180627,32.180627,32.180627,0,0
NFS.DE,D,20080903,000000,32.180627,32.180627,32.180627,32.180627,0,0
NFS.DE,D,20080904,000000,32.180627,32.180627,32.180627,32.180627,0,0
NFS.DE,D,20080905,000000,32.180627,32.180627,32.180627,32.180627,0,0
NFS.DE,D,20080908,000000,32.180627,32.180627,32.180627,32.180627,0,0
NFS.DE,D,20080909,000000,32.180627,32.180627,32.180627,32.180627,0,0
NFS.DE,D,20080910,000000,32.180627,32.180627,32.180627,32.180627,0,0
NFS.DE,D,20080911,000000,32.180627,32.180627,32.180627,32.180627,0,0
NFS.DE,D,20080912,000000,32.180627,32.180627,32.180627,32.180627,0,0
NFS.DE,D,20080915,000000,32.180627,32.180627,32.180627,32.180627,0,0
NFS.DE,D,20080916,000000,32.180627,32.180627,32.180627,32.180627,0,0
NFS.DE,D,20080917,000000,32.180627,32.180627,32.180627,32.180627,0,0
NFS.DE,D,20080918,000000,32.180627,32.180627,32.180627,32.180627,0,0
NFS.DE,D,20080919,000000,32.180627,32.180627,32.180627,32.180627,0,0
NFS.DE,D,20080923,000000,32.180627,32.180627,32.180627,32.180627,0,0
NFS.DE,D,20080924,000000,32.180627,32.180627,32.180627,32.180627,0,0
NFS.DE,D,20080925,000000,32.180627,32.180627,32.180627,32.180627,0,0
NFS.DE,D,20080926,000000,32.180627,32.180627,32.180627,32.180627,0,0
NFS.DE,D,20080929,000000,32.180627,32.180627,32.180627,32.180627,0,0
NFS.DE,D,20080930,000000,32.180627,32.180627,32.180627,32.180627,0,0
NFS.DE,D,20081001,000000,32.180627,32.180627,32.180627,32.180627,0,0
NFS.DE,D,20081002,000000,32.180627,32.180627,32.180627,32.180627,0,0
NFS.DE,D,20081003,000000,32.180627,32.180627,32.180627,32.180627,0,0
NFS.DE,D,20081006,000000,32.180627,32.180627,32.180627,32.180627,0,0
NFS.DE,D,20081007,000000,32.180627,32.180627,32.180627,32.180627,0,0
NFS.DE,D,20081008,000000,32.180627,32.180627,32.180627,32.180627,0,0
NFS.DE,D,20081009,000000,32.180627,32.180627,32.180627,32.180627,0,0
NFS.DE,D,20081010,000000,32.180627,32.180627,32.180627,32.180627,0,0
NFS.DE,D,20081013,000000,36.590218,36.590218,36.590218,36.590218,24,0
NFS.DE,D,20081014,000000,36.590218,36.590218,36.590218,36.590218,24,0
NFS.DE,D,20081015,000000,36.590218,36.590218,36.590218,36.590218,0,0
NFS.DE,D,20081016,000000,36.590218,36.590218,36.590218,36.590218,0,0
NFS.DE,D,20081017,000000,36.590218,36.590218,36.590218,36.590218,0,0
NFS.DE,D,20081021,000000,36.590218,36.590218,36.590218,36.590218,0,0
NFS.DE,D,20081022,000000,36.590218,36.590218,36.590218,36.590218,0,0
NFS.DE,D,20081023,000000,36.590218,36.590218,36.590218,36.590218,0,0
NFS.DE,D,20081024,000000,39.329793,39.329793,39.329793,39.329793,23,0
NFS.DE,D,20081027,000000,39.329793,39.329793,39.329793,39.329793,23,0
NFS.DE,D,20081028,000000,39.329793,39.329793,39.329793,39.329793,0,0
NFS.DE,D,20081029,000000,39.329793,39.329793,39.329793,39.329793,0,0
NFS.DE,D,20081030,000000,39.329793,39.329793,39.329793,39.329793,0,0
NFS.DE,D,20081031,000000,39.329793,39.329793,39.329793,39.329793,0,0
NFS.DE,D,20081103,000000,39.329793,39.329793,39.329793,39.329793,0,0
NFS.DE,D,20081104,000000,39.329793,39.329793,39.329793,39.329793,0,0
NFS.DE,D,20081106,000000,39.562699,39.562699,39.562699,39.562699,0,0
NFS.DE,D,20081107,000000,39.562699,39.562699,39.562699,39.562699,0,0
NFS.DE,D,20081110,000000,39.562699,39.562699,39.562699,39.562699,0,0
NFS.DE,D,20081111,000000,39.562699,39.562699,39.562699,39.562699,0,0
NFS.DE,D,20081112,000000,39.562699,39.562699,39.562699,39.562699,0,0
NFS.DE,D,20081113,000000,39.562699,39.562699,39.562699,39.562699,0,0
NFS.DE,D,20081114,000000,39.562699,39.562699,39.562699,39.562699,0,0
NFS.DE,D,20081117,000000,39.562699,39.562699,39.562699,39.562699,0,0
NFS.DE,D,20081118,000000,39.562699,39.562699,39.562699,39.562699,0,0
NFS.DE,D,20081119,000000,39.562699,39.562699,39.562699,39.562699,0,0
NFS.DE,D,20081120,000000,39.562699,39.562699,39.562699,39.562699,0,0
NFS.DE,D,20081121,000000,39.562699,39.562699,39.562699,39.562699,0,0
NFS.DE,D,20081124,000000,39.562699,39.562699,39.562699,39.562699,0,0
NFS.DE,D,20081126,000000,39.562699,39.562699,39.562699,39.562699,0,0
NFS.DE,D,20081127,000000,39.562699,39.562699,39.562699,39.562699,0,0
NFS.DE,D,20081128,000000,39.562699,39.562699,39.562699,39.562699,0,0
NFS.DE,D,20081201,000000,39.562699,39.562699,39.562699,39.562699,0,0
NFS.DE,D,20081202,000000,39.562699,39.562699,39.562699,39.562699,0,0
NFS.DE,D,20081203,000000,39.562699,39.562699,39.562699,39.562699,0,0
NFS.DE,D,20081204,000000,39.562699,39.562699,39.562699,39.562699,0,0
NFS.DE,D,20081205,000000,39.562699,39.562699,39.562699,39.562699,0,0
NFS.DE,D,20081208,000000,37.750667,37.750667,37.750667,37.750667,50,0
NFS.DE,D,20081209,000000,37.750667,37.750667,37.750667,37.750667,50,0
NFS.DE,D,20081210,000000,37.750667,37.750667,37.750667,37.750667,0,0
NFS.DE,D,20081211,000000,37.750667,37.750667,37.750667,37.750667,0,0
NFS.DE,D,20081212,000000,37.750667,37.750667,37.750667,37.750667,0,0
NFS.DE,D,20081215,000000,37.750667,37.750667,37.750667,37.750667,0,0
NFS.DE,D,20081216,000000,37.750667,37.750667,37.750667,37.750667,0,0
NFS.DE,D,20081217,000000,37.750667,37.750667,37.750667,37.750667,0,0
NFS.DE,D,20081218,000000,37.750667,37.750667,37.750667,37.750667,0,0
NFS.DE,D,20081219,000000,37.750667,37.750667,37.750667,37.750667,0,0
NFS.DE,D,20081222,000000,37.750667,37.750667,37.750667,37.750667,0,0
NFS.DE,D,20081223,000000,37.750667,37.750667,37.750667,37.750667,0,0
NFS.DE,D,20081229,000000,37.750667,37.750667,37.750667,37.750667,0,0
NFS.DE,D,20081230,000000,37.750667,37.750667,37.750667,37.750667,0,0
NFS.DE,D,20090102,000000,37.750667,37.750667,37.750667,37.750667,0,0
NFS.DE,D,20090105,000000,37.750667,37.750667,37.750667,37.750667,0,0
NFS.DE,D,20090106,000000,37.750667,37.750667,37.750667,37.750667,0,0
NFS.DE,D,20090107,000000,37.750667,37.750667,37.750667,37.750667,0,0
NFS.DE,D,20090108,000000,37.750667,37.750667,37.750667,37.750667,0,0
NFS.DE,D,20090109,000000,37.750667,37.750667,37.750667,37.750667,0,0
NFS.DE,D,20090112,000000,37.750667,37.750667,37.750667,37.750667,0,0
NFS.DE,D,20090113,000000,37.750667,37.750667,37.750667,37.750667,0,0
NFS.DE,D,20090114,000000,37.750667,37.750667,37.750667,37.750667,0,0
NFS.DE,D,20090115,000000,37.750667,37.750667,37.750667,37.750667,0,0
NFS.DE,D,20090116,000000,37.750667,37.750667,37.750667,37.750667,0,0
NFS.DE,D,20090120,000000,37.750667,37.750667,37.750667,37.750667,0,0
NFS.DE,D,20090121,000000,37.750667,37.750667,37.750667,37.750667,0,0
NFS.DE,D,20090122,000000,37.750667,37.750667,37.750667,37.750667,0,0
NFS.DE,D,20090123,000000,37.750667,37.750667,37.750667,37.750667,0,0
NFS.DE,D,20090126,000000,37.750667,37.750667,37.750667,37.750667,0,0
NFS.DE,D,20090127,000000,37.750667,37.750667,37.750667,37.750667,0,0
NFS.DE,D,20090128,000000,37.750667,37.750667,37.750667,37.750667,0,0
NFS.DE,D,20090129,000000,37.750667,37.750667,37.750667,37.750667,0,0
NFS.DE,D,20090130,000000,37.750667,37.750667,37.750667,37.750667,0,0
NFS.DE,D,20090202,000000,37.750667,37.750667,37.750667,37.750667,0,0
NFS.DE,D,20090203,000000,37.750667,37.750667,37.750667,37.750667,0,0
NFS.DE,D,20090205,000000,38.002462,38.002462,38.002462,38.002462,0,0
NFS.DE,D,20090206,000000,38.002462,38.002462,38.002462,38.002462,0,0
NFS.DE,D,20090209,000000,38.002462,38.002462,38.002462,38.002462,0,0
NFS.DE,D,20090210,000000,38.002462,38.002462,38.002462,38.002462,0,0
NFS.DE,D,20090211,000000,38.002462,38.002462,38.002462,38.002462,0,0
NFS.DE,D,20090212,000000,38.002462,38.002462,38.002462,38.002462,0,0
NFS.DE,D,20090213,000000,38.002462,38.002462,38.002462,38.002462,0,0
NFS.DE,D,20090216,000000,38.002462,38.002462,38.002462,38.002462,0,0
NFS.DE,D,20090217,000000,38.002462,38.002462,38.002462,38.002462,0,0
NFS.DE,D,20090218,000000,38.002462,38.002462,38.002462,38.002462,0,0
NFS.DE,D,20090219,000000,38.002462,38.002462,38.002462,38.002462,0,0
NFS.DE,D,20090220,000000,38.002462,38.002462,38.002462,38.002462,0,0
NFS.DE,D,20090223,000000,38.002462,38.002462,38.002462,38.002462,0,0
NFS.DE,D,20090224,000000,38.002462,38.002462,38.002462,38.002462,0,0
NFS.DE,D,20090225,000000,38.002462,38.002462,38.002462,38.002462,0,0
NFS.DE,D,20090226,000000,38.002462,38.002462,38.002462,38.002462,0,0
NFS.DE,D,20090302,000000,38.002462,38.002462,38.002462,38.002462,0,0
NFS.DE,D,20090303,000000,38.002462,38.002462,38.002462,38.002462,0,0
NFS.DE,D,20090304,000000,38.002462,38.002462,38.002462,38.002462,0,0
NFS.DE,D,20090305,000000,38.002462,38.002462,38.002462,38.002462,0,0
NFS.DE,D,20090306,000000,38.002462,38.002462,38.002462,38.002462,0,0
NFS.DE,D,20090309,000000,38.002462,38.002462,38.002462,38.002462,0,0
NFS.DE,D,20090310,000000,38.002462,38.002462,38.002462,38.002462,0,0
NFS.DE,D,20090311,000000,38.002462,38.002462,38.002462,38.002462,0,0
NFS.DE,D,20090312,000000,38.002462,38.002462,38.002462,38.002462,0,0
NFS.DE,D,20090313,000000,38.002462,38.002462,38.002462,38.002462,0,0
NFS.DE,D,20090316,000000,38.002462,38.002462,38.002462,38.002462,0,0
NFS.DE,D,20090317,000000,38.002462,38.002462,38.002462,38.002462,0,0
NFS.DE,D,20090318,000000,38.002462,38.002462,38.002462,38.002462,0,0
NFS.DE,D,20090319,000000,38.002462,38.002462,38.002462,38.002462,0,0
NFS.DE,D,20090320,000000,38.002462,38.002462,38.002462,38.002462,0,0
NFS.DE,D,20090323,000000,38.002462,38.002462,38.002462,38.002462,0,0
NFS.DE,D,20090324,000000,38.002462,38.002462,38.002462,38.002462,0,0
NFS.DE,D,20090325,000000,38.002462,38.002462,38.002462,38.002462,0,0
NFS.DE,D,20090326,000000,38.002462,38.002462,38.002462,38.002462,0,0
NFS.DE,D,20090327,000000,38.002462,38.002462,38.002462,38.002462,0,0
NFS.DE,D,20090330,000000,38.002462,38.002462,38.002462,38.002462,0,0
NFS.DE,D,20090331,000000,38.002462,38.002462,38.002462,38.002462,0,0
NFS.DE,D,20090401,000000,38.002462,38.002462,38.002462,38.002462,0,0
NFS.DE,D,20090402,000000,38.002462,38.002462,38.002462,38.002462,0,0
NFS.DE,D,20090403,000000,38.002462,38.002462,38.002462,38.002462,0,0
NFS.DE,D,20090406,000000,38.002462,38.002462,38.002462,38.002462,0,0
NFS.DE,D,20090407,000000,38.002462,38.002462,38.002462,38.002462,0,0
NFS.DE,D,20090408,000000,38.002462,38.002462,38.002462,38.002462,0,0
NFS.DE,D,20090409,000000,38.002462,38.002462,38.002462,38.002462,0,0
NFS.DE,D,20090414,000000,38.002462,38.002462,38.002462,38.002462,0,0
NFS.DE,D,20090415,000000,38.002462,38.002462,38.002462,38.002462,0,0
NFS.DE,D,20090416,000000,38.002462,38.002462,38.002462,38.002462,0,0
NFS.DE,D,20090417,000000,38.002462,38.002462,38.002462,38.002462,0,0
NFS.DE,D,20090420,000000,38.002462,38.002462,38.002462,38.002462,0,0
NFS.DE,D,20090421,000000,38.002462,38.002462,38.002462,38.002462,0,0
NFS.DE,D,20090422,000000,38.002462,38.002462,38.002462,38.002462,0,0
NFS.DE,D,20090423,000000,38.002462,38.002462,38.002462,38.002462,0,0
NFS.DE,D,20090424,000000,38.002462,38.002462,38.002462,38.002462,0,0
NFS.DE,D,20090427,000000,38.002462,38.002462,38.002462,38.002462,0,0
NFS.DE,D,20090428,000000,38.002462,38.002462,38.002462,38.002462,0,0
NFS.DE,D,20090430,000000,38.247591,38.247591,38.247591,38.247591,0,0
NFS.DE,D,20090504,000000,38.247591,38.247591,38.247591,38.247591,0,0
NFS.DE,D,20090505,000000,38.247591,38.247591,38.247591,38.247591,0,0
NFS.DE,D,20090506,000000,38.247591,38.247591,38.247591,38.247591,0,0
NFS.DE,D,20090507,000000,38.247591,38.247591,38.247591,38.247591,0,0
NFS.DE,D,20090508,000000,38.247591,38.247591,38.247591,38.247591,0,0
NFS.DE,D,20090511,000000,38.247591,38.247591,38.247591,38.247591,0,0
NFS.DE,D,20090512,000000,38.247591,38.247591,38.247591,38.247591,0,0
NFS.DE,D,20090513,000000,38.247591,38.247591,38.247591,38.247591,0,0
NFS.DE,D,20090514,000000,38.247591,38.247591,38.247591,38.247591,0,0
NFS.DE,D,20090515,000000,38.247591,38.247591,38.247591,38.247591,0,0
NFS.DE,D,20090518,000000,38.247591,38.247591,38.247591,38.247591,0,0
NFS.DE,D,20090519,000000,38.247591,38.247591,38.247591,38.247591,0,0
NFS.DE,D,20090520,000000,38.247591,38.247591,38.247591,38.247591,0,0
NFS.DE,D,20090521,000000,38.247591,38.247591,38.247591,38.247591,0,0
NFS.DE,D,20090522,000000,38.247591,38.247591,38.247591,38.247591,0,0
NFS.DE,D,20090525,000000,38.247591,38.247591,38.247591,38.247591,0,0
NFS.DE,D,20090526,000000,38.247591,38.247591,38.247591,38.247591,0,0
NFS.DE,D,20090527,000000,38.247591,38.247591,38.247591,38.247591,0,0
NFS.DE,D,20090528,000000,38.247591,38.247591,38.247591,38.247591,0,0
NFS.DE,D,20090529,000000,38.247591,38.247591,38.247591,38.247591,0,0
NFS.DE,D,20090601,000000,38.247591,38.247591,38.247591,38.247591,0,0
NFS.DE,D,20090602,000000,38.247591,38.247591,38.247591,38.247591,0,0
NFS.DE,D,20090603,000000,38.247591,38.247591,38.247591,38.247591,0,0
NFS.DE,D,20090604,000000,38.247591,38.247591,38.247591,38.247591,0,0
NFS.DE,D,20090605,000000,38.247591,38.247591,38.247591,38.247591,0,0
NFS.DE,D,20090824,000000,38.474552,38.474552,38.474552,38.474552,0,0
NFS.DE,D,20090825,000000,31.058582,31.058582,31.058582,31.058582,0,0
NFS.DE,D,20090826,000000,31.943497,31.943497,31.943497,31.943497,0,0
NFS.DE,D,20090827,000000,30.914303,30.914303,30.914303,30.914303,0,0
NFS.DE,D,20090828,000000,31.981972,31.981972,31.981972,31.981972,0,0
NFS.DE,D,20090831,000000,31.039345,31.039345,31.039345,31.039345,0,0
NFS.DE,D,20090902,000000,31.250955,31.250955,31.250955,31.250955,0,0
NFS.DE,D,20090903,000000,30.606506,30.606506,30.606506,30.606506,0,0
NFS.DE,D,20090904,000000,31.318286,31.318286,31.318286,31.318286,0,0
NFS.DE,D,20090909,000000,32.001209,32.001209,32.001209,32.001209,0,0
NFS.DE,D,20090910,000000,32.155107,32.155107,32.155107,32.155107,0,0
NFS.DE,D,20090911,000000,31.895404,31.895404,31.895404,31.895404,0,0
NFS.DE,D,20090915,000000,32.183963,32.183963,32.183963,32.183963,0,0
NFS.DE,D,20090916,000000,32.260912,32.260912,32.260912,32.260912,0,0
NFS.DE,D,20090918,000000,30.895066,30.895066,30.895066,30.895066,0,0
NFS.DE,D,20090921,000000,29.846634,29.846634,29.846634,29.846634,0,0
NFS.DE,D,20090925,000000,29.981295,29.981295,29.981295,29.981295,0,0
NFS.DE,D,20090928,000000,29.404177,29.404177,29.404177,29.404177,0,0
NFS.DE,D,20090930,000000,29.067524,29.067524,29.067524,29.067524,0,0
NFS.DE,D,20091002,000000,28.24994,28.24994,28.24994,28.24994,0,0
NFS.DE,D,20091006,000000,28.596211,28.596211,28.596211,28.596211,0,0
NFS.DE,D,20091007,000000,28.451931,28.451931,28.451931,28.451931,0,0
NFS.DE,D,20091008,000000,29.144473,29.144473,29.144473,29.144473,0,0
NFS.DE,D,20091009,000000,29.702354,29.702354,29.702354,29.702354,0,0
NFS.DE,D,20091014,000000,30.058244,30.058244,30.058244,30.058244,0,0
NFS.DE,D,20091015,000000,29.635024,29.635024,29.635024,29.635024,0,0
NFS.DE,D,20091019,000000,30.875828,30.875828,30.875828,30.875828,0,0
NFS.DE,D,20091020,000000,32.001209,32.001209,32.001209,32.001209,0,0
NFS.DE,D,20091022,000000,31.674175,31.674175,31.674175,31.674175,0,0
NFS.DE,D,20091026,000000,31.020108,31.020108,31.020108,31.020108,0,0
NFS.DE,D,20091027,000000,31.010489,31.010489,31.010489,31.010489,0,0
NFS.DE,D,20091028,000000,30.010151,30.010151,30.010151,30.010151,0,0
NFS.DE,D,20091029,000000,29.711973,29.711973,29.711973,29.711973,0,0
NFS.DE,D,20091102,000000,32.001209,32.001209,32.001209,32.001209,0,0
NFS.DE,D,20091109,000000,32.236591,32.236591,32.236591,32.236591,0,0
NFS.DE,D,20091110,000000,34.358566,34.358566,34.358566,34.358566,0,0
NFS.DE,D,20091117,000000,33.253976,33.253976,33.253976,33.253976,0,0
NFS.DE,D,20091118,000000,33.486522,33.486522,33.486522,33.486522,0,0
NFS.DE,D,20091119,000000,33.253976,33.253976,33.253976,33.253976,0,0
NFS.DE,D,20091124,000000,32.856711,32.856711,32.856711,32.856711,0,0
NFS.DE,D,20091125,000000,33.312113,33.312113,33.312113,33.312113,0,0
NFS.DE,D,20091126,000000,33.205529,33.205529,33.205529,33.205529,0,0
NFS.DE,D,20091130,000000,32.914848,32.914848,32.914848,32.914848,0,0
NFS.DE,D,20091201,000000,32.924537,32.924537,32.924537,32.924537,0,0
NFS.DE,D,20091203,000000,33.467143,33.467143,33.467143,33.467143,0,0
NFS.DE,D,20091215,000000,35.046513,35.046513,35.046513,35.046513,0,0
NFS.DE,D,20091221,000000,35.191854,35.191854,35.191854,35.191854,0,0
NFS.DE,D,20091222,000000,34.978687,34.978687,34.978687,34.978687,0,0
NFS.DE,D,20091223,000000,35.763527,35.763527,35.763527,35.763527,0,0
NFS.DE,D,20091224,000000,35.763527,35.763527,35.763527,35.763527,0,0
NFS.DE,D,20091228,000000,35.802285,35.802285,35.802285,35.802285,0,0
NFS.DE,D,20091229,000000,36.364269,36.364269,36.364269,36.364269,0,0
NFS.DE,D,20091231,000000,36.364269,36.364269,36.364269,36.364269,0,0
NFS.DE,D,20100104,000000,35.744149,35.744149,35.744149,35.744149,0,0
NFS.DE,D,20100105,000000,35.744149,35.744149,35.744149,35.744149,0,0
NFS.DE,D,20100106,000000,35.550361,35.550361,35.550361,35.550361,0,0
NFS.DE,D,20100107,000000,35.816819,35.816819,35.816819,35.816819,0,0
NFS.DE,D,20100111,000000,35.957315,35.957315,35.957315,35.957315,0,0
NFS.DE,D,20100115,000000,35.855577,35.855577,35.855577,35.855577,0,0
NFS.DE,D,20100118,000000,35.443778,35.443778,35.443778,35.443778,0,0
NFS.DE,D,20100120,000000,35.419554,35.419554,35.419554,35.419554,0,0
NFS.DE,D,20100121,000000,34.407013,34.407013,34.407013,34.407013,0,0
NFS.DE,D,20100127,000000,34.038817,34.038817,34.038817,34.038817,0,0
NFS.DE,D,20100128,000000,33.845029,33.845029,33.845029,33.845029,0,0
NFS.DE,D,20100129,000000,33.428385,33.428385,33.428385,33.428385,0,0
NFS.DE,D,20100202,000000,33.66093,33.66093,33.66093,33.66093,0,0
NFS.DE,D,20100203,000000,32.972623,32.972623,32.972623,32.972623,0,0
NFS.DE,D,20100204,000000,33.206818,33.206818,33.206818,33.206818,0,0
NFS.DE,D,20100205,000000,32.982381,32.982381,32.982381,32.982381,0,0
NFS.DE,D,20100210,000000,33.499561,33.499561,33.499561,33.499561,0,0
NFS.DE,D,20100211,000000,32.943349,32.943349,32.943349,32.943349,0,0
NFS.DE,D,20100212,000000,33.29952,33.29952,33.29952,33.29952,0,0
NFS.DE,D,20100216,000000,34.514403,34.514403,34.514403,34.514403,0,0
NFS.DE,D,20100217,000000,35.231624,35.231624,35.231624,35.231624,0,0
NFS.DE,D,20100222,000000,35.734166,35.734166,35.734166,35.734166,0,0
NFS.DE,D,20100224,000000,36.422112,36.422112,36.422112,36.422112,0,0
NFS.DE,D,20100225,000000,36.368442,36.368442,36.368442,36.368442,0,0
NFS.DE,D,20100226,000000,36.978324,36.978324,36.978324,36.978324,0,0
NFS.DE,D,20100303,000000,37.412559,37.412559,37.412559,37.412559,0,0
NFS.DE,D,20100304,000000,37.744335,37.744335,37.744335,37.744335,0,0
NFS.DE,D,20100305,000000,37.095421,37.095421,37.095421,37.095421,0,0
NFS.DE,D,20100309,000000,37.56381,37.56381,37.56381,37.56381,0,0
NFS.DE,D,20100310,000000,38.202965,38.202965,38.202965,38.202965,0,0
NFS.DE,D,20100316,000000,38.310305,38.310305,38.310305,38.310305,0,0
NFS.DE,D,20100318,000000,38.856758,38.856758,38.856758,38.856758,0,0
NFS.DE,D,20100322,000000,39.61789,39.61789,39.61789,39.61789,0,0
NFS.DE,D,20100324,000000,39.544704,39.544704,39.544704,39.544704,0,0
NFS.DE,D,20100325,000000,39.813052,39.813052,39.813052,39.813052,0,0
NFS.DE,D,20100326,000000,39.808173,39.808173,39.808173,39.808173,0,0
NFS.DE,D,20100331,000000,40.510756,40.510756,40.510756,40.510756,0,0
NFS.DE,D,20100407,000000,40.33999,40.33999,40.33999,40.33999,0,0
NFS.DE,D,20100408,000000,41.515841,41.515841,41.515841,41.515841,0,0
NFS.DE,D,20100409,000000,41.979351,41.979351,41.979351,41.979351,0,0
NFS.DE,D,20100413,000000,41.354832,41.354832,41.354832,41.354832,0,0
NFS.DE,D,20100415,000000,41.593906,41.593906,41.593906,41.593906,0,0
NFS.DE,D,20100416,000000,42.311126,42.311126,42.311126,42.311126,0,0
NFS.DE,D,20100419,000000,42.838063,42.838063,42.838063,42.838063,0,0
NFS.DE,D,20100420,000000,42.838063,42.838063,42.838063,42.838063,0,0
NFS.DE,D,20100423,000000,43.550405,43.550405,43.550405,43.550405,0,0
NFS.DE,D,20100427,000000,44.301779,44.301779,44.301779,44.301779,0,0
NFS.DE,D,20100429,000000,42.85758,42.85758,42.85758,42.85758,198,0
NFS.DE,D,20100504,000000,44.848232,44.848232,44.848232,44.848232,0,0
NFS.DE,D,20100507,000000,45.269406,45.269406,45.269406,45.269406,0,0
NFS.DE,D,20100510,000000,42.795883,42.795883,42.795883,42.795883,0,0
NFS.DE,D,20100512,000000,45.59332,45.59332,45.59332,45.59332,0,0
NFS.DE,D,20100517,000000,47.227612,47.227612,47.227612,47.227612,0,0
NFS.DE,D,20100518,000000,46.393289,46.393289,46.393289,46.393289,0,0
NFS.DE,D,20100519,000000,44.557778,44.557778,44.557778,44.557778,0,0
NFS.DE,D,20100524,000000,42.889131,42.889131,42.889131,42.889131,0,0
NFS.DE,D,20100527,000000,44.513608,44.513608,44.513608,44.513608,0,0
NFS.DE,D,20100601,000000,44.896415,44.896415,44.896415,44.896415,0,0
NFS.DE,D,20100602,000000,45.048556,45.048556,45.048556,45.048556,0,0
NFS.DE,D,20100603,000000,44.189694,44.189694,44.189694,44.189694,0,0
NFS.DE,D,20100607,000000,44.651026,44.651026,44.651026,44.651026,0,0
NFS.DE,D,20100609,000000,43.561497,43.561497,43.561497,43.561497,0,0
NFS.DE,D,20100610,000000,42.854776,42.854776,42.854776,42.854776,0,0
NFS.DE,D,20100611,000000,44.827706,44.827706,44.827706,44.827706,0,0
NFS.DE,D,20100614,000000,43.82161,43.82161,43.82161,43.82161,0,0
NFS.DE,D,20100615,000000,45.117265,45.117265,45.117265,45.117265,0,0
NFS.DE,D,20100618,000000,46.319672,46.319672,46.319672,46.319672,0,0
NFS.DE,D,20100622,000000,47.139272,47.139272,47.139272,47.139272,0,0
NFS.DE,D,20100624,000000,47.659498,47.659498,47.659498,47.659498,0,0
NFS.DE,D,20100625,000000,40.557933,40.557933,40.557933,40.557933,0,0
NFS.DE,D,20100722,000000,40.886755,40.886755,40.886755,40.886755,497,0
NFS.DE,D,20100826,000000,41.141834,41.141834,41.141834,41.141834,491,0
NFS.DE,D,20100920,000000,44.515978,44.515978,44.515978,44.515978,0,0
NFS.DE,D,20100921,000000,44.219567,44.219567,44.219567,44.219567,198,0
NFS.DE,D,20100929,000000,43.389617,43.389617,43.389617,43.389617,495,0
NFS.DE,D,20101013,000000,42.688111,42.688111,42.688111,42.688111,398,0
NFS.DE,D,20101027,000000,43.690968,43.690968,43.690968,43.690968,33,0
NFS.DE,D,20110120,000000,46.1302,46.1302,46.1302,46.1302,30,0
NFS.DE,D,20110221,000000,50.05,50.05,50.05,50.05,25,0
NFS.DE,D,20191105,000000,176,176,176,176,0,0
NFS.DE,D,20191106,000000,175,175,175,175,0,0
NFS.DE,D,20191107,000000,178,178,178,178,0,0
NFS.DE,D,20191108,000000,177,177,177,177,0,0
NFS.DE,D,20191111,000000,176,176,176,176,0,0
NFS.DE,D,20191112,000000,176,176,176,176,0,0
NFS.DE,D,20191113,000000,175,175,175,175,0,0
NFS.DE,D,20191114,000000,174,174,174,174,0,0
NFS.DE,D,20191115,000000,174,174,174,174,0,0
NFS.DE,D,20191118,000000,173,173,173,173,0,0
NFS.DE,D,20191119,000000,175,175,175,175,0,0
NFS.DE,D,20191120,000000,174,174,174,174,0,0
NFS.DE,D,20191121,000000,172,172,172,172,0,0
NFS.DE,D,20191122,000000,174,176,174,176,20,0
NFS.DE,D,20191125,000000,178,178,178,178,0,0
NFS.DE,D,20191126,000000,179,179,179,179,0,0
NFS.DE,D,20191127,000000,178,178,178,178,0,0
NFS.DE,D,20191128,000000,178,178,178,178,0,0
NFS.DE,D,20191129,000000,176,176,176,176,0,0
NFS.DE,D,20191202,000000,173,173,173,173,0,0
NFS.DE,D,20191204,000000,171,171,171,171,0,0
NFS.DE,D,20191205,000000,169,169,169,169,0,0
NFS.DE,D,20191209,000000,172,172,172,172,0,0
NFS.DE,D,20191210,000000,170,170,170,170,0,0
NFS.DE,D,20191211,000000,171,171,171,171,0,0
NFS.DE,D,20191212,000000,173,173,173,173,0,0
NFS.DE,D,20191213,000000,171,171,171,171,0,0
NFS.DE,D,20191216,000000,172,172,172,172,0,0
NFS.DE,D,20191217,000000,173,173,173,173,0,0
NFS.DE,D,20191218,000000,172,172,172,172,0,0
NFS.DE,D,20191219,000000,174,174,174,174,0,0
NFS.DE,D,20191220,000000,175,175,175,175,0,0
NFS.DE,D,20191223,000000,176,176,176,176,0,0
NFS.DE,D,20191227,000000,175,175,175,175,0,0
NFS.DE,D,20191230,000000,175,175,175,175,0,0
NFS.DE,D,20200102,000000,175,175,175,175,0,0
NFS.DE,D,20200103,000000,175,175,175,175,0,0
NFS.DE,D,20200106,000000,179,179,175,175,55,0
NFS.DE,D,20200107,000000,177,177,177,177,0,0
NFS.DE,D,20200108,000000,179,179,179,179,0,0
NFS.DE,D,20200109,000000,179,179,179,179,0,0
NFS.DE,D,20200110,000000,177,182,177,179,157,0
NFS.DE,D,20200113,000000,180,180,180,180,0,0
NFS.DE,D,20200114,000000,181,181,181,181,0,0
NFS.DE,D,20200115,000000,183,183,183,183,0,0
NFS.DE,D,20200116,000000,184,184,184,184,0,0
NFS.DE,D,20200117,000000,187,187,187,187,0,0
NFS.DE,D,20200120,000000,189,189,189,189,0,0
NFS.DE,D,20200121,000000,185,185,185,185,0,0
NFS.DE,D,20200122,000000,184,184,184,184,0,0
NFS.DE,D,20200123,000000,187,187,187,187,0,0
NFS.DE,D,20200124,000000,190,190,190,190,0,0
NFS.DE,D,20200127,000000,186,186,186,186,0,0
NFS.DE,D,20200128,000000,187,187,187,187,0,0
NFS.DE,D,20200129,000000,198,200,198,200,8,0
NFS.DE,D,20200130,000000,195,195,195,195,0,0
NFS.DE,D,20200203,000000,190,190,188,188,50,0
NFS.DE,D,20200206,000000,194,194,194,194,0,0
NFS.DE,D,20200207,000000,193,193,193,193,0,0
NFS.DE,D,20200210,000000,193,193,193,193,0,0
NFS.DE,D,20200211,000000,193,193,193,193,0,0
NFS.DE,D,20200212,000000,195,195,195,195,0,0
NFS.DE,D,20200213,000000,194,194,194,194,0,0
NFS.DE,D,20200214,000000,194,194,194,194,0,0
NFS.DE,D,20200217,000000,194,196,194,196,3,0
NFS.DE,D,20200218,000000,195,195,195,195,0,0
NFS.DE,D,20200219,000000,195,195,195,195,0,0
NFS.DE,D,20200220,000000,195,195,195,195,0,0
NFS.DE,D,20200221,000000,194,194,192,192,17,0
NFS.DE,D,20200224,000000,186,186,186,186,0,0
NFS.DE,D,20200225,000000,184,184,184,184,0,0
NFS.DE,D,20200302,000000,163,163,163,163,0,0
NFS.DE,D,20200303,000000,162,162,162,162,0,0
NFS.DE,D,20200304,000000,162,162,162,162,0,0
NFS.DE,D,20200305,000000,160,160,160,160,0,0
NFS.DE,D,20200316,000000,122,124,121,124,6,0
NFS.DE,D,20200317,000000,128,128,128,128,0,0
NFS.DE,D,20200320,000000,121,121,121,121,0,0
NFS.DE,D,20200326,000000,133,133,133,133,0,0
NFS.DE,D,20200327,000000,130,130,130,130,0,0
NFS.DE,D,20200403,000000,133,133,133,133,0,0
NFS.DE,D,20200407,000000,145,145,145,145,0,0
NFS.DE,D,20200408,000000,147,147,147,147,0,0
NFS.DE,D,20200409,000000,148,148,148,148,0,0
NFS.DE,D,20200415,000000,139,139,139,139,0,0
NFS.DE,D,20200416,000000,140,140,140,140,0,0
NFS.DE,D,20200420,000000,146,146,146,146,0,0
NFS.DE,D,20200422,000000,140,140,140,140,0,0
NFS.DE,D,20200424,000000,145,145,145,145,0,0
NFS.DE,D,20200430,000000,158,158,158,158,0,0
NFS.DE,D,20200504,000000,153,153,153,153,0,0
NFS.DE,D,20200505,000000,159,159,159,159,0,0
NFS.DE,D,20200506,000000,159,159,159,159,0,0
NFS.DE,D,20200507,000000,159,159,159,159,0,0
NFS.DE,D,20200508,000000,161,161,161,161,0,0
NFS.DE,D,20200511,000000,161,161,161,161,0,0
NFS.DE,D,20200512,000000,158,158,158,158,0,0
NFS.DE,D,20200513,000000,153,153,153,153,0,0
NFS.DE,D,20200514,000000,152,152,152,152,0,0
NFS.DE,D,20200515,000000,150,150,150,150,0,0
NFS.DE,D,20200518,000000,157,157,157,157,0,0
NFS.DE,D,20200519,000000,158,158,158,158,0,0
NFS.DE,D,20200520,000000,161,161,161,161,15,0
NFS.DE,D,20200521,000000,155,155,155,155,0,0
NFS.DE,D,20200522,000000,157,157,157,157,0,0
NFS.DE,D,20200525,000000,158,158,158,158,0,0
NFS.DE,D,20200526,000000,164,164,164,164,0,0
NFS.DE,D,20200527,000000,167,167,167,167,0,0
NFS.DE,D,20200529,000000,162,162,162,162,0,0
NFS.DE,D,20200602,000000,166,166,166,166,0,0
NFS.DE,D,20200603,000000,171,171,171,171,0,0
NFS.DE,D,20200604,000000,170,170,170,170,0,0
NFS.DE,D,20200605,000000,176,176,176,176,0,0
NFS.DE,D,20200608,000000,172,172,172,172,0,0
NFS.DE,D,20200609,000000,168,168,168,168,0,0
NFS.DE,D,20200610,000000,167,167,167,167,0,0
NFS.DE,D,20200612,000000,157,157,157,157,0,0
NFS.DE,D,20200615,000000,155,155,155,155,0,0
NFS.DE,D,20200616,000000,160,160,160,160,0,0
NFS.DE,D,20200617,000000,158,158,158,158,0,0
NFS.DE,D,20200618,000000,157,157,157,157,0,0
NFS.DE,D,20200619,000000,154,154,154,154,0,0
NFS.DE,D,20200622,000000,150,150,150,150,0,0
NFS.DE,D,20200623,000000,154,154,154,154,0,0
NFS.DE,D,20200624,000000,152,152,152,152,0,0
NFS.DE,D,20200625,000000,150,150,150,150,0,0
NFS.DE,D,20200626,000000,155,157,151,151,97,0
NFS.DE,D,20200629,000000,153,153,153,153,0,0
NFS.DE,D,20200630,000000,156,156,156,156,0,0
NFS.DE,D,20200701,000000,153,153,153,153,0,0
NFS.DE,D,20200702,000000,156,156,156,156,0,0
NFS.DE,D,20200703,000000,155,155,155,155,0,0
NFS.DE,D,20200706,000000,158,158,158,158,13,0
NFS.DE,D,20200707,000000,157,157,157,157,0,0
NFS.DE,D,20200708,000000,153,153,153,153,0,0
NFS.DE,D,20200709,000000,152,152,152,152,0,0
NFS.DE,D,20200710,000000,153,153,151,151,33,0
NFS.DE,D,20200713,000000,154,154,154,154,0,0
NFS.DE,D,20200714,000000,155,155,155,155,0,0
NFS.DE,D,20200715,000000,160,160,160,160,0,0
NFS.DE,D,20200716,000000,162,162,162,162,0,0
NFS.DE,D,20200717,000000,164,164,164,164,0,0
NFS.DE,D,20200720,000000,163,163,163,163,0,0
NFS.DE,D,20200721,000000,165,165,165,165,0,0
NFS.DE,D,20200722,000000,165,165,165,165,0,0
NFS.DE,D,20200723,000000,162,162,162,162,0,0
NFS.DE,D,20200724,000000,161,161,161,161,0,0
NFS.DE,D,20200727,000000,161,161,161,161,0,0
NFS.DE,D,20200728,000000,159,159,159,159,0,0
NFS.DE,D,20200729,000000,163,163,163,163,0,0
NFS.DE,D,20200730,000000,161,161,161,161,0,0
NFS.DE,D,20200731,000000,158,158,158,158,0,0
NFS.DE,D,20200803,000000,163,163,163,163,0,0
NFS.DE,D,20200804,000000,162,162,162,162,0,0
NFS.DE,D,20200805,000000,164,164,164,164,0,0
NFS.DE,D,20200806,000000,164,165,164,165,2,0
NFS.DE,D,20200807,000000,168,168,168,168,0,0
NFS.DE,D,20200812,000000,177,177,177,177,0,0
NFS.DE,D,20200813,000000,173,173,173,173,0,0
NFS.DE,D,20200814,000000,176,176,176,176,0,0
NFS.DE,D,20200817,000000,177,177,177,177,0,0
NFS.DE,D,20200818,000000,174,174,174,174,0,0
NFS.DE,D,20200819,000000,175,175,175,175,0,0
NFS.DE,D,20200820,000000,174,174,174,174,0,0
NFS.DE,D,20200821,000000,177,177,177,177,0,0
NFS.DE,D,20200824,000000,180,180,180,180,0,0
NFS.DE,D,20200825,000000,181,181,181,181,0,0
NFS.DE,D,20200826,000000,180,180,180,180,0,0
NFS.DE,D,20200827,000000,181,181,181,181,0,0
NFS.DE,D,20200828,000000,180,180,180,180,0,0
NFS.DE,D,20200831,000000,180,180,180,180,0,0
NFS.DE,D,20200901,000000,180,180,180,180,0,0
NFS.DE,D,20200902,000000,182,182,182,182,0,0
NFS.DE,D,20200903,000000,179,179,179,179,0,0
NFS.DE,D,20200904,000000,177,177,177,177,0,0
NFS.DE,D,20200907,000000,178,178,178,178,0,0
NFS.DE,D,20200908,000000,176,176,176,176,0,0
NFS.DE,D,20200909,000000,180,180,180,180,0,0
NFS.DE,D,20200910,000000,181,181,181,181,0,0
NFS.DE,D,20200911,000000,184,184,184,184,0,0
NFS.DE,D,20200914,000000,186,186,186,186,0,0
NFS.DE,D,20200915,000000,187,187,187,187,0,0
NFS.DE,D,20200916,000000,189,189,189,189,0,0
NFS.DE,D,20200917,000000,190,190,189,189,82,0
NFS.DE,D,20200918,000000,188,189,188,189,164,0
NFS.DE,D,20200922,000000,184,184,184,184,320,0
NFS.DE,D,20200923,000000,186,186,186,186,400,0
NFS.DE,D,20200924,000000,185,185,184,184,14,0
NFS.DE,D,20200925,000000,188,188,188,188,0,0
NFS.DE,D,20200928,000000,190,191,190,191,19,0
NFS.DE,D,20201001,000000,183,183,183,183,0,0
NFS.DE,D,20201002,000000,182,183,182,183,87,0
NFS.DE,D,20201005,000000,183,183,182,182,240,0
NFS.DE,D,20201006,000000,183,184,183,184,240,0
NFS.DE,D,20201007,000000,184,184,184,184,80,0
NFS.DE,D,20201008,000000,183,183,183,183,0,0
NFS.DE,D,20201009,000000,184,184,184,184,0,0
NFS.DE,D,20201012,000000,186,186,185,186,720,0
NFS.DE,D,20201013,000000,185,185,184,184,80,0
NFS.DE,D,20201014,000000,186,187,186,187,160,0
NFS.DE,D,20201015,000000,185,187,185,185,148,0
NFS.DE,D,20201016,000000,187,187,187,187,0,0
NFS.DE,D,20201019,000000,186,186,186,186,0,0
NFS.DE,D,20201020,000000,183,183,183,183,0,0
NFS.DE,D,20201021,000000,180,180,180,180,0,0
NFS.DE,D,20201022,000000,180,180,180,180,0,0
NFS.DE,D,20201023,000000,182,182,182,182,0,0
NFS.DE,D,20201026,000000,178,178,178,178,0,0
NFS.DE,D,20201102,000000,183,184,183,184,63,0
NFS.DE,D,20201105,000000,192,192,192,192,0,0
NFS.DE,D,20201106,000000,189,189,189,189,0,0
NFS.DE,D,20201109,000000,193,206,193,206,232,0
NFS.DE,D,20201111,000000,200,200,200,200,0,0
NFS.DE,D,20201112,000000,198,198,198,198,0,0
NFS.DE,D,20201113,000000,202,202,202,202,0,0
NFS.DE,D,20201116,000000,200,200,200,200,133,0
NFS.DE,D,20201118,000000,206,208,206,208,8,0
NFS.DE,D,20201119,000000,208,208,208,208,8,0
NFS.DE,D,20201120,000000,204,204,204,204,0,0
NFS.DE,D,20201123,000000,204,204,204,204,0,0
NFS.DE,D,20201124,000000,206,206,206,206,0,0
NFS.DE,D,20201125,000000,204,204,204,204,0,0
NFS.DE,D,20201126,000000,204,204,204,204,0,0
NFS.DE,D,20201127,000000,204,204,204,204,0,0
NFS.DE,D,20201130,000000,199,204,199,202,26,0
NFS.DE,D,20201201,000000,202,202,202,202,0,0
NFS.DE,D,20201202,000000,198,198,198,198,0,0
NFS.DE,D,20201203,000000,197,197,197,197,0,0
NFS.DE,D,20201204,000000,198,198,198,198,0,0
NFS.DE,D,20201207,000000,197,197,197,197,0,0
NFS.DE,D,20201208,000000,198,198,198,198,0,0
NFS.DE,D,20201209,000000,198,198,198,198,0,0
NFS.DE,D,20201210,000000,196,196,196,196,0,0
NFS.DE,D,20201211,000000,195,195,195,195,0,0
NFS.DE,D,20201214,000000,191,191,191,191,0,0
NFS.DE,D,20201215,000000,190,190,190,190,0,0
NFS.DE,D,20201216,000000,188,188,188,188,0,0
NFS.DE,D,20201217,000000,190,190,188,188,3,0
NFS.DE,D,20201218,000000,188,188,188,188,0,0
NFS.DE,D,20201221,000000,187,187,187,187,0,0
NFS.DE,D,20201222,000000,190,190,190,190,0,0
NFS.DE,D,20201223,000000,192,192,192,192,0,0
NFS.DE,D,20201228,000000,194,194,194,194,9,0
NFS.DE,D,20201229,000000,193,193,193,193,0,0
NFS.DE,D,20201230,000000,192,192,192,192,0,0
NFS.DE,D,20210104,000000,192,192,192,192,0,0
NFS.DE,D,20210105,000000,192,192,192,192,0,0
NFS.DE,D,20210112,000000,210,210.05,210,210.05,50,0
NFS.DE,D,20210113,000000,208.8,208.8,208.8,208.8,0,0
NFS.DE,D,20210114,000000,208.55,208.55,208.55,208.55,0,0
NFS.DE,D,20210115,000000,206.3,206.3,206.3,206.3,0,0
NFS.DE,D,20210118,000000,209.7,209.7,209.7,209.7,0,0
NFS.DE,D,20210119,000000,207.75,207.75,207.75,207.75,0,0
NFS.DE,D,20210120,000000,206.95,206.95,206.95,206.95,0,0
NFS.DE,D,20210121,000000,204.1,204.1,204.1,204.1,0,0
NFS.DE,D,20210122,000000,200.5,200.5,200.5,200.5,0,0
NFS.DE,D,20210125,000000,198.98,198.98,198.98,198.98,0,0
NFS.DE,D,20210126,000000,198.54,198.54,198.54,198.54,0,0
NFS.DE,D,20210127,000000,197.82,197.82,194.6,194.6,819,0
NFS.DE,D,20210129,000000,196.34,196.34,196.34,196.34,0,0
NFS.DE,D,20210201,000000,198.5,198.5,198.5,198.5,0,0
NFS.DE,D,20210204,000000,206.85,206.85,206.85,206.85,0,0
NFS.DE,D,20210205,000000,205.4,205.4,205.4,205.4,0,0
NFS.DE,D,20210208,000000,201.75,201.75,200.8,200.8,9,0
NFS.DE,D,20210209,000000,199,202.95,199,202.95,8,0
NFS.DE,D,20210210,000000,203.7,203.7,203.7,203.7,0,0
NFS.DE,D,20210211,000000,204.45,204.45,204.45,204.45,0,0
NFS.DE,D,20210216,000000,212.75,212.75,212.1,212.1,2,0
NFS.DE,D,20210217,000000,208.7,208.7,208.7,208.7,0,0
NFS.DE,D,20210218,000000,206.6,206.6,205.05,205.05,20,0
NFS.DE,D,20210219,000000,210.75,210.75,210.75,210.75,27,0
NFS.DE,D,20210223,000000,211.9,211.9,211.9,211.9,0,0
NFS.DE,D,20210224,000000,215.8,215.8,215.8,215.8,0,0
NFS.DE,D,20210226,000000,208.9,210.25,208.9,210.25,25,0
NFS.DE,D,20210301,000000,213.4,213.4,213.4,213.4,0,0
NFS.DE,D,20210302,000000,212.95,212.95,212.95,212.95,0,0
NFS.DE,D,20210303,000000,212.5,212.5,212.5,212.5,0,0
NFS.DE,D,20210309,000000,220.1,220.1,220.1,220.1,0,0
NFS.DE,D,20210310,000000,218.35,218.35,218.35,218.35,0,0
NFS.DE,D,20210311,000000,219.55,219.55,219.55,219.55,0,0
NFS.DE,D,20210312,000000,219.4,219.4,219.4,219.4,0,0
NFS.DE,D,20210315,000000,215.8,215.8,215.8,215.8,0,0
NFS.DE,D,20210316,000000,215.95,215.95,215.95,215.95,0,0
NFS.DE,D,20210317,000000,217.75,217.75,217.75,217.75,0,0
NFS.DE,D,20210318,000000,220.75,220.75,220.75,220.75,0,0
NFS.DE,D,20210319,000000,220.15,220.15,220.15,220.15,0,0
NFS.DE,D,20210322,000000,218.05,218.05,218.05,218.05,0,0
NFS.DE,D,20210323,000000,219.7,219.7,219.7,219.7,0,0
NFS.DE,D,20210329,000000,229.45,229.45,229.45,229.45,0,0
NFS.DE,D,20210330,000000,230.5,230.5,230.5,230.5,0,0
NFS.DE,D,20210331,000000,229,229,229,229,0,0
NFS.DE,D,20210401,000000,229.8,229.8,229.8,229.8,0,0
NFS.DE,D,20210406,000000,229.8,229.8,229.8,229.8,0,0
NFS.DE,D,20210407,000000,227.4,227.4,227.4,227.4,0,0
NFS.DE,D,20210408,000000,226.1,226.1,226.1,226.1,0,0
NFS.DE,D,20210409,000000,226.1,226.1,226.1,226.1,0,0
NFS.DE,D,20210412,000000,228.8,228.8,228.8,228.8,0,0
NFS.DE,D,20210413,000000,226.4,226.4,226.4,226.4,0,0
NFS.DE,D,20210414,000000,227.7,227.7,227.7,227.7,0,0
NFS.DE,D,20210415,000000,228.8,228.8,228.8,228.8,0,0
NFS.DE,D,20210416,000000,227.4,227.4,227.4,227.4,0,0
NFS.DE,D,20210419,000000,224.1,224.1,224.1,224.1,0,0
NFS.DE,D,20210420,000000,225.8,225.8,225.8,225.8,0,0
NFS.DE,D,20210423,000000,233.7,233.7,233.7,233.7,0,0
NFS.DE,D,20210426,000000,234.8,234.8,234.8,234.8,0,0
NFS.DE,D,20210427,000000,233.4,233.4,233.4,233.4,0,0
NFS.DE,D,20210428,000000,236.6,236.6,236.6,236.6,0,0
NFS.DE,D,20210429,000000,232.8,232.8,232.8,232.8,0,0
NFS.DE,D,20210430,000000,230.4,230.4,230.4,230.4,0,0
NFS.DE,D,20210503,000000,235.1,235.1,235.1,235.1,0,0
NFS.DE,D,20210504,000000,236.9,236.9,236.9,236.9,0,0
NFS.DE,D,20210505,000000,242.6,242.6,240.6,241.7,52,0
NFS.DE,D,20210506,000000,237.2,237.2,237.2,237.2,0,0
NFS.DE,D,20210507,000000,238.1,238.1,238.1,238.1,0,0
NFS.DE,D,20210510,000000,242.3,242.3,242.3,242.3,0,0
NFS.DE,D,20210511,000000,237,237,237,237,0,0
NFS.DE,D,20210512,000000,235.4,235.4,235.4,235.4,0,0
NFS.DE,D,20210513,000000,236.3,236.3,236.3,236.3,0,0
NFS.DE,D,20210514,000000,239.3,239.3,239.3,239.3,0,0
NFS.DE,D,20210517,000000,236,236,236,236,0,0
NFS.DE,D,20210518,000000,231.8,231.8,231.8,231.8,0,0
NFS.DE,D,20210519,000000,227.1,227.1,227.1,227.1,0,0
NFS.DE,D,20210520,000000,230.8,230.8,227.5,227.6,10,0
NFS.DE,D,20210521,000000,228.9,228.9,228.9,228.9,0,0
NFS.DE,D,20210525,000000,230.4,230.4,230.4,230.4,0,0
NFS.DE,D,20210526,000000,227.4,227.4,227.4,227.4,0,0
NFS.DE,D,20210527,000000,230.9,230.9,230.9,230.9,0,0
NFS.DE,D,20210528,000000,229,229,229,229,0,0
NFS.DE,D,20210531,000000,230,230,230,230,0,0
NFS.DE,D,20210601,000000,232.1,232.1,232.1,232.1,0,0
NFS.DE,D,20210602,000000,230.3,230.3,230.3,230.3,0,0
NFS.DE,D,20210603,000000,231.5,231.5,231.5,231.5,0,0
NFS.DE,D,20210604,000000,228.9,228.9,228.9,228.9,0,0
NFS.DE,D,20210607,000000,225.9,225.9,225.9,225.9,0,0
NFS.DE,D,20210608,000000,225.3,225.3,225.3,225.3,0,0
NFS.DE,D,20210609,000000,226.5,226.5,226.5,226.5,0,0
NFS.DE,D,20210610,000000,221.9,224,221.9,224,10,0
NFS.DE,D,20210611,000000,223.7,223.7,223.7,223.7,0,0
NFS.DE,D,20210614,000000,223.8,223.8,223.8,223.8,0,0
NFS.DE,D,20210615,000000,220.9,224.3,220.9,224.3,50,0
NFS.DE,D,20210616,000000,224.9,224.9,224.9,224.9,0,0
NFS.DE,D,20210617,000000,223.7,223.7,223.7,223.7,0,0
NFS.DE,D,20210618,000000,222,222,222,222,0,0
NFS.DE,D,20210621,000000,223.7,223.7,223.7,223.7,0,0
NFS.DE,D,20210622,000000,223.4,223.4,223.4,223.4,0,0
NFS.DE,D,20210623,000000,221.3,221.3,221.3,221.3,0,0
NFS.DE,D,20210624,000000,221,221,221,221,0,0
NFS.DE,D,20210625,000000,224.4,224.4,224.4,224.4,0,0
NFS.DE,D,20210628,000000,225,225,221,221,26,0
NFS.DE,D,20210629,000000,220.2,220.2,220.2,220.2,0,0
NFS.DE,D,20210630,000000,222.5,222.5,222.5,222.5,2,0
NFS.DE,D,20210701,000000,226.5,226.5,226.5,226.5,0,0
NFS.DE,D,20210702,000000,228.6,228.6,228.6,228.6,0,0
NFS.DE,D,20210705,000000,228.7,228.7,228.7,228.7,0,0
NFS.DE,D,20210706,000000,225.3,225.3,225.3,225.3,0,0
NFS.DE,D,20210708,000000,215.1,215.1,211.8,215.1,60,0
NFS.DE,D,20210709,000000,215.6,222.9,215.6,221.6,347,0
NFS.DE,D,20210712,000000,219.3,219.3,219.3,219.3,0,0
NFS.DE,D,20210713,000000,221.6,221.6,221.6,221.6,0,0
NFS.DE,D,20210714,000000,222,222,222,222,0,0
NFS.DE,D,20210715,000000,222.8,222.8,222.8,222.8,0,0
NFS.DE,D,20210716,000000,222,222,222,222,0,0
NFS.DE,D,20210720,000000,218.6,218.6,218.6,218.6,0,0
NFS.DE,D,20210721,000000,220.4,220.4,220.4,220.4,0,0
NFS.DE,D,20210723,000000,226.2,226.2,226.2,226.2,0,0
NFS.DE,D,20210726,000000,224.4,224.4,224.4,224.4,0,0
NFS.DE,D,20210727,000000,223.7,223.7,223.7,223.7,0,0
NFS.DE,D,20210728,000000,219.6,219.6,217.2,217.2,4,0
NFS.DE,D,20210729,000000,216.2,216.2,216.2,216.2,0,0
NFS.DE,D,20210730,000000,216.9,216.9,216.9,216.9,4,0
NFS.DE,D,20210802,000000,216.8,216.8,216.8,216.8,0,0
NFS.DE,D,20210803,000000,218.9,218.9,218.9,218.9,0,0
NFS.DE,D,20210804,000000,215.7,215.7,215.1,215.1,75,0
NFS.DE,D,20210805,000000,215.1,215.1,215.1,215.1,0,0
NFS.DE,D,20210806,000000,217.8,217.8,217.8,217.8,0,0
NFS.DE,D,20210809,000000,217.7,217.7,217.7,217.7,0,0
NFS.DE,D,20210810,000000,222,222,222,222,0,0
NFS.DE,D,20210811,000000,224.7,224.7,224.7,224.7,0,0
NFS.DE,D,20210812,000000,227,227,227,227,0,0
NFS.DE,D,20210813,000000,227.1,227.1,227.1,227.1,0,0
NFS.DE,D,20210816,000000,228.2,228.2,228.2,228.2,0,0
NFS.DE,D,20210817,000000,227.7,227.7,227.7,227.7,0,0
NFS.DE,D,20210818,000000,228.6,228.6,228.6,228.6,0,0
NFS.DE,D,20210819,000000,224.9,224.9,224.9,224.9,0,0
NFS.DE,D,20210820,000000,224.4,224.4,224.4,224.4,0,0
NFS.DE,D,20210823,000000,226.7,226.7,226.7,226.7,0,0
NFS.DE,D,20210824,000000,222.3,222.3,222.3,222.3,0,0
