<TICKER>,<PER>,<DATE>,<TIME>,<OPEN>,<HIGH>,<LOW>,<CLOSE>,<VOL>,<OPENINT>
S5SG.DE,D,20190411,000000,16.342,16.366,16.324,16.324,0,0
S5SG.DE,D,20190412,000000,16.382,16.414,16.362,16.362,10,0
S5SG.DE,D,20190415,000000,16.38,16.39,16.354,16.354,0,0
S5SG.DE,D,20190416,000000,16.406,16.436,16.392,16.392,0,0
S5SG.DE,D,20190417,000000,16.402,16.42,16.336,16.336,0,0
S5SG.DE,D,20190418,000000,16.296,16.332,16.296,16.332,0,0
S5SG.DE,D,20190423,000000,16.396,16.49,16.382,16.49,0,0
S5SG.DE,D,20190424,000000,16.51,16.534,16.51,16.534,0,0
S5SG.DE,D,20190425,000000,16.524,16.524,16.514,16.52,0,0
S5SG.DE,D,20190426,000000,16.472,16.52,16.472,16.52,0,0
S5SG.DE,D,20190429,000000,16.636,16.636,16.556,16.598,90,0
S5SG.DE,D,20190430,000000,16.644,16.644,16.566,16.566,300,0
S5SG.DE,D,20190502,000000,16.53,16.53,16.452,16.452,0,0
S5SG.DE,D,20190503,000000,16.54,16.58,16.508,16.58,22,0
S5SG.DE,D,20190506,000000,16.33,16.494,16.33,16.494,10,0
S5SG.DE,D,20190507,000000,16.538,16.538,16.33,16.33,0,0
S5SG.DE,D,20190508,000000,16.334,16.334,16.24,16.304,0,0
S5SG.DE,D,20190509,000000,16.206,16.21,16.064,16.064,0,0
S5SG.DE,D,20190510,000000,16.198,16.198,15.994,15.994,0,0
S5SG.DE,D,20190513,000000,16.13,16.13,15.894,15.894,0,0
S5SG.DE,D,20190514,000000,15.924,16.092,15.924,16.092,0,0
S5SG.DE,D,20190515,000000,16.076,16.102,16.004,16.102,0,0
S5SG.DE,D,20190516,000000,16.102,16.336,16.102,16.336,300,0
S5SG.DE,D,20190517,000000,16.23,16.282,16.178,16.282,0,0
S5SG.DE,D,20190520,000000,16.218,16.218,16.072,16.094,0,0
S5SG.DE,D,20190521,000000,16.134,16.19,16.134,16.19,8,0
S5SG.DE,D,20190522,000000,16.166,16.166,16.152,16.152,0,0
S5SG.DE,D,20190523,000000,16.048,16.048,15.922,15.922,0,0
S5SG.DE,D,20190524,000000,16.004,16.04,15.982,15.982,0,0
S5SG.DE,D,20190527,000000,16.022,16.022,15.992,15.992,0,0
S5SG.DE,D,20190528,000000,16.022,16.022,15.98,15.982,0,0
S5SG.DE,D,20190529,000000,15.75,15.764,15.708,15.708,0,0
S5SG.DE,D,20190530,000000,15.756,15.756,15.734,15.734,0,0
S5SG.DE,D,20190531,000000,15.622,15.622,15.576,15.62,0,0
S5SG.DE,D,20190603,000000,15.476,15.586,15.476,15.586,0,0
S5SG.DE,D,20190604,000000,15.52,15.75,15.52,15.75,0,0
S5SG.DE,D,20190605,000000,15.86,15.934,15.86,15.918,0,0
S5SG.DE,D,20190606,000000,15.958,16.01,15.958,16.01,0,0
S5SG.DE,D,20190607,000000,16.086,16.248,16.086,16.248,0,0
S5SG.DE,D,20190611,000000,16.354,16.386,16.338,16.338,0,0
S5SG.DE,D,20190612,000000,16.264,16.28,16.264,16.28,0,0
S5SG.DE,D,20190613,000000,16.272,16.354,16.272,16.326,0,0
S5SG.DE,D,20190614,000000,16.352,16.352,16.32,16.332,0,0
S5SG.DE,D,20190617,000000,16.376,16.376,16.356,16.364,0,0
S5SG.DE,D,20190618,000000,16.334,16.51,16.334,16.51,0,0
S5SG.DE,D,20190619,000000,16.504,16.504,16.49,16.49,0,0
S5SG.DE,D,20190620,000000,16.642,16.686,16.628,16.628,0,0
S5SG.DE,D,20190621,000000,16.658,16.716,16.658,16.716,0,0
S5SG.DE,D,20190624,000000,16.682,16.682,16.66,16.67,0,0
S5SG.DE,D,20190625,000000,16.58,16.606,16.548,16.548,0,0
S5SG.DE,D,20190626,000000,16.462,16.52,16.462,16.476,0,0
S5SG.DE,D,20190627,000000,16.506,16.506,16.464,16.466,0,0
S5SG.DE,D,20190628,000000,16.522,16.542,16.522,16.542,0,0
S5SG.DE,D,20190701,000000,16.746,16.746,16.702,16.702,0,0
S5SG.DE,D,20190702,000000,16.724,16.724,16.692,16.7,0,0
S5SG.DE,D,20190703,000000,16.764,16.85,16.764,16.85,0,0
S5SG.DE,D,20190704,000000,16.886,16.91,16.886,16.91,0,0
S5SG.DE,D,20190705,000000,16.906,16.906,16.796,16.796,0,0
S5SG.DE,D,20190708,000000,16.794,16.812,16.77,16.77,0,0
S5SG.DE,D,20190709,000000,16.71,16.76,16.71,16.76,0,0
S5SG.DE,D,20190710,000000,16.758,16.858,16.75,16.858,0,0
S5SG.DE,D,20190711,000000,16.92,16.932,16.92,16.932,0,0
S5SG.DE,D,20190712,000000,16.95,16.964,16.95,16.964,0,0
S5SG.DE,D,20190715,000000,17.002,17.006,16.988,16.988,0,0
S5SG.DE,D,20190716,000000,17.006,17.006,16.986,16.986,0,0
S5SG.DE,D,20190717,000000,16.954,16.954,16.902,16.902,0,0
S5SG.DE,D,20190718,000000,16.866,16.866,16.798,16.798,117,0
S5SG.DE,D,20190719,000000,16.944,16.972,16.898,16.898,100,0
S5SG.DE,D,20190722,000000,16.856,16.856,16.802,16.802,118,0
S5SG.DE,D,20190723,000000,16.864,16.898,16.864,16.866,0,0
S5SG.DE,D,20190724,000000,16.95,16.964,16.926,16.964,0,0
S5SG.DE,D,20190725,000000,17.056,17.056,16.976,16.976,2290,0
S5SG.DE,D,20190726,000000,16.998,17.064,16.998,17.064,632,0
S5SG.DE,D,20190729,000000,17.062,17.074,17.062,17.072,0,0
S5SG.DE,D,20190730,000000,17.088,17.088,17.034,17.034,80,0
S5SG.DE,D,20190731,000000,17.044,17.054,17.034,17.034,1765,0
S5SG.DE,D,20190801,000000,16.804,17.034,16.804,17.034,1205,0
S5SG.DE,D,20190802,000000,16.656,16.656,16.51,16.51,2344,0
S5SG.DE,D,20190805,000000,16.456,16.456,16.212,16.212,300,0
S5SG.DE,D,20190806,000000,16.064,16.14,16.064,16.11,0,0
S5SG.DE,D,20190807,000000,16.246,16.306,16.156,16.156,0,0
S5SG.DE,D,20190808,000000,16.378,16.518,16.322,16.518,0,0
S5SG.DE,D,20190809,000000,16.562,16.562,16.416,16.416,844,0
S5SG.DE,D,20190812,000000,16.556,16.556,16.342,16.342,0,0
S5SG.DE,D,20190813,000000,16.252,16.522,16.252,16.522,0,0
S5SG.DE,D,20190814,000000,16.57,16.57,16.422,16.422,0,0
S5SG.DE,D,20190815,000000,16.198,16.198,16.054,16.096,0,0
S5SG.DE,D,20190816,000000,16.174,16.326,16.174,16.326,844,0
S5SG.DE,D,20190819,000000,16.506,16.55,16.504,16.55,0,0
S5SG.DE,D,20190820,000000,16.546,16.546,16.514,16.514,0,0
S5SG.DE,D,20190821,000000,16.466,16.566,16.466,16.566,0,0
S5SG.DE,D,20190822,000000,16.562,16.59,16.508,16.508,50,0
S5SG.DE,D,20190823,000000,16.598,16.598,16.262,16.262,844,0
S5SG.DE,D,20190826,000000,16.204,16.228,16.204,16.228,0,0
S5SG.DE,D,20190827,000000,16.262,16.336,16.262,16.288,0,0
S5SG.DE,D,20190828,000000,16.242,16.306,16.224,16.306,0,0
S5SG.DE,D,20190829,000000,16.296,16.528,16.296,16.528,59,0
S5SG.DE,D,20190830,000000,16.544,16.646,16.522,16.522,0,0
S5SG.DE,D,20190902,000000,16.478,16.526,16.472,16.472,0,0
S5SG.DE,D,20190903,000000,16.416,16.424,16.416,16.424,0,0
S5SG.DE,D,20190904,000000,16.568,16.58,16.562,16.58,0,0
S5SG.DE,D,20190905,000000,16.73,16.852,16.73,16.852,0,0
S5SG.DE,D,20190906,000000,16.846,16.862,16.846,16.862,0,0
S5SG.DE,D,20190909,000000,16.894,16.896,16.884,16.884,0,0
S5SG.DE,D,20190910,000000,16.822,16.836,16.738,16.738,0,0
S5SG.DE,D,20190911,000000,16.862,16.91,16.844,16.91,0,0
S5SG.DE,D,20190912,000000,17.012,17.042,16.996,17.042,785,0
S5SG.DE,D,20190913,000000,17.066,17.1,17.046,17.046,0,0
S5SG.DE,D,20190916,000000,16.934,16.956,16.934,16.956,0,0
S5SG.DE,D,20190917,000000,16.962,16.974,16.938,16.974,0,0
S5SG.DE,D,20190918,000000,16.978,16.978,16.956,16.956,0,0
S5SG.DE,D,20190919,000000,16.956,17.088,16.956,17.088,0,0
S5SG.DE,D,20190920,000000,17.032,17.04,17.032,17.032,0,0
S5SG.DE,D,20190923,000000,16.976,16.976,16.91,16.94,0,0
S5SG.DE,D,20190924,000000,16.99,17.02,16.926,16.926,0,0
S5SG.DE,D,20190925,000000,16.852,16.852,16.768,16.83,112,0
S5SG.DE,D,20190926,000000,16.87,16.928,16.812,16.812,1185,0
S5SG.DE,D,20190927,000000,16.886,16.918,16.878,16.878,0,0
S5SG.DE,D,20191001,000000,16.924,16.924,16.76,16.76,0,0
S5SG.DE,D,20191002,000000,16.526,16.526,16.31,16.31,200,0
S5SG.DE,D,20191004,000000,16.428,16.594,16.394,16.594,2145,0
S5SG.DE,D,20191007,000000,16.618,16.696,16.618,16.696,0,0
S5SG.DE,D,20191008,000000,16.66,16.66,16.394,16.394,0,0
S5SG.DE,D,20191009,000000,16.374,16.484,16.374,16.474,100,0
S5SG.DE,D,20191010,000000,16.508,16.658,16.5,16.658,0,0
S5SG.DE,D,20191011,000000,16.692,16.914,16.692,16.914,0,0
S5SG.DE,D,20191014,000000,16.8,16.8,16.724,16.788,0,0
S5SG.DE,D,20191015,000000,16.846,16.928,16.816,16.928,0,0
S5SG.DE,D,20191016,000000,16.91,16.91,16.892,16.894,0,0
S5SG.DE,D,20191017,000000,16.864,16.94,16.864,16.926,0,0
S5SG.DE,D,20191018,000000,16.914,16.946,16.914,16.92,0,0
S5SG.DE,D,20191021,000000,16.938,17,16.938,17,0,0
S5SG.DE,D,20191022,000000,17.042,17.048,17.036,17.048,0,0
S5SG.DE,D,20191023,000000,16.938,16.99,16.938,16.99,0,0
S5SG.DE,D,20191024,000000,17.034,17.046,17.034,17.044,0,0
S5SG.DE,D,20191025,000000,17.006,17.102,17.006,17.102,0,0
S5SG.DE,D,20191028,000000,17.128,17.188,17.128,17.188,0,0
S5SG.DE,D,20191029,000000,17.192,17.216,17.168,17.216,0,0
S5SG.DE,D,20191030,000000,17.148,17.164,17.148,17.16,0,0
S5SG.DE,D,20191031,000000,17.236,17.236,17.116,17.116,0,0
S5SG.DE,D,20191101,000000,17.212,17.302,17.202,17.302,0,0
S5SG.DE,D,20191104,000000,17.374,17.416,17.374,17.416,0,0
S5SG.DE,D,20191105,000000,17.432,17.456,17.382,17.382,39,0
S5SG.DE,D,20191106,000000,17.38,17.382,17.38,17.382,0,0
S5SG.DE,D,20191107,000000,17.468,17.508,17.462,17.508,0,0
S5SG.DE,D,20191108,000000,17.454,17.462,17.448,17.448,0,0
S5SG.DE,D,20191111,000000,17.476,17.476,17.434,17.446,80,0
S5SG.DE,D,20191112,000000,17.5,17.544,17.484,17.544,0,0
S5SG.DE,D,20191113,000000,17.466,17.496,17.408,17.496,290,0
S5SG.DE,D,20191114,000000,17.516,17.516,17.496,17.496,0,0
S5SG.DE,D,20191115,000000,17.59,17.632,17.588,17.632,0,0
S5SG.DE,D,20191118,000000,17.686,17.688,17.668,17.668,0,0
S5SG.DE,D,20191119,000000,17.692,17.708,17.652,17.652,0,0
S5SG.DE,D,20191120,000000,17.586,17.628,17.586,17.628,0,0
S5SG.DE,D,20191121,000000,17.554,17.58,17.534,17.534,0,0
S5SG.DE,D,20191122,000000,17.576,17.598,17.55,17.55,0,0
S5SG.DE,D,20191125,000000,17.64,17.698,17.64,17.698,0,0
S5SG.DE,D,20191126,000000,17.73,17.73,17.72,17.72,0,0
S5SG.DE,D,20191127,000000,17.814,17.814,17.802,17.802,0,0
S5SG.DE,D,20191128,000000,17.794,17.822,17.794,17.822,0,0
S5SG.DE,D,20191129,000000,17.79,17.82,17.79,17.794,22,0
S5SG.DE,D,20191202,000000,17.824,17.824,17.6,17.6,0,0
S5SG.DE,D,20191203,000000,17.636,17.636,17.41,17.41,0,0
S5SG.DE,D,20191204,000000,17.448,17.632,17.448,17.632,0,0
S5SG.DE,D,20191205,000000,17.67,17.67,17.59,17.59,0,0
S5SG.DE,D,20191206,000000,17.684,17.816,17.684,17.816,0,0
S5SG.DE,D,20191209,000000,17.788,17.796,17.78,17.796,0,0
S5SG.DE,D,20191210,000000,17.73,17.756,17.676,17.756,0,0
S5SG.DE,D,20191211,000000,17.758,17.758,17.748,17.748,0,0
S5SG.DE,D,20191212,000000,17.8,17.894,17.794,17.894,0,0
S5SG.DE,D,20191213,000000,18.014,18.014,17.908,17.908,523,0
S5SG.DE,D,20191216,000000,18.022,18.11,18.022,18.11,0,0
S5SG.DE,D,20191217,000000,18.116,18.116,18.088,18.088,0,0
S5SG.DE,D,20191218,000000,18.066,18.086,18.066,18.086,0,0
S5SG.DE,D,20191219,000000,18.078,18.114,18.078,18.114,276,0
S5SG.DE,D,20191220,000000,18.116,18.234,18.116,18.234,0,0
S5SG.DE,D,20191223,000000,18.212,18.26,18.212,18.24,0,0
S5SG.DE,D,20191227,000000,18.37,18.388,18.356,18.356,0,0
S5SG.DE,D,20191230,000000,18.324,18.324,18.296,18.324,2302,0
S5SG.DE,D,20200102,000000,18.31,18.374,18.31,18.31,0,0
S5SG.DE,D,20200103,000000,18.226,18.306,18.206,18.302,10000,0
S5SG.DE,D,20200106,000000,18.204,18.292,18.192,18.292,0,0
S5SG.DE,D,20200107,000000,18.336,18.35,18.322,18.322,0,0
S5SG.DE,D,20200108,000000,18.258,18.362,18.258,18.362,200,0
S5SG.DE,D,20200109,000000,18.488,18.506,18.488,18.506,0,0
S5SG.DE,D,20200110,000000,18.552,18.57,18.534,18.534,0,0
S5SG.DE,D,20200113,000000,18.502,18.536,18.502,18.536,0,0
S5SG.DE,D,20200114,000000,18.56,18.59,18.56,18.59,0,0
S5SG.DE,D,20200115,000000,18.562,18.642,18.562,18.642,0,0
S5SG.DE,D,20200116,000000,18.65,18.69,18.65,18.69,70,0
S5SG.DE,D,20200117,000000,18.766,18.804,18.766,18.794,200,0
S5SG.DE,D,20200120,000000,18.778,18.812,18.778,18.812,0,0
S5SG.DE,D,20200121,000000,18.732,18.824,18.732,18.824,0,0
S5SG.DE,D,20200122,000000,18.856,18.908,18.856,18.862,13,0
S5SG.DE,D,20200123,000000,18.784,18.812,18.736,18.736,0,0
S5SG.DE,D,20200124,000000,18.852,18.878,18.76,18.76,0,0
S5SG.DE,D,20200127,000000,18.436,18.436,18.372,18.372,0,0
S5SG.DE,D,20200128,000000,18.436,18.546,18.416,18.546,0,0
S5SG.DE,D,20200129,000000,18.572,18.638,18.572,18.598,0,0
S5SG.DE,D,20200130,000000,18.38,18.47,18.38,18.47,0,0
S5SG.DE,D,20200131,000000,18.572,18.608,18.404,18.404,10000,0
S5SG.DE,D,20200203,000000,18.418,18.446,18.374,18.446,14,0
S5SG.DE,D,20200204,000000,18.532,18.74,18.532,18.74,0,0
S5SG.DE,D,20200205,000000,18.854,18.854,18.83,18.83,0,0
S5SG.DE,D,20200206,000000,19.032,19.032,18.964,18.964,10,0
S5SG.DE,D,20200207,000000,18.936,18.954,18.92,18.954,0,0
S5SG.DE,D,20200210,000000,18.884,18.96,18.882,18.96,0,0
S5SG.DE,D,20200211,000000,19.086,19.116,19.086,19.116,0,0
S5SG.DE,D,20200212,000000,19.104,19.176,19.104,19.176,1300,0
S5SG.DE,D,20200213,000000,19.084,19.206,19.084,19.206,0,0
S5SG.DE,D,20200214,000000,19.204,19.214,19.176,19.186,150,0
S5SG.DE,D,20200217,000000,19.24,19.254,19.24,19.25,0,0
S5SG.DE,D,20200218,000000,19.09,19.128,19.08,19.08,300,0
S5SG.DE,D,20200219,000000,19.168,19.258,19.168,19.258,0,0
S5SG.DE,D,20200220,000000,19.236,19.236,19.044,19.044,0,0
S5SG.DE,D,20200221,000000,19.002,19.068,18.998,18.998,0,0
S5SG.DE,D,20200224,000000,18.612,18.612,18.39,18.39,381,0
S5SG.DE,D,20200225,000000,18.432,18.432,18.058,18.058,0,0
S5SG.DE,D,20200226,000000,17.816,17.94,17.784,17.94,0,0
S5SG.DE,D,20200227,000000,17.516,17.516,17.254,17.254,0,0
S5SG.DE,D,20200228,000000,16.604,16.604,16.492,16.492,0,0
S5SG.DE,D,20200302,000000,16.99,17.094,16.56,17.094,0,0
S5SG.DE,D,20200303,000000,17.436,17.508,17.25,17.25,0,0
S5SG.DE,D,20200304,000000,17.216,17.412,17.216,17.33,0,0
S5SG.DE,D,20200305,000000,17.472,17.472,17.308,17.372,115,0
S5SG.DE,D,20200306,000000,16.954,16.954,16.686,16.734,0,0
S5SG.DE,D,20200309,000000,15.608,15.86,15.608,15.86,0,0
S5SG.DE,D,20200310,000000,16.014,16.22,15.7,15.7,10000,0
S5SG.DE,D,20200311,000000,15.93,15.93,15.742,15.77,150,0
S5SG.DE,D,20200312,000000,15.02,15.02,14.08,14.08,25400,0
S5SG.DE,D,20200313,000000,14.788,14.936,14.462,14.462,1000,0
S5SG.DE,D,20200316,000000,13.792,14.416,13.792,14.416,0,0
S5SG.DE,D,20200317,000000,14.522,14.522,13.958,14.286,0,0
S5SG.DE,D,20200318,000000,13.428,13.548,13.428,13.548,0,0
S5SG.DE,D,20200319,000000,13.608,13.652,13.408,13.652,0,0
S5SG.DE,D,20200320,000000,14.006,14.006,13.48,13.48,0,0
S5SG.DE,D,20200323,000000,12.544,13.208,12.544,12.666,500,0
S5SG.DE,D,20200324,000000,13.298,13.832,13.298,13.832,0,0
S5SG.DE,D,20200325,000000,14.048,14.256,13.822,14.256,350,0
S5SG.DE,D,20200326,000000,13.868,14.8,13.782,14.8,1788,0
S5SG.DE,D,20200327,000000,14.706,14.706,14.486,14.594,345,0
S5SG.DE,D,20200330,000000,14.578,14.91,14.546,14.88,1007,0
S5SG.DE,D,20200331,000000,15.044,15.078,14.92,15.078,50,0
S5SG.DE,D,20200401,000000,14.324,14.324,14.184,14.3,0,0
S5SG.DE,D,20200402,000000,14.266,14.288,14.23,14.288,0,0
S5SG.DE,D,20200403,000000,14.294,14.294,14.202,14.202,0,0
S5SG.DE,D,20200406,000000,14.772,14.888,14.758,14.888,0,0
S5SG.DE,D,20200407,000000,15.422,15.662,15.422,15.544,320,0
S5SG.DE,D,20200408,000000,15.186,15.508,15.186,15.508,0,0
S5SG.DE,D,20200409,000000,15.754,15.894,15.65,15.894,0,0
S5SG.DE,D,20200414,000000,16.012,16.228,16.012,16.228,1765,0
S5SG.DE,D,20200415,000000,16.08,16.08,15.916,15.916,31,0
S5SG.DE,D,20200416,000000,16.058,16.058,15.914,16.006,180,0
S5SG.DE,D,20200417,000000,16.454,16.616,16.232,16.232,1140,0
S5SG.DE,D,20200420,000000,16.354,16.416,16.208,16.416,0,0
S5SG.DE,D,20200421,000000,16.126,16.126,15.644,15.644,0,0
S5SG.DE,D,20200422,000000,15.83,15.96,15.83,15.96,0,0
S5SG.DE,D,20200423,000000,16.036,16.17,15.922,16.17,1562,0
S5SG.DE,D,20200424,000000,15.876,16.08,15.876,15.966,2303,0
S5SG.DE,D,20200427,000000,16.288,16.408,16.288,16.408,0,0
S5SG.DE,D,20200428,000000,16.412,16.62,16.394,16.48,9000,0
S5SG.DE,D,20200429,000000,16.54,16.76,16.54,16.76,0,0
S5SG.DE,D,20200430,000000,16.87,16.87,16.594,16.656,4650,0
S5SG.DE,D,20200504,000000,16.044,16.126,16.016,16.126,0,0
S5SG.DE,D,20200505,000000,16.302,16.546,16.302,16.546,1450,0
S5SG.DE,D,20200506,000000,16.578,16.578,16.418,16.418,1940,0
S5SG.DE,D,20200507,000000,16.372,16.536,16.372,16.536,0,0
S5SG.DE,D,20200508,000000,16.67,16.718,16.67,16.7,20,0
S5SG.DE,D,20200511,000000,16.822,16.822,16.68,16.738,0,0
S5SG.DE,D,20200512,000000,16.702,16.824,16.702,16.786,0,0
S5SG.DE,D,20200513,000000,16.498,16.498,16.264,16.264,4,0
S5SG.DE,D,20200514,000000,16.1,16.128,16.1,16.102,0,0
S5SG.DE,D,20200515,000000,16.406,16.482,16.234,16.234,1389,0
S5SG.DE,D,20200518,000000,16.57,16.918,16.57,16.918,0,0
S5SG.DE,D,20200519,000000,16.982,16.982,16.872,16.93,0,0
S5SG.DE,D,20200520,000000,16.808,17.046,16.808,17.046,2035,0
S5SG.DE,D,20200521,000000,16.876,16.938,16.876,16.888,0,0
S5SG.DE,D,20200522,000000,16.694,16.838,16.694,16.838,0,0
S5SG.DE,D,20200525,000000,16.988,17.156,16.988,17.156,0,0
S5SG.DE,D,20200526,000000,17.242,17.248,17.196,17.196,0,0
S5SG.DE,D,20200527,000000,17.228,17.326,17.076,17.076,0,0
S5SG.DE,D,20200528,000000,17.366,17.418,17.358,17.404,2340,0
S5SG.DE,D,20200529,000000,17.266,17.36,17.204,17.204,3050,0
S5SG.DE,D,20200602,000000,17.4,17.532,17.4,17.45,2,0
S5SG.DE,D,20200603,000000,17.622,17.766,17.622,17.766,58,0
S5SG.DE,D,20200604,000000,17.77,17.77,17.674,17.726,10,0
S5SG.DE,D,20200605,000000,17.834,18.21,17.834,18.21,0,0
S5SG.DE,D,20200608,000000,18.18,18.222,18.18,18.222,3531,0
S5SG.DE,D,20200609,000000,18.32,18.32,18.186,18.26,0,0
S5SG.DE,D,20200610,000000,18.348,18.458,18.204,18.204,1338,0
S5SG.DE,D,20200611,000000,17.916,17.916,17.598,17.598,200,0
S5SG.DE,D,20200612,000000,17.348,17.536,17.348,17.352,0,0
S5SG.DE,D,20200615,000000,16.868,17.222,16.868,17.222,0,0
S5SG.DE,D,20200616,000000,17.692,17.934,17.656,17.832,21155,0
S5SG.DE,D,20200617,000000,17.89,17.982,17.844,17.844,205,0
S5SG.DE,D,20200618,000000,17.782,17.782,17.69,17.772,10,0
S5SG.DE,D,20200619,000000,17.84,17.954,17.84,17.902,1000,0
S5SG.DE,D,20200622,000000,17.636,17.734,17.636,17.734,0,0
S5SG.DE,D,20200623,000000,17.884,18.032,17.884,18.032,0,0
S5SG.DE,D,20200624,000000,17.924,17.924,17.494,17.518,500,0
S5SG.DE,D,20200625,000000,17.426,17.512,17.424,17.424,500,0
S5SG.DE,D,20200626,000000,17.664,17.722,17.374,17.374,0,0
S5SG.DE,D,20200629,000000,17.332,17.422,17.332,17.422,998,0
S5SG.DE,D,20200630,000000,17.504,17.63,17.496,17.63,0,0
S5SG.DE,D,20200701,000000,17.724,17.818,17.626,17.818,2,0
S5SG.DE,D,20200702,000000,17.942,18.04,17.942,18.04,5,0
S5SG.DE,D,20200703,000000,18.068,18.068,17.942,17.942,0,0
S5SG.DE,D,20200706,000000,18.294,18.294,18.222,18.28,13,0
S5SG.DE,D,20200707,000000,18.2,18.27,18.122,18.27,0,0
S5SG.DE,D,20200708,000000,18.098,18.114,18.098,18.102,0,0
S5SG.DE,D,20200709,000000,18.25,18.25,18.02,18.02,18,0
S5SG.DE,D,20200710,000000,18.016,18.21,18.016,18.21,0,0
S5SG.DE,D,20200713,000000,18.448,18.602,18.448,18.602,0,0
S5SG.DE,D,20200714,000000,18.264,18.264,18.206,18.206,0,0
S5SG.DE,D,20200715,000000,18.404,18.574,18.404,18.476,1690,0
S5SG.DE,D,20200716,000000,18.394,18.394,18.366,18.366,0,0
S5SG.DE,D,20200717,000000,18.42,18.442,18.42,18.442,0,0
S5SG.DE,D,20200720,000000,18.358,18.606,18.358,18.56,3386,0
S5SG.DE,D,20200721,000000,18.768,18.812,18.768,18.776,1217,0
S5SG.DE,D,20200722,000000,18.7,18.7,18.654,18.69,0,0
S5SG.DE,D,20200723,000000,18.832,18.832,18.748,18.748,0,0
S5SG.DE,D,20200724,000000,18.388,18.464,18.388,18.404,0,0
S5SG.DE,D,20200727,000000,18.44,18.502,18.412,18.412,1686,0
S5SG.DE,D,20200728,000000,18.538,18.538,18.44,18.506,1200,0
S5SG.DE,D,20200729,000000,18.452,18.546,18.44,18.546,0,0
S5SG.DE,D,20200730,000000,18.548,18.548,18.36,18.474,18,0
S5SG.DE,D,20200731,000000,18.692,18.692,18.558,18.558,0,0
S5SG.DE,D,20200803,000000,18.716,18.896,18.716,18.896,0,0
S5SG.DE,D,20200804,000000,18.922,18.922,18.838,18.9,0,0
S5SG.DE,D,20200805,000000,18.958,19.062,18.958,19.06,2117,0
S5SG.DE,D,20200806,000000,19.03,19.054,18.98,19.054,1187,0
S5SG.DE,D,20200807,000000,19.17,19.228,19.15,19.198,40,0
S5SG.DE,D,20200810,000000,19.228,19.312,19.188,19.188,4950,0
S5SG.DE,D,20200811,000000,19.3,19.356,19.3,19.336,0,0
S5SG.DE,D,20200812,000000,19.196,19.35,19.196,19.35,948,0
S5SG.DE,D,20200813,000000,19.346,19.388,19.328,19.388,0,0
S5SG.DE,D,20200814,000000,19.368,19.368,19.29,19.348,1186,0
S5SG.DE,D,20200817,000000,19.376,19.43,19.362,19.396,770,0
S5SG.DE,D,20200818,000000,19.372,19.436,19.372,19.434,0,0
S5SG.DE,D,20200819,000000,19.468,19.52,19.468,19.518,2783,0
S5SG.DE,D,20200820,000000,19.296,19.426,19.296,19.426,325,0
S5SG.DE,D,20200821,000000,19.506,19.508,19.45,19.508,0,0
S5SG.DE,D,20200824,000000,19.676,19.732,19.676,19.7,0,0
S5SG.DE,D,20200825,000000,19.862,19.862,19.782,19.782,0,0
S5SG.DE,D,20200826,000000,19.832,19.93,19.832,19.93,0,0
S5SG.DE,D,20200827,000000,20.06,20.145,20.05,20.145,0,0
S5SG.DE,D,20200828,000000,20.19,20.19,20.135,20.135,78,0
S5SG.DE,D,20200831,000000,20.165,20.25,20.155,20.155,80,0
S5SG.DE,D,20200901,000000,20.24,20.245,20.15,20.23,2,0
S5SG.DE,D,20200902,000000,20.405,20.505,20.405,20.415,252,0
S5SG.DE,D,20200903,000000,20.605,20.605,19.958,19.958,4867,0
S5SG.DE,D,20200904,000000,19.758,20.015,19.36,19.36,12,0
S5SG.DE,D,20200907,000000,19.538,19.72,19.538,19.72,0,0
S5SG.DE,D,20200908,000000,19.752,19.752,19.232,19.232,0,0
S5SG.DE,D,20200909,000000,19.114,19.52,19.114,19.52,0,0
S5SG.DE,D,20200910,000000,19.49,19.526,19.404,19.526,264,0
S5SG.DE,D,20200911,000000,19.272,19.314,19.172,19.172,0,0
S5SG.DE,D,20200914,000000,19.366,19.474,19.318,19.474,291,0
S5SG.DE,D,20200915,000000,19.49,19.568,19.48,19.568,671,0
S5SG.DE,D,20200916,000000,19.542,19.612,19.542,19.57,0,0
S5SG.DE,D,20200917,000000,19.038,19.21,19.038,19.21,300,0
S5SG.DE,D,20200918,000000,19.194,19.222,19.032,19.032,70,0
S5SG.DE,D,20200921,000000,18.888,18.888,18.422,18.422,419,0
S5SG.DE,D,20200922,000000,18.728,18.796,18.722,18.722,0,0
S5SG.DE,D,20200923,000000,18.936,19.056,18.816,18.816,3933,0
S5SG.DE,D,20200924,000000,18.426,18.578,18.426,18.578,50,0
S5SG.DE,D,20200925,000000,18.568,18.682,18.428,18.682,1983,0
S5SG.DE,D,20200928,000000,18.992,19.156,18.992,19.156,300,0
S5SG.DE,D,20200929,000000,19.204,19.23,19.13,19.13,222,0
S5SG.DE,D,20200930,000000,19,19.352,19,19.352,0,0
S5SG.DE,D,20201001,000000,19.404,19.438,19.398,19.398,21,0
S5SG.DE,D,20201002,000000,19.112,19.196,19.078,19.196,0,0
S5SG.DE,D,20201005,000000,19.282,19.428,19.282,19.422,500,0
S5SG.DE,D,20201006,000000,19.484,19.484,19.434,19.468,0,0
S5SG.DE,D,20201007,000000,19.322,19.468,19.322,19.468,0,0
S5SG.DE,D,20201008,000000,19.672,19.672,19.616,19.626,108,0
S5SG.DE,D,20201009,000000,19.764,19.836,19.764,19.836,0,0
S5SG.DE,D,20201012,000000,19.944,20.22,19.944,20.22,264,0
S5SG.DE,D,20201013,000000,20.225,20.31,20.225,20.25,1129,0
S5SG.DE,D,20201014,000000,20.215,20.335,20.125,20.125,46859,0
S5SG.DE,D,20201015,000000,19.88,19.884,19.75,19.85,133141,0
S5SG.DE,D,20201016,000000,19.978,20.14,19.95,20.06,597,0
S5SG.DE,D,20201019,000000,20.06,20.06,19.894,19.894,200,0
S5SG.DE,D,20201020,000000,19.734,19.79,19.698,19.698,356,0
S5SG.DE,D,20201021,000000,19.816,19.816,19.698,19.742,443,0
S5SG.DE,D,20201022,000000,19.592,19.666,19.592,19.666,0,0
S5SG.DE,D,20201023,000000,19.758,19.834,19.758,19.758,0,0
S5SG.DE,D,20201026,000000,19.584,19.596,19.39,19.39,690,0
S5SG.DE,D,20201027,000000,19.53,19.564,19.472,19.472,1728,0
S5SG.DE,D,20201028,000000,19.294,19.294,18.918,18.918,7390,0
S5SG.DE,D,20201029,000000,18.95,18.95,18.752,18.942,1570,0
S5SG.DE,D,20201030,000000,18.666,18.808,18.666,18.682,270,0
S5SG.DE,D,20201102,000000,18.762,18.988,18.762,18.926,20,0
S5SG.DE,D,20201103,000000,19.07,19.378,19.07,19.378,11,0
S5SG.DE,D,20201104,000000,19.208,19.92,19.208,19.92,20000,0
S5SG.DE,D,20201105,000000,20.015,20.2,20.015,20.2,0,0
S5SG.DE,D,20201106,000000,20.1,20.145,20.03,20.145,0,0
S5SG.DE,D,20201109,000000,20.41,20.94,20.41,20.655,1250,0
S5SG.DE,D,20201110,000000,20.325,20.355,20.17,20.17,4258,0
S5SG.DE,D,20201111,000000,20.29,20.395,20.29,20.395,85,0
S5SG.DE,D,20201112,000000,20.3,20.395,20.3,20.325,280,0
S5SG.DE,D,20201113,000000,20.295,20.355,20.295,20.31,21399,0
S5SG.DE,D,20201116,000000,20.62,20.715,20.62,20.645,80,0
S5SG.DE,D,20201117,000000,20.615,20.615,20.57,20.57,0,0
S5SG.DE,D,20201118,000000,20.5,20.62,20.5,20.59,0,0
S5SG.DE,D,20201119,000000,20.335,20.335,20.29,20.29,0,0
S5SG.DE,D,20201120,000000,20.32,20.42,20.32,20.385,5246,0
S5SG.DE,D,20201123,000000,20.345,20.345,20.23,20.23,1395,0
S5SG.DE,D,20201124,000000,20.51,20.625,20.495,20.625,85,0
S5SG.DE,D,20201125,000000,20.705,20.705,20.625,20.625,494,0
S5SG.DE,D,20201126,000000,20.68,20.68,20.65,20.65,0,0
S5SG.DE,D,20201127,000000,20.65,20.735,20.65,20.71,150,0
S5SG.DE,D,20201130,000000,20.565,20.63,20.49,20.49,0,0
S5SG.DE,D,20201201,000000,20.795,20.895,20.795,20.895,0,0
S5SG.DE,D,20201202,000000,20.79,20.855,20.79,20.855,2038,0
S5SG.DE,D,20201203,000000,20.895,20.925,20.89,20.925,6313,0
S5SG.DE,D,20201204,000000,20.905,20.995,20.905,20.995,7,0
S5SG.DE,D,20201207,000000,20.975,21.01,20.955,21,4773,0
S5SG.DE,D,20201208,000000,20.925,21.015,20.865,21.015,0,0
S5SG.DE,D,20201209,000000,21.085,21.085,21,21,427,0
S5SG.DE,D,20201210,000000,20.86,20.87,20.85,20.87,100,0
S5SG.DE,D,20201211,000000,20.81,20.81,20.645,20.645,0,0
S5SG.DE,D,20201214,000000,20.88,20.945,20.86,20.86,619,0
S5SG.DE,D,20201215,000000,20.75,20.83,20.75,20.8,32,0
S5SG.DE,D,20201216,000000,20.965,21.01,20.965,21,0,0
S5SG.DE,D,20201217,000000,21.12,21.12,21.06,21.06,3069,0
S5SG.DE,D,20201218,000000,21.045,21.14,20.945,20.945,8635,0
S5SG.DE,D,20201221,000000,20.915,20.96,20.675,20.775,37737,0
S5SG.DE,D,20201222,000000,20.9,21.035,20.9,20.915,0,0
S5SG.DE,D,20201223,000000,20.97,21.01,20.96,21.01,800,0
S5SG.DE,D,20201228,000000,21.145,21.205,21.145,21.205,205,0
S5SG.DE,D,20201229,000000,21.325,21.33,21.26,21.26,1455,0
S5SG.DE,D,20201230,000000,21.27,21.27,21.245,21.245,52,0
S5SG.DE,D,20210104,000000,21.375,21.39,20.95,20.95,530,0
S5SG.DE,D,20210105,000000,20.94,21.015,20.94,21.015,12,0
S5SG.DE,D,20210106,000000,21.035,21.315,20.955,21.315,277,0
S5SG.DE,D,20210107,000000,21.345,21.575,21.265,21.51,3010,0
S5SG.DE,D,20210108,000000,21.6,21.6,21.505,21.505,463,0
S5SG.DE,D,20210111,000000,21.515,21.535,21.46,21.525,3557,0
S5SG.DE,D,20210112,000000,21.52,21.56,21.465,21.465,2016,0
S5SG.DE,D,20210113,000000,21.505,21.545,21.455,21.545,296,0
S5SG.DE,D,20210114,000000,21.58,21.61,21.555,21.555,290,0
S5SG.DE,D,20210115,000000,21.38,21.4,21.35,21.35,627,0
S5SG.DE,D,20210118,000000,21.26,21.315,21.26,21.315,0,0
S5SG.DE,D,20210119,000000,21.455,21.455,21.37,21.37,90,0
S5SG.DE,D,20210120,000000,21.48,21.73,21.48,21.73,820,0
S5SG.DE,D,20210121,000000,21.87,21.87,21.82,21.83,165,0
S5SG.DE,D,20210122,000000,21.745,21.785,21.67,21.785,1942,0
S5SG.DE,D,20210125,000000,21.91,21.91,21.695,21.695,662,0
S5SG.DE,D,20210126,000000,21.77,21.895,21.77,21.855,243,0
S5SG.DE,D,20210127,000000,21.82,21.82,21.49,21.49,143,0
S5SG.DE,D,20210128,000000,21.195,21.645,21.16,21.645,599,0
S5SG.DE,D,20210129,000000,21.19,21.335,21.16,21.16,1378,0
S5SG.DE,D,20210201,000000,21.26,21.34,21.215,21.34,241,0
S5SG.DE,D,20210202,000000,21.52,21.75,21.52,21.75,2604,0
S5SG.DE,D,20210203,000000,21.845,21.845,21.74,21.745,1956,0
S5SG.DE,D,20210204,000000,21.735,21.865,21.735,21.865,3174,0
S5SG.DE,D,20210205,000000,21.97,22.055,21.97,22.015,345,0
S5SG.DE,D,20210208,000000,22.095,22.105,22.05,22.05,5657,0
S5SG.DE,D,20210209,000000,22.135,22.135,22.115,22.135,1036,0
S5SG.DE,D,20210210,000000,22.195,22.195,22.085,22.085,16,0
S5SG.DE,D,20210211,000000,22.15,22.195,22.14,22.15,15492,0
S5SG.DE,D,20210212,000000,22.095,22.2,22.095,22.2,17470,0
S5SG.DE,D,20210215,000000,22.325,22.35,22.325,22.35,5,0
S5SG.DE,D,20210216,000000,22.375,22.375,22.265,22.265,19910,0
S5SG.DE,D,20210217,000000,22.22,22.27,22.11,22.115,1834,0
S5SG.DE,D,20210218,000000,22.19,22.21,22,22.065,15325,0
S5SG.DE,D,20210219,000000,22.14,22.235,22.14,22.225,5705,0
S5SG.DE,D,20210222,000000,21.935,21.955,21.915,21.955,13097,0
S5SG.DE,D,20210223,000000,22.03,22.03,21.79,21.805,28384,0
S5SG.DE,D,20210224,000000,21.88,22.015,21.83,22.015,25955,0
S5SG.DE,D,20210225,000000,22.165,22.165,21.93,21.93,13411,0
S5SG.DE,D,20210226,000000,21.565,21.71,21.455,21.71,13607,0
S5SG.DE,D,20210301,000000,21.775,21.995,21.745,21.995,10368,0
S5SG.DE,D,20210302,000000,21.915,21.995,21.875,21.91,277,0
S5SG.DE,D,20210303,000000,21.995,21.995,21.805,21.84,1088,0
S5SG.DE,D,20210304,000000,21.57,21.685,21.47,21.685,35156,0
S5SG.DE,D,20210305,000000,21.31,21.545,21.265,21.265,10500,0
S5SG.DE,D,20210308,000000,21.625,21.915,21.605,21.915,927,0
S5SG.DE,D,20210309,000000,21.795,22.02,21.795,22.015,3704,0
S5SG.DE,D,20210310,000000,21.875,22.06,21.875,22.055,13574,0
S5SG.DE,D,20210311,000000,22.2,22.365,22.18,22.365,75754,0
S5SG.DE,D,20210312,000000,22.175,22.195,22.155,22.16,10639,0
S5SG.DE,D,20210315,000000,22.265,22.35,22.24,22.24,5,0
S5SG.DE,D,20210316,000000,22.42,22.46,22.405,22.46,222,0
S5SG.DE,D,20210317,000000,22.44,22.44,22.315,22.315,10039,0
S5SG.DE,D,20210318,000000,22.415,22.415,22.335,22.405,1436,0
S5SG.DE,D,20210319,000000,22.22,22.22,22.15,22.185,25,0
S5SG.DE,D,20210322,000000,22.055,22.325,22.055,22.325,0,0
S5SG.DE,D,20210323,000000,22.265,22.36,22.245,22.33,1055,0
S5SG.DE,D,20210324,000000,22.16,22.295,22.16,22.295,67,0
S5SG.DE,D,20210325,000000,22.075,22.075,22.01,22.04,13053,0
S5SG.DE,D,20210326,000000,22.245,22.34,22.185,22.34,1338,0
S5SG.DE,D,20210329,000000,22.435,22.485,22.405,22.47,348,0
S5SG.DE,D,20210330,000000,22.555,22.565,22.455,22.47,385,0
S5SG.DE,D,20210331,000000,22.445,22.58,22.445,22.58,0,0
S5SG.DE,D,20210401,000000,22.605,22.745,22.605,22.72,13076,0
S5SG.DE,D,20210406,000000,23.07,23.165,23.05,23.155,29226,0
S5SG.DE,D,20210407,000000,23.12,23.155,23.115,23.155,0,0
S5SG.DE,D,20210408,000000,23.28,23.28,23.255,23.255,224,0
S5SG.DE,D,20210409,000000,23.285,23.335,23.285,23.335,214,0
S5SG.DE,D,20210412,000000,23.415,23.47,23.415,23.42,1112,0
S5SG.DE,D,20210413,000000,23.46,23.485,23.395,23.485,0,0
S5SG.DE,D,20210414,000000,23.535,23.54,23.5,23.525,446,0
S5SG.DE,D,20210415,000000,23.505,23.66,23.505,23.64,2573,0
S5SG.DE,D,20210416,000000,23.665,23.735,23.665,23.735,815,0
S5SG.DE,D,20210419,000000,23.73,23.76,23.675,23.675,89,0
S5SG.DE,D,20210420,000000,23.705,23.705,23.435,23.435,1141,0
S5SG.DE,D,20210421,000000,23.51,23.63,23.49,23.63,658,0
S5SG.DE,D,20210422,000000,23.69,23.715,23.67,23.715,80,0
S5SG.DE,D,20210423,000000,23.51,23.7,23.51,23.7,0,0
S5SG.DE,D,20210426,000000,23.73,23.795,23.705,23.795,296,0
S5SG.DE,D,20210427,000000,23.82,23.82,23.775,23.775,50,0
S5SG.DE,D,20210428,000000,23.84,23.85,23.83,23.835,45,0
S5SG.DE,D,20210429,000000,23.96,23.995,23.86,23.86,13575,0
S5SG.DE,D,20210430,000000,23.925,23.925,23.815,23.815,85,0
S5SG.DE,D,20210503,000000,23.87,23.95,23.865,23.895,17038,0
S5SG.DE,D,20210504,000000,23.82,23.835,23.54,23.54,16,0
S5SG.DE,D,20210505,000000,23.71,23.79,23.7,23.79,2733,0
S5SG.DE,D,20210506,000000,23.75,23.755,23.6,23.755,101,0
S5SG.DE,D,20210507,000000,23.91,24.105,23.895,24.105,7734,0
S5SG.DE,D,20210510,000000,24.085,24.1,24.03,24.07,77,0
S5SG.DE,D,20210511,000000,23.735,23.735,23.52,23.585,7480,0
S5SG.DE,D,20210512,000000,23.57,23.62,23.29,23.29,1631,0
S5SG.DE,D,20210513,000000,23.1,23.395,23.035,23.395,4722,0
S5SG.DE,D,20210514,000000,23.51,23.675,23.47,23.675,2827,0
S5SG.DE,D,20210517,000000,23.71,23.71,23.6,23.6,3566,0
S5SG.DE,D,20210518,000000,23.765,23.765,23.64,23.64,696,0
S5SG.DE,D,20210519,000000,23.365,23.365,23.21,23.21,0,0
S5SG.DE,D,20210520,000000,23.37,23.635,23.32,23.635,34,0
S5SG.DE,D,20210521,000000,23.69,23.705,23.675,23.7,337,0
S5SG.DE,D,20210525,000000,23.94,23.94,23.805,23.805,860,0
S5SG.DE,D,20210526,000000,23.89,23.89,23.825,23.84,110,0
S5SG.DE,D,20210527,000000,23.8,23.905,23.8,23.875,2924,0
S5SG.DE,D,20210528,000000,23.9,23.94,23.9,23.92,0,0
S5SG.DE,D,20210531,000000,23.895,23.895,23.82,23.82,0,0
S5SG.DE,D,20210601,000000,23.91,23.99,23.87,23.9,11197,0
S5SG.DE,D,20210602,000000,23.85,23.935,23.825,23.935,7688,0
S5SG.DE,D,20210603,000000,23.88,23.88,23.74,23.84,13,0
S5SG.DE,D,20210604,000000,23.825,23.99,23.825,23.99,205,0
S5SG.DE,D,20210607,000000,23.99,24.035,23.97,23.97,502,0
S5SG.DE,D,20210608,000000,24.04,24.065,23.985,23.985,3765,0
S5SG.DE,D,20210609,000000,24.04,24.07,24.04,24.07,1837,0
S5SG.DE,D,20210610,000000,24.01,24.125,24.01,24.125,18324,0
S5SG.DE,D,20210611,000000,24.125,24.17,24.125,24.13,33847,0
S5SG.DE,D,20210614,000000,24.21,24.21,24.12,24.12,2660,0
S5SG.DE,D,20210615,000000,24.29,24.29,24.14,24.14,435,0
S5SG.DE,D,20210616,000000,24.185,24.185,24.165,24.175,5382,0
S5SG.DE,D,20210617,000000,23.965,24.08,23.965,24.08,1800,0
S5SG.DE,D,20210618,000000,24.085,24.085,23.815,23.815,1800,0
S5SG.DE,D,20210621,000000,23.685,24.02,23.685,24.005,46,0
S5SG.DE,D,20210622,000000,24.085,24.18,24.03,24.165,27651,0
S5SG.DE,D,20210623,000000,24.26,24.26,24.205,24.205,2851,0
S5SG.DE,D,20210624,000000,24.245,24.335,24.245,24.315,1673,0
S5SG.DE,D,20210625,000000,24.33,24.375,24.33,24.375,1506,0
S5SG.DE,D,20210628,000000,24.385,24.42,24.375,24.385,1081,0
S5SG.DE,D,20210629,000000,24.43,24.51,24.43,24.49,15400,0
S5SG.DE,D,20210630,000000,24.5,24.51,24.45,24.51,3,0
S5SG.DE,D,20210701,000000,24.58,24.6,24.535,24.585,694,0
S5SG.DE,D,20210702,000000,24.64,24.755,24.64,24.755,12,0
S5SG.DE,D,20210705,000000,24.825,24.875,24.825,24.875,40,0
S5SG.DE,D,20210706,000000,24.84,24.85,24.755,24.755,1491,0
S5SG.DE,D,20210707,000000,24.845,24.88,24.845,24.875,7375,0
S5SG.DE,D,20210708,000000,24.795,24.795,24.56,24.65,8093,0
S5SG.DE,D,20210709,000000,24.755,24.95,24.755,24.95,0,0
S5SG.DE,D,20210712,000000,24.955,25.04,24.92,25.025,3153,0
S5SG.DE,D,20210713,000000,25.04,25.13,24.995,25.13,399,0
S5SG.DE,D,20210714,000000,24.975,25.14,24.975,25.04,124,0
S5SG.DE,D,20210715,000000,25.02,25.02,24.95,24.99,911,0
S5SG.DE,D,20210716,000000,24.945,24.985,24.885,24.885,3300,0
S5SG.DE,D,20210719,000000,24.68,24.68,24.395,24.395,0,0
S5SG.DE,D,20210720,000000,24.505,24.665,24.475,24.665,0,0
S5SG.DE,D,20210721,000000,24.745,24.875,24.735,24.875,256,0
S5SG.DE,D,20210722,000000,24.97,24.97,24.94,24.94,0,0
S5SG.DE,D,20210723,000000,25.055,25.185,25.055,25.185,9176,0
S5SG.DE,D,20210726,000000,25.16,25.275,25.15,25.275,38929,0
S5SG.DE,D,20210727,000000,25.23,25.27,25.045,25.045,1798,0
S5SG.DE,D,20210728,000000,25.12,25.175,25.12,25.145,6987,0
S5SG.DE,D,20210729,000000,25.185,25.29,25.185,25.29,7884,0
S5SG.DE,D,20210730,000000,25.025,25.16,25.025,25.1,12553,0
S5SG.DE,D,20210802,000000,25.27,25.27,25.18,25.21,8599,0
S5SG.DE,D,20210803,000000,25.135,25.17,25.08,25.115,182,0
S5SG.DE,D,20210804,000000,25.265,25.265,25.18,25.18,0,0
S5SG.DE,D,20210805,000000,25.17,25.265,25.17,25.26,12795,0
S5SG.DE,D,20210806,000000,25.28,25.305,25.28,25.305,16,0
S5SG.DE,D,20210809,000000,25.28,25.29,25.275,25.29,50,0
S5SG.DE,D,20210810,000000,25.275,25.31,25.275,25.31,0,0
S5SG.DE,D,20210811,000000,25.32,25.35,25.295,25.35,1323,0
S5SG.DE,D,20210812,000000,25.35,25.4,25.35,25.4,184,0
S5SG.DE,D,20210813,000000,25.49,25.5,25.49,25.5,10,0
S5SG.DE,D,20210816,000000,25.45,25.475,25.395,25.425,26,0
S5SG.DE,D,20210817,000000,25.495,25.495,25.425,25.44,10789,0
S5SG.DE,D,20210818,000000,25.445,25.445,25.39,25.39,29,0
S5SG.DE,D,20210819,000000,24.955,25.14,24.92,25.13,8986,0
S5SG.DE,D,20210820,000000,25.1,25.355,25.065,25.355,20606,0
S5SG.DE,D,20210823,000000,25.48,25.65,25.48,25.65,6965,0
S5SG.DE,D,20210824,000000,25.695,25.695,25.615,25.66,1276,0
