<TICKER>,<PER>,<DATE>,<TIME>,<OPEN>,<HIGH>,<LOW>,<CLOSE>,<VOL>,<OPENINT>
AAQC-WS.US,D,20210511,000000,0.7,0.76,0.694999,0.7599,53200,0
AAQC-WS.US,D,20210512,000000,0.75,0.75,0.73,0.739751,25350,0
AAQC-WS.US,D,20210513,000000,0.7773,0.7773,0.75,0.75,3520,0
AAQC-WS.US,D,20210514,000000,0.79,0.83,0.76,0.76,8246,0
AAQC-WS.US,D,20210517,000000,0.77,0.77,0.77,0.77,22346,0
AAQC-WS.US,D,20210518,000000,0.81,0.92,0.81,0.92,17949,0
AAQC-WS.US,D,20210519,000000,0.9575,0.9575,0.95,0.95,301,0
AAQC-WS.US,D,20210520,000000,0.86,0.92,0.85,0.92,17723,0
AAQC-WS.US,D,20210521,000000,0.87,1.01,0.87,1.01,5500,0
AAQC-WS.US,D,20210524,000000,1,1.04,1,1.01,3468,0
AAQC-WS.US,D,20210526,000000,0.9601,0.9601,0.9001,0.9001,1684,0
AAQC-WS.US,D,20210527,000000,0.871,0.8971,0.871,0.8971,16666,0
AAQC-WS.US,D,20210528,000000,0.9232,0.933,0.9091,0.933,3867,0
AAQC-WS.US,D,20210601,000000,0.9401,0.9401,0.9401,0.9401,150,0
AAQC-WS.US,D,20210602,000000,0.9401,0.97,0.9001,0.9403,25368,0
AAQC-WS.US,D,20210603,000000,0.955,0.969876,0.9001,0.969876,65690,0
AAQC-WS.US,D,20210604,000000,0.959899,0.9975,0.9401,0.985,4054,0
AAQC-WS.US,D,20210607,000000,0.9163,0.97,0.9163,0.9575,20632,0
AAQC-WS.US,D,20210608,000000,1,1,1,1,1205,0
AAQC-WS.US,D,20210609,000000,1.04,1.05,1,1.0499,62477,0
AAQC-WS.US,D,20210610,000000,1.04,1.06,1,1.01,7798,0
AAQC-WS.US,D,20210611,000000,1.02,1.05,0.95,0.99,13434,0
AAQC-WS.US,D,20210614,000000,1.04,1.115,1.04,1.05,10344,0
AAQC-WS.US,D,20210615,000000,1.15,1.16,1.09,1.16,1610,0
AAQC-WS.US,D,20210617,000000,1.18,1.2309,1.18,1.2309,50697,0
AAQC-WS.US,D,20210618,000000,1.2,1.2,1.17,1.18,11742,0
AAQC-WS.US,D,20210621,000000,1.185,1.23,1.18,1.23,7385,0
AAQC-WS.US,D,20210622,000000,1.17,1.25,1.17,1.25,4135,0
AAQC-WS.US,D,20210623,000000,1.2,1.27,1.2,1.22,3033,0
AAQC-WS.US,D,20210624,000000,1.26,1.28,1.255,1.26,1132,0
AAQC-WS.US,D,20210625,000000,1.27,1.27,1.24,1.24,6120,0
AAQC-WS.US,D,20210628,000000,1.24,1.27,1.205,1.205,17414,0
AAQC-WS.US,D,20210629,000000,1.194,1.25,1.194,1.2,4327,0
AAQC-WS.US,D,20210630,000000,1.2,1.24,1.2,1.23,836,0
AAQC-WS.US,D,20210701,000000,1.18,1.22,1.16,1.22,2742,0
AAQC-WS.US,D,20210702,000000,1.25,1.31,1.25,1.3001,6660,0
AAQC-WS.US,D,20210706,000000,1.26,1.26,1.25,1.25,10177,0
AAQC-WS.US,D,20210707,000000,1.19,1.24,1.19,1.24,2769,0
AAQC-WS.US,D,20210708,000000,1.2,1.2,1.14,1.19,1618,0
AAQC-WS.US,D,20210709,000000,1.2299,1.26,1.2299,1.235,9676,0
AAQC-WS.US,D,20210712,000000,1.27,1.27,1.25,1.25,7025,0
AAQC-WS.US,D,20210713,000000,1.2205,1.25,1.22,1.25,865,0
AAQC-WS.US,D,20210714,000000,1.21,1.24,1.18,1.18,7456,0
AAQC-WS.US,D,20210715,000000,1.1,1.2,1.07,1.15,45063,0
AAQC-WS.US,D,20210716,000000,1.18,1.18,1.13,1.175,7781,0
AAQC-WS.US,D,20210719,000000,1.18,1.3,1.15,1.3,4423,0
AAQC-WS.US,D,20210720,000000,1.25,1.2699,1.1601,1.21,14024,0
AAQC-WS.US,D,20210721,000000,1.19,1.19,1.14,1.19,1113,0
AAQC-WS.US,D,20210722,000000,1.14,1.18,1.12,1.18,257339,0
AAQC-WS.US,D,20210723,000000,1.155,1.18,1.13,1.18,545,0
AAQC-WS.US,D,20210726,000000,1.16,1.1601,1.14,1.16,11709,0
AAQC-WS.US,D,20210727,000000,1.15,1.16,1.13,1.16,32417,0
AAQC-WS.US,D,20210728,000000,1.155,1.16,1.135,1.15,3974,0
AAQC-WS.US,D,20210729,000000,1.16,1.16,1.16,1.16,4237,0
AAQC-WS.US,D,20210730,000000,1.1401,1.26,1.1401,1.26,6413,0
AAQC-WS.US,D,20210802,000000,1.16,1.16,1.11,1.135,30306,0
AAQC-WS.US,D,20210803,000000,1.12,1.13,1.07,1.08,6899,0
AAQC-WS.US,D,20210804,000000,1.13,1.15,1.08,1.105,49459,0
AAQC-WS.US,D,20210805,000000,1.1,1.15,1.05,1.105,11262,0
AAQC-WS.US,D,20210806,000000,1.14,1.14,1.08,1.095,2219,0
AAQC-WS.US,D,20210809,000000,1.15,1.15,1.12,1.13,2892,0
AAQC-WS.US,D,20210810,000000,1.18,1.18,1.12,1.15,3046,0
AAQC-WS.US,D,20210811,000000,1.09,1.11,1.03,1.11,12028,0
AAQC-WS.US,D,20210812,000000,1.125,1.125,1.125,1.125,1023,0
AAQC-WS.US,D,20210813,000000,1.13,1.13,1.13,1.13,300,0
AAQC-WS.US,D,20210816,000000,1.08,1.08,0.9702,1,10772,0
AAQC-WS.US,D,20210817,000000,0.995,0.995,0.96,0.98,3902,0
AAQC-WS.US,D,20210819,000000,0.96,0.96,0.9102,0.92,3026,0
AAQC-WS.US,D,20210820,000000,0.91,0.975,0.91,0.94,68878,0
AAQC-WS.US,D,20210823,000000,0.94,0.94,0.94,0.94,1350,0
AAQC-WS.US,D,20210824,000000,0.92,0.95,0.92,0.9376,4396,0
