<TICKER>,<PER>,<DATE>,<TIME>,<OPEN>,<HIGH>,<LOW>,<CLOSE>,<VOL>,<OPENINT>
AGR.US,D,20151218,000000,29.745,29.761,26.444,27.102,12515132,0
AGR.US,D,20151221,000000,27.729,28.236,27.25,27.552,4884318,0
AGR.US,D,20151222,000000,27.706,28.686,27.511,28.585,3736447,0
AGR.US,D,20151223,000000,28.601,30.209,28.565,30.121,2694706,0
AGR.US,D,20151224,000000,30.167,30.591,30.167,30.517,1110079,0
AGR.US,D,20151228,000000,30.167,30.405,29.761,29.828,1468637,0
AGR.US,D,20151229,000000,29.828,30.918,29.828,30.698,1187159,0
AGR.US,D,20151230,000000,31.146,31.56,30.583,31.146,1358611,0
AGR.US,D,20151231,000000,31.219,31.697,30.975,31.291,748169,0
AGR.US,D,20160104,000000,31.601,31.601,30.591,30.844,640939,0
AGR.US,D,20160105,000000,30.918,31.211,30.583,31.071,834888,0
AGR.US,D,20160106,000000,30.559,31.267,30.559,31.007,765612,0
AGR.US,D,20160107,000000,30.605,31.05,30.559,30.803,618948,0
AGR.US,D,20160108,000000,30.965,31.088,30.542,30.771,394467,0
AGR.US,D,20160111,000000,30.884,31.211,30.437,30.47,456410,0
AGR.US,D,20160112,000000,30.681,30.741,30.21,30.371,370703,0
AGR.US,D,20160113,000000,30.338,30.64,29.898,29.922,402718,0
AGR.US,D,20160114,000000,29.889,30.443,29.579,30.316,649726,0
AGR.US,D,20160115,000000,29.404,30.859,29.344,30.648,530108,0
AGR.US,D,20160119,000000,30.998,31.82,30.624,31.554,723163,0
AGR.US,D,20160120,000000,31.601,31.644,30.325,30.536,493816,0
AGR.US,D,20160121,000000,31.259,31.529,29.935,30.225,1020605,0
AGR.US,D,20160122,000000,30.486,31.146,29.939,30.959,499005,0
AGR.US,D,20160125,000000,31.04,31.122,30.021,30.192,548605,0
AGR.US,D,20160126,000000,30.517,30.698,30.266,30.486,431935,0
AGR.US,D,20160127,000000,30.583,31.134,30.395,30.803,304271,0
AGR.US,D,20160128,000000,30.949,31.178,30.713,30.803,347647,0
AGR.US,D,20160129,000000,30.998,31.431,30.893,31.333,449261,0
AGR.US,D,20160201,000000,31.56,32.531,31.168,31.772,968005,0
AGR.US,D,20160202,000000,31.652,32.393,31.554,32.272,603619,0
AGR.US,D,20160203,000000,32.638,33.246,32.638,33.052,925947,0
AGR.US,D,20160204,000000,33.224,33.606,32.833,33.509,899729,0
AGR.US,D,20160205,000000,33.142,34.552,32.667,34.232,1264039,0
AGR.US,D,20160208,000000,34.215,34.224,32.891,33.795,842279,0
AGR.US,D,20160209,000000,33.702,34.296,32.774,33.606,856430,0
AGR.US,D,20160210,000000,33.614,34.083,33.272,33.884,276062,0
AGR.US,D,20160211,000000,33.848,33.848,33.109,33.354,738514,0
AGR.US,D,20160212,000000,33.461,33.461,32.98,33.076,507559,0
AGR.US,D,20160216,000000,33.395,33.411,32.758,33.125,745173,0
AGR.US,D,20160217,000000,33.858,33.858,33.002,33.665,558675,0
AGR.US,D,20160218,000000,33.81,34.177,33.523,33.819,779048,0
AGR.US,D,20160219,000000,33.614,33.975,33.179,33.868,984356,0
AGR.US,D,20160222,000000,30.965,31.97,30.591,31.576,1915342,0
AGR.US,D,20160223,000000,30.64,31.35,29.948,31.016,1351147,0
AGR.US,D,20160224,000000,30.478,32.148,30.201,31.99,1168519,0
AGR.US,D,20160225,000000,32.189,32.263,31.519,31.803,708500,0
AGR.US,D,20160226,000000,31.576,31.945,31.375,31.723,734586,0
AGR.US,D,20160229,000000,31.659,31.954,31.56,31.609,879180,0
AGR.US,D,20160301,000000,31.926,32.107,31.08,31.44,845921,0
AGR.US,D,20160302,000000,31.529,31.683,30.965,31.601,746899,0
AGR.US,D,20160303,000000,31.486,31.963,31.397,31.44,643909,0
AGR.US,D,20160304,000000,31.365,31.626,31.16,31.396,879434,0
AGR.US,D,20160307,000000,31.168,32.293,31.168,31.945,528255,0
AGR.US,D,20160308,000000,31.772,32.225,31.679,31.796,315034,0
AGR.US,D,20160309,000000,32.11,32.169,31.696,31.878,677566,0
AGR.US,D,20160310,000000,31.903,32.144,31.294,31.435,698804,0
AGR.US,D,20160311,000000,31.535,31.887,31.384,31.573,311215,0
AGR.US,D,20160314,000000,31.516,32.102,31.401,32.003,731797,0
AGR.US,D,20160315,000000,31.865,32.473,31.75,31.803,475851,0
AGR.US,D,20160316,000000,31.871,32.34,31.482,32.259,430235,0
AGR.US,D,20160317,000000,32.308,32.918,32.269,32.696,1200232,0
AGR.US,D,20160318,000000,32.638,33.562,32.407,33.338,3771177,0
AGR.US,D,20160321,000000,32.877,33.526,32.638,33.099,617030,0
AGR.US,D,20160322,000000,32.845,33.519,32.845,33.214,356201,0
AGR.US,D,20160323,000000,33.123,33.419,32.976,33.19,832394,0
AGR.US,D,20160324,000000,33.205,33.643,33.137,33.379,551027,0
AGR.US,D,20160328,000000,33.388,33.694,33.035,33.083,354011,0
AGR.US,D,20160329,000000,32.959,33.543,32.821,33.455,699842,0
AGR.US,D,20160330,000000,33.429,33.685,33.148,33.19,454311,0
AGR.US,D,20160331,000000,33.066,33.478,33.026,33.049,351284,0
AGR.US,D,20160401,000000,32.918,33.313,32.464,32.653,705920,0
AGR.US,D,20160404,000000,32.57,33.123,32.473,32.967,565648,0
AGR.US,D,20160405,000000,32.928,32.939,32.357,32.516,252366,0
AGR.US,D,20160406,000000,32.498,32.737,32.144,32.334,289453,0
AGR.US,D,20160407,000000,32.208,32.464,32.02,32.2,307229,0
AGR.US,D,20160408,000000,32.242,32.279,31.903,32.069,335812,0
AGR.US,D,20160411,000000,32.119,32.192,31.896,32.045,283703,0
AGR.US,D,20160412,000000,31.985,32.186,31.651,31.69,628005,0
AGR.US,D,20160413,000000,31.682,32.037,31.096,31.759,686067,0
AGR.US,D,20160414,000000,31.642,31.887,31.32,31.565,377383,0
AGR.US,D,20160415,000000,31.477,31.887,31.452,31.682,226235,0
AGR.US,D,20160418,000000,31.682,31.971,31.452,31.682,241035,0
AGR.US,D,20160419,000000,31.772,32.003,31.452,31.82,381706,0
AGR.US,D,20160420,000000,31.714,31.978,31.161,31.304,335331,0
AGR.US,D,20160421,000000,31.147,31.353,30.652,30.784,579600,0
AGR.US,D,20160422,000000,30.931,31.104,30.587,30.941,990265,0
AGR.US,D,20160425,000000,30.776,31.553,30.546,31.477,870305,0
AGR.US,D,20160426,000000,32.126,33.035,31.903,32.169,1534944,0
AGR.US,D,20160427,000000,32.299,33.435,32.134,33.338,824013,0
AGR.US,D,20160428,000000,33.354,33.562,33.058,33.255,454450,0
AGR.US,D,20160429,000000,33.058,33.37,32.446,33.041,388791,0
AGR.US,D,20160502,000000,33.272,33.685,33.164,33.519,287536,0
AGR.US,D,20160503,000000,33.519,33.716,32.801,33.214,575869,0
AGR.US,D,20160504,000000,33.091,33.974,33.091,33.66,688575,0
AGR.US,D,20160505,000000,33.586,34.103,33.186,33.28,348223,0
AGR.US,D,20160506,000000,33.313,33.313,32.615,33.223,339357,0
AGR.US,D,20160509,000000,33.305,33.354,32.82,33.164,333679,0
AGR.US,D,20160510,000000,33.338,33.47,32.737,33.132,626987,0
AGR.US,D,20160511,000000,33.197,33.396,32.864,33.272,341399,0
AGR.US,D,20160512,000000,33.322,33.526,33.099,33.445,549861,0
AGR.US,D,20160513,000000,33.543,33.898,33.331,33.884,632013,0
AGR.US,D,20160516,000000,33.949,34.146,33.641,34.063,491106,0
AGR.US,D,20160517,000000,33.956,33.982,33.272,33.445,322523,0
AGR.US,D,20160518,000000,33.313,33.512,32.883,33.007,334026,0
AGR.US,D,20160519,000000,33.026,33.519,32.918,33.47,373671,0
AGR.US,D,20160520,000000,33.396,33.662,33.223,33.512,225393,0
AGR.US,D,20160523,000000,33.435,33.733,33.386,33.486,242670,0
AGR.US,D,20160524,000000,33.494,34.201,33.47,34.179,346941,0
AGR.US,D,20160525,000000,34.172,34.286,33.577,33.824,489179,0
AGR.US,D,20160526,000000,33.824,34.244,33.379,34.146,256423,0
AGR.US,D,20160527,000000,34.196,34.388,33.876,34.36,169158,0
AGR.US,D,20160531,000000,34.38,34.763,34.146,34.624,338159,0
AGR.US,D,20160601,000000,34.707,35.052,34.575,35.011,618407,0
AGR.US,D,20160602,000000,34.97,35.218,34.753,35.059,526737,0
AGR.US,D,20160603,000000,34.96,36.076,34.96,36.048,575168,0
AGR.US,D,20160606,000000,35.949,36.338,35.794,36.261,841581,0
AGR.US,D,20160607,000000,36.338,36.444,35.869,36.216,634940,0
AGR.US,D,20160608,000000,36.076,36.4,35.915,36.022,540378,0
AGR.US,D,20160609,000000,35.915,36.224,35.7,36.1,576613,0
AGR.US,D,20160610,000000,35.976,36.316,35.8,36.283,305561,0
AGR.US,D,20160613,000000,36.201,36.436,35.815,35.999,341888,0
AGR.US,D,20160614,000000,36.082,36.365,35.8,36.346,461965,0
AGR.US,D,20160615,000000,36.165,36.474,35.683,35.867,813360,0
AGR.US,D,20160616,000000,35.65,36.137,35.573,36.117,507224,0
AGR.US,D,20160617,000000,36.137,36.332,35.674,36.146,525014,0
AGR.US,D,20160620,000000,36.1,36.174,35.725,36.11,518072,0
AGR.US,D,20160621,000000,36.124,36.963,35.815,36.846,624979,0
AGR.US,D,20160622,000000,36.955,36.955,35.999,36.038,614917,0
AGR.US,D,20160623,000000,36.182,36.465,35.783,36.456,486117,0
AGR.US,D,20160624,000000,35.93,36.519,35.558,36.239,673345,0
AGR.US,D,20160627,000000,36.117,37.212,35.666,37.088,555762,0
AGR.US,D,20160628,000000,37.048,37.664,36.673,37.488,759495,0
AGR.US,D,20160629,000000,37.838,38.163,37.647,38.13,790423,0
AGR.US,D,20160630,000000,38.046,38.686,38.021,38.333,890832,0
AGR.US,D,20160701,000000,38.339,38.894,38.046,38.686,739584,0
AGR.US,D,20160705,000000,38.663,38.72,38.263,38.53,568207,0
AGR.US,D,20160706,000000,38.403,38.645,38.203,38.562,647760,0
AGR.US,D,20160707,000000,38.333,38.698,37.703,37.929,496018,0
AGR.US,D,20160708,000000,37.656,38.246,37.481,38.179,552604,0
AGR.US,D,20160711,000000,38.096,38.267,37.765,38.171,396342,0
AGR.US,D,20160712,000000,37.946,38.267,37.795,37.83,534019,0
AGR.US,D,20160713,000000,38.137,38.246,37.872,38.13,647045,0
AGR.US,D,20160714,000000,38.13,38.238,37.905,38.238,305272,0
AGR.US,D,20160715,000000,38.179,38.361,37.788,38.333,398020,0
AGR.US,D,20160718,000000,38.378,38.645,38.07,38.203,576488,0
AGR.US,D,20160719,000000,37.862,38.123,37.351,37.446,1179707,0
AGR.US,D,20160720,000000,37.647,37.647,36.872,37.039,839761,0
AGR.US,D,20160721,000000,36.973,37.196,36.846,37.072,652277,0
AGR.US,D,20160722,000000,36.998,37.75,36.922,37.555,607364,0
AGR.US,D,20160725,000000,37.656,37.822,37.406,37.53,541016,0
AGR.US,D,20160726,000000,37.596,37.68,37.33,37.497,469774,0
AGR.US,D,20160727,000000,37.481,37.713,36.814,37.039,409622,0
AGR.US,D,20160728,000000,37.065,37.222,36.914,37.114,554969,0
AGR.US,D,20160729,000000,37.167,37.729,37.167,37.563,491205,0
AGR.US,D,20160801,000000,37.506,37.663,37.256,37.555,576140,0
AGR.US,D,20160802,000000,37.438,37.605,37.148,37.438,420449,0
AGR.US,D,20160803,000000,37.33,37.537,37.196,37.322,426543,0
AGR.US,D,20160804,000000,37.422,37.703,37.307,37.406,406870,0
AGR.US,D,20160805,000000,37.497,37.53,36.921,36.998,337079,0
AGR.US,D,20160808,000000,36.989,37.322,36.616,36.616,581657,0
AGR.US,D,20160809,000000,36.616,36.949,36.483,36.515,505181,0
AGR.US,D,20160810,000000,36.616,36.891,36.49,36.564,293661,0
AGR.US,D,20160811,000000,36.616,36.772,36.423,36.515,152065,0
AGR.US,D,20160812,000000,36.483,36.891,36.483,36.548,475676,0
AGR.US,D,20160815,000000,36.673,36.855,36.217,36.217,423882,0
AGR.US,D,20160816,000000,36.465,36.63,35.674,35.74,307167,0
AGR.US,D,20160817,000000,35.75,36.031,35.325,35.907,565093,0
AGR.US,D,20160818,000000,35.999,36.224,35.98,36.201,400887,0
AGR.US,D,20160819,000000,35.958,36.224,35.791,36.082,428449,0
AGR.US,D,20160822,000000,36.156,36.415,36.056,36.201,167220,0
AGR.US,D,20160823,000000,36.301,36.5,36.117,36.174,418221,0
AGR.US,D,20160824,000000,36.022,36.192,35.725,35.976,505588,0
AGR.US,D,20160825,000000,36.031,36.217,35.858,35.93,475198,0
AGR.US,D,20160826,000000,35.915,36.11,34.893,34.95,274562,0
AGR.US,D,20160829,000000,34.957,35.333,34.957,35.201,375311,0
AGR.US,D,20160830,000000,35.073,35.417,34.785,34.858,447626,0
AGR.US,D,20160831,000000,34.916,35.057,34.487,34.617,406435,0
AGR.US,D,20160901,000000,34.742,34.858,34.557,34.718,391042,0
AGR.US,D,20160902,000000,34.833,35.334,34.833,35.127,266420,0
AGR.US,D,20160906,000000,35.152,35.409,35.009,35.359,277442,0
AGR.US,D,20160907,000000,35.21,35.772,35.072,35.687,460153,0
AGR.US,D,20160908,000000,35.134,35.797,35.134,35.586,292763,0
AGR.US,D,20160909,000000,35.402,35.613,34.388,34.451,401458,0
AGR.US,D,20160912,000000,34.37,34.753,34.223,34.579,380646,0
AGR.US,D,20160913,000000,34.471,34.854,34.38,34.737,537710,0
AGR.US,D,20160914,000000,34.662,34.974,34.471,34.589,296424,0
AGR.US,D,20160915,000000,34.635,34.862,34.574,34.68,303277,0
AGR.US,D,20160916,000000,34.68,34.922,34.526,34.635,1264808,0
AGR.US,D,20160919,000000,34.543,35.182,34.479,35.164,529885,0
AGR.US,D,20160920,000000,35.218,35.561,35.192,35.292,265186,0
AGR.US,D,20160921,000000,35.411,36.328,35.411,36.294,284367,0
AGR.US,D,20160922,000000,36.294,36.807,36.267,36.613,444397,0
AGR.US,D,20160923,000000,35.302,36.479,34.713,36.139,782140,0
AGR.US,D,20160926,000000,36.022,36.257,35.929,36.101,274102,0
AGR.US,D,20160927,000000,36.211,36.479,35.755,35.914,431857,0
AGR.US,D,20160928,000000,35.967,36.083,35.493,35.976,384604,0
AGR.US,D,20160929,000000,36.117,36.117,35.243,35.613,392945,0
AGR.US,D,20160930,000000,35.527,35.781,34.492,35.126,948571,0
AGR.US,D,20161003,000000,35.21,35.21,34.51,34.589,409131,0
AGR.US,D,20161004,000000,34.479,34.496,33.132,33.426,1220913,0
AGR.US,D,20161005,000000,33.468,33.611,33.09,33.41,523116,0
AGR.US,D,20161006,000000,33.275,33.41,32.868,33.384,596190,0
AGR.US,D,20161007,000000,33.611,33.679,33.216,33.249,365810,0
AGR.US,D,20161010,000000,33.443,33.821,33.443,33.803,205119,0
AGR.US,D,20161011,000000,33.764,33.764,33.257,33.292,272004,0
AGR.US,D,20161012,000000,33.366,33.595,33.266,33.543,324188,0
AGR.US,D,20161013,000000,33.534,34.206,33.453,34.013,348129,0
AGR.US,D,20161014,000000,33.882,34.065,33.587,33.626,284675,0
AGR.US,D,20161017,000000,33.633,33.854,33.587,33.719,353876,0
AGR.US,D,20161018,000000,33.874,34.125,33.689,34.023,232472,0
AGR.US,D,20161019,000000,34.05,34.05,33.689,33.702,340226,0
AGR.US,D,20161020,000000,33.702,33.939,33.225,33.249,712152,0
AGR.US,D,20161021,000000,33.165,33.41,32.955,33.336,640726,0
AGR.US,D,20161024,000000,33.359,33.578,33.257,33.461,412641,0
AGR.US,D,20161025,000000,32.149,32.762,31.105,32.291,1488624,0
AGR.US,D,20161026,000000,31.878,32.358,31.77,32.258,821777,0
AGR.US,D,20161027,000000,32.232,32.393,32.039,32.276,543617,0
AGR.US,D,20161028,000000,32.299,32.868,32.299,32.612,1298122,0
AGR.US,D,20161031,000000,32.778,33.292,32.73,33.132,268410,0
AGR.US,D,20161101,000000,33.165,33.206,32.442,32.55,662308,0
AGR.US,D,20161102,000000,32.543,32.62,32.175,32.476,346173,0
AGR.US,D,20161103,000000,32.448,32.988,32.4,32.839,350364,0
AGR.US,D,20161104,000000,32.997,33.235,32.567,32.567,281346,0
AGR.US,D,20161107,000000,32.879,33.09,32.604,33.064,292353,0
AGR.US,D,20161108,000000,32.964,33.571,32.94,33.359,349325,0
AGR.US,D,20161109,000000,32.887,32.887,31.646,31.67,516176,0
AGR.US,D,20161110,000000,31.553,31.553,30.467,30.586,664072,0
AGR.US,D,20161111,000000,30.627,31.233,30.5,30.719,510957,0
AGR.US,D,20161114,000000,30.643,30.979,30.07,30.677,595078,0
AGR.US,D,20161115,000000,30.871,31.455,30.539,31.115,397451,0
AGR.US,D,20161116,000000,31.214,31.281,30.709,31.164,403467,0
AGR.US,D,20161117,000000,31.29,31.526,31.216,31.35,325871,0
AGR.US,D,20161118,000000,31.334,31.536,30.928,31.132,254365,0
AGR.US,D,20161121,000000,31.325,31.763,31.257,31.308,422972,0
AGR.US,D,20161122,000000,31.451,31.545,31.25,31.426,322748,0
AGR.US,D,20161123,000000,31.105,31.477,31.049,31.181,212178,0
AGR.US,D,20161125,000000,31.273,31.56,31.173,31.553,112231,0
AGR.US,D,20161128,000000,31.679,32.03,31.593,31.878,498222,0
AGR.US,D,20161129,000000,31.778,32.258,31.325,31.426,1614885,0
AGR.US,D,20161130,000000,31.29,31.29,30.365,30.41,601318,0
AGR.US,D,20161201,000000,30.39,30.627,29.937,29.947,725919,0
AGR.US,D,20161202,000000,30.189,30.552,29.775,30.013,618525,0
AGR.US,D,20161205,000000,29.979,30.552,29.894,30.442,654778,0
AGR.US,D,20161206,000000,30.56,30.636,30.289,30.41,388127,0
AGR.US,D,20161207,000000,30.694,31.056,30.458,30.811,471953,0
AGR.US,D,20161208,000000,31.034,31.742,30.677,31.477,697913,0
AGR.US,D,20161209,000000,31.468,31.619,31.179,31.547,672503,0
AGR.US,D,20161212,000000,31.547,31.884,31.518,31.791,449374,0
AGR.US,D,20161213,000000,31.876,32.065,31.502,31.657,902193,0
AGR.US,D,20161214,000000,31.862,31.937,30.881,30.942,412111,0
AGR.US,D,20161215,000000,30.71,31.409,30.534,31.366,398734,0
AGR.US,D,20161216,000000,31.391,32.198,31.248,32.065,1510133,0
AGR.US,D,20161219,000000,32.285,32.643,32.065,32.617,550760,0
AGR.US,D,20161220,000000,32.591,32.61,31.963,32.074,525017,0
AGR.US,D,20161221,000000,32.039,32.591,32.021,32.329,631490,0
AGR.US,D,20161222,000000,32.335,32.404,32.004,32.198,363558,0
AGR.US,D,20161223,000000,32.25,32.348,32.039,32.217,191484,0
AGR.US,D,20161227,000000,32.26,32.278,31.971,32.124,212491,0
AGR.US,D,20161228,000000,32.131,32.2,31.64,31.689,310261,0
AGR.US,D,20161229,000000,31.723,32.31,31.673,32.233,441292,0
AGR.US,D,20161230,000000,32.361,32.397,32.087,32.226,701312,0
AGR.US,D,20170103,000000,32.379,32.444,31.869,32.422,776071,0
AGR.US,D,20170104,000000,32.813,33.442,32.591,32.915,2083761,0
AGR.US,D,20170105,000000,33.067,33.067,32.361,32.541,5673141,0
AGR.US,D,20170106,000000,32.565,33.05,32.438,32.95,874690,0
AGR.US,D,20170109,000000,33.254,33.357,32.601,32.786,798080,0
AGR.US,D,20170110,000000,33.212,33.305,32.627,33.238,1021875,0
AGR.US,D,20170111,000000,33.29,33.784,33.067,33.714,1157236,0
AGR.US,D,20170112,000000,33.705,33.733,33.27,33.588,751211,0
AGR.US,D,20170113,000000,33.621,33.807,33.297,33.612,699372,0
AGR.US,D,20170117,000000,33.841,34.029,33.511,33.588,781484,0
AGR.US,D,20170118,000000,33.468,33.625,32.896,33.231,997423,0
AGR.US,D,20170119,000000,33.035,33.212,32.729,32.856,508150,0
AGR.US,D,20170120,000000,32.839,33.067,32.65,32.803,472546,0
AGR.US,D,20170123,000000,32.864,32.905,32.525,32.591,374115,0
AGR.US,D,20170124,000000,32.532,32.896,32.532,32.839,486380,0
AGR.US,D,20170125,000000,32.786,33.085,32.746,33.059,413412,0
AGR.US,D,20170126,000000,32.974,33.221,32.532,32.666,674594,0
AGR.US,D,20170127,000000,32.72,32.72,32.233,32.285,638494,0
AGR.US,D,20170130,000000,32.27,32.293,31.835,32.158,655256,0
AGR.US,D,20170131,000000,32.293,33.017,32.065,33.007,620473,0
AGR.US,D,20170201,000000,32.982,33.152,32.43,32.794,595478,0
AGR.US,D,20170202,000000,33.076,33.144,32.591,33.042,497298,0
AGR.US,D,20170203,000000,33.29,33.29,32.982,33.179,428842,0
AGR.US,D,20170206,000000,33.333,33.333,32.999,33.204,520123,0
AGR.US,D,20170207,000000,33.246,33.543,33.085,33.46,912970,0
AGR.US,D,20170208,000000,33.534,33.956,33.452,33.945,763107,0
AGR.US,D,20170209,000000,34.011,34.174,33.737,34.081,1086531,0
AGR.US,D,20170210,000000,34.002,34.522,33.945,34.38,961768,0
AGR.US,D,20170213,000000,34.308,34.482,34.166,34.435,524426,0
AGR.US,D,20170214,000000,34.362,34.427,33.817,34.334,563454,0
AGR.US,D,20170215,000000,34.149,34.25,33.926,34.241,655508,0
AGR.US,D,20170216,000000,34.2,34.718,34.081,34.695,623648,0
AGR.US,D,20170217,000000,34.779,34.861,34.454,34.805,709713,0
AGR.US,D,20170221,000000,36.155,36.437,35.159,36.265,2107569,0
AGR.US,D,20170222,000000,36.368,36.702,35.474,36.675,1330965,0
AGR.US,D,20170223,000000,36.445,36.871,35.783,36.574,2837415,0
AGR.US,D,20170224,000000,36.521,37.185,36.476,36.999,822162,0
AGR.US,D,20170227,000000,36.921,36.939,36.631,36.889,786702,0
AGR.US,D,20170228,000000,36.973,37.399,36.905,37.193,863547,0
AGR.US,D,20170301,000000,36.955,37.527,36.844,37.177,897169,0
AGR.US,D,20170302,000000,37.084,37.396,36.921,37.152,888760,0
AGR.US,D,20170303,000000,37.1,37.107,36.569,36.759,1000131,0
AGR.US,D,20170306,000000,36.665,36.844,36.452,36.521,467340,0
AGR.US,D,20170307,000000,36.649,36.702,36.412,36.452,947413,0
AGR.US,D,20170308,000000,36.275,36.275,35.76,35.914,686151,0
AGR.US,D,20170309,000000,35.929,36.181,35.794,35.864,496539,0
AGR.US,D,20170310,000000,36.217,36.61,36.217,36.587,690375,0
AGR.US,D,20170313,000000,36.653,36.706,36.181,36.2,785312,0
AGR.US,D,20170314,000000,36.144,36.343,35.976,36.19,487496,0
AGR.US,D,20170315,000000,36.438,36.842,36.318,36.706,569423,0
AGR.US,D,20170316,000000,36.706,36.706,36.136,36.208,420056,0
AGR.US,D,20170317,000000,36.454,36.661,36.217,36.523,1089252,0
AGR.US,D,20170320,000000,36.516,36.67,35.976,36.112,322018,0
AGR.US,D,20170321,000000,36.224,36.68,35.992,36.577,409375,0
AGR.US,D,20170322,000000,36.738,36.919,36.653,36.807,692975,0
AGR.US,D,20170323,000000,36.801,37.14,36.67,36.903,803688,0
AGR.US,D,20170324,000000,36.946,37.21,36.698,37.091,222252,0
AGR.US,D,20170327,000000,37.091,37.228,36.69,36.928,321634,0
AGR.US,D,20170328,000000,36.971,37.143,36.756,36.953,390595,0
AGR.US,D,20170329,000000,37.066,37.246,36.726,37.169,499030,0
AGR.US,D,20170330,000000,37.1,37.186,36.602,36.69,969584,0
AGR.US,D,20170331,000000,36.69,36.989,36.61,36.729,436499,0
AGR.US,D,20170403,000000,36.738,36.895,36.455,36.706,476456,0
AGR.US,D,20170404,000000,36.653,37.331,36.61,37.169,525010,0
AGR.US,D,20170405,000000,37.299,37.533,37.074,37.443,1162455,0
AGR.US,D,20170406,000000,37.461,37.461,36.997,37.04,443759,0
AGR.US,D,20170407,000000,37.117,37.35,37.031,37.083,488068,0
AGR.US,D,20170410,000000,37.152,37.22,36.877,36.961,357367,0
AGR.US,D,20170411,000000,37.264,37.264,36.825,36.953,830152,0
AGR.US,D,20170412,000000,37.059,37.426,36.997,37.313,771458,0
AGR.US,D,20170413,000000,37.383,37.513,37.117,37.169,548886,0
AGR.US,D,20170417,000000,37.357,37.65,37.21,37.547,409971,0
AGR.US,D,20170418,000000,37.607,37.746,37.426,37.625,312902,0
AGR.US,D,20170419,000000,37.625,37.701,37.28,37.341,327629,0
AGR.US,D,20170420,000000,37.504,37.71,37.255,37.418,353870,0
AGR.US,D,20170421,000000,37.401,37.65,37.401,37.617,306366,0
AGR.US,D,20170424,000000,37.701,37.701,37.35,37.41,671664,0
AGR.US,D,20170425,000000,37.513,37.976,37.162,37.727,754389,0
AGR.US,D,20170426,000000,37.812,37.865,37.495,37.547,259238,0
AGR.US,D,20170427,000000,37.633,37.925,37.633,37.762,353078,0
AGR.US,D,20170428,000000,37.701,37.933,37.376,37.383,402817,0
AGR.US,D,20170501,000000,37.597,37.617,37.255,37.376,257914,0
AGR.US,D,20170502,000000,37.443,37.727,37.341,37.71,503615,0
AGR.US,D,20170503,000000,37.667,37.667,37.162,37.186,440747,0
AGR.US,D,20170504,000000,37.107,37.522,37.107,37.461,308793,0
AGR.US,D,20170505,000000,37.564,37.942,37.547,37.916,379486,0
AGR.US,D,20170508,000000,37.812,38.02,37.77,37.925,376499,0
AGR.US,D,20170509,000000,38.028,38.08,37.504,37.597,409544,0
AGR.US,D,20170510,000000,37.676,37.857,37.522,37.683,407346,0
AGR.US,D,20170511,000000,37.65,37.812,37.323,37.754,348433,0
AGR.US,D,20170512,000000,37.812,38.124,37.795,38.045,340611,0
AGR.US,D,20170515,000000,38.106,38.302,38.041,38.115,530499,0
AGR.US,D,20170516,000000,38.036,38.235,37.925,38.002,288567,0
AGR.US,D,20170517,000000,38.012,38.091,37.719,37.762,357272,0
AGR.US,D,20170518,000000,37.667,37.933,37.453,37.812,426024,0
AGR.US,D,20170519,000000,37.976,38.059,37.736,37.908,381239,0
AGR.US,D,20170522,000000,37.908,38.322,37.77,38.182,566100,0
AGR.US,D,20170523,000000,38.332,38.552,38.195,38.354,393915,0
AGR.US,D,20170524,000000,38.346,38.904,38.324,38.811,368416,0
AGR.US,D,20170525,000000,39.104,39.104,38.689,38.853,291540,0
AGR.US,D,20170526,000000,38.871,38.937,38.665,38.914,249338,0
AGR.US,D,20170530,000000,39.017,39.056,38.768,38.947,375050,0
AGR.US,D,20170531,000000,38.947,39.172,38.792,39.041,309728,0
AGR.US,D,20170601,000000,39.069,39.499,38.844,39.48,432974,0
AGR.US,D,20170602,000000,39.618,39.618,39.207,39.36,460283,0
AGR.US,D,20170605,000000,39.395,39.429,39.136,39.311,320595,0
AGR.US,D,20170606,000000,39.369,39.506,39.05,39.404,307842,0
AGR.US,D,20170607,000000,39.457,39.551,39.154,39.198,303716,0
AGR.US,D,20170608,000000,39.077,39.188,38.72,39.144,303261,0
AGR.US,D,20170609,000000,39.154,39.188,38.689,38.824,214730,0
AGR.US,D,20170612,000000,38.824,39.181,38.607,38.867,279737,0
AGR.US,D,20170613,000000,38.814,39.397,38.71,39.352,336028,0
AGR.US,D,20170614,000000,39.502,39.727,38.919,39.223,281166,0
AGR.US,D,20170615,000000,38.927,39.527,38.92,39.466,156196,0
AGR.US,D,20170616,000000,39.527,39.777,39.478,39.742,251426,0
AGR.US,D,20170619,000000,39.96,40.021,39.57,39.656,280960,0
AGR.US,D,20170620,000000,39.605,39.855,39.492,39.692,175687,0
AGR.US,D,20170621,000000,39.751,39.84,39.438,39.613,192840,0
AGR.US,D,20170622,000000,39.7,39.795,39.509,39.534,303330,0
AGR.US,D,20170623,000000,39.518,39.787,39.504,39.551,423116,0
AGR.US,D,20170626,000000,39.579,39.874,39.475,39.639,186853,0
AGR.US,D,20170627,000000,39.551,39.76,39.352,39.352,237824,0
AGR.US,D,20170628,000000,39.518,39.7,39.094,39.103,316643,0
AGR.US,D,20170629,000000,38.911,38.911,38.123,38.426,263201,0
AGR.US,D,20170630,000000,38.607,38.71,38.276,38.302,345268,0
AGR.US,D,20170703,000000,38.397,38.537,37.999,38.009,179599,0
AGR.US,D,20170705,000000,38.068,38.077,37.523,37.722,599768,0
AGR.US,D,20170706,000000,37.636,37.817,37.414,37.722,368996,0
AGR.US,D,20170707,000000,37.783,37.878,37.599,37.627,235514,0
AGR.US,D,20170710,000000,37.783,38.072,37.653,37.774,297704,0
AGR.US,D,20170711,000000,37.853,37.957,37.566,37.722,236580,0
AGR.US,D,20170712,000000,37.991,38.138,37.87,37.904,276045,0
AGR.US,D,20170713,000000,37.973,38.06,37.791,37.844,230468,0
AGR.US,D,20170714,000000,38.086,38.322,38.086,38.198,271179,0
AGR.US,D,20170717,000000,38.198,38.389,38.043,38.172,282094,0
AGR.US,D,20170718,000000,38.259,38.598,38.043,38.172,290160,0
AGR.US,D,20170719,000000,39.908,39.908,38.381,39.171,680569,0
AGR.US,D,20170720,000000,39.188,39.362,38.814,39.084,428095,0
AGR.US,D,20170721,000000,39.154,39.518,39.005,39.198,323041,0
AGR.US,D,20170724,000000,39.551,40.247,39.475,39.587,556089,0
AGR.US,D,20170725,000000,39.527,39.742,39.38,39.422,433302,0
AGR.US,D,20170726,000000,39.319,39.656,39.312,39.622,479779,0
AGR.US,D,20170727,000000,39.647,39.7,39.312,39.542,494188,0
AGR.US,D,20170728,000000,39.518,39.518,39.109,39.207,140249,0
AGR.US,D,20170731,000000,39.319,39.561,39.126,39.406,309632,0
AGR.US,D,20170801,000000,39.57,39.647,39.281,39.542,211486,0
AGR.US,D,20170802,000000,39.527,39.742,39.366,39.727,262859,0
AGR.US,D,20170803,000000,39.7,40.04,39.605,40.04,296847,0
AGR.US,D,20170804,000000,40.089,40.089,39.76,39.917,288808,0
AGR.US,D,20170807,000000,39.848,40.411,39.848,40.265,253779,0
AGR.US,D,20170808,000000,40.265,40.767,40.144,40.713,332287,0
AGR.US,D,20170809,000000,40.743,40.743,40.28,40.489,254392,0
AGR.US,D,20170810,000000,40.429,40.856,40.344,40.713,265305,0
AGR.US,D,20170811,000000,40.561,40.6,40.151,40.344,277228,0
AGR.US,D,20170814,000000,40.421,40.67,40.344,40.629,172381,0
AGR.US,D,20170815,000000,40.411,40.761,40.344,40.67,307783,0
AGR.US,D,20170816,000000,40.593,40.913,40.401,40.913,208572,0
AGR.US,D,20170817,000000,40.975,41.062,40.688,40.713,240183,0
AGR.US,D,20170818,000000,40.776,41.013,40.51,40.913,191912,0
AGR.US,D,20170821,000000,40.993,41.175,40.705,41.097,193444,0
AGR.US,D,20170822,000000,41.123,41.559,40.993,41.426,215143,0
AGR.US,D,20170823,000000,41.331,41.946,41.193,41.876,319668,0
AGR.US,D,20170824,000000,41.972,42.12,41.626,42.018,251888,0
AGR.US,D,20170825,000000,42.199,42.381,41.904,42.129,409871,0
AGR.US,D,20170828,000000,42.546,42.546,42.152,42.423,620082,0
AGR.US,D,20170829,000000,42.391,42.536,42.303,42.45,231282,0
AGR.US,D,20170830,000000,42.442,42.442,41.99,42.251,228223,0
AGR.US,D,20170831,000000,42.338,42.504,42.246,42.354,297554,0
AGR.US,D,20170901,000000,42.406,42.406,42.044,42.172,256457,0
AGR.US,D,20170905,000000,42.163,42.303,41.746,41.924,396176,0
AGR.US,D,20170906,000000,41.999,42.112,41.547,41.583,496392,0
AGR.US,D,20170907,000000,41.765,42.117,41.669,42.054,320530,0
AGR.US,D,20170908,000000,42.054,42.369,41.802,42.343,193200,0
AGR.US,D,20170911,000000,42.186,42.703,42.153,42.563,239177,0
AGR.US,D,20170912,000000,42.441,42.5,41.588,41.748,325110,0
AGR.US,D,20170913,000000,41.879,41.879,41.039,41.338,814060,0
AGR.US,D,20170914,000000,41.285,41.521,41.118,41.514,259300,0
AGR.US,D,20170915,000000,41.583,41.724,41.228,41.591,412020,0
AGR.US,D,20170918,000000,41.538,41.861,40.979,41.162,461822,0
AGR.US,D,20170919,000000,41.127,41.372,40.858,40.944,453265,0
AGR.US,D,20170920,000000,41.152,41.304,40.524,40.698,339397,0
AGR.US,D,20170921,000000,40.679,40.882,40.524,40.762,356078,0
AGR.US,D,20170922,000000,40.777,40.858,40.56,40.706,358165,0
AGR.US,D,20170925,000000,40.706,41.285,40.664,41.233,329377,0
AGR.US,D,20170926,000000,41.233,41.381,41.11,41.266,491328,0
AGR.US,D,20170927,000000,41.029,41.228,40.629,40.924,526561,0
AGR.US,D,20170928,000000,40.944,41.372,40.878,41.312,354091,0
AGR.US,D,20170929,000000,41.372,41.583,41.276,41.514,403805,0
AGR.US,D,20171002,000000,41.707,41.87,41.372,41.62,808025,0
AGR.US,D,20171003,000000,41.715,41.756,41.372,41.563,519483,0
AGR.US,D,20171004,000000,41.66,41.976,41.505,41.967,671322,0
AGR.US,D,20171005,000000,42.012,42.504,41.821,42.292,468868,0
AGR.US,D,20171006,000000,42.09,42.213,41.643,41.707,505077,0
AGR.US,D,20171009,000000,41.715,41.933,41.304,41.477,545364,0
AGR.US,D,20171010,000000,41.563,41.926,41.505,41.917,419496,0
AGR.US,D,20171011,000000,41.879,42.34,41.879,42.238,414043,0
AGR.US,D,20171012,000000,42.178,42.384,41.933,42.361,542582,0
AGR.US,D,20171013,000000,42.441,42.613,41.783,42.012,461970,0
AGR.US,D,20171016,000000,42.029,42.143,41.525,41.827,426175,0
AGR.US,D,20171017,000000,41.836,42.126,41.697,42.117,364160,0
AGR.US,D,20171018,000000,42.022,42.178,41.821,42.178,384164,0
AGR.US,D,20171019,000000,42.134,42.343,42.022,42.343,393627,0
AGR.US,D,20171020,000000,42.274,42.413,41.959,42.284,414945,0
AGR.US,D,20171023,000000,42.309,42.369,41.942,42.257,483727,0
AGR.US,D,20171024,000000,42.389,43.456,42.195,43.334,1014952,0
AGR.US,D,20171025,000000,43.377,43.832,43.105,43.632,1137101,0
AGR.US,D,20171026,000000,43.981,44.446,43.666,44.219,687799,0
AGR.US,D,20171027,000000,44.083,44.979,43.936,44.68,571933,0
AGR.US,D,20171030,000000,44.391,44.839,44.245,44.496,316199,0
AGR.US,D,20171031,000000,44.264,45.408,44.264,45.286,760292,0
AGR.US,D,20171101,000000,44.69,45.391,44.07,44.882,755346,0
AGR.US,D,20171102,000000,44.874,45.097,42.634,44.163,1335916,0
AGR.US,D,20171103,000000,44.133,44.844,43.929,44.725,418183,0
AGR.US,D,20171106,000000,44.786,44.866,44.488,44.496,354346,0
AGR.US,D,20171107,000000,44.569,44.979,44.569,44.926,588968,0
AGR.US,D,20171108,000000,44.795,45.031,44.133,44.778,710743,0
AGR.US,D,20171109,000000,44.585,45.022,44.391,44.463,495966,0
AGR.US,D,20171110,000000,44.358,44.505,44.034,44.261,698769,0
AGR.US,D,20171113,000000,44.172,44.917,44.103,44.83,519085,0
AGR.US,D,20171114,000000,44.848,46.091,44.712,46.012,519646,0
AGR.US,D,20171115,000000,46.142,46.486,45.374,45.636,385807,0
AGR.US,D,20171116,000000,45.672,45.75,45.034,45.522,275735,0
AGR.US,D,20171117,000000,45.479,45.522,44.979,45.031,632968,0
AGR.US,D,20171120,000000,45.059,45.479,44.813,44.954,469852,0
AGR.US,D,20171121,000000,45.013,45.418,44.987,45.251,273943,0
AGR.US,D,20171122,000000,45.223,45.425,44.954,45.286,310436,0
AGR.US,D,20171124,000000,45.346,45.704,45.307,45.704,144107,0
AGR.US,D,20171127,000000,45.618,46.037,45.479,45.846,371859,0
AGR.US,D,20171128,000000,46.292,46.413,46.292,46.292,285203,0
AGR.US,D,20171129,000000,46.222,46.6,46.012,46.247,385962,0
AGR.US,D,20171130,000000,46.301,46.546,46.195,46.459,489920,0
AGR.US,D,20171201,000000,46.581,46.801,45.977,46.152,290575,0
AGR.US,D,20171204,000000,46.301,46.413,45.713,45.777,392603,0
AGR.US,D,20171205,000000,45.777,45.977,44.882,45.077,428998,0
AGR.US,D,20171206,000000,45.145,45.346,44.821,45.312,386426,0
AGR.US,D,20171207,000000,45.269,45.599,44.848,45.599,546406,0
AGR.US,D,20171208,000000,45.795,46.138,45.276,46.016,500550,0
AGR.US,D,20171211,000000,46.016,46.396,45.494,46.359,601916,0
AGR.US,D,20171212,000000,46.359,46.359,45.123,45.186,465513,0
AGR.US,D,20171213,000000,45.47,45.787,45.113,45.547,416046,0
AGR.US,D,20171214,000000,45.406,45.697,44.674,45.502,654786,0
AGR.US,D,20171215,000000,45.608,46.298,45.584,46.175,647534,0
AGR.US,D,20171218,000000,46.138,46.412,45.723,45.761,350780,0
AGR.US,D,20171219,000000,45.697,45.901,44.815,44.859,558464,0
AGR.US,D,20171220,000000,44.921,45.608,44.797,45.132,683047,0
AGR.US,D,20171221,000000,44.966,44.966,44.235,44.666,622386,0
AGR.US,D,20171222,000000,44.824,45.055,44.56,45,495760,0
AGR.US,D,20171226,000000,44.981,45.151,44.366,44.462,329958,0
AGR.US,D,20171227,000000,44.496,44.912,44.462,44.753,264398,0
AGR.US,D,20171228,000000,44.806,45.067,44.735,44.975,406924,0
AGR.US,D,20171229,000000,45.204,45.301,44.47,44.647,533594,0
AGR.US,D,20180102,000000,44.815,44.921,44.152,44.235,620157,0
AGR.US,D,20180103,000000,44.243,44.47,43.596,43.694,476079,0
AGR.US,D,20180104,000000,43.642,43.906,43.111,43.217,665315,0
AGR.US,D,20180105,000000,43.342,43.43,42.813,43.015,610042,0
AGR.US,D,20180108,000000,42.986,43.376,42.854,43.314,798024,0
AGR.US,D,20180109,000000,43.342,43.42,42.919,43.173,619994,0
AGR.US,D,20180110,000000,42.919,43.051,42.342,42.361,529454,0
AGR.US,D,20180111,000000,42.847,43.402,42.725,43.093,834800,0
AGR.US,D,20180112,000000,42.986,43.111,42.732,42.831,528693,0
AGR.US,D,20180116,000000,42.889,43.173,42.475,42.643,458307,0
AGR.US,D,20180117,000000,42.519,42.818,42.475,42.741,501646,0
AGR.US,D,20180118,000000,42.725,42.725,42.018,42.194,477165,0
AGR.US,D,20180119,000000,42.22,42.475,41.956,42.06,299261,0
AGR.US,D,20180122,000000,42.335,42.358,41.98,42.07,391472,0
AGR.US,D,20180123,000000,42.053,42.697,41.963,42.495,499378,0
AGR.US,D,20180124,000000,42.504,42.822,42.237,42.678,584234,0
AGR.US,D,20180125,000000,42.725,43.49,42.725,43.101,835440,0
AGR.US,D,20180126,000000,43.058,43.236,42.537,42.968,402400,0
AGR.US,D,20180129,000000,42.822,42.822,42.176,42.194,685840,0
AGR.US,D,20180130,000000,42.185,42.749,42.14,42.61,447782,0
AGR.US,D,20180131,000000,42.813,43.121,42.475,43.005,605442,0
AGR.US,D,20180201,000000,42.928,43.335,42.466,42.863,1185512,0
AGR.US,D,20180202,000000,42.619,43.35,42.619,43.083,1069970,0
AGR.US,D,20180205,000000,42.881,43.245,41.735,41.735,1201769,0
AGR.US,D,20180206,000000,41.178,41.434,39.872,40.455,1569479,0
AGR.US,D,20180207,000000,40.526,41.294,40.41,41.09,1102092,0
AGR.US,D,20180208,000000,40.967,41.478,40.632,40.728,596498,0
AGR.US,D,20180209,000000,40.807,42.027,40.807,41.726,497188,0
AGR.US,D,20180212,000000,41.806,42.554,41.603,42.361,517962,0
AGR.US,D,20180213,000000,42.291,42.554,41.86,42.441,661783,0
AGR.US,D,20180214,000000,42.131,43.157,42.018,42.749,945052,0
AGR.US,D,20180215,000000,42.909,43.826,42.839,43.782,489504,0
AGR.US,D,20180216,000000,43.791,44.505,43.659,44.331,554178,0
AGR.US,D,20180220,000000,43.976,44.119,43.173,43.791,937200,0
AGR.US,D,20180221,000000,43.596,44.216,43.005,43.025,864449,0
AGR.US,D,20180222,000000,42.995,43.448,42.729,42.952,586619,0
AGR.US,D,20180223,000000,43.066,43.889,43.066,43.889,372801,0
AGR.US,D,20180226,000000,44.11,44.129,43.553,43.676,314870,0
AGR.US,D,20180227,000000,43.694,43.915,43.005,43.015,542899,0
AGR.US,D,20180228,000000,43.111,43.578,42.831,42.831,565682,0
AGR.US,D,20180301,000000,42.978,43.44,42.475,42.66,549694,0
AGR.US,D,20180302,000000,42.669,43.025,41.963,42.422,452546,0
AGR.US,D,20180305,000000,42.422,43.173,42.185,43.14,650593,0
AGR.US,D,20180306,000000,43.157,43.208,42.61,42.716,770229,0
AGR.US,D,20180307,000000,42.61,42.749,42.185,42.6,385391,0
AGR.US,D,20180308,000000,42.805,42.874,42.475,42.832,533149,0
AGR.US,D,20180309,000000,42.874,43.079,42.43,42.902,517942,0
AGR.US,D,20180312,000000,42.912,43.652,42.912,43.447,752835,0
AGR.US,D,20180313,000000,43.685,44.068,43.586,43.712,568045,0
AGR.US,D,20180314,000000,43.873,44.639,43.873,44.148,707850,0
AGR.US,D,20180315,000000,44.203,44.648,44.128,44.461,385201,0
AGR.US,D,20180316,000000,44.469,44.728,44.221,44.397,1248416,0
AGR.US,D,20180319,000000,44.461,44.701,43.961,44.193,498347,0
AGR.US,D,20180320,000000,44.221,44.469,44.008,44.256,492806,0
AGR.US,D,20180321,000000,44.157,44.541,43.918,44.059,280145,0
AGR.US,D,20180322,000000,44.141,45.235,43.98,44.454,435351,0
AGR.US,D,20180323,000000,44.569,45.11,43.827,43.847,243204,0
AGR.US,D,20180326,000000,44.016,44.504,43.892,44.328,262065,0
AGR.US,D,20180327,000000,44.533,45.562,44.281,45.021,420909,0
AGR.US,D,20180328,000000,45.273,45.753,44.792,45.2,895433,0
AGR.US,D,20180329,000000,45.245,45.87,45.216,45.53,305244,0
AGR.US,D,20180402,000000,45.44,45.831,44.879,45.235,336243,0
AGR.US,D,20180403,000000,45.273,45.762,45.084,45.557,438322,0
AGR.US,D,20180404,000000,45.395,45.44,45.031,45.273,651955,0
AGR.US,D,20180405,000000,45.281,45.781,44.854,45.599,793795,0
AGR.US,D,20180406,000000,45.627,46.027,45.245,45.395,602195,0
AGR.US,D,20180409,000000,45.414,45.788,45.245,45.404,494385,0
AGR.US,D,20180410,000000,45.511,45.584,44.728,44.845,839746,0
AGR.US,D,20180411,000000,44.933,45.05,44.773,44.977,474502,0
AGR.US,D,20180412,000000,45.235,45.298,44.161,44.184,697174,0
AGR.US,D,20180413,000000,44.417,44.943,44.397,44.595,710940,0
AGR.US,D,20180416,000000,44.799,45.654,44.765,45.362,1262733,0
AGR.US,D,20180417,000000,45.459,46.104,45.431,45.977,393607,0
AGR.US,D,20180418,000000,46.099,46.473,45.725,45.744,298045,0
AGR.US,D,20180419,000000,45.521,45.887,45.38,45.599,370425,0
AGR.US,D,20180420,000000,45.494,45.511,44.952,45.183,411773,0
AGR.US,D,20180423,000000,45.077,45.599,45.068,45.485,504880,0
AGR.US,D,20180424,000000,45.87,46.366,45.567,46.109,602347,0
AGR.US,D,20180425,000000,45.948,46.25,45.342,45.422,1110731,0
AGR.US,D,20180426,000000,45.646,47.204,45.576,47.15,1290588,0
AGR.US,D,20180427,000000,46.972,47.097,46.376,46.768,558911,0
AGR.US,D,20180430,000000,46.865,47.052,46.714,46.945,428889,0
AGR.US,D,20180501,000000,47.017,47.65,46.884,47.283,555741,0
AGR.US,D,20180502,000000,47.356,48.013,47.329,47.561,821997,0
AGR.US,D,20180503,000000,47.515,48.217,47.213,47.873,624414,0
AGR.US,D,20180504,000000,48.023,48.583,47.997,48.325,426029,0
AGR.US,D,20180507,000000,48.353,48.532,47.997,48.095,309916,0
AGR.US,D,20180508,000000,47.907,48.186,46.79,46.865,539591,0
AGR.US,D,20180509,000000,46.536,46.847,46.134,46.279,540041,0
AGR.US,D,20180510,000000,46.439,46.696,46.348,46.696,296127,0
AGR.US,D,20180511,000000,46.483,47,46.483,46.847,238836,0
AGR.US,D,20180514,000000,46.92,46.991,46.473,46.688,332442,0
AGR.US,D,20180515,000000,46.527,46.732,46.19,46.269,372706,0
AGR.US,D,20180516,000000,46.25,46.439,45.87,46.091,400102,0
AGR.US,D,20180517,000000,46.18,46.26,45.797,45.841,383582,0
AGR.US,D,20180518,000000,45.958,46.172,45.698,45.841,517344,0
AGR.US,D,20180521,000000,46.083,46.332,45.912,46.091,572663,0
AGR.US,D,20180522,000000,46.109,46.313,45.87,45.958,784073,0
AGR.US,D,20180523,000000,46.036,47.311,45.948,47.249,1551084,0
AGR.US,D,20180524,000000,47.167,47.694,47.116,47.553,669601,0
AGR.US,D,20180525,000000,47.57,47.761,47.32,47.578,455523,0
AGR.US,D,20180529,000000,47.399,47.738,47.176,47.391,744361,0
AGR.US,D,20180530,000000,47.399,47.667,47.159,47.293,943062,0
AGR.US,D,20180531,000000,47.267,47.775,47.036,47.283,434271,0
AGR.US,D,20180601,000000,47.347,47.347,46.332,46.545,364902,0
AGR.US,D,20180604,000000,46.696,46.847,46.065,46.134,437120,0
AGR.US,D,20180605,000000,46.197,46.386,45.762,45.904,324501,0
AGR.US,D,20180606,000000,45.894,45.928,44.836,44.924,465689,0
AGR.US,D,20180607,000000,45.085,45.732,44.844,45.276,647505,0
AGR.US,D,20180608,000000,45.383,45.903,45.238,45.327,382675,0
AGR.US,D,20180611,000000,45.454,45.454,44.592,44.627,480431,0
AGR.US,D,20180612,000000,44.592,45.214,44.592,45.041,705171,0
AGR.US,D,20180613,000000,45.193,45.497,44.627,44.744,404273,0
AGR.US,D,20180614,000000,44.825,45.168,44.763,45.168,441166,0
AGR.US,D,20180615,000000,44.933,45.445,44.557,45.374,399086,0
AGR.US,D,20180618,000000,45.435,45.751,45.203,45.634,368488,0
AGR.US,D,20180619,000000,45.742,46.38,45.639,46.173,748470,0
AGR.US,D,20180620,000000,46.128,46.32,45.784,45.812,406511,0
AGR.US,D,20180621,000000,45.821,46.199,45.652,45.886,456621,0
AGR.US,D,20180622,000000,45.83,46.433,45.723,46.263,433848,0
AGR.US,D,20180625,000000,46.263,46.924,46.236,46.793,312661,0
AGR.US,D,20180626,000000,46.622,47.16,46.438,46.604,488718,0
AGR.US,D,20180627,000000,46.613,46.935,46.468,46.864,795816,0
AGR.US,D,20180628,000000,47.08,47.618,46.802,47.243,492552,0
AGR.US,D,20180629,000000,47.358,47.701,47.052,47.548,452848,0
AGR.US,D,20180702,000000,47.403,47.97,47.151,47.718,340031,0
AGR.US,D,20180703,000000,47.744,48.168,47.618,47.888,284414,0
AGR.US,D,20180705,000000,47.915,48.248,47.844,48.211,537980,0
AGR.US,D,20180706,000000,48.419,48.671,48.266,48.625,346760,0
AGR.US,D,20180709,000000,48.653,48.653,46.756,46.909,686237,0
AGR.US,D,20180710,000000,46.892,47.548,46.532,47.358,545710,0
AGR.US,D,20180711,000000,47.089,47.602,47.089,47.43,449015,0
AGR.US,D,20180712,000000,47.511,47.655,47.233,47.394,581016,0
AGR.US,D,20180713,000000,47.593,47.78,47.243,47.519,356505,0
AGR.US,D,20180716,000000,47.519,47.807,47.323,47.602,375064,0
AGR.US,D,20180717,000000,47.701,47.735,47.341,47.403,373060,0
AGR.US,D,20180718,000000,47.44,47.485,46.892,47.151,247178,0
AGR.US,D,20180719,000000,47.197,47.727,47.197,47.449,530029,0
AGR.US,D,20180720,000000,47.332,47.502,46.802,47.108,309948,0
AGR.US,D,20180723,000000,47.108,47.233,46.586,46.953,466688,0
AGR.US,D,20180724,000000,46.056,46.604,44.484,44.996,2424037,0
AGR.US,D,20180725,000000,44,45.177,43.792,44.798,1197409,0
AGR.US,D,20180726,000000,44.97,45.104,44.206,44.744,1048897,0
AGR.US,D,20180727,000000,44.788,44.986,44.459,44.637,406964,0
AGR.US,D,20180730,000000,44.726,44.758,44.314,44.393,485372,0
AGR.US,D,20180731,000000,44.592,44.978,44.332,44.97,727390,0
AGR.US,D,20180801,000000,44.816,44.986,44.266,44.888,579227,0
AGR.US,D,20180802,000000,44.952,45.615,44.682,45.374,442753,0
AGR.US,D,20180803,000000,45.374,45.893,45.185,45.652,343118,0
AGR.US,D,20180806,000000,45.597,45.911,45.419,45.563,230254,0
AGR.US,D,20180807,000000,45.588,45.588,44.879,45.257,333335,0
AGR.US,D,20180808,000000,45.168,45.266,44.938,45.077,259419,0
AGR.US,D,20180809,000000,45.168,45.581,44.946,45.454,351523,0
AGR.US,D,20180810,000000,45.517,46.001,45.168,45.193,268726,0
AGR.US,D,20180813,000000,44.655,45.026,44.034,44.375,813003,0
AGR.US,D,20180814,000000,44.285,44.835,44.275,44.43,447927,0
AGR.US,D,20180815,000000,44.627,45.06,44.234,44.402,380203,0
AGR.US,D,20180816,000000,44.206,44.879,44.017,44.853,422474,0
AGR.US,D,20180817,000000,44.871,45.419,44.788,45.292,725095,0
AGR.US,D,20180820,000000,45.346,45.605,45.094,45.346,363882,0
AGR.US,D,20180821,000000,45.346,45.469,44.754,44.952,233582,0
AGR.US,D,20180822,000000,45.094,45.104,44.43,44.547,250733,0
AGR.US,D,20180823,000000,44.665,45.051,44.492,44.718,332446,0
AGR.US,D,20180824,000000,44.807,45.168,44.708,44.996,506971,0
AGR.US,D,20180827,000000,45.104,45.104,44.52,44.68,248948,0
AGR.US,D,20180828,000000,44.637,44.726,44.412,44.573,294602,0
AGR.US,D,20180829,000000,44.726,44.986,44.637,44.915,314169,0
AGR.US,D,20180830,000000,44.996,45.051,44.78,44.807,346609,0
AGR.US,D,20180831,000000,44.835,44.986,44.251,44.323,301219,0
AGR.US,D,20180904,000000,44.285,44.609,44.285,44.567,329530,0
AGR.US,D,20180905,000000,44.557,45.292,44.492,45.238,279058,0
AGR.US,D,20180906,000000,45.266,45.918,45.233,45.575,292087,0
AGR.US,D,20180907,000000,45.238,45.447,45.049,45.103,206428,0
AGR.US,D,20180910,000000,45.103,45.392,44.912,45.03,428381,0
AGR.US,D,20180911,000000,45.148,45.18,44.864,44.93,213990,0
AGR.US,D,20180912,000000,44.95,45.248,44.821,44.958,319064,0
AGR.US,D,20180913,000000,45.084,45.193,44.87,45.176,220603,0
AGR.US,D,20180914,000000,45.03,45.218,44.513,45.049,175541,0
AGR.US,D,20180917,000000,45.103,45.184,44.768,45.094,281776,0
AGR.US,D,20180918,000000,45.011,45.456,44.876,45.218,407551,0
AGR.US,D,20180919,000000,45.311,45.366,44.248,44.432,362908,0
AGR.US,D,20180920,000000,44.376,44.677,44.107,44.523,240030,0
AGR.US,D,20180921,000000,44.414,44.731,44.168,44.513,478094,0
AGR.US,D,20180924,000000,44.385,44.451,43.797,43.806,297486,0
AGR.US,D,20180925,000000,43.843,43.843,42.82,43.089,364487,0
AGR.US,D,20180926,000000,43.147,43.298,42.555,42.593,420954,0
AGR.US,D,20180927,000000,42.663,43.307,42.629,42.863,417768,0
AGR.US,D,20180928,000000,42.971,43.563,42.9,43.436,592893,0
AGR.US,D,20181001,000000,43.672,43.672,42.854,43.164,446464,0
AGR.US,D,20181002,000000,43.279,43.889,43.26,43.654,436010,0
AGR.US,D,20181003,000000,43.545,43.679,42.446,42.484,696487,0
AGR.US,D,20181004,000000,41.78,42.484,41.78,42.23,708288,0
AGR.US,D,20181005,000000,42.094,42.721,42.094,42.654,605201,0
AGR.US,D,20181008,000000,42.746,43.298,42.62,43.063,418850,0
AGR.US,D,20181009,000000,42.963,43.38,42.91,43.264,372287,0
AGR.US,D,20181010,000000,43.172,43.706,42.612,42.637,659299,0
AGR.US,D,20181011,000000,42.663,42.881,41.813,41.83,478105,0
AGR.US,D,20181012,000000,41.967,41.976,41.515,41.85,485841,0
AGR.US,D,20181015,000000,41.93,42.62,41.84,42.167,458593,0
AGR.US,D,20181016,000000,42.138,43.063,42.138,42.89,368832,0
AGR.US,D,20181017,000000,42.82,43.272,42.701,43.156,529306,0
AGR.US,D,20181018,000000,43.188,43.715,43.188,43.563,800869,0
AGR.US,D,20181019,000000,43.506,44.414,43.506,44.06,382264,0
AGR.US,D,20181022,000000,44.142,44.305,43.869,44.135,630516,0
AGR.US,D,20181023,000000,44.025,44.352,43.341,43.496,564072,0
AGR.US,D,20181024,000000,44.903,44.903,42.537,44.513,1148576,0
AGR.US,D,20181025,000000,44.016,44.196,43.147,43.407,1089217,0
AGR.US,D,20181026,000000,43.554,43.833,42.863,43.138,803300,0
AGR.US,D,20181029,000000,42.365,43.227,41.696,43.128,626422,0
AGR.US,D,20181030,000000,43.056,43.536,42.593,42.89,573858,0
AGR.US,D,20181031,000000,42.721,42.854,42.167,42.602,450909,0
AGR.US,D,20181101,000000,42.989,43.279,42.738,43.208,677287,0
AGR.US,D,20181102,000000,43.355,43.431,42.519,42.612,602413,0
AGR.US,D,20181105,000000,42.746,43.198,42.593,42.946,428587,0
AGR.US,D,20181106,000000,42.971,43.589,42.683,43.571,576152,0
AGR.US,D,20181107,000000,43.833,44.495,43.686,44.267,647159,0
AGR.US,D,20181108,000000,44.196,44.414,43.488,43.715,248270,0
AGR.US,D,20181109,000000,43.563,44.523,43.417,44.324,584194,0
AGR.US,D,20181112,000000,44.025,45.03,44.025,44.54,697977,0
AGR.US,D,20181113,000000,44.613,45.546,44.295,45.428,701884,0
AGR.US,D,20181114,000000,45.311,45.699,45.094,45.257,628683,0
AGR.US,D,20181115,000000,45.148,45.357,44.577,44.857,567461,0
AGR.US,D,20181116,000000,44.984,45.337,44.669,45.319,320852,0
AGR.US,D,20181119,000000,45.311,45.874,45.311,45.865,436712,0
AGR.US,D,20181120,000000,45.927,46.316,45.392,45.774,379816,0
AGR.US,D,20181121,000000,45.675,45.774,44.523,44.569,375733,0
AGR.US,D,20181123,000000,44.523,44.704,44.142,44.586,253493,0
AGR.US,D,20181126,000000,44.685,44.903,44.404,44.495,556365,0
AGR.US,D,20181127,000000,44.54,44.912,44.295,44.794,673520,0
AGR.US,D,20181128,000000,45.02,45.02,44.56,44.677,467935,0
AGR.US,D,20181129,000000,44.758,45.238,44.324,44.903,495113,0
AGR.US,D,20181130,000000,45.011,45.769,44.885,45.655,400688,0
AGR.US,D,20181203,000000,45.575,46.117,45.203,46.099,444723,0
AGR.US,D,20181204,000000,46.008,46.661,45.982,46.018,850649,0
AGR.US,D,20181206,000000,45.982,46.997,45.537,46.959,826896,0
AGR.US,D,20181207,000000,46.806,47.495,46.734,47.196,629543,0
AGR.US,D,20181210,000000,47.305,47.734,46.574,47.507,552165,0
AGR.US,D,20181211,000000,47.543,48.175,47.433,47.743,437404,0
AGR.US,D,20181212,000000,47.763,47.9,47.269,47.406,811771,0
AGR.US,D,20181213,000000,47.498,48.664,47.498,48.365,631297,0
AGR.US,D,20181214,000000,48.237,48.87,47.743,48.511,571416,0
AGR.US,D,20181217,000000,48.421,48.76,46.821,46.867,582079,0
AGR.US,D,20181218,000000,47.159,47.471,46.583,46.749,482403,0
AGR.US,D,20181219,000000,46.775,46.886,46.053,46.548,443326,0
AGR.US,D,20181220,000000,46.621,47.297,46.117,47.049,486473,0
AGR.US,D,20181221,000000,47.087,47.9,46.483,46.675,562118,0
AGR.US,D,20181224,000000,46.621,46.813,44.389,44.92,303157,0
AGR.US,D,20181226,000000,44.746,45.303,43.91,45.168,461208,0
AGR.US,D,20181227,000000,45.02,45.514,44.308,45.514,354929,0
AGR.US,D,20181228,000000,45.614,46.108,45.432,45.542,370028,0
AGR.US,D,20181231,000000,45.504,45.806,45.204,45.781,366425,0
AGR.US,D,20190102,000000,45.806,45.897,44.336,44.498,357644,0
AGR.US,D,20190103,000000,44.464,45.011,44.236,44.364,444293,0
AGR.US,D,20190104,000000,44.033,44.993,44.033,44.993,1048291,0
AGR.US,D,20190107,000000,44.957,44.957,44.136,44.244,514247,0
AGR.US,D,20190108,000000,44.152,45.058,43.933,45.011,461602,0
AGR.US,D,20190109,000000,45.094,45.13,44.545,44.655,325754,0
AGR.US,D,20190110,000000,44.783,45.204,44.573,45.111,333519,0
AGR.US,D,20190111,000000,45.185,45.185,44.565,44.765,311345,0
AGR.US,D,20190114,000000,44.518,44.518,43.367,43.652,678213,0
AGR.US,D,20190115,000000,44.428,44.555,43.622,44.428,606062,0
AGR.US,D,20190116,000000,44.279,44.811,44.13,44.783,309245,0
AGR.US,D,20190117,000000,44.874,45.149,44.71,45.067,389671,0
AGR.US,D,20190118,000000,45.13,45.313,44.609,44.949,544707,0
AGR.US,D,20190122,000000,44.911,45.054,44.161,44.746,509235,0
AGR.US,D,20190123,000000,44.682,45.194,44.682,45.185,428164,0
AGR.US,D,20190124,000000,45.25,45.47,44.839,45.395,357331,0
AGR.US,D,20190125,000000,45.35,45.514,44.755,44.92,515137,0
AGR.US,D,20190128,000000,44.865,45.103,44.254,44.364,326377,0
AGR.US,D,20190129,000000,44.573,44.811,44.398,44.528,270779,0
AGR.US,D,20190130,000000,44.535,45.076,44.408,44.966,353157,0
AGR.US,D,20190131,000000,44.92,45.652,44.482,45.579,356436,0
AGR.US,D,20190201,000000,45.441,45.523,44.701,45.331,319208,0
AGR.US,D,20190204,000000,45.094,45.422,44.865,45.422,394997,0
AGR.US,D,20190205,000000,45.661,45.743,45.24,45.533,334493,0
AGR.US,D,20190206,000000,45.571,45.771,45.268,45.295,342868,0
AGR.US,D,20190207,000000,45.385,45.853,45.103,45.788,468922,0
AGR.US,D,20190208,000000,45.916,46.296,45.797,46.164,296392,0
AGR.US,D,20190211,000000,46.073,46.264,45.833,46.208,235748,0
AGR.US,D,20190212,000000,46.292,46.601,46.007,46.144,248256,0
AGR.US,D,20190213,000000,46.035,46.164,45.704,46.09,289271,0
AGR.US,D,20190214,000000,46.082,46.428,45.916,46.117,271080,0
AGR.US,D,20190215,000000,46.053,46.392,46.053,46.273,248439,0
AGR.US,D,20190219,000000,46.401,46.931,46.354,46.775,490349,0
AGR.US,D,20190220,000000,43.813,44.939,43.664,44.336,2944951,0
AGR.US,D,20190221,000000,44.043,44.847,43.823,44.692,959880,0
AGR.US,D,20190222,000000,44.949,45.039,44.455,45.03,605214,0
AGR.US,D,20190225,000000,44.883,45.313,44.555,44.949,592902,0
AGR.US,D,20190226,000000,45.039,45.076,44.398,44.508,1019183,0
AGR.US,D,20190227,000000,44.345,44.545,44.136,44.318,659165,0
AGR.US,D,20190228,000000,44.308,44.308,44.007,44.188,875224,0
AGR.US,D,20190301,000000,44.289,44.555,44.025,44.518,347366,0
AGR.US,D,20190304,000000,44.298,44.518,44.079,44.418,455567,0
AGR.US,D,20190305,000000,44.27,44.573,44.079,44.126,400361,0
AGR.US,D,20190306,000000,44.244,44.6,43.998,44.326,489099,0
AGR.US,D,20190307,000000,44.567,44.806,44.298,44.364,566500,0
AGR.US,D,20190308,000000,44.5,44.879,44.313,44.547,572012,0
AGR.US,D,20190311,000000,44.723,45.285,44.52,45.046,524307,0
AGR.US,D,20190312,000000,45.184,45.858,44.972,45.654,626785,0
AGR.US,D,20190313,000000,45.479,45.877,45.479,45.646,716200,0
AGR.US,D,20190314,000000,45.626,45.964,45.496,45.589,506481,0
AGR.US,D,20190315,000000,45.654,46.004,45.573,45.691,377630,0
AGR.US,D,20190318,000000,45.636,45.921,45.168,45.654,324586,0
AGR.US,D,20190319,000000,45.607,45.636,44.843,44.907,355699,0
AGR.US,D,20190320,000000,44.925,45.442,44.907,45.017,339215,0
AGR.US,D,20190321,000000,44.945,45.544,44.797,45.525,309742,0
AGR.US,D,20190322,000000,45.718,46.354,45.718,46.152,376163,0
AGR.US,D,20190325,000000,46.198,46.411,45.921,46.282,340890,0
AGR.US,D,20190326,000000,46.227,46.59,46.133,46.54,235779,0
AGR.US,D,20190327,000000,46.659,46.743,46.18,46.402,370640,0
AGR.US,D,20190328,000000,46.393,46.494,45.903,46.125,261929,0
AGR.US,D,20190329,000000,46.088,46.503,45.991,46.439,322760,0
AGR.US,D,20190401,000000,46.439,46.576,46.032,46.217,362710,0
AGR.US,D,20190402,000000,46.429,46.429,46.014,46.354,423337,0
AGR.US,D,20190403,000000,46.354,46.687,46.041,46.346,780540,0
AGR.US,D,20190404,000000,46.236,46.354,45.744,46.023,384773,0
AGR.US,D,20190405,000000,46.097,46.632,45.987,46.576,208174,0
AGR.US,D,20190408,000000,46.936,47.268,46.359,46.604,428355,0
AGR.US,D,20190409,000000,46.725,47.038,46.439,46.779,302548,0
AGR.US,D,20190410,000000,46.982,47.337,46.881,46.945,297515,0
AGR.US,D,20190411,000000,46.752,47.121,46.752,47.074,291043,0
AGR.US,D,20190412,000000,46.936,47.49,46.77,47.481,518727,0
AGR.US,D,20190415,000000,47.525,48.034,47.453,47.747,1189220,0
AGR.US,D,20190416,000000,47.61,47.914,47.213,47.352,930267,0
AGR.US,D,20190417,000000,47.415,47.582,47.148,47.361,281425,0
AGR.US,D,20190418,000000,47.434,47.877,47.379,47.592,262910,0
AGR.US,D,20190422,000000,47.481,48.034,47.333,47.996,1003849,0
AGR.US,D,20190423,000000,48.062,48.412,47.784,48.284,865169,0
AGR.US,D,20190424,000000,48.422,48.749,48.264,48.542,928941,0
AGR.US,D,20190425,000000,46.253,47.545,45.708,47.296,1282915,0
AGR.US,D,20190426,000000,47.314,47.767,47.029,47.093,1179752,0
AGR.US,D,20190429,000000,46.715,47.148,46.396,46.725,584112,0
AGR.US,D,20190430,000000,46.696,47.361,46.503,47.232,481862,0
AGR.US,D,20190501,000000,47.121,47.305,46.761,46.798,344958,0
AGR.US,D,20190502,000000,46.725,46.982,46.439,46.595,370324,0
AGR.US,D,20190503,000000,46.632,47.019,46.484,46.927,356838,0
AGR.US,D,20190506,000000,46.725,46.964,46.253,46.318,635605,0
AGR.US,D,20190507,000000,46.207,46.503,45.969,46.088,565129,0
AGR.US,D,20190508,000000,46.014,46.115,45.212,45.212,683059,0
AGR.US,D,20190509,000000,45.193,45.646,45.056,45.258,610191,0
AGR.US,D,20190510,000000,45.157,46.023,45.147,46.023,665409,0
AGR.US,D,20190513,000000,45.757,46.585,45.757,46.494,345196,0
AGR.US,D,20190514,000000,46.513,46.725,46.023,46.125,243817,0
AGR.US,D,20190515,000000,46.088,46.398,45.995,46.217,182550,0
AGR.US,D,20190516,000000,46.041,46.411,46.041,46.263,242933,0
AGR.US,D,20190517,000000,46.207,46.513,46.097,46.263,506725,0
AGR.US,D,20190520,000000,46.354,46.567,46.227,46.354,228862,0
AGR.US,D,20190521,000000,46.292,46.531,46.171,46.207,318274,0
AGR.US,D,20190522,000000,46.363,46.668,46.217,46.503,262383,0
AGR.US,D,20190523,000000,46.557,46.734,46.411,46.668,522551,0
AGR.US,D,20190524,000000,46.752,47.088,46.429,46.881,434987,0
AGR.US,D,20190528,000000,47.056,47.06,46.576,46.651,677984,0
AGR.US,D,20190529,000000,46.761,46.899,45.829,45.931,545288,0
AGR.US,D,20190530,000000,46.032,46.253,45.558,45.708,351188,0
AGR.US,D,20190531,000000,45.775,46.318,45.44,46.171,523029,0
AGR.US,D,20190603,000000,46.429,47.213,46.263,47.175,337808,0
AGR.US,D,20190604,000000,47.397,47.397,46.318,46.807,380387,0
AGR.US,D,20190605,000000,46.936,47.821,46.807,47.656,299780,0
AGR.US,D,20190606,000000,47.964,48.27,47.721,48.139,450641,0
AGR.US,D,20190607,000000,48.343,48.67,47.944,48.037,467596,0
AGR.US,D,20190610,000000,47.86,47.86,47.181,47.646,190018,0
AGR.US,D,20190611,000000,47.776,47.83,46.977,47.191,374507,0
AGR.US,D,20190612,000000,47.368,47.86,47.368,47.713,357196,0
AGR.US,D,20190613,000000,47.86,47.887,47.432,47.879,225329,0
AGR.US,D,20190614,000000,47.842,48.307,47.842,47.86,316994,0
AGR.US,D,20190617,000000,47.944,48.12,47.47,47.785,384268,0
AGR.US,D,20190618,000000,47.999,47.999,47.006,47.321,425594,0
AGR.US,D,20190619,000000,47.228,48.013,47.134,47.674,461786,0
AGR.US,D,20190620,000000,48.092,48.149,47.33,48.018,308987,0
AGR.US,D,20190621,000000,47.823,48.26,47.554,48.222,368815,0
AGR.US,D,20190624,000000,48.037,48.307,47.768,47.86,203892,0
AGR.US,D,20190625,000000,48.008,48.168,47.572,47.601,256234,0
AGR.US,D,20190626,000000,47.508,47.534,46.911,46.967,476556,0
AGR.US,D,20190627,000000,46.986,47.2,46.697,46.771,294139,0
AGR.US,D,20190628,000000,46.726,47.079,46.623,46.977,533419,0
AGR.US,D,20190701,000000,47.088,47.143,46.483,46.893,336428,0
AGR.US,D,20190702,000000,47.088,47.554,46.828,47.321,466539,0
AGR.US,D,20190703,000000,47.302,47.842,47.098,47.349,639513,0
AGR.US,D,20190705,000000,47.06,47.626,46.289,47.524,312201,0
AGR.US,D,20190708,000000,47.61,47.823,47.293,47.508,207625,0
AGR.US,D,20190709,000000,47.432,47.432,47.069,47.255,328461,0
AGR.US,D,20190710,000000,47.562,47.795,47.339,47.626,562129,0
AGR.US,D,20190711,000000,47.674,47.897,47.126,47.489,452535,0
AGR.US,D,20190712,000000,47.554,47.554,46.41,46.447,741962,0
AGR.US,D,20190715,000000,46.362,46.362,45.72,46.138,435231,0
AGR.US,D,20190716,000000,46.046,46.269,45.647,45.953,388799,0
AGR.US,D,20190717,000000,46.138,46.396,46.051,46.102,397732,0
AGR.US,D,20190718,000000,46.055,46.4,45.768,46.307,462534,0
AGR.US,D,20190719,000000,46.307,46.531,45.72,45.739,398494,0
AGR.US,D,20190722,000000,45.831,45.925,45.275,45.442,476608,0
AGR.US,D,20190723,000000,45.432,45.656,45.061,45.115,734556,0
AGR.US,D,20190724,000000,44.53,45.496,44.186,45.2,900979,0
AGR.US,D,20190725,000000,45.217,45.701,44.95,45.564,586998,0
AGR.US,D,20190726,000000,45.461,45.963,45.404,45.554,435500,0
AGR.US,D,20190729,000000,45.729,46.331,45.554,46.158,731242,0
AGR.US,D,20190730,000000,46.8,46.875,46.307,46.8,1210761,0
AGR.US,D,20190731,000000,46.986,47.283,46.66,47.023,1151603,0
AGR.US,D,20190801,000000,47.06,47.805,46.953,47.46,636804,0
AGR.US,D,20190802,000000,46.669,47.516,46.595,46.669,509121,0
AGR.US,D,20190805,000000,46.614,46.911,45.311,45.787,456436,0
AGR.US,D,20190806,000000,45.685,47.069,45.627,46.856,849833,0
AGR.US,D,20190807,000000,46.921,46.921,46.084,46.585,503602,0
AGR.US,D,20190808,000000,46.54,47.274,46.269,47.247,360036,0
AGR.US,D,20190809,000000,47.405,47.534,46.828,46.856,539103,0
AGR.US,D,20190812,000000,46.79,47.117,45.656,46.036,897988,0
AGR.US,D,20190813,000000,45.813,46.06,45.349,45.916,359735,0
AGR.US,D,20190814,000000,45.916,46.009,44.945,45.042,639828,0
AGR.US,D,20190815,000000,45.013,45.629,45.013,45.479,628501,0
AGR.US,D,20190816,000000,45.535,45.973,45.499,45.831,379752,0
AGR.US,D,20190819,000000,45.851,46.168,45.637,46.009,552457,0
AGR.US,D,20190820,000000,46.186,46.186,45.72,45.739,300899,0
AGR.US,D,20190821,000000,45.685,45.889,45.618,45.841,308217,0
AGR.US,D,20190822,000000,45.795,46.093,45.618,46.046,426139,0
AGR.US,D,20190823,000000,46.204,46.391,45.399,45.506,302063,0
AGR.US,D,20190826,000000,45.496,45.932,45.496,45.851,287176,0
AGR.US,D,20190827,000000,46.131,46.326,45.831,45.851,315129,0
AGR.US,D,20190828,000000,45.907,46.009,45.506,45.787,338366,0
AGR.US,D,20190829,000000,45.897,46.706,45.897,46.623,518048,0
AGR.US,D,20190830,000000,46.809,47.134,46.754,47.013,432530,0
AGR.US,D,20190903,000000,47.006,47.916,46.865,47.87,655142,0
AGR.US,D,20190904,000000,48.231,48.521,48.008,48.27,491403,0
AGR.US,D,20190905,000000,48.064,48.42,47.424,47.482,347419,0
AGR.US,D,20190906,000000,47.501,47.678,46.891,47.107,337608,0
AGR.US,D,20190909,000000,46.872,46.914,46.205,46.477,430465,0
AGR.US,D,20190910,000000,46.394,47.004,46.018,46.853,587865,0
AGR.US,D,20190911,000000,46.777,47.669,46.712,47.669,465740,0
AGR.US,D,20190912,000000,47.961,48.187,47.454,47.801,478008,0
AGR.US,D,20190913,000000,47.64,47.913,47.21,47.669,600966,0
AGR.US,D,20190916,000000,47.772,47.88,47.37,47.698,338829,0
AGR.US,D,20190917,000000,47.585,48.35,47.585,47.848,384138,0
AGR.US,D,20190918,000000,47.884,48.471,47.708,48.016,420425,0
AGR.US,D,20190919,000000,48.29,48.29,47.951,48.09,257644,0
AGR.US,D,20190920,000000,48.157,48.42,47.923,48.383,619062,0
AGR.US,D,20190923,000000,48.241,48.768,48.231,48.616,348713,0
AGR.US,D,20190924,000000,48.795,49.115,48.606,48.851,347068,0
AGR.US,D,20190925,000000,48.665,49.039,48.495,48.768,408662,0
AGR.US,D,20190926,000000,49.02,49.086,48.758,48.822,267266,0
AGR.US,D,20190927,000000,48.917,49.066,48.691,49.012,260731,0
AGR.US,D,20190930,000000,49.066,49.236,48.57,49.02,594746,0
AGR.US,D,20191001,000000,48.832,49.01,48.42,48.719,220643,0
AGR.US,D,20191002,000000,48.786,48.832,48.208,48.27,420014,0
AGR.US,D,20191003,000000,48.307,48.43,47.838,47.848,305878,0
AGR.US,D,20191004,000000,47.951,48.364,47.791,48.354,485861,0
AGR.US,D,20191007,000000,48.148,48.185,47.726,47.829,568721,0
AGR.US,D,20191008,000000,47.743,47.772,47.284,47.547,564845,0
AGR.US,D,20191009,000000,47.595,47.753,46.815,47.36,451912,0
AGR.US,D,20191010,000000,47.219,47.251,46.694,46.844,462802,0
AGR.US,D,20191011,000000,46.919,47.022,46.58,46.787,308315,0
AGR.US,D,20191014,000000,46.994,47,46.346,46.487,446553,0
AGR.US,D,20191015,000000,46.497,46.726,46.205,46.477,714720,0
AGR.US,D,20191016,000000,46.59,46.839,46.149,46.561,643721,0
AGR.US,D,20191017,000000,46.553,46.965,46.308,46.853,223053,0
AGR.US,D,20191018,000000,46.806,47.392,46.59,47.284,635505,0
AGR.US,D,20191021,000000,47.191,47.726,47.078,47.66,468004,0
AGR.US,D,20191022,000000,47.66,48.069,47.482,47.848,627798,0
AGR.US,D,20191023,000000,48.212,48.486,47.772,48.099,390187,0
AGR.US,D,20191024,000000,48.054,48.099,47.463,47.941,429773,0
AGR.US,D,20191025,000000,47.979,48.084,46.797,47.078,312994,0
AGR.US,D,20191028,000000,46.9,47.097,46.544,46.561,292401,0
AGR.US,D,20191029,000000,46.75,47.068,46.374,46.9,547972,0
AGR.US,D,20191030,000000,45.972,46.782,45.268,46.338,863898,0
AGR.US,D,20191031,000000,46.374,46.956,46.262,46.956,628980,0
AGR.US,D,20191101,000000,46.994,47.171,46.684,46.956,401932,0
AGR.US,D,20191104,000000,47.088,47.098,46.187,46.394,328575,0
AGR.US,D,20191105,000000,46.205,46.609,45.981,46.403,383893,0
AGR.US,D,20191106,000000,46.449,46.712,46.364,46.421,322359,0
AGR.US,D,20191107,000000,46.291,46.394,45.418,45.727,245288,0
AGR.US,D,20191108,000000,45.707,45.792,45.286,45.389,356787,0
AGR.US,D,20191111,000000,45.426,45.624,45.136,45.268,230027,0
AGR.US,D,20191112,000000,45.352,45.418,44.958,45.116,374858,0
AGR.US,D,20191113,000000,45.239,45.756,45.079,45.717,367417,0
AGR.US,D,20191114,000000,45.924,46.036,45.682,45.736,482308,0
AGR.US,D,20191115,000000,45.746,45.942,45.652,45.736,371042,0
AGR.US,D,20191118,000000,45.905,46.271,45.727,45.849,267227,0
AGR.US,D,20191119,000000,45.775,45.874,45.501,45.511,364410,0
AGR.US,D,20191120,000000,45.539,45.915,45.521,45.727,484430,0
AGR.US,D,20191121,000000,45.869,45.981,45.432,45.662,345781,0
AGR.US,D,20191122,000000,45.633,45.643,45.033,45.268,540961,0
AGR.US,D,20191125,000000,45.286,45.624,45.079,45.539,343707,0
AGR.US,D,20191126,000000,45.446,46.055,45.446,45.999,430714,0
AGR.US,D,20191127,000000,45.991,46.102,45.689,45.999,302545,0
AGR.US,D,20191129,000000,46.177,46.177,45.521,45.539,137851,0
AGR.US,D,20191202,000000,45.352,45.662,45.089,45.116,342442,0
AGR.US,D,20191203,000000,45.239,45.569,45.174,45.511,314477,0
AGR.US,D,20191204,000000,45.362,46.055,45.362,46.027,480189,0
AGR.US,D,20191205,000000,45.887,46.027,45.624,46.018,282173,0
AGR.US,D,20191206,000000,45.981,46.093,45.756,45.859,250401,0
AGR.US,D,20191209,000000,45.879,45.952,45.595,45.689,226964,0
AGR.US,D,20191210,000000,45.652,45.999,45.582,45.942,358621,0
AGR.US,D,20191211,000000,46.009,46.237,45.915,46.132,556303,0
AGR.US,D,20191212,000000,46.009,46.359,45.897,46.312,347897,0
AGR.US,D,20191213,000000,46.245,46.813,46.128,46.739,416376,0
AGR.US,D,20191216,000000,46.767,47.396,46.605,47.372,449544,0
AGR.US,D,20191217,000000,47.506,48.183,47.41,48.025,562186,0
AGR.US,D,20191218,000000,48.178,48.661,47.864,48.583,366219,0
AGR.US,D,20191219,000000,48.471,48.612,48.074,48.395,323051,0
AGR.US,D,20191220,000000,48.433,49.289,48.357,49.039,713132,0
AGR.US,D,20191223,000000,49.039,49.039,48.31,48.641,512406,0
AGR.US,D,20191224,000000,48.641,48.641,47.874,47.94,196444,0
AGR.US,D,20191226,000000,47.95,48.006,47.636,47.874,407106,0
AGR.US,D,20191227,000000,47.94,48.272,47.874,48.224,324138,0
AGR.US,D,20191230,000000,48.253,48.328,48.023,48.178,309324,0
AGR.US,D,20191231,000000,48.129,48.433,48.074,48.433,334787,0
AGR.US,D,20200102,000000,48.461,48.499,47.864,48.1,527151,0
AGR.US,D,20200103,000000,48.129,48.366,47.836,48.224,352288,0
AGR.US,D,20200106,000000,48.282,48.518,47.997,47.997,576099,0
AGR.US,D,20200107,000000,47.978,47.997,47.532,47.874,302029,0
AGR.US,D,20200108,000000,47.75,48.044,47.581,47.646,596542,0
AGR.US,D,20200109,000000,47.542,48.1,47.542,48.045,419223,0
AGR.US,D,20200110,000000,48.025,48.31,47.77,47.818,357723,0
AGR.US,D,20200113,000000,47.799,48.139,47.799,48.054,403911,0
AGR.US,D,20200114,000000,48.12,48.262,47.74,48.084,267347,0
AGR.US,D,20200115,000000,48.224,48.518,48.084,48.31,481418,0
AGR.US,D,20200116,000000,47.636,48.366,47.572,48.224,554530,0
AGR.US,D,20200117,000000,48.292,48.48,48.149,48.451,292048,0
AGR.US,D,20200121,000000,48.508,48.883,48.326,48.745,430465,0
AGR.US,D,20200122,000000,48.888,49.047,48.566,48.575,239304,0
AGR.US,D,20200123,000000,48.518,48.943,48.461,48.943,381924,0
AGR.US,D,20200124,000000,48.878,49.568,48.82,49.427,533062,0
AGR.US,D,20200127,000000,49.351,49.956,49.133,49.74,430748,0
AGR.US,D,20200128,000000,49.786,50.686,49.786,50.496,671141,0
AGR.US,D,20200129,000000,50.515,50.828,50.326,50.733,416619,0
AGR.US,D,20200130,000000,50.696,51.061,50.582,50.942,559365,0
AGR.US,D,20200131,000000,50.884,50.979,50.165,50.42,641356,0
AGR.US,D,20200203,000000,50.524,50.866,50.392,50.706,490159,0
AGR.US,D,20200204,000000,50.648,50.648,50.183,50.288,477846,0
AGR.US,D,20200205,000000,50.288,50.696,50.099,50.174,363385,0
AGR.US,D,20200206,000000,50.183,50.552,50.052,50.089,260298,0
AGR.US,D,20200207,000000,50.203,50.297,49.731,49.826,300868,0
AGR.US,D,20200210,000000,49.834,50.137,49.617,50.06,323257,0
AGR.US,D,20200211,000000,50.127,50.463,49.91,50.069,484853,0
AGR.US,D,20200212,000000,49.947,50.137,49.36,49.938,372437,0
AGR.US,D,20200213,000000,49.881,50.743,49.881,50.724,444984,0
AGR.US,D,20200214,000000,50.857,51.121,50.696,50.997,321836,0
AGR.US,D,20200218,000000,51.14,52.058,50.997,51.974,952801,0
AGR.US,D,20200219,000000,51.984,52.352,51.861,52.04,823206,0
AGR.US,D,20200220,000000,52.04,52.626,51.64,52.617,611309,0
AGR.US,D,20200221,000000,52.674,53.45,52.57,53.052,606054,0
AGR.US,D,20200224,000000,52.759,53.753,52.56,53.554,829728,0
AGR.US,D,20200225,000000,53.678,54.189,53.137,53.3,760142,0
AGR.US,D,20200226,000000,48.755,50.146,48.054,49.086,2090560,0
AGR.US,D,20200227,000000,48.784,49.152,47.127,47.127,954798,0
AGR.US,D,20200228,000000,46.349,47.15,44.723,47.041,2148396,0
AGR.US,D,20200302,000000,47.173,49.285,47.173,49.228,841224,0
AGR.US,D,20200303,000000,49.133,50.563,48.745,48.943,823084,0
AGR.US,D,20200304,000000,49.92,51.116,49.568,51.046,635527,0
AGR.US,D,20200305,000000,50.225,50.654,49.041,49.795,1065408,0
AGR.US,D,20200306,000000,48.784,48.974,47.065,48.936,970452,0
AGR.US,D,20200309,000000,47.027,48.936,46.035,47.637,1176512,0
AGR.US,D,20200310,000000,48.115,48.716,45.806,47.542,828584,0
AGR.US,D,20200311,000000,46.673,46.722,44.574,45.414,737015,0
AGR.US,D,20200312,000000,42.97,42.97,40.595,40.747,1073290,0
AGR.US,D,20200313,000000,42.865,44.163,39.464,43.715,1484955,0
AGR.US,D,20200316,000000,38.188,42.828,38.178,40.812,1597381,0
AGR.US,D,20200317,000000,41.702,50.216,41.643,47.953,2412363,0
AGR.US,D,20200318,000000,45.309,49.365,43.553,47.886,1843707,0
AGR.US,D,20200319,000000,48.115,48.726,43.798,44.365,2161930,0
AGR.US,D,20200320,000000,44.469,44.469,39.477,39.735,1416730,0
AGR.US,D,20200323,000000,39.143,39.678,33.999,34.496,1000959,0
AGR.US,D,20200324,000000,35.45,36.852,34.496,35.945,2265541,0
AGR.US,D,20200325,000000,35.612,40.385,34.877,39.573,1306128,0
AGR.US,D,20200326,000000,39.811,43.275,39.153,42.809,1028872,0
AGR.US,D,20200327,000000,41.511,43.171,39.783,41.452,758238,0
AGR.US,D,20200330,000000,42.121,44.136,41.567,42.685,874803,0
AGR.US,D,20200331,000000,42.235,42.703,40.612,41.787,596553,0
AGR.US,D,20200401,000000,40.106,40.272,38.628,39.324,746761,0
AGR.US,D,20200402,000000,39.306,41.319,39.172,40.498,717467,0
AGR.US,D,20200403,000000,40.096,40.795,37.912,38.073,792953,0
AGR.US,D,20200406,000000,39.506,40.537,38.756,39.515,1790788,0
AGR.US,D,20200407,000000,40.241,41.364,38.857,39.267,872493,0
AGR.US,D,20200408,000000,39.515,41.362,38.962,40.996,715086,0
AGR.US,D,20200409,000000,41.482,43.915,41.482,43.83,394417,0
AGR.US,D,20200413,000000,43.124,43.642,41.882,42.741,591758,0
AGR.US,D,20200414,000000,43.59,44.231,43.371,43.963,597490,0
AGR.US,D,20200415,000000,43.039,43.973,42.436,42.846,475149,0
AGR.US,D,20200416,000000,43.162,43.685,42.718,43.41,1183477,0
AGR.US,D,20200417,000000,44.231,44.383,43.171,43.896,421435,0
AGR.US,D,20200420,000000,43.449,43.463,41.922,42.102,502141,0
AGR.US,D,20200421,000000,41.452,42.163,41.434,41.892,736387,0
AGR.US,D,20200422,000000,42.522,43.773,42.149,43.304,710022,0
AGR.US,D,20200423,000000,43.057,43.525,42.541,42.934,384571,0
AGR.US,D,20200424,000000,43.134,43.327,42.579,42.904,482116,0
AGR.US,D,20200427,000000,42.934,43.887,42.904,43.495,396770,0
AGR.US,D,20200428,000000,44.241,44.699,42.934,42.934,1246098,0
AGR.US,D,20200429,000000,43.905,44.111,41.797,42.55,1179438,0
AGR.US,D,20200430,000000,42.914,42.914,40.326,41.042,951082,0
AGR.US,D,20200501,000000,40.642,41.147,39.272,39.554,694442,0
AGR.US,D,20200504,000000,39.439,39.774,38.761,39.439,1008549,0
AGR.US,D,20200505,000000,41.472,41.472,40.356,40.767,813036,0
AGR.US,D,20200506,000000,40.575,40.717,39.554,39.591,582530,0
AGR.US,D,20200507,000000,40.041,40.436,39.745,39.85,566931,0
AGR.US,D,20200508,000000,40.241,40.662,40.065,40.546,764120,0
AGR.US,D,20200511,000000,40.156,40.376,39.196,39.964,916155,0
AGR.US,D,20200512,000000,39.974,40.422,38.789,38.914,797497,0
AGR.US,D,20200513,000000,38.704,38.704,37.301,38.168,926824,0
AGR.US,D,20200514,000000,37.702,39.029,37.188,39.029,1214819,0
AGR.US,D,20200515,000000,38.848,38.848,37.014,37.873,726783,0
AGR.US,D,20200518,000000,38.848,39.591,38.418,39.133,1084236,0
AGR.US,D,20200519,000000,39.277,39.353,38.456,38.523,681204,0
AGR.US,D,20200520,000000,38.646,38.981,38.198,38.666,378414,0
AGR.US,D,20200521,000000,38.704,38.99,38.265,38.447,300251,0
AGR.US,D,20200522,000000,38.666,39.267,38.283,39.096,370793,0
AGR.US,D,20200526,000000,39.83,40.795,39.774,40.166,741735,0
AGR.US,D,20200527,000000,40.891,41.224,40.376,40.947,863267,0
AGR.US,D,20200528,000000,41.452,42.064,41.224,41.959,747049,0
AGR.US,D,20200529,000000,41.807,42.579,41.643,42.455,1166953,0
AGR.US,D,20200601,000000,42.368,43.592,42.146,43.303,768683,0
AGR.US,D,20200602,000000,43.93,44.451,43.536,44.123,1144385,0
AGR.US,D,20200603,000000,44.74,45.385,44.181,44.508,1030717,0
AGR.US,D,20200604,000000,44.277,44.294,43.207,43.526,675026,0
AGR.US,D,20200605,000000,43.95,44.692,43.048,43.121,949626,0
AGR.US,D,20200608,000000,43.121,45.213,42.813,44.933,596712,0
AGR.US,D,20200609,000000,44.431,44.682,42.783,43.247,454675,0
AGR.US,D,20200610,000000,43.207,43.718,42.773,43.294,736584,0
AGR.US,D,20200611,000000,42.484,42.687,40.527,40.895,451568,0
AGR.US,D,20200612,000000,41.81,41.934,40.278,40.739,893883,0
AGR.US,D,20200615,000000,39.996,41.482,39.852,41.385,623103,0
AGR.US,D,20200616,000000,42.427,42.6,40.971,41.125,598502,0
AGR.US,D,20200617,000000,41.356,41.457,40.304,40.682,481565,0
AGR.US,D,20200618,000000,40.334,40.807,39.756,40.228,415665,0
AGR.US,D,20200619,000000,40.672,40.682,39.384,39.428,504859,0
AGR.US,D,20200622,000000,39.466,40.324,39.187,39.987,389699,0
AGR.US,D,20200623,000000,40.344,40.586,39.564,39.862,425266,0
AGR.US,D,20200624,000000,39.631,40.218,39.428,39.93,459594,0
AGR.US,D,20200625,000000,39.949,40.046,39.389,40.036,435966,0
AGR.US,D,20200626,000000,40.006,40.633,39.428,39.601,739870,0
AGR.US,D,20200629,000000,39.92,41.019,39.631,40.759,588951,0
AGR.US,D,20200630,000000,40.779,41.124,39.872,40.47,552279,0
AGR.US,D,20200701,000000,40.903,41.732,40.807,41.608,590075,0
AGR.US,D,20200702,000000,41.78,42.59,41.433,41.558,594279,0
AGR.US,D,20200706,000000,41.926,42.242,40.374,40.921,958048,0
AGR.US,D,20200707,000000,40.48,41.415,40.083,41.153,1076212,0
AGR.US,D,20200708,000000,41.443,41.655,41.115,41.423,1144263,0
AGR.US,D,20200709,000000,41.519,41.519,40.824,41.01,747294,0
AGR.US,D,20200710,000000,40.912,42.333,40.912,42.224,782130,0
AGR.US,D,20200713,000000,42.321,43.362,42.242,42.956,1165530,0
AGR.US,D,20200714,000000,42.783,43.757,42.417,43.506,856683,0
AGR.US,D,20200715,000000,44.036,44.663,43.486,43.573,623038,0
AGR.US,D,20200716,000000,43.863,44.847,43.573,44.653,560456,0
AGR.US,D,20200717,000000,45.309,46.601,45.212,46.417,824006,0
AGR.US,D,20200720,000000,46.253,46.64,45.791,45.858,706080,0
AGR.US,D,20200721,000000,45.858,46.292,45.434,45.636,579001,0
AGR.US,D,20200722,000000,45.309,46.726,44.056,46.514,1485134,0
AGR.US,D,20200723,000000,46.273,47.786,46.273,47.313,1186024,0
AGR.US,D,20200724,000000,47.449,48.504,47.16,47.208,937684,0
AGR.US,D,20200727,000000,47.131,47.189,46.08,46.687,501374,0
AGR.US,D,20200728,000000,46.417,48.201,46.417,47.873,555352,0
AGR.US,D,20200729,000000,47.931,48.499,47.594,48.461,578682,0
AGR.US,D,20200730,000000,48.152,48.327,47.747,48.191,541162,0
AGR.US,D,20200731,000000,48.008,48.442,46.962,47.998,667262,0
AGR.US,D,20200803,000000,47.825,47.979,46.697,47.227,528251,0
AGR.US,D,20200804,000000,47.507,47.71,46.822,47.256,407784,0
AGR.US,D,20200805,000000,47.488,47.488,46.205,46.591,501582,0
AGR.US,D,20200806,000000,46.755,46.773,46.22,46.65,599236,0
AGR.US,D,20200807,000000,46.706,47.806,46.504,47.478,612199,0
AGR.US,D,20200810,000000,47.969,47.969,47.059,47.343,692687,0
AGR.US,D,20200811,000000,47.737,48.027,46.996,47.545,1057748,0
AGR.US,D,20200812,000000,47.969,48.053,47.535,47.816,359571,0
AGR.US,D,20200813,000000,47.777,48.654,47.16,48.22,1229579,0
AGR.US,D,20200814,000000,48.335,48.529,47.728,47.834,723382,0
AGR.US,D,20200817,000000,47.96,47.96,47.363,47.449,386598,0
AGR.US,D,20200818,000000,47.41,47.584,47.189,47.459,434704,0
AGR.US,D,20200819,000000,47.565,47.68,47.256,47.478,321136,0
AGR.US,D,20200820,000000,47.295,47.613,47.014,47.313,431208,0
AGR.US,D,20200821,000000,47.41,47.747,47.063,47.69,356858,0
AGR.US,D,20200824,000000,48.086,48.182,47.631,48.104,293615,0
AGR.US,D,20200825,000000,48.172,48.172,47.631,47.7,340667,0
AGR.US,D,20200826,000000,47.497,47.537,46.667,46.986,400612,0
AGR.US,D,20200827,000000,47.371,47.429,46.706,47.054,277291,0
AGR.US,D,20200828,000000,47.121,47.345,46.359,46.822,304627,0
AGR.US,D,20200831,000000,47.095,47.231,46.54,46.735,337377,0
AGR.US,D,20200901,000000,46.764,46.764,45.852,46.229,380565,0
AGR.US,D,20200902,000000,46.288,47.406,46.087,47.124,365010,0
AGR.US,D,20200903,000000,47.202,47.961,46.803,47.085,524139,0
AGR.US,D,20200904,000000,47.488,47.552,46.618,47.348,533102,0
AGR.US,D,20200908,000000,47.318,47.425,46.258,47.133,609551,0
AGR.US,D,20200909,000000,47.368,48.213,47.368,47.718,388939,0
AGR.US,D,20200910,000000,47.708,47.708,46.579,46.812,495499,0
AGR.US,D,20200911,000000,46.978,47.221,46.472,46.638,645290,0
AGR.US,D,20200914,000000,46.812,47.639,46.754,47.415,400663,0
AGR.US,D,20200915,000000,47.989,49.254,47.98,48.554,647550,0
AGR.US,D,20200916,000000,48.641,49.429,48.456,48.719,464994,0
AGR.US,D,20200917,000000,48.223,48.369,47.328,48.088,495200,0
AGR.US,D,20200918,000000,48.437,48.924,47.756,47.912,713887,0
AGR.US,D,20200921,000000,47.552,47.557,46.316,46.832,541386,0
AGR.US,D,20200922,000000,46.939,48.437,46.852,48.125,463258,0
AGR.US,D,20200923,000000,48.038,48.486,47.591,47.619,506452,0
AGR.US,D,20200924,000000,47.678,47.97,47.124,47.552,453237,0
AGR.US,D,20200925,000000,46.754,48.048,46.608,47.815,521582,0
AGR.US,D,20200928,000000,48.194,48.456,47.863,48.009,500786,0
AGR.US,D,20200929,000000,48.078,48.496,47.639,47.922,464696,0
AGR.US,D,20200930,000000,48.194,49.322,48.101,49.089,957762,0
AGR.US,D,20201001,000000,49.235,50.285,49.002,49.819,634206,0
AGR.US,D,20201002,000000,49.401,51.195,49.13,50.958,647534,0
AGR.US,D,20201005,000000,51.277,52.206,50.938,52.134,604361,0
AGR.US,D,20201006,000000,52.104,52.903,51.399,52.368,484077,0
AGR.US,D,20201007,000000,52.776,53.399,52.62,53.205,398218,0
AGR.US,D,20201008,000000,53.302,54.673,53.135,54.119,476494,0
AGR.US,D,20201009,000000,54.225,54.391,53.409,53.729,593035,0
AGR.US,D,20201012,000000,53.748,54.585,53.534,54.157,376019,0
AGR.US,D,20201013,000000,53.748,54.225,53.088,54.021,356397,0
AGR.US,D,20201014,000000,53.895,54.304,53.544,53.738,239629,0
AGR.US,D,20201015,000000,53.399,54.284,53.185,53.845,415565,0
AGR.US,D,20201016,000000,53.808,53.997,53.564,53.594,434597,0
AGR.US,D,20201019,000000,53.447,53.678,52.388,52.465,2253690,0
AGR.US,D,20201020,000000,52.601,53.302,52.415,52.592,384017,0
AGR.US,D,20201021,000000,50.587,51.073,47.619,48.933,2491252,0
AGR.US,D,20201022,000000,48.826,48.928,47.474,48.048,1318683,0
AGR.US,D,20201023,000000,48.311,48.895,47.883,48.641,934033,0
AGR.US,D,20201026,000000,48.398,48.924,47.989,48.778,789161,0
AGR.US,D,20201027,000000,48.738,49.424,48.525,49.059,718439,0
AGR.US,D,20201028,000000,48.496,48.967,47.834,48.096,772361,0
AGR.US,D,20201029,000000,48.038,48.924,47.455,48.505,657667,0
AGR.US,D,20201030,000000,48.292,48.845,47.688,47.999,495513,0
AGR.US,D,20201102,000000,48.339,48.928,48.204,48.865,537977,0
AGR.US,D,20201103,000000,49.361,50.325,48.905,49.857,731451,0
AGR.US,D,20201104,000000,49.779,50.198,48.895,48.924,718733,0
AGR.US,D,20201105,000000,49.468,50.345,48.924,49.779,568550,0
AGR.US,D,20201106,000000,49.634,50.111,48.845,49.128,409681,0
AGR.US,D,20201109,000000,50.392,51.132,49.605,49.741,847896,0
AGR.US,D,20201110,000000,49.886,50.549,49.682,50.442,597359,0
AGR.US,D,20201111,000000,50.382,50.859,49.906,50.042,747790,0
AGR.US,D,20201112,000000,49.838,50.024,48.515,49.138,616781,0
AGR.US,D,20201113,000000,49.448,49.615,48.836,49.186,763367,0
AGR.US,D,20201116,000000,49.468,49.615,48.311,48.924,1204197,0
AGR.US,D,20201117,000000,48.641,49.118,47.25,47.269,949298,0
AGR.US,D,20201118,000000,47.435,47.639,46.18,46.278,676437,0
AGR.US,D,20201119,000000,46.278,46.551,45.285,45.48,663097,0
AGR.US,D,20201120,000000,45.236,45.762,44.604,45.139,702455,0
AGR.US,D,20201123,000000,45.188,45.43,44.439,44.838,613019,0
AGR.US,D,20201124,000000,45.072,45.762,44.988,45.616,658505,0
AGR.US,D,20201125,000000,45.742,46.239,45.373,45.645,865047,0
AGR.US,D,20201127,000000,45.713,45.82,45.042,45.343,213805,0
AGR.US,D,20201130,000000,45.363,45.703,45.057,45.276,800906,0
AGR.US,D,20201201,000000,45.441,46.345,45.441,45.995,751902,0
AGR.US,D,20201202,000000,45.811,46.102,45.198,45.586,757691,0
AGR.US,D,20201203,000000,45.451,45.879,45.266,45.499,834411,0
AGR.US,D,20201204,000000,45.713,45.732,44.925,45.353,457444,0
AGR.US,D,20201207,000000,45.47,45.811,44.828,45.091,806001,0
AGR.US,D,20201208,000000,44.838,45.655,44.604,44.915,496572,0
AGR.US,D,20201209,000000,44.818,45.089,44.342,44.721,525762,0
AGR.US,D,20201210,000000,44.672,44.957,43.935,44.436,766809,0
AGR.US,D,20201211,000000,44.436,44.711,43.994,44.092,661871,0
AGR.US,D,20201214,000000,44.21,44.779,43.641,43.689,1002051,0
AGR.US,D,20201215,000000,43.699,44.692,43.572,44.524,470506,0
AGR.US,D,20201216,000000,44.731,45.163,44.097,44.446,753480,0
AGR.US,D,20201217,000000,44.584,45.546,44.544,45.221,1002422,0
AGR.US,D,20201218,000000,45.311,45.85,44.2,44.23,1199877,0
AGR.US,D,20201221,000000,44.004,44.004,43.385,43.975,518014,0
AGR.US,D,20201222,000000,43.925,44.456,43.601,43.641,460667,0
AGR.US,D,20201223,000000,43.797,44.476,43.739,43.945,382077,0
AGR.US,D,20201224,000000,44.141,44.22,43.621,44.083,144695,0
AGR.US,D,20201228,000000,44.308,44.672,44.073,44.642,381474,0
AGR.US,D,20201229,000000,44.76,45.113,44.151,44.269,440180,0
AGR.US,D,20201230,000000,44.416,44.809,44.332,44.682,321399,0
AGR.US,D,20201231,000000,44.436,44.716,44.141,44.642,375160,0
AGR.US,D,20210104,000000,44.672,44.967,43.984,44.102,502122,0
AGR.US,D,20210105,000000,44.141,44.476,43.238,43.719,661603,0
AGR.US,D,20210106,000000,44.043,45.595,43.872,45.467,920186,0
AGR.US,D,20210107,000000,45.585,45.85,44.569,44.849,746956,0
AGR.US,D,20210108,000000,44.74,46.243,44.466,46.136,810518,0
AGR.US,D,20210111,000000,45.605,46.292,45.221,45.566,1392841,0
AGR.US,D,20210112,000000,45.477,45.639,44.161,44.662,673136,0
AGR.US,D,20210113,000000,44.496,45.133,44.132,45.006,688915,0
AGR.US,D,20210114,000000,44.898,44.941,43.847,44.2,743341,0
AGR.US,D,20210115,000000,44.063,44.967,43.66,44.898,671421,0
AGR.US,D,20210119,000000,45.045,45.183,44.446,44.603,413776,0
AGR.US,D,20210120,000000,44.446,45.339,44.2,45.32,514108,0
AGR.US,D,20210121,000000,45.477,46.116,44.878,45.025,608068,0
AGR.US,D,20210122,000000,44.868,45.747,44.446,45.566,370838,0
AGR.US,D,20210125,000000,45.595,46.764,45.183,46.136,649020,0
AGR.US,D,20210126,000000,46.037,46.381,45.466,46.008,594325,0
AGR.US,D,20210127,000000,45.752,47.472,45.625,46.647,1378071,0
AGR.US,D,20210128,000000,46.833,48.089,46.204,46.401,882146,0
AGR.US,D,20210129,000000,46.165,46.299,45.409,45.448,1161860,0
AGR.US,D,20210201,000000,45.644,46.705,45.389,46.519,465437,0
AGR.US,D,20210202,000000,46.597,47.01,46.076,46.116,399699,0
AGR.US,D,20210203,000000,46.008,46.263,45.611,45.988,699062,0
AGR.US,D,20210204,000000,46.066,46.459,45.615,46.184,494522,0
AGR.US,D,20210205,000000,46.361,47.01,46.342,47,457605,0
AGR.US,D,20210208,000000,47.206,47.585,46.381,46.557,721955,0
AGR.US,D,20210209,000000,46.627,46.98,46.184,46.567,493036,0
AGR.US,D,20210210,000000,46.557,46.911,46.307,46.715,627691,0
AGR.US,D,20210211,000000,46.754,47.045,46.155,46.469,578462,0
AGR.US,D,20210212,000000,46.391,46.843,46.204,46.273,346455,0
AGR.US,D,20210216,000000,46.312,46.312,44.446,45.32,858632,0
AGR.US,D,20210217,000000,45.438,45.644,45.045,45.625,489833,0
AGR.US,D,20210218,000000,45.723,45.87,44.544,44.544,663224,0
AGR.US,D,20210219,000000,44.486,44.564,43.689,44.21,611446,0
AGR.US,D,20210222,000000,43.817,44.416,43.316,43.679,794516,0
AGR.US,D,20210223,000000,43.759,44.711,43.699,44.426,812732,0
AGR.US,D,20210224,000000,44.259,45.281,44.033,44.829,988342,0
AGR.US,D,20210225,000000,45.183,45.674,44.79,45.409,880755,0
AGR.US,D,20210226,000000,45.615,46.047,44.672,44.947,963819,0
AGR.US,D,20210301,000000,45.203,45.575,45.133,45.399,572931,0
AGR.US,D,20210302,000000,45.467,45.566,44.809,45.143,516133,0
AGR.US,D,20210303,000000,46.126,46.126,44.269,45.163,624791,0
AGR.US,D,20210304,000000,45.54,46.393,45.004,45.084,538841,0
AGR.US,D,20210305,000000,45.451,45.867,44.528,45.698,797226,0
AGR.US,D,20210308,000000,45.847,47.236,45.381,47.166,666471,0
AGR.US,D,20210309,000000,47.216,48.237,47.216,47.652,582443,0
AGR.US,D,20210310,000000,47.791,48.029,47.295,47.355,346606,0
AGR.US,D,20210311,000000,47.117,47.543,46.497,46.651,389420,0
AGR.US,D,20210312,000000,46.77,48.198,46.74,47.9,466537,0
AGR.US,D,20210315,000000,48.098,48.495,48.039,48.426,412599,0
AGR.US,D,20210316,000000,48.019,48.386,47.96,48.029,507755,0
AGR.US,D,20210317,000000,48.039,48.465,47.394,47.523,547988,0
AGR.US,D,20210318,000000,47.414,47.846,46.958,47.335,444229,0
AGR.US,D,20210319,000000,47.246,47.816,46.799,47.553,1056624,0
AGR.US,D,20210322,000000,47.414,48.168,47.107,47.434,380900,0
AGR.US,D,20210323,000000,47.583,48.446,47.339,48.158,584119,0
AGR.US,D,20210324,000000,47.85,48.327,47.808,48.118,389501,0
AGR.US,D,20210325,000000,48.267,48.912,47.96,48.545,372296,0
AGR.US,D,20210326,000000,48.426,48.703,47.846,48.495,372582,0
AGR.US,D,20210329,000000,48.515,50.032,48.515,49.467,562406,0
AGR.US,D,20210330,000000,49.407,50.241,48.842,49.239,555624,0
AGR.US,D,20210331,000000,49.249,49.626,49.021,49.398,486186,0
AGR.US,D,20210401,000000,49.536,49.834,49.013,49.834,398092,0
AGR.US,D,20210405,000000,50.112,51.093,50.092,50.905,650595,0
AGR.US,D,20210406,000000,50.617,50.945,50.257,50.677,590084,0
AGR.US,D,20210407,000000,50.836,51.441,50.794,51.103,468832,0
AGR.US,D,20210408,000000,51.252,51.458,50.657,50.657,928095,0
AGR.US,D,20210409,000000,50.746,51.302,50.736,50.974,415604,0
AGR.US,D,20210412,000000,51.064,51.341,50.796,51.163,494249,0
AGR.US,D,20210413,000000,50.836,51.629,50.776,51.619,425056,0
AGR.US,D,20210414,000000,51.56,51.827,51.322,51.659,352101,0
AGR.US,D,20210415,000000,51.877,52.234,51.594,52.145,528532,0
AGR.US,D,20210416,000000,52.174,52.422,51.936,52.264,526525,0
AGR.US,D,20210419,000000,52.472,52.561,51.807,52.303,409828,0
AGR.US,D,20210420,000000,52.363,53.315,52.363,52.779,410829,0
AGR.US,D,20210421,000000,52.859,53.012,51.748,51.837,643735,0
AGR.US,D,20210422,000000,51.728,52.155,51.371,51.47,367679,0
AGR.US,D,20210423,000000,51.639,51.639,50.925,51.024,498804,0
AGR.US,D,20210426,000000,51.203,51.262,50.657,50.816,275303,0
AGR.US,D,20210427,000000,50.687,50.776,49.824,49.874,469513,0
AGR.US,D,20210428,000000,49.943,49.943,49.348,49.596,489742,0
AGR.US,D,20210429,000000,49.626,50.206,49.626,50.052,304739,0
AGR.US,D,20210430,000000,50.231,50.518,50.042,50.479,317361,0
AGR.US,D,20210503,000000,50.697,50.895,50.082,50.538,431478,0
AGR.US,D,20210504,000000,50.786,51.391,50.316,51.212,754728,0
AGR.US,D,20210505,000000,51.421,51.421,49.705,50.231,556469,0
AGR.US,D,20210506,000000,50.399,50.637,49.958,50.528,494840,0
AGR.US,D,20210507,000000,50.598,51.074,50.305,50.538,315320,0
AGR.US,D,20210510,000000,50.657,51.401,50.655,51.203,337358,0
AGR.US,D,20210511,000000,51.242,51.51,50.736,50.974,508938,0
AGR.US,D,20210512,000000,50.974,51.217,49.784,49.893,451581,0
AGR.US,D,20210513,000000,50.379,52.492,50.236,51.292,939110,0
AGR.US,D,20210514,000000,51.331,52.333,51.322,51.56,378573,0
AGR.US,D,20210517,000000,51.49,51.827,50.964,51.103,315623,0
AGR.US,D,20210518,000000,51.083,51.55,51.004,51.103,299692,0
AGR.US,D,20210519,000000,50.865,51.629,50.726,51.441,520765,0
AGR.US,D,20210520,000000,51.48,52.065,51.48,51.857,506901,0
AGR.US,D,20210521,000000,51.926,52.531,51.867,52.363,656663,0
AGR.US,D,20210524,000000,52.591,53.057,52.303,52.492,420194,0
AGR.US,D,20210525,000000,52.343,52.829,51.664,51.758,436704,0
AGR.US,D,20210526,000000,51.917,52.274,51.619,52.164,546057,0
AGR.US,D,20210527,000000,52.333,52.472,51.877,52.095,548427,0
AGR.US,D,20210528,000000,52.204,52.71,51.926,52.244,397481,0
AGR.US,D,20210601,000000,52.145,52.234,51.619,51.966,574116,0
AGR.US,D,20210602,000000,52.075,52.829,51.718,52.7,543711,0
AGR.US,D,20210603,000000,52.59,53.54,52.36,53.32,644977,0
AGR.US,D,20210604,000000,53.57,53.94,53.28,53.35,404979,0
AGR.US,D,20210607,000000,53.58,53.9,53.38,53.77,578776,0
AGR.US,D,20210608,000000,53.89,53.89,53.37,53.59,443241,0
AGR.US,D,20210609,000000,53.62,54.61,53.605,54.52,437330,0
AGR.US,D,20210610,000000,54.62,55.045,54.52,55.01,394158,0
AGR.US,D,20210611,000000,55,55.29,54.59,54.99,495765,0
AGR.US,D,20210614,000000,55,55.25,54.48,55.23,492986,0
AGR.US,D,20210615,000000,55.27,55.34,54.77,55.09,633505,0
AGR.US,D,20210616,000000,55.33,55.355,53.73,53.78,830188,0
AGR.US,D,20210617,000000,53.63,53.805,53.06,53.27,954168,0
AGR.US,D,20210618,000000,52.93,53.1,51.22,51.24,1636619,0
AGR.US,D,20210621,000000,51.26,52.625,51.26,52.37,928993,0
AGR.US,D,20210622,000000,52.22,52.66,51.96,52.03,622248,0
AGR.US,D,20210623,000000,51.95,52.33,51.08,51.55,555464,0
AGR.US,D,20210624,000000,51.64,51.99,51.37,51.64,444625,0
AGR.US,D,20210625,000000,51.64,52.32,51.51,52.26,440592,0
AGR.US,D,20210628,000000,52.4,52.63,52.17,52.4,270825,0
AGR.US,D,20210629,000000,52.25,52.66,51.61,51.71,503962,0
AGR.US,D,20210630,000000,51.75,52.05,51.27,51.43,357708,0
AGR.US,D,20210701,000000,51.51,51.91,51.29,51.5,452110,0
AGR.US,D,20210702,000000,51.54,51.72,51.13,51.66,358420,0
AGR.US,D,20210706,000000,51.78,51.78,50.52,51.66,393262,0
AGR.US,D,20210707,000000,51.65,52.05,51.42,51.99,271579,0
AGR.US,D,20210708,000000,51.76,52.06,51.5,51.73,379122,0
AGR.US,D,20210709,000000,51.825,52.52,51.82,52.48,384616,0
AGR.US,D,20210712,000000,52.38,52.97,52.04,52.75,488939,0
AGR.US,D,20210713,000000,52.67,53.1,52.525,52.8,369365,0
AGR.US,D,20210714,000000,52.76,53.45,52.34,53.19,400923,0
AGR.US,D,20210715,000000,52.98,53.55,52.97,53.5,258574,0
AGR.US,D,20210716,000000,53.67,54.05,53.43,53.78,349185,0
AGR.US,D,20210719,000000,53.77,53.95,51.91,52.15,384946,0
AGR.US,D,20210720,000000,52.35,53.3,52.13,52.36,802126,0
AGR.US,D,20210721,000000,51.93,52.605,50.81,51.49,998932,0
AGR.US,D,20210722,000000,51.33,51.79,51.12,51.49,550818,0
AGR.US,D,20210723,000000,51.31,51.87,51.28,51.8,295937,0
AGR.US,D,20210726,000000,51.82,51.99,51.415,51.85,369953,0
AGR.US,D,20210727,000000,51.85,52.93,51.57,52.86,405773,0
AGR.US,D,20210728,000000,53,53.095,51.98,52.5,358190,0
AGR.US,D,20210729,000000,52.56,52.66,52.12,52.55,261526,0
AGR.US,D,20210730,000000,52.57,52.84,51.98,52.14,387932,0
AGR.US,D,20210802,000000,52.26,52.88,52.11,52.5,405105,0
AGR.US,D,20210803,000000,52.5,52.91,52.23,52.81,384944,0
AGR.US,D,20210804,000000,52.57,52.81,51.99,52.6,321433,0
AGR.US,D,20210805,000000,52.8,53.085,52.54,52.98,331302,0
AGR.US,D,20210806,000000,52.86,53.47,52.73,52.99,264352,0
AGR.US,D,20210809,000000,53.08,53.7,52.8301,53.56,373584,0
AGR.US,D,20210810,000000,53.59,53.91,53.24,53.75,242026,0
AGR.US,D,20210811,000000,53.87,54.29,53.5516,53.94,270764,0
AGR.US,D,20210812,000000,53.96,54.58,53.93,54.03,339894,0
AGR.US,D,20210813,000000,53.96,54.53,53.96,54.44,176434,0
AGR.US,D,20210816,000000,54.62,54.98,54.36,54.72,254988,0
AGR.US,D,20210817,000000,54.52,55.07,54.43,54.95,242221,0
AGR.US,D,20210818,000000,55.03,55.03,54.56,54.74,283060,0
AGR.US,D,20210819,000000,54.71,55.16,54.55,54.6,308089,0
AGR.US,D,20210820,000000,54.35,55.3,54.07,54.89,366680,0
AGR.US,D,20210823,000000,54.78,54.78,53.62,53.71,346953,0
AGR.US,D,20210824,000000,54.09,54.41,53.77,53.82,415148,0
AGR.US,D,20210825,000000,53.89,54.07,53.56,53.89,319604,0
