<TICKER>,<PER>,<DATE>,<TIME>,<OPEN>,<HIGH>,<LOW>,<CLOSE>,<VOL>,<OPENINT>
BGIO.US,D,20170224,000000,5.5099,5.5269,5.5099,5.5099,3850428,0
BGIO.US,D,20170227,000000,5.5159,5.5492,5.5099,5.5269,391314,0
BGIO.US,D,20170228,000000,5.5492,5.5544,5.5217,5.5217,59497,0
BGIO.US,D,20170301,000000,5.53,5.5492,5.53,5.5326,33232,0
BGIO.US,D,20170302,000000,5.5315,5.5374,5.5159,5.5217,67267,0
BGIO.US,D,20170303,000000,5.5269,5.5763,5.5269,5.5374,100995,0
BGIO.US,D,20170306,000000,5.5356,5.5544,5.5356,5.5497,11774,0
BGIO.US,D,20170307,000000,5.5269,5.5655,5.5269,5.5544,64885,0
BGIO.US,D,20170308,000000,5.5572,5.5597,5.5492,5.5492,33284,0
BGIO.US,D,20170309,000000,5.5269,5.5374,5.5099,5.5099,91655,0
BGIO.US,D,20170310,000000,5.5217,5.5269,5.5099,5.5159,70579,0
BGIO.US,D,20170313,000000,5.5217,5.5428,5.5217,5.5275,25527,0
BGIO.US,D,20170314,000000,5.5492,5.5492,5.5227,5.5326,8312,0
BGIO.US,D,20170315,000000,5.5269,5.5361,5.5099,5.5217,93263,0
BGIO.US,D,20170316,000000,5.531,5.531,5.5217,5.5269,21558,0
BGIO.US,D,20170317,000000,5.5269,5.5326,5.5217,5.5217,8613,0
BGIO.US,D,20170320,000000,5.5326,5.5326,5.5159,5.5217,35750,0
BGIO.US,D,20170321,000000,5.5269,5.5269,5.5099,5.5269,88015,0
BGIO.US,D,20170322,000000,5.5326,5.5433,5.5099,5.5099,92448,0
BGIO.US,D,20170323,000000,5.5099,5.5217,5.5099,5.5159,159914,0
BGIO.US,D,20170324,000000,5.5159,5.5159,5.5099,5.5099,43336,0
BGIO.US,D,20170327,000000,5.5159,5.5269,5.5099,5.5099,51930,0
BGIO.US,D,20170328,000000,5.5099,5.5159,5.5099,5.5099,312881,0
BGIO.US,D,20170329,000000,5.5099,5.5159,5.5099,5.5099,50162,0
BGIO.US,D,20170330,000000,5.5099,5.5374,5.5099,5.5374,48148,0
BGIO.US,D,20170331,000000,5.5326,5.5326,5.5159,5.5159,31307,0
BGIO.US,D,20170403,000000,5.5205,5.5205,5.5099,5.5159,5448,0
BGIO.US,D,20170404,000000,5.5166,5.5269,5.5099,5.5159,97600,0
BGIO.US,D,20170405,000000,5.5217,5.5217,5.5159,5.5159,8674,0
BGIO.US,D,20170406,000000,5.5269,5.5269,5.5217,5.5217,21185,0
BGIO.US,D,20170407,000000,5.5269,5.5399,5.5159,5.5374,47128,0
BGIO.US,D,20170410,000000,5.5269,5.5433,5.5269,5.5433,87119,0
BGIO.US,D,20170411,000000,5.5709,5.5709,5.5492,5.5544,159215,0
BGIO.US,D,20170412,000000,5.5544,5.5603,5.5433,5.5433,59116,0
BGIO.US,D,20170413,000000,5.5433,5.5455,5.5269,5.5269,26438,0
BGIO.US,D,20170417,000000,5.5374,5.5433,5.5326,5.5433,88839,0
BGIO.US,D,20170418,000000,5.551,5.5544,5.5326,5.5539,84309,0
BGIO.US,D,20170419,000000,5.5544,5.5615,5.5326,5.5326,101072,0
BGIO.US,D,20170420,000000,5.5326,5.5577,5.5326,5.5374,88026,0
BGIO.US,D,20170421,000000,5.5374,5.5433,5.5326,5.5433,22935,0
BGIO.US,D,20170424,000000,5.5433,5.5763,5.5269,5.5709,52835,0
BGIO.US,D,20170425,000000,5.5597,5.5655,5.5492,5.5597,161001,0
BGIO.US,D,20170426,000000,5.5544,5.5597,5.5433,5.5544,138440,0
BGIO.US,D,20170427,000000,5.5544,5.5821,5.5514,5.5655,83785,0
BGIO.US,D,20170428,000000,5.5597,5.5709,5.5492,5.559,122466,0
BGIO.US,D,20170501,000000,5.5544,5.5763,5.5544,5.5655,66664,0
BGIO.US,D,20170502,000000,5.5709,5.5709,5.5433,5.5492,65729,0
BGIO.US,D,20170503,000000,5.5492,5.5544,5.5433,5.5521,32036,0
BGIO.US,D,20170504,000000,5.5655,5.5703,5.5433,5.5544,50416,0
BGIO.US,D,20170505,000000,5.5597,5.5709,5.5514,5.5597,27670,0
BGIO.US,D,20170508,000000,5.5722,5.5763,5.5544,5.5597,44230,0
BGIO.US,D,20170509,000000,5.5763,5.5763,5.5433,5.5433,105689,0
BGIO.US,D,20170510,000000,5.5539,5.5703,5.5539,5.5597,42258,0
BGIO.US,D,20170511,000000,5.5984,5.5984,5.5763,5.5879,54923,0
BGIO.US,D,20170512,000000,5.5932,5.6155,5.5821,5.6094,100105,0
BGIO.US,D,20170515,000000,5.5951,5.6043,5.5932,5.5932,74230,0
BGIO.US,D,20170516,000000,5.5821,5.6212,5.5821,5.6094,83272,0
BGIO.US,D,20170517,000000,5.6043,5.6212,5.5984,5.5984,37409,0
BGIO.US,D,20170518,000000,5.6155,5.6212,5.6043,5.6155,17034,0
BGIO.US,D,20170519,000000,5.5984,5.6259,5.5984,5.5984,77610,0
BGIO.US,D,20170522,000000,5.6155,5.6155,5.5597,5.5597,128480,0
BGIO.US,D,20170523,000000,5.5655,5.5821,5.5544,5.5544,239589,0
BGIO.US,D,20170524,000000,5.5709,5.5763,5.5544,5.5632,166616,0
BGIO.US,D,20170525,000000,5.5655,5.5709,5.5492,5.5709,124494,0
BGIO.US,D,20170526,000000,5.5655,5.5879,5.5374,5.5709,283027,0
BGIO.US,D,20170530,000000,5.5709,5.5821,5.5597,5.5763,181283,0
BGIO.US,D,20170531,000000,5.5763,5.5763,5.5433,5.5433,108974,0
BGIO.US,D,20170601,000000,5.5597,5.5763,5.5514,5.5597,72515,0
BGIO.US,D,20170602,000000,5.5709,5.5879,5.5597,5.5655,90313,0
BGIO.US,D,20170605,000000,5.5763,5.5932,5.5374,5.5544,293704,0
BGIO.US,D,20170606,000000,5.5655,5.5763,5.5544,5.5597,104912,0
BGIO.US,D,20170607,000000,5.5709,5.5984,5.5597,5.5932,122097,0
BGIO.US,D,20170608,000000,5.5932,5.6094,5.5763,5.6094,100360,0
BGIO.US,D,20170609,000000,5.6094,5.6094,5.6011,5.6094,36036,0
BGIO.US,D,20170612,000000,5.6043,5.6043,5.5655,5.5821,73429,0
BGIO.US,D,20170613,000000,5.6043,5.6043,5.5763,5.5879,95132,0
BGIO.US,D,20170614,000000,5.5984,5.6155,5.5932,5.6155,35801,0
BGIO.US,D,20170615,000000,5.6155,5.6212,5.5879,5.5932,16007,0
BGIO.US,D,20170616,000000,5.6094,5.6094,5.5879,5.5879,67089,0
BGIO.US,D,20170619,000000,5.6072,5.6094,5.5821,5.5932,97511,0
BGIO.US,D,20170620,000000,5.6061,5.6061,5.5821,5.5932,111443,0
BGIO.US,D,20170621,000000,5.6066,5.6088,5.5879,5.5879,108091,0
BGIO.US,D,20170622,000000,5.5984,5.6043,5.5932,5.5932,68192,0
BGIO.US,D,20170623,000000,5.5978,5.6043,5.5879,5.5879,40614,0
BGIO.US,D,20170626,000000,5.5932,5.6043,5.5879,5.5879,65108,0
BGIO.US,D,20170627,000000,5.6094,5.6448,5.5999,5.6212,120954,0
BGIO.US,D,20170628,000000,5.6094,5.639,5.6047,5.6329,100196,0
BGIO.US,D,20170629,000000,5.6199,5.639,5.5984,5.6273,37930,0
BGIO.US,D,20170630,000000,5.639,5.639,5.6155,5.6155,35117,0
BGIO.US,D,20170703,000000,5.6212,5.639,5.6043,5.6094,32341,0
BGIO.US,D,20170705,000000,5.639,5.639,5.6094,5.639,65239,0
BGIO.US,D,20170706,000000,5.6448,5.6448,5.6212,5.6212,136442,0
BGIO.US,D,20170707,000000,5.6212,5.6497,5.6212,5.6497,84448,0
BGIO.US,D,20170710,000000,5.6329,5.7051,5.6329,5.7051,127238,0
BGIO.US,D,20170711,000000,5.6782,5.6782,5.6329,5.6497,92896,0
BGIO.US,D,20170712,000000,5.6556,5.6992,5.6556,5.6615,66948,0
BGIO.US,D,20170713,000000,5.6782,5.6939,5.6699,5.6939,55358,0
BGIO.US,D,20170714,000000,5.7051,5.7051,5.6782,5.6879,116457,0
BGIO.US,D,20170717,000000,5.6789,5.6879,5.6692,5.6782,49884,0
BGIO.US,D,20170718,000000,5.683,5.683,5.6669,5.6782,75779,0
BGIO.US,D,20170719,000000,5.6765,5.7227,5.6669,5.6782,120751,0
BGIO.US,D,20170720,000000,5.6669,5.682,5.6556,5.6724,64236,0
BGIO.US,D,20170721,000000,5.6705,5.6724,5.6329,5.6669,81671,0
BGIO.US,D,20170724,000000,5.6497,5.6669,5.6497,5.6669,38856,0
BGIO.US,D,20170725,000000,5.6556,5.6623,5.6212,5.6556,63151,0
BGIO.US,D,20170726,000000,5.6615,5.6724,5.6497,5.6615,67367,0
BGIO.US,D,20170727,000000,5.6669,5.6782,5.6497,5.6497,50735,0
BGIO.US,D,20170728,000000,5.6699,5.6782,5.6448,5.6497,52715,0
BGIO.US,D,20170731,000000,5.6724,5.7114,5.6448,5.6724,121605,0
BGIO.US,D,20170801,000000,5.6814,5.6939,5.6669,5.683,14731,0
BGIO.US,D,20170802,000000,5.6987,5.7114,5.683,5.7114,59107,0
BGIO.US,D,20170803,000000,5.7131,5.7339,5.7114,5.7339,42261,0
BGIO.US,D,20170804,000000,5.7264,5.7506,5.6992,5.6992,47515,0
BGIO.US,D,20170807,000000,5.6939,6.0253,5.6879,5.7165,139087,0
BGIO.US,D,20170808,000000,5.7252,5.7276,5.6976,5.6976,37785,0
BGIO.US,D,20170809,000000,5.6992,5.7123,5.6497,5.6497,164774,0
BGIO.US,D,20170810,000000,5.6615,5.6712,5.6329,5.6556,87875,0
BGIO.US,D,20170811,000000,5.6782,5.7344,5.6782,5.7114,70027,0
BGIO.US,D,20170814,000000,5.7344,5.7453,5.7051,5.7283,36549,0
BGIO.US,D,20170815,000000,5.6992,5.7234,5.6615,5.6724,136292,0
BGIO.US,D,20170816,000000,5.6669,5.6879,5.6556,5.6669,72449,0
BGIO.US,D,20170817,000000,5.6615,5.6782,5.6497,5.6497,36466,0
BGIO.US,D,20170818,000000,5.6497,5.6615,5.6448,5.6556,99554,0
BGIO.US,D,20170821,000000,5.6596,5.6724,5.6448,5.6497,43594,0
BGIO.US,D,20170822,000000,5.6596,5.6992,5.6497,5.6992,97350,0
BGIO.US,D,20170823,000000,5.6879,5.7172,5.6724,5.6879,35079,0
BGIO.US,D,20170824,000000,5.7172,5.7234,5.6782,5.683,39722,0
BGIO.US,D,20170825,000000,5.6844,5.6844,5.6497,5.6615,102300,0
BGIO.US,D,20170828,000000,5.6615,5.6782,5.6497,5.6615,151664,0
BGIO.US,D,20170829,000000,5.6497,5.6782,5.639,5.639,193767,0
BGIO.US,D,20170830,000000,5.639,5.6615,5.6212,5.6329,172708,0
BGIO.US,D,20170831,000000,5.6497,5.6497,5.6273,5.639,124104,0
BGIO.US,D,20170901,000000,5.6373,5.6497,5.6273,5.6329,114635,0
BGIO.US,D,20170905,000000,5.6448,5.6724,5.639,5.639,80247,0
BGIO.US,D,20170906,000000,5.6556,5.6615,5.6273,5.6615,87765,0
BGIO.US,D,20170907,000000,5.6615,5.6669,5.639,5.6556,71111,0
BGIO.US,D,20170908,000000,5.6782,5.7283,5.6329,5.639,103002,0
BGIO.US,D,20170911,000000,5.6615,5.6724,5.639,5.6615,67504,0
BGIO.US,D,20170912,000000,5.6448,5.6556,5.639,5.6497,58041,0
BGIO.US,D,20170913,000000,5.6556,5.7022,5.6556,5.6669,74287,0
BGIO.US,D,20170914,000000,5.7114,5.7114,5.6782,5.683,61336,0
BGIO.US,D,20170915,000000,5.6992,5.7051,5.6902,5.6992,34745,0
BGIO.US,D,20170918,000000,5.6992,5.7076,5.6669,5.6724,40726,0
BGIO.US,D,20170919,000000,5.6782,5.7027,5.6615,5.6992,82223,0
BGIO.US,D,20170920,000000,5.6782,5.7289,5.6782,5.683,86054,0
BGIO.US,D,20170921,000000,5.6879,5.7051,5.6724,5.6724,80616,0
BGIO.US,D,20170922,000000,5.6782,5.6879,5.6669,5.6669,45372,0
BGIO.US,D,20170925,000000,5.6669,5.683,5.6669,5.6669,59587,0
BGIO.US,D,20170926,000000,5.7051,5.7051,5.6615,5.6615,113568,0
BGIO.US,D,20170927,000000,5.6669,5.6939,5.6615,5.6615,68241,0
BGIO.US,D,20170928,000000,5.6782,5.683,5.6615,5.6615,63350,0
BGIO.US,D,20170929,000000,5.6939,5.7051,5.673,5.7051,62408,0
BGIO.US,D,20171002,000000,5.7114,5.7114,5.6879,5.6939,77076,0
BGIO.US,D,20171003,000000,5.683,5.7289,5.683,5.7289,62449,0
BGIO.US,D,20171004,000000,5.6992,5.7626,5.6992,5.7459,38536,0
BGIO.US,D,20171005,000000,5.7626,5.7861,5.7172,5.7351,99441,0
BGIO.US,D,20171006,000000,5.7861,5.7917,5.7114,5.7351,96716,0
BGIO.US,D,20171009,000000,5.7518,5.7518,5.7227,5.7402,29772,0
BGIO.US,D,20171010,000000,5.7459,5.7802,5.7114,5.7289,76038,0
BGIO.US,D,20171011,000000,5.758,5.758,5.7051,5.7234,69916,0
BGIO.US,D,20171012,000000,5.7351,5.7351,5.7051,5.7289,86608,0
BGIO.US,D,20171013,000000,5.758,5.7802,5.7289,5.7802,62437,0
BGIO.US,D,20171016,000000,5.7459,5.8132,5.7446,5.7686,55207,0
BGIO.US,D,20171017,000000,5.7925,5.8132,5.7686,5.7925,129642,0
BGIO.US,D,20171018,000000,5.8016,5.8016,5.7351,5.758,65186,0
BGIO.US,D,20171019,000000,5.7529,5.758,5.7172,5.7172,70178,0
BGIO.US,D,20171020,000000,5.7114,5.7459,5.7051,5.7289,160084,0
BGIO.US,D,20171023,000000,5.7351,5.8049,5.7351,5.7925,71082,0
BGIO.US,D,20171024,000000,5.8078,5.8078,5.7459,5.7518,120258,0
BGIO.US,D,20171025,000000,5.7686,5.7686,5.6992,5.7051,140830,0
BGIO.US,D,20171026,000000,5.7051,5.7051,5.6443,5.6609,290957,0
BGIO.US,D,20171027,000000,5.6664,5.682,5.655,5.6609,97049,0
BGIO.US,D,20171030,000000,5.655,5.6687,5.649,5.649,65181,0
BGIO.US,D,20171031,000000,5.649,5.6879,5.6484,5.6879,94913,0
BGIO.US,D,20171101,000000,5.683,5.7172,5.6664,5.7172,163583,0
BGIO.US,D,20171102,000000,5.6939,5.7172,5.683,5.7114,48154,0
BGIO.US,D,20171103,000000,5.7114,5.7295,5.683,5.7234,58704,0
BGIO.US,D,20171106,000000,5.7051,5.7686,5.7051,5.7686,45845,0
BGIO.US,D,20171107,000000,5.7686,5.7686,5.6782,5.683,162378,0
BGIO.US,D,20171108,000000,5.7172,5.7172,5.6206,5.649,201601,0
BGIO.US,D,20171109,000000,5.6426,5.6609,5.6206,5.655,166888,0
BGIO.US,D,20171110,000000,5.6724,5.7114,5.6415,5.6664,150516,0
BGIO.US,D,20171113,000000,5.6609,5.6609,5.574,5.6088,231706,0
BGIO.US,D,20171114,000000,5.6149,5.6189,5.5692,5.5692,163196,0
BGIO.US,D,20171115,000000,5.574,5.5915,5.5178,5.5514,242732,0
BGIO.US,D,20171116,000000,5.5692,5.6206,5.5514,5.5632,280533,0
BGIO.US,D,20171117,000000,5.5632,5.6149,5.5118,5.535,294795,0
BGIO.US,D,20171120,000000,5.5399,5.5455,5.391,5.4769,281781,0
BGIO.US,D,20171121,000000,5.4828,5.5178,5.4255,5.4885,205459,0
BGIO.US,D,20171122,000000,5.4943,5.5178,5.4255,5.4427,277550,0
BGIO.US,D,20171124,000000,5.4541,5.4769,5.4196,5.4598,147831,0
BGIO.US,D,20171127,000000,5.4828,5.535,5.4484,5.5294,182980,0
BGIO.US,D,20171128,000000,5.535,5.5632,5.4943,5.5572,163788,0
BGIO.US,D,20171129,000000,5.5632,5.5692,5.4828,5.5572,156868,0
BGIO.US,D,20171130,000000,5.5294,5.5692,5.5058,5.5399,133167,0
BGIO.US,D,20171201,000000,5.5118,5.6443,5.5118,5.6149,90254,0
BGIO.US,D,20171204,000000,5.5974,5.6609,5.4769,5.4828,211080,0
BGIO.US,D,20171205,000000,5.4828,5.5514,5.4828,5.5294,84677,0
BGIO.US,D,20171206,000000,5.535,5.5915,5.5294,5.5505,166865,0
BGIO.US,D,20171207,000000,5.5632,5.6088,5.5251,5.5915,89648,0
BGIO.US,D,20171208,000000,5.6032,5.6945,5.5798,5.5915,143816,0
BGIO.US,D,20171211,000000,5.6088,5.6615,5.5172,5.5227,215394,0
BGIO.US,D,20171212,000000,5.5455,5.5632,5.5083,5.5112,167615,0
BGIO.US,D,20171213,000000,5.5227,5.6383,5.4994,5.574,189342,0
BGIO.US,D,20171214,000000,5.5455,5.5921,5.5054,5.5054,335563,0
BGIO.US,D,20171215,000000,5.5227,5.5632,5.5172,5.5227,98174,0
BGIO.US,D,20171218,000000,5.5172,5.5632,5.5054,5.5054,118489,0
BGIO.US,D,20171219,000000,5.488,5.5288,5.4822,5.5054,426508,0
BGIO.US,D,20171220,000000,5.5222,5.5343,5.4994,5.5343,213553,0
BGIO.US,D,20171221,000000,5.5112,5.5549,5.5112,5.5455,255862,0
BGIO.US,D,20171222,000000,5.5227,5.5915,5.5227,5.5856,213796,0
BGIO.US,D,20171226,000000,5.6149,5.7763,5.6032,5.7003,174078,0
BGIO.US,D,20171227,000000,5.7185,5.7295,5.5798,5.6149,73652,0
BGIO.US,D,20171228,000000,5.6379,5.6609,5.5798,5.6609,290005,0
BGIO.US,D,20171229,000000,5.6884,5.6998,5.5626,5.655,461805,0
BGIO.US,D,20180102,000000,5.6025,5.7058,5.5962,5.655,163058,0
BGIO.US,D,20180103,000000,5.6317,5.6789,5.6317,5.6789,110322,0
BGIO.US,D,20180104,000000,5.673,5.673,5.649,5.655,27744,0
BGIO.US,D,20180105,000000,5.6789,5.7058,5.658,5.673,59297,0
BGIO.US,D,20180108,000000,5.6609,5.7179,5.6609,5.6998,154865,0
BGIO.US,D,20180109,000000,5.7358,5.7358,5.6515,5.6789,118927,0
BGIO.US,D,20180110,000000,5.7058,5.7058,5.6636,5.6838,177488,0
BGIO.US,D,20180111,000000,5.7058,5.7058,5.6083,5.655,138392,0
BGIO.US,D,20180112,000000,5.6669,5.6669,5.6259,5.6669,108155,0
BGIO.US,D,20180116,000000,5.6789,5.712,5.655,5.6945,72141,0
BGIO.US,D,20180117,000000,5.6609,5.712,5.6609,5.6945,83334,0
BGIO.US,D,20180118,000000,5.7179,5.7179,5.673,5.673,95299,0
BGIO.US,D,20180119,000000,5.6436,5.712,5.6436,5.673,87405,0
BGIO.US,D,20180122,000000,5.655,5.7147,5.655,5.6945,71245,0
BGIO.US,D,20180123,000000,5.6998,5.712,5.673,5.673,58357,0
BGIO.US,D,20180124,000000,5.6789,5.6956,5.6699,5.6884,131360,0
BGIO.US,D,20180125,000000,5.7179,5.7179,5.6669,5.6799,34658,0
BGIO.US,D,20180126,000000,5.6856,5.6939,5.6669,5.673,49149,0
BGIO.US,D,20180129,000000,5.5791,5.6692,5.5791,5.6436,282737,0
BGIO.US,D,20180130,000000,5.6005,5.655,5.5565,5.5683,142275,0
BGIO.US,D,20180131,000000,5.649,5.712,5.5969,5.712,137900,0
BGIO.US,D,20180201,000000,5.7058,5.7295,5.6641,5.7058,137296,0
BGIO.US,D,20180202,000000,5.6945,5.6998,5.551,5.551,208506,0
BGIO.US,D,20180205,000000,5.551,5.5846,5.4644,5.4702,85172,0
BGIO.US,D,20180206,000000,5.4644,5.6199,5.4411,5.6199,370876,0
BGIO.US,D,20180207,000000,5.5282,5.5791,5.5166,5.5735,180172,0
BGIO.US,D,20180208,000000,5.5851,5.7058,5.551,5.6143,97300,0
BGIO.US,D,20180209,000000,5.6259,5.6259,5.5048,5.5048,102843,0
BGIO.US,D,20180212,000000,5.5107,5.5909,5.5107,5.5735,47420,0
BGIO.US,D,20180213,000000,5.5903,5.6083,5.5391,5.5909,103550,0
BGIO.US,D,20180214,000000,5.5909,5.6199,5.5851,5.6083,104327,0
BGIO.US,D,20180215,000000,5.6143,5.6143,5.5245,5.5448,130975,0
BGIO.US,D,20180216,000000,5.5735,5.5969,5.5626,5.5969,38190,0
BGIO.US,D,20180220,000000,5.5735,5.5791,5.5159,5.5626,94756,0
BGIO.US,D,20180221,000000,5.5969,5.5969,5.5102,5.5275,173420,0
BGIO.US,D,20180222,000000,5.5626,5.5626,5.551,5.551,40965,0
BGIO.US,D,20180223,000000,5.5583,5.5683,5.5448,5.5565,49449,0
BGIO.US,D,20180226,000000,5.5275,5.5969,5.5159,5.5391,225122,0
BGIO.US,D,20180227,000000,5.5735,5.5735,5.5102,5.5217,86715,0
BGIO.US,D,20180228,000000,5.5217,5.5621,5.4809,5.5102,166221,0
BGIO.US,D,20180301,000000,5.5159,5.5391,5.5102,5.5332,52084,0
BGIO.US,D,20180302,000000,5.5391,5.5391,5.4926,5.5102,42633,0
BGIO.US,D,20180305,000000,5.5275,5.5391,5.5102,5.5275,87500,0
BGIO.US,D,20180306,000000,5.5391,5.5391,5.5102,5.5339,47828,0
BGIO.US,D,20180307,000000,5.5217,5.5565,5.5217,5.551,35388,0
BGIO.US,D,20180308,000000,5.5217,5.5626,5.5159,5.5275,144089,0
BGIO.US,D,20180309,000000,5.5391,5.5448,5.5159,5.5217,27465,0
BGIO.US,D,20180312,000000,5.5332,5.5332,5.487,5.5042,89700,0
BGIO.US,D,20180313,000000,5.5217,5.5332,5.5042,5.5159,120179,0
BGIO.US,D,20180314,000000,5.5448,5.556,5.5159,5.5392,111891,0
BGIO.US,D,20180315,000000,5.5798,5.5798,5.5392,5.5392,62945,0
BGIO.US,D,20180316,000000,5.5626,5.5786,5.5565,5.5683,103249,0
BGIO.US,D,20180319,000000,5.5448,5.5856,5.5392,5.574,95769,0
BGIO.US,D,20180320,000000,5.5915,5.5915,5.5101,5.5448,136828,0
BGIO.US,D,20180321,000000,5.551,5.551,5.4925,5.5275,89685,0
BGIO.US,D,20180322,000000,5.5223,5.5242,5.4399,5.4458,106205,0
BGIO.US,D,20180323,000000,5.4458,5.4751,5.4228,5.4751,85696,0
BGIO.US,D,20180326,000000,5.4751,5.4751,5.4167,5.4227,124773,0
BGIO.US,D,20180327,000000,5.4399,5.4517,5.411,5.4227,82640,0
BGIO.US,D,20180328,000000,5.4458,5.4458,5.405,5.4283,132383,0
BGIO.US,D,20180329,000000,5.4517,5.5392,5.4399,5.5333,209345,0
BGIO.US,D,20180402,000000,5.4983,5.5448,5.4983,5.5392,144701,0
BGIO.US,D,20180403,000000,5.5565,5.5565,5.5101,5.5448,94464,0
BGIO.US,D,20180404,000000,5.551,5.5683,5.4809,5.551,102232,0
BGIO.US,D,20180405,000000,5.5565,5.5626,5.5333,5.5392,51740,0
BGIO.US,D,20180406,000000,5.5565,5.5626,5.5519,5.5626,43849,0
BGIO.US,D,20180409,000000,5.5392,5.5683,5.5333,5.5565,89438,0
BGIO.US,D,20180410,000000,5.5392,5.5626,5.5333,5.5448,32695,0
BGIO.US,D,20180411,000000,5.5101,5.5683,5.4983,5.5565,50514,0
BGIO.US,D,20180412,000000,5.5392,5.5856,5.5159,5.5159,54192,0
BGIO.US,D,20180413,000000,5.551,5.5861,5.5276,5.5276,17121,0
BGIO.US,D,20180416,000000,5.5218,5.5921,5.5218,5.5394,49536,0
BGIO.US,D,20180417,000000,5.5394,5.551,5.51,5.5218,68640,0
BGIO.US,D,20180418,000000,5.5394,5.5629,5.5218,5.551,67997,0
BGIO.US,D,20180419,000000,5.5745,5.5745,5.551,5.5629,37935,0
BGIO.US,D,20180420,000000,5.5686,5.5686,5.5394,5.5394,31761,0
BGIO.US,D,20180423,000000,5.5629,5.5629,5.5334,5.5394,42040,0
BGIO.US,D,20180424,000000,5.5394,5.5394,5.4808,5.4866,88174,0
BGIO.US,D,20180425,000000,5.4866,5.5159,5.4808,5.4982,169140,0
BGIO.US,D,20180426,000000,5.5159,5.5438,5.504,5.5159,72347,0
BGIO.US,D,20180427,000000,5.5745,5.5745,5.5159,5.5218,39625,0
BGIO.US,D,20180430,000000,5.5686,5.5978,5.5451,5.5629,99862,0
BGIO.US,D,20180501,000000,5.5745,5.5745,5.4924,5.5159,87090,0
BGIO.US,D,20180502,000000,5.5276,5.5568,5.4982,5.5159,68277,0
BGIO.US,D,20180503,000000,5.5334,5.5334,5.4567,5.4866,186577,0
BGIO.US,D,20180504,000000,5.504,5.504,5.4514,5.4514,227656,0
BGIO.US,D,20180507,000000,5.4689,5.475,5.4514,5.4689,87835,0
BGIO.US,D,20180508,000000,5.4866,5.4866,5.4278,5.4339,70300,0
BGIO.US,D,20180509,000000,5.4514,5.4515,5.4339,5.4396,59948,0
BGIO.US,D,20180510,000000,5.4396,5.4514,5.3927,5.4043,207591,0
BGIO.US,D,20180511,000000,5.4339,5.4396,5.419,5.4278,90115,0
BGIO.US,D,20180514,000000,5.4278,5.4633,5.4278,5.4516,96826,0
BGIO.US,D,20180515,000000,5.4457,5.46,5.4278,5.4278,87463,0
BGIO.US,D,20180516,000000,5.4396,5.4457,5.4221,5.4457,122476,0
BGIO.US,D,20180517,000000,5.4457,5.4463,5.4161,5.4221,87824,0
BGIO.US,D,20180518,000000,5.434,5.4457,5.4278,5.434,48842,0
BGIO.US,D,20180521,000000,5.4457,5.4516,5.4221,5.4516,73902,0
BGIO.US,D,20180522,000000,5.4516,5.4751,5.4278,5.4278,89229,0
BGIO.US,D,20180523,000000,5.4516,5.4692,5.3867,5.4396,108358,0
BGIO.US,D,20180524,000000,5.417,5.434,5.3927,5.4161,88814,0
BGIO.US,D,20180525,000000,5.4221,5.4457,5.4221,5.4221,46471,0
BGIO.US,D,20180529,000000,5.4457,5.4457,5.4128,5.4221,47123,0
BGIO.US,D,20180530,000000,5.4457,5.4457,5.4278,5.4457,51298,0
BGIO.US,D,20180531,000000,5.4692,5.4692,5.4042,5.4102,122092,0
BGIO.US,D,20180601,000000,5.4221,5.4633,5.4102,5.4574,44727,0
BGIO.US,D,20180604,000000,5.4633,5.4633,5.3927,5.4102,99379,0
BGIO.US,D,20180605,000000,5.434,5.434,5.3809,5.3867,115167,0
BGIO.US,D,20180606,000000,5.4102,5.4161,5.369,5.3809,155027,0
BGIO.US,D,20180607,000000,5.4042,5.4042,5.3631,5.369,69453,0
BGIO.US,D,20180608,000000,5.3927,5.3927,5.3748,5.3748,53759,0
BGIO.US,D,20180611,000000,5.4042,5.4042,5.3453,5.369,139848,0
BGIO.US,D,20180612,000000,5.3453,5.3631,5.3334,5.3513,201924,0
BGIO.US,D,20180613,000000,5.3453,5.3748,5.31,5.3161,380147,0
BGIO.US,D,20180614,000000,5.3633,5.3633,5.328,5.328,136333,0
BGIO.US,D,20180615,000000,5.3633,5.3633,5.328,5.3398,35883,0
BGIO.US,D,20180618,000000,5.3342,5.3469,5.328,5.3398,63150,0
BGIO.US,D,20180619,000000,5.328,5.3574,5.2745,5.3335,212808,0
BGIO.US,D,20180620,000000,5.3335,5.3335,5.3041,5.3161,115099,0
BGIO.US,D,20180621,000000,5.328,5.3335,5.3161,5.3216,46393,0
BGIO.US,D,20180622,000000,5.3269,5.3299,5.298,5.298,139930,0
BGIO.US,D,20180625,000000,5.3335,5.3335,5.2863,5.2863,74168,0
BGIO.US,D,20180626,000000,5.3099,5.3216,5.2922,5.3041,103207,0
BGIO.US,D,20180627,000000,5.328,5.328,5.3005,5.3216,83038,0
BGIO.US,D,20180628,000000,5.3148,5.3216,5.2805,5.2805,159252,0
BGIO.US,D,20180629,000000,5.328,5.328,5.2627,5.3041,116885,0
BGIO.US,D,20180702,000000,5.3099,5.3099,5.2745,5.2745,52453,0
BGIO.US,D,20180703,000000,5.298,5.298,5.2692,5.2745,25824,0
BGIO.US,D,20180705,000000,5.2922,5.2922,5.2687,5.2805,37724,0
BGIO.US,D,20180706,000000,5.3041,5.328,5.2922,5.3155,115023,0
BGIO.US,D,20180709,000000,5.3161,5.328,5.2923,5.3161,120017,0
BGIO.US,D,20180710,000000,5.3041,5.324,5.298,5.298,104887,0
BGIO.US,D,20180711,000000,5.3099,5.3161,5.2922,5.2922,37791,0
BGIO.US,D,20180712,000000,5.3196,5.3398,5.3041,5.3161,76205,0
BGIO.US,D,20180713,000000,5.3337,5.3457,5.3237,5.3399,64787,0
BGIO.US,D,20180716,000000,5.3457,5.3457,5.3216,5.3216,45098,0
BGIO.US,D,20180717,000000,5.3457,5.3457,5.3161,5.3161,109129,0
BGIO.US,D,20180718,000000,5.3399,5.3457,5.3099,5.3099,103925,0
BGIO.US,D,20180719,000000,5.3399,5.3399,5.298,5.298,290440,0
BGIO.US,D,20180720,000000,5.3216,5.3269,5.3099,5.3216,43600,0
BGIO.US,D,20180723,000000,5.3281,5.3337,5.3161,5.3216,107983,0
BGIO.US,D,20180724,000000,5.3337,5.3457,5.3281,5.3457,61481,0
BGIO.US,D,20180725,000000,5.3216,5.3636,5.3216,5.3399,96501,0
BGIO.US,D,20180726,000000,5.3636,5.3636,5.3399,5.3636,35510,0
BGIO.US,D,20180727,000000,5.3636,5.3636,5.3216,5.3216,62046,0
BGIO.US,D,20180730,000000,5.3337,5.3457,5.3237,5.3281,68618,0
BGIO.US,D,20180731,000000,5.3457,5.3696,5.3303,5.3457,115157,0
BGIO.US,D,20180801,000000,5.3576,5.3696,5.3399,5.3636,83977,0
BGIO.US,D,20180802,000000,5.3696,5.3696,5.3399,5.3636,78978,0
BGIO.US,D,20180803,000000,5.3696,5.3935,5.3457,5.3816,56305,0
BGIO.US,D,20180806,000000,5.3816,5.4291,5.3816,5.4173,136080,0
BGIO.US,D,20180807,000000,5.4472,5.4472,5.4114,5.4114,169844,0
BGIO.US,D,20180808,000000,5.4353,5.4353,5.4114,5.4114,72773,0
BGIO.US,D,20180809,000000,5.441,5.471,5.4173,5.453,165503,0
BGIO.US,D,20180810,000000,5.4551,5.4551,5.3636,5.3755,85344,0
BGIO.US,D,20180813,000000,5.4173,5.4173,5.3518,5.3696,136766,0
BGIO.US,D,20180814,000000,5.3875,5.4116,5.3635,5.3656,157028,0
BGIO.US,D,20180815,000000,5.3696,5.3724,5.3038,5.3096,202253,0
BGIO.US,D,20180816,000000,5.3279,5.3456,5.3158,5.3215,264109,0
BGIO.US,D,20180817,000000,5.3215,5.3321,5.3096,5.3158,123502,0
BGIO.US,D,20180820,000000,5.3335,5.3335,5.3096,5.3158,113010,0
BGIO.US,D,20180821,000000,5.3516,5.3516,5.2857,5.3158,244982,0
BGIO.US,D,20180822,000000,5.3215,5.3279,5.2736,5.3215,350747,0
BGIO.US,D,20180823,000000,5.3215,5.3456,5.2857,5.3456,250870,0
BGIO.US,D,20180824,000000,5.3516,5.3635,5.3215,5.3635,195780,0
BGIO.US,D,20180827,000000,5.3696,5.3696,5.3279,5.3576,339548,0
BGIO.US,D,20180828,000000,5.3576,5.3635,5.3335,5.3576,158763,0
BGIO.US,D,20180829,000000,5.3398,5.3635,5.3279,5.3576,188385,0
BGIO.US,D,20180830,000000,5.3516,5.3696,5.3279,5.3696,166055,0
BGIO.US,D,20180831,000000,5.3756,5.3756,5.3516,5.3576,144548,0
BGIO.US,D,20180904,000000,5.3635,5.3635,5.3456,5.3635,66892,0
BGIO.US,D,20180905,000000,5.3696,5.3936,5.3576,5.3576,148907,0
BGIO.US,D,20180906,000000,5.3576,5.3875,5.3576,5.3635,64505,0
BGIO.US,D,20180907,000000,5.3875,5.3875,5.3398,5.3576,149154,0
BGIO.US,D,20180910,000000,5.3456,5.3576,5.3335,5.3456,95121,0
BGIO.US,D,20180911,000000,5.3756,5.3756,5.3335,5.3516,100400,0
BGIO.US,D,20180912,000000,5.3756,5.3756,5.3279,5.3456,102567,0
BGIO.US,D,20180913,000000,5.3517,5.3819,5.3517,5.3758,77571,0
BGIO.US,D,20180914,000000,5.3758,5.3872,5.3577,5.3637,170707,0
BGIO.US,D,20180917,000000,5.3644,5.3936,5.3517,5.3517,110152,0
BGIO.US,D,20180918,000000,5.3517,5.3698,5.3517,5.3698,51733,0
BGIO.US,D,20180919,000000,5.363,5.3698,5.3517,5.3637,89206,0
BGIO.US,D,20180920,000000,5.3334,5.3819,5.3334,5.3517,35907,0
BGIO.US,D,20180921,000000,5.3517,5.3758,5.3397,5.3397,105219,0
BGIO.US,D,20180924,000000,5.3517,5.3734,5.3456,5.3517,75154,0
BGIO.US,D,20180925,000000,5.3637,5.3819,5.3456,5.3456,59838,0
BGIO.US,D,20180926,000000,5.3819,5.3878,5.3698,5.3878,148615,0
BGIO.US,D,20180927,000000,5.3838,5.3939,5.3637,5.3637,81025,0
BGIO.US,D,20180928,000000,5.3939,5.3939,5.3672,5.3939,197994,0
BGIO.US,D,20181001,000000,5.3758,5.3869,5.3637,5.3698,112683,0
BGIO.US,D,20181002,000000,5.3637,5.3939,5.3637,5.3637,85054,0
BGIO.US,D,20181003,000000,5.3878,5.3939,5.3334,5.3334,78370,0
BGIO.US,D,20181004,000000,5.3517,5.3698,5.2973,5.2973,98182,0
BGIO.US,D,20181005,000000,5.3819,5.3819,5.2915,5.3035,365899,0
BGIO.US,D,20181008,000000,5.3517,5.3517,5.2732,5.2732,112481,0
BGIO.US,D,20181009,000000,5.2732,5.3035,5.2614,5.3035,112439,0
BGIO.US,D,20181010,000000,5.3035,5.3035,5.2614,5.2674,134037,0
BGIO.US,D,20181011,000000,5.2973,5.2973,5.2614,5.2614,202407,0
BGIO.US,D,20181012,000000,5.2917,5.3362,5.2433,5.3038,118844,0
BGIO.US,D,20181015,000000,5.2675,5.2733,5.2554,5.2614,26768,0
BGIO.US,D,20181016,000000,5.2554,5.2733,5.237,5.2733,216660,0
BGIO.US,D,20181017,000000,5.2758,5.2855,5.237,5.2675,89159,0
BGIO.US,D,20181018,000000,5.2675,5.2796,5.2605,5.2796,90732,0
BGIO.US,D,20181019,000000,5.2796,5.2832,5.2433,5.2486,77258,0
BGIO.US,D,20181022,000000,5.2493,5.2855,5.2433,5.2855,113780,0
BGIO.US,D,20181023,000000,5.2853,5.2969,5.2493,5.2733,88707,0
BGIO.US,D,20181024,000000,5.2733,5.2796,5.2433,5.2733,103945,0
BGIO.US,D,20181025,000000,5.2732,5.3097,5.2433,5.2493,80859,0
BGIO.US,D,20181026,000000,5.2493,5.2554,5.231,5.237,103003,0
BGIO.US,D,20181029,000000,5.2433,5.2493,5.2248,5.2493,137414,0
BGIO.US,D,20181030,000000,5.2248,5.237,5.1947,5.2248,107713,0
BGIO.US,D,20181031,000000,5.2614,5.2614,5.1885,5.1885,105016,0
BGIO.US,D,20181101,000000,5.1764,5.237,5.1764,5.2248,26834,0
BGIO.US,D,20181102,000000,5.2554,5.2675,5.2493,5.2675,53885,0
BGIO.US,D,20181105,000000,5.2917,5.2917,5.231,5.237,153067,0
BGIO.US,D,20181106,000000,5.2005,5.2554,5.2005,5.2554,94522,0
BGIO.US,D,20181107,000000,5.2675,5.2975,5.2493,5.2975,65787,0
BGIO.US,D,20181108,000000,5.2733,5.3088,5.2733,5.3038,91848,0
BGIO.US,D,20181109,000000,5.2975,5.3097,5.2733,5.2733,43749,0
BGIO.US,D,20181112,000000,5.2734,5.2815,5.2433,5.2433,77165,0
BGIO.US,D,20181113,000000,5.2449,5.2606,5.2248,5.2248,106855,0
BGIO.US,D,20181114,000000,5.237,5.2921,5.2248,5.2557,89431,0
BGIO.US,D,20181115,000000,5.2557,5.2736,5.2434,5.2501,30630,0
BGIO.US,D,20181116,000000,5.2189,5.2312,5.1933,5.2067,106439,0
BGIO.US,D,20181119,000000,5.2005,5.2248,5.1578,5.1823,138643,0
BGIO.US,D,20181120,000000,5.1711,5.1823,5.1334,5.152,152306,0
BGIO.US,D,20181121,000000,5.152,5.152,5.1213,5.152,119577,0
BGIO.US,D,20181123,000000,5.1396,5.1762,5.1334,5.1762,29206,0
BGIO.US,D,20181126,000000,5.1823,5.1883,5.1578,5.1883,137635,0
BGIO.US,D,20181127,000000,5.1883,5.1883,5.152,5.1699,97235,0
BGIO.US,D,20181128,000000,5.1699,5.1945,5.152,5.1883,229536,0
BGIO.US,D,20181129,000000,5.1762,5.1945,5.1641,5.1945,163004,0
BGIO.US,D,20181130,000000,5.2248,5.237,5.1762,5.2127,110204,0
BGIO.US,D,20181203,000000,5.2068,5.2305,5.1945,5.2127,173567,0
BGIO.US,D,20181204,000000,5.2189,5.2248,5.1762,5.1883,217597,0
BGIO.US,D,20181206,000000,5.1699,5.2127,5.1699,5.1883,145156,0
BGIO.US,D,20181207,000000,5.2248,5.237,5.1823,5.2127,147540,0
BGIO.US,D,20181210,000000,5.2068,5.2736,5.1699,5.1699,220760,0
BGIO.US,D,20181211,000000,5.1823,5.2678,5.1697,5.1945,66376,0
BGIO.US,D,20181212,000000,5.1945,5.2248,5.1575,5.1639,313691,0
BGIO.US,D,20181213,000000,5.1823,5.1823,5.1483,5.1761,120835,0
BGIO.US,D,20181214,000000,5.1761,5.1925,5.127,5.1452,159251,0
BGIO.US,D,20181217,000000,5.1452,5.1452,5.0457,5.0532,332139,0
BGIO.US,D,20181218,000000,5.0964,5.0964,4.9982,5.0165,339958,0
BGIO.US,D,20181219,000000,5.0719,5.0719,5.0043,5.0165,193392,0
BGIO.US,D,20181220,000000,5.0105,5.0411,4.6979,4.906,525826,0
BGIO.US,D,20181221,000000,4.906,5.1087,4.8696,4.992,289254,0
BGIO.US,D,20181224,000000,5.0289,5.1087,4.9982,5.0532,153856,0
BGIO.US,D,20181226,000000,5.1087,5.1698,5.0473,5.1147,214334,0
BGIO.US,D,20181227,000000,5.1147,5.1331,4.9676,5.1024,353439,0
BGIO.US,D,20181228,000000,5.0531,5.1642,5.0531,5.1642,330754,0
BGIO.US,D,20181231,000000,5.1455,5.1951,5.0899,5.1333,566657,0
BGIO.US,D,20190102,000000,5.1148,5.1951,5.1148,5.1951,57612,0
BGIO.US,D,20190103,000000,5.2134,5.2134,5.1642,5.1951,76425,0
BGIO.US,D,20190104,000000,5.2075,5.2381,5.2075,5.2257,187736,0
BGIO.US,D,20190107,000000,5.2257,5.3057,5.2178,5.2692,115609,0
BGIO.US,D,20190108,000000,5.3121,5.3308,5.2752,5.3121,179600,0
BGIO.US,D,20190109,000000,5.3431,5.3615,5.2937,5.2937,169086,0
BGIO.US,D,20190110,000000,5.3121,5.3186,5.2381,5.2444,148536,0
BGIO.US,D,20190111,000000,5.2134,5.2865,5.2134,5.2813,25749,0
BGIO.US,D,20190114,000000,5.2999,5.3155,5.2809,5.3061,66509,0
BGIO.US,D,20190115,000000,5.3555,5.3555,5.3061,5.3186,85534,0
BGIO.US,D,20190116,000000,5.3308,5.3677,5.328,5.3431,124678,0
BGIO.US,D,20190117,000000,5.3316,5.3615,5.3245,5.3369,91578,0
BGIO.US,D,20190118,000000,5.3431,5.3739,5.3308,5.3555,141198,0
BGIO.US,D,20190122,000000,5.3615,5.3677,5.3308,5.3308,64642,0
BGIO.US,D,20190123,000000,5.3186,5.3739,5.3186,5.3244,133206,0
BGIO.US,D,20190124,000000,5.3308,5.3431,5.2937,5.2937,109125,0
BGIO.US,D,20190125,000000,5.3121,5.3493,5.299,5.3369,67913,0
BGIO.US,D,20190128,000000,5.3555,5.3739,5.3308,5.3615,56166,0
BGIO.US,D,20190129,000000,5.3801,5.3923,5.3605,5.3677,78224,0
BGIO.US,D,20190130,000000,5.3923,5.4046,5.3677,5.3863,140682,0
BGIO.US,D,20190131,000000,5.411,5.4293,5.4046,5.4046,153600,0
BGIO.US,D,20190201,000000,5.417,5.448,5.3923,5.4046,173475,0
BGIO.US,D,20190204,000000,5.411,5.4293,5.3863,5.411,95237,0
BGIO.US,D,20190205,000000,5.4233,5.448,5.417,5.448,102477,0
BGIO.US,D,20190206,000000,5.4417,5.4541,5.417,5.4417,157504,0
BGIO.US,D,20190207,000000,5.448,5.4694,5.4327,5.448,85794,0
BGIO.US,D,20190208,000000,5.4576,5.4723,5.4293,5.448,58488,0
BGIO.US,D,20190211,000000,5.4973,5.5299,5.4233,5.4233,136943,0
BGIO.US,D,20190212,000000,5.4602,5.4602,5.417,5.4293,161817,0
BGIO.US,D,20190213,000000,5.434,5.448,5.4293,5.4417,26327,0
BGIO.US,D,20190214,000000,5.4603,5.4727,5.4044,5.4542,181941,0
BGIO.US,D,20190215,000000,5.5039,5.5101,5.4603,5.5039,73595,0
BGIO.US,D,20190219,000000,5.4852,5.5534,5.4665,5.5039,158968,0
BGIO.US,D,20190220,000000,5.5473,5.5473,5.4977,5.5099,75286,0
BGIO.US,D,20190221,000000,5.5164,5.5287,5.4976,5.4976,135461,0
BGIO.US,D,20190222,000000,5.5164,5.5597,5.5039,5.535,107718,0
BGIO.US,D,20190225,000000,5.535,5.5473,5.5164,5.5224,142000,0
BGIO.US,D,20190226,000000,5.535,5.5534,5.5224,5.5287,109716,0
BGIO.US,D,20190227,000000,5.541,5.5534,5.5224,5.535,52355,0
BGIO.US,D,20190228,000000,5.5534,5.5579,5.535,5.5473,104014,0
BGIO.US,D,20190301,000000,5.5534,5.5534,5.5316,5.5534,112785,0
BGIO.US,D,20190304,000000,5.5534,5.5783,5.5528,5.5721,200464,0
BGIO.US,D,20190305,000000,5.5783,5.5845,5.5534,5.5783,80752,0
BGIO.US,D,20190306,000000,5.5845,5.5845,5.5659,5.5721,197248,0
BGIO.US,D,20190307,000000,5.5721,5.5845,5.5468,5.5597,71379,0
BGIO.US,D,20190308,000000,5.5783,5.5783,5.535,5.5597,62040,0
BGIO.US,D,20190311,000000,5.5697,5.5845,5.5534,5.5659,72316,0
BGIO.US,D,20190312,000000,5.5845,5.5845,5.5616,5.5616,63074,0
BGIO.US,D,20190313,000000,5.5685,5.5845,5.535,5.535,108798,0
BGIO.US,D,20190314,000000,5.5661,5.5786,5.535,5.5723,158849,0
BGIO.US,D,20190315,000000,5.5848,5.6162,5.5674,5.5848,77809,0
BGIO.US,D,20190318,000000,5.5848,5.6162,5.5848,5.5848,61253,0
BGIO.US,D,20190319,000000,5.6499,5.6847,5.5848,5.6345,130981,0
BGIO.US,D,20190320,000000,5.6189,5.7032,5.6115,5.7032,59799,0
BGIO.US,D,20190321,000000,5.6812,5.7097,5.6345,5.6411,83293,0
BGIO.US,D,20190322,000000,5.6596,5.6846,5.5287,5.5287,127561,0
BGIO.US,D,20190325,000000,5.5287,5.5974,5.5287,5.5535,65784,0
BGIO.US,D,20190326,000000,5.5474,5.6411,5.5474,5.6097,117459,0
BGIO.US,D,20190327,000000,5.6186,5.6782,5.5974,5.6503,135522,0
BGIO.US,D,20190328,000000,5.622,5.6782,5.5828,5.6782,532317,0
BGIO.US,D,20190329,000000,5.6909,5.778,5.6534,5.6534,424685,0
BGIO.US,D,20190401,000000,5.6971,5.778,5.6783,5.778,58868,0
BGIO.US,D,20190402,000000,5.7531,5.778,5.6909,5.7221,42327,0
BGIO.US,D,20190403,000000,5.7407,5.7407,5.7032,5.7032,33281,0
BGIO.US,D,20190404,000000,5.7472,5.8529,5.7472,5.803,190470,0
BGIO.US,D,20190405,000000,5.8593,6.2393,5.7541,5.9655,401256,0
BGIO.US,D,20190408,000000,5.928,5.928,5.7597,5.7597,65759,0
BGIO.US,D,20190409,000000,5.7745,5.7747,5.7472,5.7472,71113,0
BGIO.US,D,20190410,000000,5.7876,5.803,5.7281,5.7347,79758,0
BGIO.US,D,20190411,000000,5.7445,5.7445,5.6909,5.6971,175655,0
BGIO.US,D,20190412,000000,5.7032,5.7534,5.7032,5.7283,43965,0
BGIO.US,D,20190415,000000,5.7283,5.785,5.7157,5.7283,122437,0
BGIO.US,D,20190416,000000,5.7348,5.7572,5.7033,5.7223,188786,0
BGIO.US,D,20190417,000000,5.7409,5.7409,5.5339,5.5715,463193,0
BGIO.US,D,20190418,000000,5.5905,5.6468,5.5905,5.6342,119687,0
BGIO.US,D,20190422,000000,5.6407,5.6594,5.6283,5.6468,109680,0
BGIO.US,D,20190423,000000,5.6468,5.6719,5.6283,5.6595,102445,0
BGIO.US,D,20190424,000000,5.6532,5.6846,5.6494,5.6657,63400,0
BGIO.US,D,20190425,000000,5.6719,5.6908,5.6468,5.6719,65750,0
BGIO.US,D,20190426,000000,5.6782,5.8289,5.6468,5.7223,109000,0
BGIO.US,D,20190429,000000,5.7348,5.7973,5.6787,5.7973,56038,0
BGIO.US,D,20190430,000000,5.7973,5.8231,5.766,5.7881,91415,0
BGIO.US,D,20190501,000000,5.785,5.8163,5.76,5.7785,61403,0
BGIO.US,D,20190502,000000,5.8037,5.835,5.7786,5.8226,120036,0
BGIO.US,D,20190503,000000,5.835,5.8728,5.8235,5.8728,92720,0
BGIO.US,D,20190506,000000,5.8664,5.8854,5.8303,5.8854,94638,0
BGIO.US,D,20190507,000000,5.8791,5.8854,5.7534,5.7726,89184,0
BGIO.US,D,20190508,000000,5.81,5.835,5.7726,5.8163,43142,0
BGIO.US,D,20190509,000000,5.8163,5.8791,5.7726,5.7973,63635,0
BGIO.US,D,20190510,000000,5.81,5.81,5.7785,5.8037,27982,0
BGIO.US,D,20190513,000000,5.7911,5.8037,5.7726,5.7896,18705,0
BGIO.US,D,20190514,000000,5.8142,5.8142,5.7472,5.7649,84220,0
BGIO.US,D,20190515,000000,5.7974,5.7974,5.7092,5.7279,110451,0
BGIO.US,D,20190516,000000,5.7345,5.7472,5.684,5.7092,214943,0
BGIO.US,D,20190517,000000,5.7219,5.7345,5.6902,5.7092,85520,0
BGIO.US,D,20190520,000000,5.7219,5.7279,5.6714,5.684,111346,0
BGIO.US,D,20190521,000000,5.7028,5.7092,5.6776,5.684,175099,0
BGIO.US,D,20190522,000000,5.7092,5.7154,5.6714,5.6902,63694,0
BGIO.US,D,20190523,000000,5.6902,5.7472,5.6902,5.7154,53116,0
BGIO.US,D,20190524,000000,5.7345,5.7725,5.724,5.7502,12901,0
BGIO.US,D,20190528,000000,5.7403,5.829,5.7379,5.7598,81082,0
BGIO.US,D,20190529,000000,5.785,5.785,5.7371,5.7407,38707,0
BGIO.US,D,20190530,000000,5.7598,5.8352,5.7598,5.8227,56038,0
BGIO.US,D,20190531,000000,5.8795,5.8795,5.8006,5.8038,124855,0
BGIO.US,D,20190603,000000,5.8174,5.8479,5.7407,5.8227,37864,0
BGIO.US,D,20190604,000000,5.8102,5.8606,5.7725,5.8479,41381,0
BGIO.US,D,20190605,000000,5.8164,5.8542,5.7785,5.8038,75678,0
BGIO.US,D,20190606,000000,5.8227,5.9173,5.8038,5.9112,144160,0
BGIO.US,D,20190607,000000,5.9173,5.9173,5.8732,5.9173,35624,0
BGIO.US,D,20190610,000000,5.8164,5.9615,5.8164,5.8795,44182,0
BGIO.US,D,20190611,000000,5.8795,5.9299,5.8606,5.9299,49814,0
BGIO.US,D,20190612,000000,5.8921,5.9173,5.785,5.8227,128891,0
BGIO.US,D,20190613,000000,5.8353,5.8862,5.8353,5.8735,36225,0
BGIO.US,D,20190614,000000,5.8798,5.9085,5.8416,5.8481,45318,0
BGIO.US,D,20190617,000000,5.8544,5.8735,5.8544,5.8735,20754,0
BGIO.US,D,20190618,000000,5.883,5.9306,5.8798,5.9052,22782,0
BGIO.US,D,20190619,000000,5.899,5.9052,5.8353,5.8671,50898,0
BGIO.US,D,20190620,000000,5.8881,5.9497,5.8702,5.899,31364,0
BGIO.US,D,20190621,000000,5.8925,5.9264,5.8671,5.8862,46750,0
BGIO.US,D,20190624,000000,5.9178,5.9432,5.8671,5.8862,47647,0
BGIO.US,D,20190625,000000,5.899,5.9581,5.8735,5.8862,75094,0
BGIO.US,D,20190626,000000,5.8862,5.956,5.8735,5.9244,109618,0
BGIO.US,D,20190627,000000,5.9624,5.9835,5.9432,5.956,44193,0
BGIO.US,D,20190628,000000,5.9624,6.0258,5.939,5.9941,67275,0
BGIO.US,D,20190701,000000,6.0511,6.0511,5.9537,5.9877,57438,0
BGIO.US,D,20190702,000000,6.0195,6.0321,5.9941,6.0067,37170,0
BGIO.US,D,20190703,000000,6.0321,6.0511,6.0003,6.0511,5081,0
BGIO.US,D,20190705,000000,6.0067,6.0511,5.9941,6.0195,17841,0
BGIO.US,D,20190708,000000,6.0384,6.0384,5.9941,6.0195,60110,0
BGIO.US,D,20190709,000000,6.0321,6.0511,5.9751,6.0447,125562,0
BGIO.US,D,20190710,000000,6.0347,6.0697,6.0067,6.0258,61938,0
BGIO.US,D,20190711,000000,6.0067,6.0248,5.9814,6.0067,60321,0
BGIO.US,D,20190712,000000,6.0132,6.0641,6.0132,6.0641,54149,0
BGIO.US,D,20190715,000000,6.0831,6.0895,6.0132,6.0306,43357,0
BGIO.US,D,20190716,000000,6.0831,6.0831,6.026,6.026,33862,0
BGIO.US,D,20190717,000000,6.0513,6.0513,6.0322,6.0322,28109,0
BGIO.US,D,20190718,000000,6.0641,6.1024,6.026,6.0831,45492,0
BGIO.US,D,20190719,000000,6.0831,6.0895,6.0641,6.0895,55103,0
BGIO.US,D,20190722,000000,6.0895,6.096,6.0641,6.0641,15567,0
BGIO.US,D,20190723,000000,6.0767,6.0767,6.0132,6.0449,81108,0
BGIO.US,D,20190724,000000,6.0767,6.0767,5.994,6.026,79517,0
BGIO.US,D,20190725,000000,6.0195,6.0329,5.9882,6.0003,63264,0
BGIO.US,D,20190726,000000,6.0119,6.0238,5.994,6.0003,48589,0
BGIO.US,D,20190729,000000,6.0067,6.0249,5.9429,5.9429,61356,0
BGIO.US,D,20190730,000000,5.9621,5.9875,5.9494,5.9843,88605,0
BGIO.US,D,20190731,000000,6.026,6.0513,5.9621,5.9875,125320,0
BGIO.US,D,20190801,000000,5.994,6.0322,5.9684,5.9812,44582,0
BGIO.US,D,20190802,000000,5.9684,6.0895,5.9684,5.994,19273,0
BGIO.US,D,20190805,000000,5.9429,6.026,5.9239,5.9429,91626,0
BGIO.US,D,20190806,000000,5.9749,5.994,5.9239,5.9367,37515,0
BGIO.US,D,20190807,000000,5.9239,6.0801,5.9239,6.0801,42356,0
BGIO.US,D,20190808,000000,6.0767,6.0767,5.9433,6.0067,56096,0
BGIO.US,D,20190809,000000,5.994,6.0524,5.994,6.0195,14085,0
BGIO.US,D,20190812,000000,6.0513,6.0704,6.029,6.0704,21622,0
BGIO.US,D,20190813,000000,6.0704,6.0996,6.0385,6.0704,46794,0
BGIO.US,D,20190814,000000,6.1152,6.1343,6.0896,6.1343,108242,0
BGIO.US,D,20190815,000000,6.1474,6.1474,6.0064,6.0704,73308,0
BGIO.US,D,20190816,000000,6.0512,6.1089,6.0257,6.0257,44934,0
BGIO.US,D,20190819,000000,6.0896,6.0896,5.9936,5.9999,29041,0
BGIO.US,D,20190820,000000,5.9999,6.0257,5.987,5.987,58470,0
BGIO.US,D,20190821,000000,6.0064,6.0128,5.9744,5.987,67755,0
BGIO.US,D,20190822,000000,6.0257,6.064,5.987,5.9999,40234,0
BGIO.US,D,20190823,000000,6.0192,6.0512,6.0097,6.0257,19677,0
BGIO.US,D,20190826,000000,6.0257,6.0512,5.987,6.0064,45476,0
BGIO.US,D,20190827,000000,6.0064,6.0257,5.9807,5.987,72936,0
BGIO.US,D,20190828,000000,5.9999,5.9999,5.9807,5.987,37365,0
BGIO.US,D,20190829,000000,6.0448,6.0448,5.9999,6.0257,44267,0
BGIO.US,D,20190830,000000,6.064,6.064,5.9679,6.0257,70744,0
BGIO.US,D,20190903,000000,6.0384,6.1285,6.0128,6.0257,30001,0
BGIO.US,D,20190904,000000,6.0704,6.1377,6.0704,6.0896,39419,0
BGIO.US,D,20190905,000000,6.1024,6.1343,6.0064,6.0257,101600,0
BGIO.US,D,20190906,000000,6.0448,6.064,6.0257,6.0257,46532,0
BGIO.US,D,20190909,000000,6.0512,6.0821,6.0257,6.0257,34687,0
BGIO.US,D,20190910,000000,6.0512,6.0576,6.0064,6.0192,57974,0
BGIO.US,D,20190911,000000,6.0576,6.064,6.0128,6.032,59091,0
BGIO.US,D,20190912,000000,6.0384,6.0768,6.0192,6.0384,34161,0
BGIO.US,D,20190913,000000,6.0707,6.0898,6.0641,6.0771,24531,0
BGIO.US,D,20190916,000000,6.1027,6.1351,6.0855,6.1093,30390,0
BGIO.US,D,20190917,000000,6.1285,6.1351,6.1156,6.1285,36634,0
BGIO.US,D,20190918,000000,6.1542,6.1868,6.1314,6.1868,112681,0
BGIO.US,D,20190919,000000,6.1802,6.1868,6.0834,6.0963,81635,0
BGIO.US,D,20190920,000000,6.0898,6.1222,6.0707,6.1093,66126,0
BGIO.US,D,20190923,000000,6.1222,6.1541,6.1094,6.1222,43008,0
BGIO.US,D,20190924,000000,6.1213,6.1736,6.11,6.1607,57042,0
BGIO.US,D,20190925,000000,6.1607,6.1868,6.1351,6.1802,93926,0
BGIO.US,D,20190926,000000,6.1802,6.1802,6.1285,6.1351,33394,0
BGIO.US,D,20190927,000000,6.1672,6.1868,6.1542,6.1868,41336,0
BGIO.US,D,20190930,000000,6.1868,6.1934,6.1517,6.1934,57384,0
BGIO.US,D,20191001,000000,6.1802,6.1934,6.1222,6.1934,47699,0
BGIO.US,D,20191002,000000,6.1481,6.1868,6.1481,6.1481,32045,0
BGIO.US,D,20191003,000000,6.1802,6.1802,6.1351,6.1736,40476,0
BGIO.US,D,20191004,000000,6.1802,6.1802,6.0898,6.1222,100248,0
BGIO.US,D,20191007,000000,6.1351,6.1448,6.0898,6.1027,39891,0
BGIO.US,D,20191008,000000,6.1351,6.1351,6.0898,6.1351,76072,0
BGIO.US,D,20191009,000000,6.1414,6.1934,6.1414,6.1802,73041,0
BGIO.US,D,20191010,000000,6.1481,6.1934,6.1481,6.1934,40579,0
BGIO.US,D,20191011,000000,6.2058,6.2256,6.1478,6.1934,52547,0
BGIO.US,D,20191014,000000,6.2256,6.2256,6.1868,6.2058,23087,0
BGIO.US,D,20191015,000000,6.1972,6.2256,6.1607,6.1868,119887,0
BGIO.US,D,20191016,000000,6.2125,6.2125,6.1607,6.1868,33244,0
BGIO.US,D,20191017,000000,6.1868,6.1868,6.1731,6.1736,56396,0
BGIO.US,D,20191018,000000,6.1868,6.2256,6.1868,6.1934,32182,0
BGIO.US,D,20191021,000000,6.2125,6.2256,6.1802,6.1993,74874,0
BGIO.US,D,20191022,000000,6.2256,6.2256,6.1993,6.1993,67274,0
BGIO.US,D,20191023,000000,6.2125,6.238,6.1947,6.2191,63590,0
BGIO.US,D,20191024,000000,6.2322,6.2322,6.1736,6.1934,56562,0
BGIO.US,D,20191025,000000,6.1868,6.2191,6.1736,6.1993,32379,0
BGIO.US,D,20191028,000000,6.2058,6.2191,6.1798,6.2191,14915,0
BGIO.US,D,20191029,000000,6.2125,6.2125,6.1736,6.1868,61553,0
BGIO.US,D,20191030,000000,6.1934,6.2191,6.1672,6.2191,43212,0
BGIO.US,D,20191031,000000,6.2322,6.2322,6.1802,6.2322,47464,0
BGIO.US,D,20191101,000000,6.2256,6.2322,6.2117,6.2322,29743,0
BGIO.US,D,20191104,000000,6.2256,6.2322,6.2058,6.2322,30350,0
BGIO.US,D,20191105,000000,6.2256,6.2322,6.2058,6.2125,32397,0
BGIO.US,D,20191106,000000,6.2256,6.238,6.2125,6.2256,66265,0
BGIO.US,D,20191107,000000,6.238,6.238,6.2191,6.238,44308,0
BGIO.US,D,20191108,000000,6.238,6.238,6.1993,6.2256,26245,0
BGIO.US,D,20191111,000000,6.238,6.2772,6.1868,6.2607,70172,0
BGIO.US,D,20191112,000000,6.2446,6.2574,6.2058,6.238,30839,0
BGIO.US,D,20191113,000000,6.2446,6.2641,6.2058,6.2574,37364,0
BGIO.US,D,20191114,000000,6.2574,6.297,6.2509,6.2772,68542,0
BGIO.US,D,20191115,000000,6.2509,6.2705,6.2509,6.2574,55457,0
BGIO.US,D,20191118,000000,6.2705,6.297,6.2509,6.297,71108,0
BGIO.US,D,20191119,000000,6.297,6.297,6.2446,6.2509,76175,0
BGIO.US,D,20191120,000000,6.2705,6.2705,6.2322,6.2446,92536,0
BGIO.US,D,20191121,000000,6.2574,6.2902,6.2191,6.2641,72394,0
BGIO.US,D,20191122,000000,6.297,6.3429,6.2641,6.2641,28914,0
BGIO.US,D,20191125,000000,6.2666,6.2837,6.2191,6.2256,61254,0
BGIO.US,D,20191126,000000,6.2191,6.238,6.1667,6.1861,118896,0
BGIO.US,D,20191127,000000,6.1999,6.2256,6.1731,6.2125,27860,0
BGIO.US,D,20191129,000000,6.238,6.238,6.2027,6.2058,16203,0
BGIO.US,D,20191202,000000,6.2191,6.2837,6.1878,6.2837,133345,0
BGIO.US,D,20191203,000000,6.238,6.3368,6.2203,6.2902,55395,0
BGIO.US,D,20191204,000000,6.3494,6.3742,6.2509,6.3101,97203,0
BGIO.US,D,20191205,000000,6.307,6.307,6.1861,6.1861,128289,0
BGIO.US,D,20191206,000000,6.1861,6.2641,6.1861,6.2641,48786,0
BGIO.US,D,20191209,000000,6.2574,6.2705,6.2322,6.2574,35882,0
BGIO.US,D,20191210,000000,6.2509,6.2641,6.1928,6.2587,56961,0
BGIO.US,D,20191211,000000,6.2509,6.3034,6.2256,6.2509,59675,0
BGIO.US,D,20191212,000000,6.2705,6.3034,6.2322,6.297,100268,0
BGIO.US,D,20191213,000000,6.3236,6.3494,6.2837,6.3429,68149,0
BGIO.US,D,20191216,000000,6.3749,6.3816,6.3248,6.3816,53817,0
BGIO.US,D,20191217,000000,6.369,6.3749,6.297,6.3167,72832,0
BGIO.US,D,20191218,000000,6.3749,6.3816,6.3101,6.3302,101028,0
BGIO.US,D,20191219,000000,6.3749,6.4992,6.3494,6.4406,168035,0
BGIO.US,D,20191220,000000,6.4412,6.4412,6.3034,6.3034,154119,0
BGIO.US,D,20191223,000000,6.3034,6.3368,6.2983,6.3034,59610,0
BGIO.US,D,20191224,000000,6.297,6.3816,6.297,6.3302,33740,0
BGIO.US,D,20191226,000000,6.3167,6.381,6.3101,6.3167,39967,0
BGIO.US,D,20191227,000000,6.3101,6.4346,6.3101,6.4346,45268,0
BGIO.US,D,20191230,000000,6.4144,6.4876,6.4144,6.4876,49799,0
BGIO.US,D,20191231,000000,6.4412,6.4876,6.4412,6.4876,12382,0
BGIO.US,D,20200102,000000,6.4812,6.4876,6.4278,6.4412,36805,0
BGIO.US,D,20200103,000000,6.4812,6.4812,6.4412,6.4566,20918,0
BGIO.US,D,20200106,000000,6.4144,6.4675,6.3949,6.4675,26804,0
BGIO.US,D,20200107,000000,6.448,6.5255,6.4018,6.5255,137475,0
BGIO.US,D,20200108,000000,6.4412,6.5,6.4278,6.4609,37170,0
BGIO.US,D,20200109,000000,6.5127,6.5324,6.4144,6.4144,70828,0
BGIO.US,D,20200110,000000,6.4309,6.448,6.4144,6.4412,33939,0
BGIO.US,D,20200113,000000,6.4412,6.4675,6.421,6.4675,41382,0
BGIO.US,D,20200114,000000,6.4346,6.4675,6.421,6.448,65150,0
BGIO.US,D,20200115,000000,6.421,6.4675,6.421,6.448,86562,0
BGIO.US,D,20200116,000000,6.4412,6.4812,6.4346,6.4412,65192,0
BGIO.US,D,20200117,000000,6.4278,6.4745,6.4278,6.4278,77509,0
BGIO.US,D,20200121,000000,6.421,6.4609,6.4018,6.4609,39778,0
BGIO.US,D,20200122,000000,6.448,6.493,6.421,6.4346,119389,0
BGIO.US,D,20200123,000000,6.4346,6.5,6.4346,6.4745,19292,0
BGIO.US,D,20200124,000000,6.4539,6.4909,6.448,6.4812,18775,0
BGIO.US,D,20200127,000000,6.4745,6.4812,6.3949,6.448,49506,0
BGIO.US,D,20200128,000000,6.4812,6.5067,6.3949,6.4144,88712,0
BGIO.US,D,20200129,000000,6.4144,6.421,6.3884,6.4018,73799,0
BGIO.US,D,20200130,000000,6.3949,6.421,6.3816,6.3884,100534,0
BGIO.US,D,20200131,000000,6.4018,6.4539,6.3863,6.4144,75132,0
BGIO.US,D,20200203,000000,6.448,6.448,6.3949,6.4278,47968,0
BGIO.US,D,20200204,000000,6.4412,6.4609,6.4278,6.4412,25487,0
BGIO.US,D,20200205,000000,6.4533,6.4683,6.4419,6.4675,52680,0
BGIO.US,D,20200206,000000,6.4812,6.4812,6.4526,6.4812,29576,0
BGIO.US,D,20200207,000000,6.4346,6.5067,6.4346,6.5067,80605,0
BGIO.US,D,20200210,000000,6.5067,6.5067,6.4609,6.4812,26045,0
BGIO.US,D,20200211,000000,6.4609,6.5127,6.4539,6.5127,30601,0
BGIO.US,D,20200212,000000,6.5127,6.5462,6.5088,6.5462,50093,0
BGIO.US,D,20200213,000000,6.5127,6.5689,6.5067,6.5462,119553,0
BGIO.US,D,20200214,000000,6.5523,6.553,6.5392,6.5392,21957,0
BGIO.US,D,20200218,000000,6.5255,6.553,6.5197,6.553,39873,0
BGIO.US,D,20200219,000000,6.573,6.58,6.5392,6.58,91848,0
BGIO.US,D,20200220,000000,6.573,6.58,6.5197,6.5462,83062,0
BGIO.US,D,20200221,000000,6.5324,6.573,6.5197,6.553,57196,0
BGIO.US,D,20200224,000000,6.5462,6.5662,6.5241,6.5324,70993,0
BGIO.US,D,20200225,000000,6.5516,6.58,6.381,6.5127,241480,0
BGIO.US,D,20200226,000000,6.5392,6.5392,6.3675,6.4203,76973,0
BGIO.US,D,20200227,000000,6.3675,6.4011,6.3147,6.3742,145219,0
BGIO.US,D,20200228,000000,6.3147,6.3608,6.1693,6.2422,91323,0
BGIO.US,D,20200302,000000,6.2155,6.4338,6.2155,6.3576,65528,0
BGIO.US,D,20200303,000000,6.3218,6.4668,6.3218,6.4144,85116,0
BGIO.US,D,20200304,000000,6.3943,6.5289,6.3416,6.3742,64402,0
BGIO.US,D,20200305,000000,6.4144,6.4144,6.3478,6.381,42861,0
BGIO.US,D,20200306,000000,6.3416,6.3478,6.0767,6.335,109331,0
BGIO.US,D,20200309,000000,6.2155,6.2817,5.9709,6.0238,67332,0
BGIO.US,D,20200310,000000,6.0635,6.1741,6.0105,6.0635,74589,0
BGIO.US,D,20200311,000000,5.9709,6.0635,5.8586,5.8917,73672,0
BGIO.US,D,20200312,000000,5.5214,5.6469,5.0487,5.5147,130468,0
BGIO.US,D,20200313,000000,5.5215,5.9686,5.5215,5.814,75665,0
BGIO.US,D,20200316,000000,5.5879,5.5879,5.0591,5.3783,38606,0
BGIO.US,D,20200317,000000,5.2287,5.3078,4.8827,5.2882,91989,0
BGIO.US,D,20200318,000000,4.8095,5.011,4.4105,4.9093,165654,0
BGIO.US,D,20200319,000000,4.7697,4.8695,3.7652,4.8695,564939,0
BGIO.US,D,20200320,000000,4.6965,4.9425,4.384,4.6433,340833,0
BGIO.US,D,20200323,000000,4.9292,4.9292,3.9314,4.4037,267996,0
BGIO.US,D,20200324,000000,4.4836,4.8405,4.4636,4.6365,102877,0
BGIO.US,D,20200325,000000,4.5835,5.1223,4.2575,4.3772,241037,0
BGIO.US,D,20200326,000000,4.3373,4.9461,4.2707,4.8228,200191,0
BGIO.US,D,20200327,000000,4.7629,5.0492,4.5101,4.6565,56711,0
BGIO.US,D,20200330,000000,4.5304,4.7498,4.477,4.7231,93207,0
BGIO.US,D,20200331,000000,4.8163,5.0956,4.7099,5.0422,125508,0
BGIO.US,D,20200401,000000,4.9891,5.1089,4.6433,4.9227,108904,0
BGIO.US,D,20200402,000000,4.8163,5.4148,4.8163,5.1223,90421,0
BGIO.US,D,20200403,000000,5.0888,5.1556,4.8894,4.9227,60986,0
BGIO.US,D,20200406,000000,5.0158,5.2718,4.9227,4.9625,95377,0
BGIO.US,D,20200407,000000,5.0024,5.3086,4.7896,4.7896,178259,0
BGIO.US,D,20200408,000000,5.1089,5.1089,4.8228,4.8228,135076,0
BGIO.US,D,20200409,000000,4.9891,5.2553,4.8195,4.8894,183135,0
BGIO.US,D,20200413,000000,4.9758,4.9825,4.8228,4.8228,194941,0
BGIO.US,D,20200414,000000,4.9299,5.4391,4.9299,5.4391,306414,0
BGIO.US,D,20200415,000000,5.265,5.2824,5.1309,5.2112,51118,0
BGIO.US,D,20200416,000000,5.2716,5.2716,5.0912,5.2316,73995,0
BGIO.US,D,20200417,000000,5.2112,5.4793,5.2112,5.3321,96768,0
BGIO.US,D,20200420,000000,5.2985,5.3166,5.2112,5.2112,42510,0
BGIO.US,D,20200421,000000,5.1913,5.3287,5.1444,5.2247,55572,0
BGIO.US,D,20200422,000000,5.2447,5.3118,5.1176,5.2447,51440,0
BGIO.US,D,20200423,000000,5.1979,5.3321,5.0714,5.1042,97049,0
BGIO.US,D,20200424,000000,5.1979,5.2509,5.0951,5.1979,11966,0
BGIO.US,D,20200427,000000,5.1242,5.199,5.1242,5.1711,48196,0
BGIO.US,D,20200428,000000,5.1711,5.1846,5.0638,5.0638,60686,0
BGIO.US,D,20200429,000000,5.0841,5.3856,5.0841,5.2985,60997,0
BGIO.US,D,20200430,000000,5.3186,5.3186,5.1645,5.2447,29147,0
BGIO.US,D,20200501,000000,5.2047,5.285,5.1913,5.2784,48452,0
BGIO.US,D,20200504,000000,5.2112,5.2582,5.1109,5.2316,79149,0
BGIO.US,D,20200505,000000,5.2447,5.285,5.1738,5.285,26479,0
BGIO.US,D,20200506,000000,5.2784,5.2985,5.212,5.2985,44648,0
BGIO.US,D,20200507,000000,5.3018,5.3018,5.1577,5.1577,41553,0
BGIO.US,D,20200508,000000,5.2316,5.2348,5.1577,5.2112,20864,0
BGIO.US,D,20200511,000000,5.1913,5.2002,5.1577,5.1846,64445,0
BGIO.US,D,20200512,000000,5.1645,5.2172,5.1042,5.1242,152396,0
BGIO.US,D,20200513,000000,5.1512,5.1913,5.1512,5.1913,138507,0
BGIO.US,D,20200514,000000,5.1913,5.1993,5.1238,5.1845,34006,0
BGIO.US,D,20200515,000000,5.1845,5.2114,5.1511,5.2048,24955,0
BGIO.US,D,20200518,000000,5.2654,5.3127,5.2654,5.2654,27860,0
BGIO.US,D,20200519,000000,5.3194,5.3194,5.2385,5.2385,17344,0
BGIO.US,D,20200520,000000,5.2385,5.38,5.2317,5.3734,44801,0
BGIO.US,D,20200521,000000,5.2991,5.4004,5.2757,5.4004,60138,0
BGIO.US,D,20200522,000000,5.3397,5.434,5.3397,5.3935,56159,0
BGIO.US,D,20200526,000000,5.407,5.4879,5.3598,5.4879,33502,0
BGIO.US,D,20200527,000000,5.4407,5.5284,5.3397,5.5013,30294,0
BGIO.US,D,20200528,000000,5.4407,5.6059,5.3734,5.5957,92287,0
BGIO.US,D,20200529,000000,5.6162,5.6227,5.4879,5.6162,30282,0
BGIO.US,D,20200601,000000,5.6511,5.67,5.6035,5.6633,22469,0
BGIO.US,D,20200602,000000,5.6633,5.7785,5.6633,5.7441,26043,0
BGIO.US,D,20200603,000000,5.7644,5.7883,5.6297,5.6297,41457,0
BGIO.US,D,20200604,000000,5.6297,5.7147,5.5957,5.6597,28530,0
BGIO.US,D,20200605,000000,5.7171,5.798,5.6868,5.734,18752,0
BGIO.US,D,20200608,000000,5.7272,5.9193,5.707,5.9193,25111,0
BGIO.US,D,20200609,000000,5.8739,5.8856,5.6362,5.6362,35132,0
BGIO.US,D,20200610,000000,5.7036,5.838,5.7036,5.7838,18827,0
BGIO.US,D,20200611,000000,5.7442,5.7455,5.6297,5.67,59228,0
BGIO.US,D,20200612,000000,5.6965,5.731,5.5683,5.6089,53399,0
BGIO.US,D,20200615,000000,5.5208,5.7379,5.5208,5.731,41023,0
BGIO.US,D,20200616,000000,5.8808,5.8808,5.6225,5.792,69535,0
BGIO.US,D,20200617,000000,5.7268,5.7393,5.6022,5.6022,28383,0
BGIO.US,D,20200618,000000,5.6022,5.6631,5.6022,5.645,50123,0
BGIO.US,D,20200619,000000,5.7378,5.7378,5.6429,5.6903,24116,0
BGIO.US,D,20200622,000000,5.6496,5.6971,5.6089,5.6451,31635,0
BGIO.US,D,20200623,000000,5.6903,5.7445,5.6158,5.6294,42663,0
BGIO.US,D,20200624,000000,5.6368,5.67,5.609,5.6394,24338,0
BGIO.US,D,20200625,000000,5.6294,5.6632,5.6158,5.6496,20317,0
BGIO.US,D,20200626,000000,5.6903,5.6946,5.5952,5.6564,45411,0
BGIO.US,D,20200629,000000,5.6496,5.6835,5.5952,5.6496,33749,0
BGIO.US,D,20200630,000000,5.6632,5.6767,5.5818,5.6632,33661,0
BGIO.US,D,20200701,000000,5.6496,5.6767,5.6361,5.6632,16246,0
BGIO.US,D,20200702,000000,5.6496,5.7108,5.5683,5.6089,86805,0
BGIO.US,D,20200706,000000,5.6632,5.7038,5.6225,5.7038,25030,0
BGIO.US,D,20200707,000000,5.7174,5.7174,5.6225,5.6971,38053,0
BGIO.US,D,20200708,000000,5.6632,5.6903,5.6294,5.6767,28260,0
BGIO.US,D,20200709,000000,5.6496,5.67,5.5683,5.6158,102092,0
BGIO.US,D,20200710,000000,5.6458,5.6632,5.6158,5.6632,20123,0
BGIO.US,D,20200713,000000,5.6564,5.7108,5.6299,5.6429,24444,0
BGIO.US,D,20200714,000000,5.6293,5.6633,5.6086,5.6293,7113,0
BGIO.US,D,20200715,000000,5.7179,5.7179,5.6565,5.6565,39523,0
BGIO.US,D,20200716,000000,5.6565,5.6565,5.6167,5.6167,41211,0
BGIO.US,D,20200717,000000,5.6293,5.6838,5.6293,5.6824,24332,0
BGIO.US,D,20200720,000000,5.636,5.6701,5.6257,5.647,40845,0
BGIO.US,D,20200721,000000,5.6497,5.6838,5.6413,5.6838,86617,0
BGIO.US,D,20200722,000000,5.6633,5.7453,5.6497,5.6497,70829,0
BGIO.US,D,20200723,000000,5.6701,5.6974,5.6086,5.6429,63165,0
BGIO.US,D,20200724,000000,5.6565,5.6701,5.6223,5.6223,157377,0
BGIO.US,D,20200727,000000,5.6497,5.7656,5.6429,5.7384,35092,0
BGIO.US,D,20200728,000000,5.7929,5.7996,5.7384,5.7416,53555,0
BGIO.US,D,20200729,000000,5.7453,5.8407,5.7384,5.8134,22704,0
BGIO.US,D,20200730,000000,5.7656,5.827,5.7315,5.827,46310,0
BGIO.US,D,20200731,000000,5.8884,5.8884,5.7588,5.7988,35537,0
BGIO.US,D,20200803,000000,5.8474,5.8474,5.7792,5.8067,28405,0
BGIO.US,D,20200804,000000,5.9022,5.9294,5.7792,5.7996,46521,0
BGIO.US,D,20200805,000000,5.9022,5.9022,5.7929,5.8067,27943,0
BGIO.US,D,20200806,000000,5.8679,5.8679,5.8338,5.8474,39245,0
BGIO.US,D,20200807,000000,5.8474,5.8474,5.7929,5.7996,70903,0
BGIO.US,D,20200810,000000,5.8067,5.8407,5.7792,5.8067,99913,0
BGIO.US,D,20200811,000000,5.8067,5.9022,5.7862,5.8679,98437,0
BGIO.US,D,20200812,000000,5.851,5.9294,5.8338,5.8611,60738,0
BGIO.US,D,20200813,000000,5.9091,5.9091,5.8473,5.875,45550,0
BGIO.US,D,20200814,000000,5.8544,5.88,5.7994,5.88,71401,0
BGIO.US,D,20200817,000000,5.8406,5.8778,5.7994,5.8337,46475,0
BGIO.US,D,20200818,000000,5.875,5.8961,5.8543,5.8611,32956,0
BGIO.US,D,20200819,000000,5.8783,5.9297,5.8406,5.868,77776,0
BGIO.US,D,20200820,000000,5.8817,5.9641,5.8201,5.868,82861,0
BGIO.US,D,20200821,000000,5.8611,5.9024,5.8268,5.8337,77695,0
BGIO.US,D,20200824,000000,5.8337,5.8817,5.8201,5.8543,53979,0
BGIO.US,D,20200825,000000,5.8473,5.9641,5.8473,5.9436,25046,0
BGIO.US,D,20200826,000000,5.9366,5.9709,5.8543,5.9318,56991,0
BGIO.US,D,20200827,000000,5.9162,5.9297,5.868,5.9091,37067,0
BGIO.US,D,20200828,000000,5.8886,5.9984,5.868,5.9984,40567,0
BGIO.US,D,20200831,000000,6.012,6.012,5.9367,5.9984,24102,0
BGIO.US,D,20200901,000000,6.0329,6.0329,5.9709,5.9917,53329,0
BGIO.US,D,20200902,000000,6.0329,6.0466,5.9778,6.019,89410,0
BGIO.US,D,20200903,000000,6.0329,6.0329,5.9229,5.9813,77628,0
BGIO.US,D,20200904,000000,5.9504,6.0258,5.868,5.9504,60017,0
BGIO.US,D,20200908,000000,5.9503,5.9641,5.8337,5.8784,106968,0
BGIO.US,D,20200909,000000,5.868,5.9162,5.8406,5.8543,44574,0
BGIO.US,D,20200910,000000,5.8955,5.9229,5.8063,5.8406,73096,0
BGIO.US,D,20200911,000000,5.8702,5.8702,5.8337,5.8406,62817,0
BGIO.US,D,20200914,000000,5.9303,5.9303,5.882,5.9096,20578,0
BGIO.US,D,20200915,000000,5.922,5.9441,5.9096,5.9276,46652,0
BGIO.US,D,20200916,000000,5.9096,6.0407,5.9028,6.0063,85083,0
BGIO.US,D,20200917,000000,6.0063,6.0063,5.9028,5.9096,57553,0
BGIO.US,D,20200918,000000,5.9235,6.0339,5.9235,5.9717,14374,0
BGIO.US,D,20200921,000000,5.9579,6.0063,5.9096,5.9441,87626,0
BGIO.US,D,20200922,000000,5.9649,5.9736,5.9028,5.9649,62953,0
BGIO.US,D,20200923,000000,5.9649,6.1098,5.9352,5.9717,92297,0
BGIO.US,D,20200924,000000,5.9717,5.9717,5.9028,5.9373,95686,0
BGIO.US,D,20200925,000000,5.9096,5.9787,5.875,5.8957,36690,0
BGIO.US,D,20200928,000000,5.9787,5.9787,5.8993,5.9234,26687,0
BGIO.US,D,20200929,000000,5.9292,6.0202,5.9292,6.0132,15781,0
BGIO.US,D,20200930,000000,6.0685,6.0685,5.9373,5.9717,59314,0
BGIO.US,D,20201001,000000,5.9441,6.0339,5.9362,6.0202,26179,0
BGIO.US,D,20201002,000000,6.0213,6.1029,5.9166,6.0478,67155,0
BGIO.US,D,20201005,000000,6.0822,6.0822,5.9993,6.0822,16235,0
BGIO.US,D,20201006,000000,6.0132,6.0685,5.9855,6.0685,19737,0
BGIO.US,D,20201007,000000,6.0132,6.0202,5.9441,5.9855,81328,0
BGIO.US,D,20201008,000000,5.9764,5.9855,5.9096,5.9441,52133,0
BGIO.US,D,20201009,000000,5.9234,5.941,5.8406,5.9096,71689,0
BGIO.US,D,20201012,000000,5.9373,5.9441,5.9234,5.9373,47922,0
BGIO.US,D,20201013,000000,5.9373,5.9717,5.9373,5.9579,69658,0
BGIO.US,D,20201014,000000,5.9927,6.0134,5.9614,5.9718,40336,0
BGIO.US,D,20201015,000000,5.9789,5.9856,5.9232,5.9579,58271,0
BGIO.US,D,20201016,000000,5.9649,5.9774,5.9371,5.9371,40416,0
BGIO.US,D,20201019,000000,5.9441,5.9789,5.9163,5.9302,77061,0
BGIO.US,D,20201020,000000,5.9302,5.9927,5.9232,5.9649,148810,0
BGIO.US,D,20201021,000000,5.9856,5.9856,5.9302,5.9649,62744,0
BGIO.US,D,20201022,000000,5.9718,5.9718,5.9371,5.9441,44848,0
BGIO.US,D,20201023,000000,5.9718,5.981,5.9371,5.9789,55445,0
BGIO.US,D,20201026,000000,5.9024,5.9302,5.9024,5.9302,99427,0
BGIO.US,D,20201027,000000,5.9302,5.9927,5.9243,5.9649,28453,0
BGIO.US,D,20201028,000000,5.951,5.951,5.826,5.8746,47925,0
BGIO.US,D,20201029,000000,5.8914,5.9927,5.8676,5.9579,56675,0
BGIO.US,D,20201030,000000,5.9927,5.9927,5.9232,5.9789,26264,0
BGIO.US,D,20201102,000000,5.9718,5.9718,5.7358,5.8955,67430,0
BGIO.US,D,20201103,000000,5.9441,6.0344,5.9093,5.9996,75655,0
BGIO.US,D,20201104,000000,6.0344,6.0483,5.9441,5.9718,35474,0
BGIO.US,D,20201105,000000,5.9782,6.1107,5.951,6.0205,25384,0
BGIO.US,D,20201106,000000,5.9856,6.0551,5.9856,6.0205,10662,0
BGIO.US,D,20201109,000000,6.0273,6.0898,5.9441,5.9441,33757,0
BGIO.US,D,20201110,000000,6.0483,6.1037,6.0309,6.1037,25410,0
BGIO.US,D,20201111,000000,6.1177,6.1177,6.076,6.1177,40508,0
BGIO.US,D,20201112,000000,6.0829,6.1107,6.0344,6.0344,97930,0
BGIO.US,D,20201113,000000,6.0344,6.0434,5.9645,6.0344,243806,0
BGIO.US,D,20201116,000000,6.0133,6.0761,6.0065,6.0413,184095,0
BGIO.US,D,20201117,000000,5.9993,6.1042,5.9854,6.0973,96745,0
BGIO.US,D,20201118,000000,6.0973,6.1809,6.0692,6.1251,97255,0
BGIO.US,D,20201119,000000,6.0973,6.1809,6.0566,6.1531,46833,0
BGIO.US,D,20201120,000000,6.1042,6.1251,6.0973,6.1042,26255,0
BGIO.US,D,20201123,000000,6.1042,6.1384,6.0413,6.0832,49482,0
BGIO.US,D,20201124,000000,6.0832,6.1391,6.0832,6.1182,42899,0
BGIO.US,D,20201125,000000,6.1182,6.1601,6.1182,6.1461,15486,0
BGIO.US,D,20201127,000000,6.1427,6.1809,6.1251,6.1809,10137,0
BGIO.US,D,20201130,000000,6.1809,6.1809,6.1182,6.1601,37674,0
BGIO.US,D,20201201,000000,6.1322,6.2299,6.1322,6.1809,53031,0
BGIO.US,D,20201202,000000,6.1461,6.2535,6.1461,6.2229,41681,0
BGIO.US,D,20201203,000000,6.223,6.2404,6.1531,6.1809,139436,0
BGIO.US,D,20201204,000000,6.1949,6.2299,6.1949,6.2089,16377,0
BGIO.US,D,20201207,000000,6.2089,6.2578,6.2089,6.2229,30736,0
BGIO.US,D,20201208,000000,6.2509,6.3137,6.2159,6.2648,48533,0
BGIO.US,D,20201209,000000,6.2509,6.319,6.2299,6.2509,100592,0
BGIO.US,D,20201210,000000,6.2229,6.3068,6.2229,6.2857,33717,0
BGIO.US,D,20201211,000000,6.2648,6.3487,6.2648,6.3416,100062,0
BGIO.US,D,20201214,000000,6.3347,6.3838,6.2854,6.2995,63022,0
BGIO.US,D,20201215,000000,6.2995,6.3136,6.2152,6.2854,81604,0
BGIO.US,D,20201216,000000,6.3487,6.3487,6.2363,6.2504,74984,0
BGIO.US,D,20201217,000000,6.2504,6.3066,6.2504,6.2504,32386,0
BGIO.US,D,20201218,000000,6.2363,6.2854,6.1942,6.2573,154889,0
BGIO.US,D,20201221,000000,6.2854,6.2854,6.2222,6.2293,157706,0
BGIO.US,D,20201222,000000,6.2643,6.271,6.1942,6.2363,228311,0
BGIO.US,D,20201223,000000,6.2152,6.2784,6.2152,6.2432,82408,0
BGIO.US,D,20201224,000000,6.2854,6.2854,6.2222,6.2643,78458,0
BGIO.US,D,20201228,000000,6.2432,6.2854,6.2293,6.2854,72008,0
BGIO.US,D,20201229,000000,6.2573,6.3207,6.2573,6.3207,79175,0
BGIO.US,D,20201230,000000,6.3559,6.3559,6.3207,6.3559,52267,0
BGIO.US,D,20201231,000000,6.3488,6.3911,6.3487,6.3842,91333,0
BGIO.US,D,20210104,000000,6.3488,6.37,6.2924,6.3488,60792,0
BGIO.US,D,20210105,000000,6.3135,6.3842,6.3135,6.3842,64663,0
BGIO.US,D,20210106,000000,6.3842,6.3983,6.3208,6.3559,33072,0
BGIO.US,D,20210107,000000,6.3417,6.3559,6.3277,6.3559,24930,0
BGIO.US,D,20210108,000000,6.3488,6.3559,6.3277,6.3488,41311,0
BGIO.US,D,20210111,000000,6.3559,6.3911,6.3277,6.37,65926,0
BGIO.US,D,20210112,000000,6.3626,6.3911,6.3488,6.3842,57749,0
BGIO.US,D,20210113,000000,6.3842,6.4124,6.3564,6.3911,23840,0
BGIO.US,D,20210114,000000,6.4053,6.4194,6.3621,6.4053,91466,0
BGIO.US,D,20210115,000000,6.4093,6.4194,6.3842,6.4194,43423,0
BGIO.US,D,20210119,000000,6.3983,6.4194,6.3983,6.4194,27913,0
BGIO.US,D,20210120,000000,6.4053,6.4406,6.4053,6.4194,42604,0
BGIO.US,D,20210121,000000,6.4124,6.4971,6.4123,6.4688,55972,0
BGIO.US,D,20210122,000000,6.4618,6.4971,6.4336,6.4971,30917,0
BGIO.US,D,20210125,000000,6.476,6.483,6.4124,6.4548,73227,0
BGIO.US,D,20210126,000000,6.4618,6.5042,6.4548,6.483,47733,0
BGIO.US,D,20210127,000000,6.4406,6.5112,6.3983,6.4618,106085,0
BGIO.US,D,20210128,000000,6.4336,6.4971,6.4336,6.476,21335,0
BGIO.US,D,20210129,000000,6.4406,6.483,6.4124,6.4336,68678,0
BGIO.US,D,20210201,000000,6.4336,6.49,6.4336,6.483,26590,0
BGIO.US,D,20210202,000000,6.4548,6.4971,6.4336,6.4618,43762,0
BGIO.US,D,20210203,000000,6.4618,6.4618,6.4336,6.4406,69223,0
BGIO.US,D,20210204,000000,6.4406,6.4971,6.4406,6.483,63201,0
BGIO.US,D,20210205,000000,6.4618,6.5112,6.4406,6.5112,55756,0
BGIO.US,D,20210208,000000,6.4894,6.5112,6.4894,6.5112,54918,0
BGIO.US,D,20210209,000000,6.483,6.5042,6.4809,6.5042,39383,0
BGIO.US,D,20210210,000000,6.4971,6.5254,6.4688,6.4976,54648,0
BGIO.US,D,20210211,000000,6.5183,6.5324,6.4406,6.483,72789,0
BGIO.US,D,20210212,000000,6.483,6.547,6.483,6.5185,62568,0
BGIO.US,D,20210216,000000,6.483,6.5185,6.483,6.4971,78881,0
BGIO.US,D,20210217,000000,6.5086,6.5611,6.483,6.5398,73337,0
BGIO.US,D,20210218,000000,6.5337,6.5363,6.49,6.5327,109931,0
BGIO.US,D,20210219,000000,6.5114,6.5682,6.5114,6.554,47817,0
BGIO.US,D,20210222,000000,6.5255,6.5824,6.5114,6.5682,181849,0
BGIO.US,D,20210223,000000,6.5682,6.6179,6.5255,6.5681,111329,0
BGIO.US,D,20210224,000000,6.5824,6.5824,6.554,6.5754,30835,0
BGIO.US,D,20210225,000000,6.554,6.5888,6.5398,6.554,217921,0
BGIO.US,D,20210226,000000,6.5327,6.6392,6.5114,6.5327,119729,0
BGIO.US,D,20210301,000000,6.5398,6.5647,6.5255,6.5398,42212,0
BGIO.US,D,20210302,000000,6.483,6.554,6.483,6.5114,117747,0
BGIO.US,D,20210303,000000,6.5185,6.5611,6.4971,6.5185,49813,0
BGIO.US,D,20210304,000000,6.5255,6.5398,6.4971,6.5255,67550,0
BGIO.US,D,20210305,000000,6.5327,6.5611,6.5114,6.547,72976,0
BGIO.US,D,20210308,000000,6.5682,6.6889,6.547,6.6321,86334,0
BGIO.US,D,20210309,000000,6.6179,6.6224,6.5504,6.5682,92895,0
BGIO.US,D,20210310,000000,6.5682,6.6037,6.5504,6.554,31305,0
BGIO.US,D,20210311,000000,6.5611,6.6108,6.554,6.554,103758,0
BGIO.US,D,20210312,000000,6.5968,6.6253,6.5469,6.5682,88705,0
BGIO.US,D,20210315,000000,6.5754,6.6111,6.5612,6.5898,71365,0
BGIO.US,D,20210316,000000,6.5997,6.6607,6.5898,6.6182,92581,0
BGIO.US,D,20210317,000000,6.5826,6.618,6.5754,6.5754,50586,0
BGIO.US,D,20210318,000000,6.5612,6.5612,6.5183,6.5532,90665,0
BGIO.US,D,20210319,000000,6.5469,6.6325,6.4969,6.6111,155819,0
BGIO.US,D,20210322,000000,6.5968,6.5968,6.5682,6.5826,29105,0
BGIO.US,D,20210323,000000,6.6111,6.6111,6.5326,6.5469,81369,0
BGIO.US,D,20210324,000000,6.5826,6.5826,6.5469,6.554,39287,0
BGIO.US,D,20210325,000000,6.5784,6.5968,6.5397,6.554,44064,0
BGIO.US,D,20210326,000000,6.5397,6.5754,6.5327,6.5469,65574,0
BGIO.US,D,20210329,000000,6.5612,6.5612,6.5326,6.5469,41527,0
BGIO.US,D,20210330,000000,6.5397,6.5612,6.529,6.5326,154734,0
BGIO.US,D,20210331,000000,6.5682,6.5682,6.5254,6.5469,102074,0
BGIO.US,D,20210401,000000,6.5326,6.5612,6.5326,6.554,38354,0
BGIO.US,D,20210405,000000,6.5898,6.5968,6.5612,6.5682,48034,0
BGIO.US,D,20210406,000000,6.5898,6.604,6.5612,6.5968,73240,0
BGIO.US,D,20210407,000000,6.5895,6.5968,6.5826,6.5898,45413,0
BGIO.US,D,20210408,000000,6.604,6.654,6.5968,6.654,137615,0
BGIO.US,D,20210409,000000,6.6753,6.6753,6.5898,6.6469,39503,0
BGIO.US,D,20210412,000000,6.6753,6.7396,6.6253,6.7111,44429,0
BGIO.US,D,20210413,000000,6.7075,6.7111,6.6111,6.6965,26472,0
BGIO.US,D,20210414,000000,6.6752,6.6752,6.6035,6.6394,53041,0
BGIO.US,D,20210415,000000,6.6178,6.6394,6.6035,6.6178,48383,0
BGIO.US,D,20210416,000000,6.6035,6.6355,6.5676,6.6179,73132,0
BGIO.US,D,20210419,000000,6.6226,6.6752,6.5892,6.6752,60690,0
BGIO.US,D,20210420,000000,6.6752,6.747,6.6752,6.6968,157909,0
BGIO.US,D,20210421,000000,6.7182,6.7182,6.6035,6.6537,74813,0
BGIO.US,D,20210422,000000,6.6401,6.6609,6.5963,6.6609,100798,0
BGIO.US,D,20210423,000000,6.6035,6.747,6.6035,6.7327,67918,0
BGIO.US,D,20210426,000000,6.7327,6.7327,6.6537,6.6537,58061,0
BGIO.US,D,20210427,000000,6.6465,6.6968,6.6465,6.6896,70870,0
BGIO.US,D,20210428,000000,6.688,6.747,6.6537,6.747,72321,0
BGIO.US,D,20210429,000000,6.7255,6.7399,6.7112,6.7183,30889,0
BGIO.US,D,20210430,000000,6.7327,6.747,6.6896,6.6968,37409,0
BGIO.US,D,20210503,000000,6.7183,6.747,6.6752,6.6752,16460,0
BGIO.US,D,20210504,000000,6.7183,6.7393,6.6106,6.6106,59041,0
BGIO.US,D,20210505,000000,6.6394,6.704,6.6394,6.6609,81165,0
BGIO.US,D,20210506,000000,6.6968,6.6968,6.6394,6.6394,31931,0
BGIO.US,D,20210507,000000,6.6752,6.6968,6.6446,6.6824,55773,0
BGIO.US,D,20210510,000000,6.6824,6.747,6.6824,6.7255,56236,0
BGIO.US,D,20210511,000000,6.7255,6.7542,6.7255,6.7399,55288,0
BGIO.US,D,20210512,000000,6.7183,6.747,6.6752,6.704,28707,0
BGIO.US,D,20210513,000000,6.704,6.7064,6.6101,6.6318,218550,0
BGIO.US,D,20210514,000000,6.6405,6.6607,6.6246,6.6318,25771,0
BGIO.US,D,20210517,000000,6.6464,6.6679,6.6318,6.6535,78183,0
BGIO.US,D,20210518,000000,6.6751,6.6968,6.6535,6.6824,26245,0
BGIO.US,D,20210519,000000,6.6246,6.6895,6.6246,6.6751,80814,0
BGIO.US,D,20210520,000000,6.6824,6.7472,6.6806,6.7398,53273,0
BGIO.US,D,20210521,000000,6.6751,6.74,6.6751,6.7112,56690,0
BGIO.US,D,20210524,000000,6.7436,6.7436,6.6751,6.7039,56912,0
BGIO.US,D,20210525,000000,6.7761,6.7826,6.6895,6.704,102751,0
BGIO.US,D,20210526,000000,6.7328,6.7328,6.6824,6.6895,47453,0
BGIO.US,D,20210527,000000,6.6968,6.7256,6.6895,6.7076,46972,0
BGIO.US,D,20210528,000000,6.7472,6.7761,6.7256,6.7545,53188,0
BGIO.US,D,20210601,000000,6.7545,6.7761,6.7328,6.7617,25811,0
BGIO.US,D,20210602,000000,6.7689,6.7977,6.7472,6.7905,35632,0
BGIO.US,D,20210603,000000,6.7689,6.7977,6.74,6.7977,33615,0
BGIO.US,D,20210604,000000,6.7977,6.8194,6.74,6.7689,51817,0
BGIO.US,D,20210607,000000,6.7833,6.8194,6.7545,6.7723,37371,0
BGIO.US,D,20210608,000000,6.7833,6.8194,6.74,6.74,44534,0
BGIO.US,D,20210609,000000,6.74,6.7833,6.74,6.7545,21217,0
BGIO.US,D,20210610,000000,6.7545,6.8119,6.7472,6.7545,31724,0
BGIO.US,D,20210611,000000,6.7689,6.8194,6.7472,6.7761,66068,0
BGIO.US,D,20210614,000000,6.7761,6.8349,6.7544,6.8341,35413,0
BGIO.US,D,20210615,000000,6.7688,6.8197,6.7544,6.7906,64514,0
BGIO.US,D,20210616,000000,6.7979,6.8122,6.7693,6.7979,64732,0
BGIO.US,D,20210617,000000,6.8124,6.8265,6.7761,6.7979,19664,0
BGIO.US,D,20210618,000000,6.7833,6.7956,6.7688,6.7761,19124,0
BGIO.US,D,20210621,000000,6.7761,6.7972,6.7471,6.7972,78770,0
BGIO.US,D,20210622,000000,6.7979,6.8052,6.7761,6.7761,29825,0
BGIO.US,D,20210623,000000,6.7979,6.7979,6.7544,6.7544,24399,0
BGIO.US,D,20210624,000000,6.7834,6.7834,6.7616,6.7616,34716,0
BGIO.US,D,20210625,000000,6.7761,6.8269,6.7688,6.8269,26670,0
BGIO.US,D,20210628,000000,6.7544,6.7946,6.7544,6.7761,56738,0
BGIO.US,D,20210629,000000,6.7688,6.7834,6.7036,6.7181,146117,0
BGIO.US,D,20210630,000000,6.7471,6.7471,6.7108,6.7326,54722,0
BGIO.US,D,20210701,000000,6.7399,6.7399,6.6964,6.7253,102661,0
BGIO.US,D,20210702,000000,6.7399,6.7399,6.7218,6.7253,23341,0
BGIO.US,D,20210706,000000,6.7326,6.7399,6.7254,6.7386,114941,0
BGIO.US,D,20210707,000000,6.7471,6.7892,6.7471,6.7471,43632,0
BGIO.US,D,20210708,000000,6.7326,6.7688,6.7181,6.7616,42765,0
BGIO.US,D,20210709,000000,6.7834,6.7957,6.7181,6.7544,49314,0
BGIO.US,D,20210712,000000,6.7616,6.8052,6.7362,6.8052,84454,0
BGIO.US,D,20210713,000000,6.8341,7.2404,6.7616,6.7979,67866,0
BGIO.US,D,20210714,000000,7.1174,7.1174,6.7036,6.7863,232569,0
BGIO.US,D,20210715,000000,6.7201,6.7201,6.6539,6.6704,217854,0
BGIO.US,D,20210716,000000,6.6622,6.6787,6.5877,6.6456,129536,0
BGIO.US,D,20210719,000000,6.6208,6.6539,6.6208,6.6208,123505,0
BGIO.US,D,20210720,000000,6.6373,6.7615,6.6208,6.6456,129607,0
BGIO.US,D,20210721,000000,6.6373,6.6539,6.6125,6.6456,137272,0
BGIO.US,D,20210722,000000,6.6291,6.6953,6.6291,6.6787,55045,0
BGIO.US,D,20210723,000000,6.6539,6.6622,6.6456,6.6539,27943,0
BGIO.US,D,20210726,000000,6.6373,6.687,6.6373,6.6787,54110,0
BGIO.US,D,20210727,000000,6.6704,6.6787,6.6456,6.6539,45306,0
BGIO.US,D,20210728,000000,6.6456,6.7367,6.6456,6.7036,60573,0
BGIO.US,D,20210729,000000,6.7284,6.7284,6.6539,6.7036,95110,0
BGIO.US,D,20210730,000000,6.7532,6.7532,6.6622,6.7036,182012,0
BGIO.US,D,20210802,000000,6.6704,6.7036,6.6042,6.6207,420994,0
BGIO.US,D,20210803,000000,6.6291,6.6539,6.6208,6.6539,226000,0
BGIO.US,D,20210804,000000,6.6787,6.6787,6.6373,6.6539,107249,0
BGIO.US,D,20210805,000000,6.6712,6.6787,6.6456,6.6704,102186,0
BGIO.US,D,20210806,000000,6.6456,6.6704,6.6125,6.6125,148440,0
BGIO.US,D,20210809,000000,6.6125,6.6622,6.6125,6.6539,63104,0
BGIO.US,D,20210810,000000,6.6787,6.6787,6.6426,6.6704,40051,0
BGIO.US,D,20210811,000000,6.687,6.7284,6.6291,6.6456,99023,0
BGIO.US,D,20210812,000000,6.6539,6.687,6.6456,6.687,110769,0
BGIO.US,D,20210813,000000,6.78,6.78,6.7001,6.74,64533,0
BGIO.US,D,20210816,000000,6.72,6.75,6.65,6.68,80874,0
BGIO.US,D,20210817,000000,6.65,6.69,6.65,6.66,85474,0
BGIO.US,D,20210818,000000,6.6601,6.6799,6.65,6.65,43529,0
BGIO.US,D,20210819,000000,6.64,6.67,6.64,6.65,121608,0
BGIO.US,D,20210820,000000,6.64,6.665,6.64,6.65,47010,0
BGIO.US,D,20210823,000000,6.65,6.66,6.63,6.65,125312,0
BGIO.US,D,20210824,000000,6.65,6.68,6.65,6.65,189869,0
BGIO.US,D,20210825,000000,6.65,6.71,6.64,6.69,92610,0
