<TICKER>,<PER>,<DATE>,<TIME>,<OPEN>,<HIGH>,<LOW>,<CLOSE>,<VOL>,<OPENINT>
HUBB.US,D,20151228,000000,87.84,88.372,86.775,88.363,324904,0
HUBB.US,D,20151229,000000,88.834,90.509,88.436,89.575,319602,0
HUBB.US,D,20151230,000000,89.031,90.854,89.031,89.826,282574,0
HUBB.US,D,20151231,000000,89.1,90.015,87.864,87.864,231942,0
HUBB.US,D,20160104,000000,87.035,89.487,86.271,88.691,493502,0
HUBB.US,D,20160105,000000,88.834,89.252,87.097,87.229,427514,0
HUBB.US,D,20160106,000000,86.106,86.967,85.367,85.87,344414,0
HUBB.US,D,20160107,000000,83.495,84.519,81.68,82.618,701296,0
HUBB.US,D,20160108,000000,83.053,84.349,81.984,82.541,441618,0
HUBB.US,D,20160111,000000,82.445,82.471,79.662,79.992,643123,0
HUBB.US,D,20160112,000000,80.751,81.475,79.6,80.252,559049,0
HUBB.US,D,20160113,000000,80.652,81.286,77.296,77.417,449220,0
HUBB.US,D,20160114,000000,77.912,79.018,76.809,78.862,428438,0
HUBB.US,D,20160115,000000,77.21,77.73,75.713,77.46,407654,0
HUBB.US,D,20160119,000000,78.2,78.295,76.349,76.957,246645,0
HUBB.US,D,20160120,000000,75.721,76.478,73.999,75.448,473113,0
HUBB.US,D,20160121,000000,75.729,77.289,75.156,75.877,399744,0
HUBB.US,D,20160122,000000,77.217,78.261,75.279,76.92,485459,0
HUBB.US,D,20160125,000000,76.496,76.957,75.226,75.435,286098,0
HUBB.US,D,20160126,000000,75.774,77.252,74.931,76.321,536422,0
HUBB.US,D,20160127,000000,76.173,77.114,74.991,75.043,577632,0
HUBB.US,D,20160128,000000,72.322,77.321,72.322,76.876,637312,0
HUBB.US,D,20160129,000000,76.46,78.888,75.949,78.644,841729,0
HUBB.US,D,20160201,000000,77.887,78.636,76.845,78.357,399651,0
HUBB.US,D,20160202,000000,77.617,77.905,76.393,76.496,347475,0
HUBB.US,D,20160203,000000,77.26,78.392,75.478,78.053,331174,0
HUBB.US,D,20160204,000000,78.011,80.512,78.011,79.903,652320,0
HUBB.US,D,20160205,000000,79.756,81.175,78.269,78.434,357194,0
HUBB.US,D,20160208,000000,77.617,78.322,76.862,78.157,414626,0
HUBB.US,D,20160209,000000,77.252,79.182,76.886,78.235,361467,0
HUBB.US,D,20160210,000000,78.739,78.931,77.757,78.096,277672,0
HUBB.US,D,20160211,000000,76.641,78.54,75.279,77.714,228907,0
HUBB.US,D,20160212,000000,78.288,78.94,76.641,78.218,385451,0
HUBB.US,D,20160216,000000,79.453,80.851,78.739,80.349,408295,0
HUBB.US,D,20160217,000000,80.956,82.163,80.689,80.923,374173,0
HUBB.US,D,20160218,000000,81.479,81.713,80.096,80.8,438305,0
HUBB.US,D,20160219,000000,80.401,81.409,80.044,81.357,270362,0
HUBB.US,D,20160222,000000,82.271,83.483,81.662,83.244,299606,0
HUBB.US,D,20160223,000000,82.696,83.626,82.297,83.548,583872,0
HUBB.US,D,20160224,000000,82.566,84.209,82.28,84.089,522112,0
HUBB.US,D,20160225,000000,84.638,85.804,83.799,85.646,248514,0
HUBB.US,D,20160226,000000,85.891,87.143,85.715,86.538,243167,0
HUBB.US,D,20160229,000000,86.74,87.689,86.372,86.977,424651,0
HUBB.US,D,20160301,000000,87.821,88.664,86.879,88.25,337288,0
HUBB.US,D,20160302,000000,87.936,89.469,87.936,89.361,281106,0
HUBB.US,D,20160303,000000,89.191,89.819,88.769,88.904,473473,0
HUBB.US,D,20160304,000000,88.986,89.326,88.26,88.468,641583,0
HUBB.US,D,20160307,000000,88.076,89.154,87.759,89.145,508249,0
HUBB.US,D,20160308,000000,88.638,88.986,87.422,87.449,262269,0
HUBB.US,D,20160309,000000,87.68,88.085,86.538,86.723,268155,0
HUBB.US,D,20160310,000000,87.152,87.414,86.286,87.328,228470,0
HUBB.US,D,20160311,000000,88.149,88.54,87.361,88.022,211069,0
HUBB.US,D,20160314,000000,87.563,87.655,86.924,87.301,213472,0
HUBB.US,D,20160315,000000,86.355,87.928,85.56,87.891,263406,0
HUBB.US,D,20160316,000000,87.555,89.261,86.96,88.691,293750,0
HUBB.US,D,20160317,000000,89.065,90.089,88.691,89.709,412774,0
HUBB.US,D,20160318,000000,89.539,91.265,89.352,90.161,894350,0
HUBB.US,D,20160321,000000,89.65,90.671,89.65,89.953,290451,0
HUBB.US,D,20160322,000000,89.889,90.168,89.404,89.735,314532,0
HUBB.US,D,20160323,000000,89.522,89.764,88.31,88.344,212009,0
HUBB.US,D,20160324,000000,87.44,88.798,86.6,88.372,255344,0
HUBB.US,D,20160328,000000,88.681,89.387,87.777,89.244,256341,0
HUBB.US,D,20160329,000000,88.76,90.882,88.418,90.654,278807,0
HUBB.US,D,20160330,000000,91.385,92.429,90.827,92.253,289984,0
HUBB.US,D,20160331,000000,91.966,93.361,91.406,92.734,380725,0
HUBB.US,D,20160401,000000,91.839,94.856,91.36,94.752,467862,0
HUBB.US,D,20160404,000000,94.63,95.18,92.993,93.334,219919,0
HUBB.US,D,20160405,000000,92.524,93.022,91.756,92.356,275151,0
HUBB.US,D,20160406,000000,92.447,93.255,91.303,93.134,254529,0
HUBB.US,D,20160407,000000,92.67,93.598,92.447,93.33,323863,0
HUBB.US,D,20160408,000000,94.253,95.113,93.783,94.073,210990,0
HUBB.US,D,20160411,000000,94.376,94.771,93.097,93.217,242841,0
HUBB.US,D,20160412,000000,93.418,94.395,93.162,93.467,296064,0
HUBB.US,D,20160413,000000,93.774,95.554,93.774,95.515,240124,0
HUBB.US,D,20160414,000000,95.362,95.911,94.422,94.742,247095,0
HUBB.US,D,20160415,000000,94.742,95.688,94.298,95.391,323805,0
HUBB.US,D,20160418,000000,95.217,95.96,94.404,95.604,168233,0
HUBB.US,D,20160419,000000,96.153,96.153,94.989,95.065,211401,0
HUBB.US,D,20160420,000000,95.074,95.785,94.12,94.961,171166,0
HUBB.US,D,20160421,000000,94.961,95.707,94.809,95.45,163545,0
HUBB.US,D,20160422,000000,95.217,96.094,94.225,94.712,387375,0
HUBB.US,D,20160425,000000,94.47,95.037,93.293,93.953,304221,0
HUBB.US,D,20160426,000000,95.189,97.36,93.475,93.652,451412,0
HUBB.US,D,20160427,000000,93.428,95.317,92.743,93.389,274741,0
HUBB.US,D,20160428,000000,92.696,93.662,91.919,92.41,139903,0
HUBB.US,D,20160429,000000,92.375,92.751,91.241,92.585,318501,0
HUBB.US,D,20160502,000000,92.893,93.162,92.134,92.901,239507,0
HUBB.US,D,20160503,000000,92.162,92.751,91.274,92.661,229247,0
HUBB.US,D,20160504,000000,92.023,92.226,90.956,91.507,131034,0
HUBB.US,D,20160505,000000,91.976,92.475,91.443,92.114,201964,0
HUBB.US,D,20160506,000000,91.635,92.781,91.481,92.393,98509,0
HUBB.US,D,20160509,000000,91.939,92.18,91.303,91.322,115070,0
HUBB.US,D,20160510,000000,91.617,93.38,90.947,93.351,395909,0
HUBB.US,D,20160511,000000,93.312,94.65,92.705,93.06,199216,0
HUBB.US,D,20160512,000000,93.503,94.288,92.105,93.18,280842,0
HUBB.US,D,20160513,000000,92.781,93.125,90.537,91.185,222888,0
HUBB.US,D,20160516,000000,90.645,92.567,90.645,92.143,221281,0
HUBB.US,D,20160517,000000,92.705,93.283,91.076,91.8,301762,0
HUBB.US,D,20160518,000000,91.472,93.209,90.931,91.592,262625,0
HUBB.US,D,20160519,000000,90.827,91.012,89.451,90.645,150181,0
HUBB.US,D,20160520,000000,90.791,91.911,90.519,91.73,260066,0
HUBB.US,D,20160523,000000,91.332,92.514,91.128,91.919,140087,0
HUBB.US,D,20160524,000000,92.542,92.622,91.911,92.327,231330,0
HUBB.US,D,20160525,000000,92.534,93.189,92.384,93.013,235611,0
HUBB.US,D,20160526,000000,93.003,93.624,92.825,93.153,133103,0
HUBB.US,D,20160527,000000,93.171,93.475,92.641,93.302,171163,0
HUBB.US,D,20160531,000000,93.54,93.831,92.967,93.588,209910,0
HUBB.US,D,20160601,000000,92.957,93.521,92.567,93.273,179782,0
HUBB.US,D,20160602,000000,92.808,93.189,91.283,93.189,232651,0
HUBB.US,D,20160603,000000,92.893,93.255,91.919,91.919,250400,0
HUBB.US,D,20160606,000000,92.172,93.351,91.8,93.189,273338,0
HUBB.US,D,20160607,000000,93.302,93.467,92.67,93.153,192736,0
HUBB.US,D,20160608,000000,93.18,93.783,92.761,93.293,185534,0
HUBB.US,D,20160609,000000,92.622,93.171,91.966,93.087,202210,0
HUBB.US,D,20160610,000000,92.485,92.485,90.317,90.421,177216,0
HUBB.US,D,20160613,000000,90.252,91.086,89.316,90.71,228860,0
HUBB.US,D,20160614,000000,90.628,91.067,89.709,90.205,266852,0
HUBB.US,D,20160615,000000,90.628,91.057,89.764,89.899,322073,0
HUBB.US,D,20160616,000000,89.308,89.622,88.267,89.387,557536,0
HUBB.US,D,20160617,000000,89.387,90.061,88.452,88.673,718472,0
HUBB.US,D,20160620,000000,90.043,90.956,89.674,89.764,509253,0
HUBB.US,D,20160621,000000,89.764,90.499,89.271,89.308,183714,0
HUBB.US,D,20160622,000000,89.754,90.135,89.575,89.684,221404,0
HUBB.US,D,20160623,000000,90.701,91.076,90.205,91.012,278541,0
HUBB.US,D,20160624,000000,87.178,89.7,86.844,88.86,928444,0
HUBB.US,D,20160627,000000,87.882,87.882,85.725,86.449,456373,0
HUBB.US,D,20160628,000000,87.143,87.274,86.184,87.072,183209,0
HUBB.US,D,20160629,000000,88.212,89.539,88.06,89.345,479311,0
HUBB.US,D,20160630,000000,89.792,93.06,89.792,92.873,500853,0
HUBB.US,D,20160701,000000,92.893,94.669,92.465,92.94,284595,0
HUBB.US,D,20160705,000000,92.41,92.465,91.028,91.573,128607,0
HUBB.US,D,20160706,000000,91.682,92.429,91.086,92.06,197687,0
HUBB.US,D,20160707,000000,92.456,93.097,91.929,92.419,128610,0
HUBB.US,D,20160708,000000,93.199,93.624,92.734,93.389,180563,0
HUBB.US,D,20160711,000000,93.774,94.431,93.774,93.878,138455,0
HUBB.US,D,20160712,000000,94.611,94.63,93.013,93.322,394351,0
HUBB.US,D,20160713,000000,93.737,93.897,92.984,93.512,247673,0
HUBB.US,D,20160714,000000,94.271,94.809,93.905,93.953,276743,0
HUBB.US,D,20160715,000000,94.092,94.386,93.831,94.157,103153,0
HUBB.US,D,20160718,000000,93.905,94.288,93.841,94.007,65497,0
HUBB.US,D,20160719,000000,93.718,94.308,93.361,93.803,113719,0
HUBB.US,D,20160720,000000,93.871,94.215,93.273,93.746,89471,0
HUBB.US,D,20160721,000000,93.878,94.129,92.93,93.087,110657,0
HUBB.US,D,20160722,000000,92.825,93.077,92.419,92.984,285852,0
HUBB.US,D,20160725,000000,92.67,92.893,91.583,91.747,192852,0
HUBB.US,D,20160726,000000,92.661,93.897,91.626,93.803,322525,0
HUBB.US,D,20160727,000000,93.812,94.007,92.893,93.302,219047,0
HUBB.US,D,20160728,000000,93.097,94.092,92.534,93.54,212508,0
HUBB.US,D,20160729,000000,93.38,95.037,92.612,94.961,313295,0
HUBB.US,D,20160801,000000,94.922,95.093,92.696,93.351,347063,0
HUBB.US,D,20160802,000000,93.408,93.408,91.868,92.347,302699,0
HUBB.US,D,20160803,000000,92.134,92.911,91.903,92.55,136990,0
HUBB.US,D,20160804,000000,92.41,93.255,91.739,92.023,249958,0
HUBB.US,D,20160805,000000,92.505,93.255,92.384,93.097,118910,0
HUBB.US,D,20160808,000000,93.521,93.521,92.622,93.153,141157,0
HUBB.US,D,20160809,000000,93.04,93.672,92.447,92.873,173509,0
HUBB.US,D,20160810,000000,93.312,94.328,93.097,94.016,220882,0
HUBB.US,D,20160811,000000,94.422,94.47,92.92,94.187,194859,0
HUBB.US,D,20160812,000000,93.803,94.703,93.33,94.147,109455,0
HUBB.US,D,20160815,000000,94.147,94.752,93.756,94.536,159358,0
HUBB.US,D,20160816,000000,94.288,95.037,93.991,94.235,149534,0
HUBB.US,D,20160817,000000,94.026,94.441,93.568,93.887,116081,0
HUBB.US,D,20160818,000000,95.97,95.97,94.101,95.199,224299,0
HUBB.US,D,20160819,000000,94.528,95.227,94.235,95.027,186000,0
HUBB.US,D,20160822,000000,94.546,95.171,94.244,95.027,127064,0
HUBB.US,D,20160823,000000,95.284,96.074,94.818,95.564,145257,0
HUBB.US,D,20160824,000000,95.362,96.228,94.611,94.752,108407,0
HUBB.US,D,20160825,000000,94.422,95.411,94.111,95.199,171124,0
HUBB.US,D,20160826,000000,95.352,96.017,94.703,95.037,173190,0
HUBB.US,D,20160829,000000,95.255,96.153,94.809,95.87,116309,0
HUBB.US,D,20160830,000000,95.326,96.566,95.326,96.036,108368,0
HUBB.US,D,20160831,000000,95.584,96.248,94.47,95.921,299333,0
HUBB.US,D,20160901,000000,96.045,96.238,94.914,95.833,174077,0
HUBB.US,D,20160902,000000,96.172,96.836,96.172,96.364,151302,0
HUBB.US,D,20160906,000000,96.481,96.614,95.217,95.574,159769,0
HUBB.US,D,20160907,000000,95.48,95.66,94.693,95.103,130985,0
HUBB.US,D,20160908,000000,95.103,95.103,94.196,94.563,120899,0
HUBB.US,D,20160909,000000,93.598,93.878,91.406,91.886,322285,0
HUBB.US,D,20160912,000000,91.312,93.264,90.931,92.835,280706,0
HUBB.US,D,20160913,000000,92.005,92.124,90.984,91.322,204365,0
HUBB.US,D,20160914,000000,91.265,91.369,90.252,90.454,239963,0
HUBB.US,D,20160915,000000,90.654,91.848,90.556,91.283,137600,0
HUBB.US,D,20160916,000000,90.628,91.397,90.098,91.002,428399,0
HUBB.US,D,20160919,000000,91.498,92.318,91.257,91.739,194191,0
HUBB.US,D,20160920,000000,91.985,92.281,91.018,91.057,144555,0
HUBB.US,D,20160921,000000,91.682,92.984,91.452,92.845,233708,0
HUBB.US,D,20160922,000000,93.54,95.335,93.18,94.98,224066,0
HUBB.US,D,20160923,000000,95.056,95.189,93.905,93.943,201965,0
HUBB.US,D,20160926,000000,93.774,94.45,93.728,93.728,110553,0
HUBB.US,D,20160927,000000,93.343,95.227,93.003,94.518,187770,0
HUBB.US,D,20160928,000000,94.864,95.889,94.101,95.747,196823,0
HUBB.US,D,20160929,000000,95.431,95.96,94.366,94.431,140913,0
HUBB.US,D,20160930,000000,95.132,95.901,94.479,95.431,219703,0
HUBB.US,D,20161003,000000,94.799,95.421,94.138,94.225,128196,0
HUBB.US,D,20161004,000000,94.431,94.942,92.993,93.312,127996,0
HUBB.US,D,20161005,000000,93.255,93.933,92.761,93.53,173249,0
HUBB.US,D,20161006,000000,93.05,94.016,92.893,93.418,290275,0
HUBB.US,D,20161007,000000,93.199,93.199,92.079,92.263,164851,0
HUBB.US,D,20161010,000000,92.734,93.107,92.069,92.3,128087,0
HUBB.US,D,20161011,000000,91.929,92.55,90.727,91.047,152916,0
HUBB.US,D,20161012,000000,91.128,91.73,90.177,90.965,208364,0
HUBB.US,D,20161013,000000,90.645,90.645,89.593,89.945,225172,0
HUBB.US,D,20161014,000000,90.809,91.773,90.537,91.663,370434,0
HUBB.US,D,20161017,000000,91.498,91.763,91.028,91.452,233995,0
HUBB.US,D,20161018,000000,92.475,92.475,91.34,91.443,165040,0
HUBB.US,D,20161019,000000,91.35,92.67,90.745,92.087,204991,0
HUBB.US,D,20161020,000000,91.722,92.622,90.901,91.976,129862,0
HUBB.US,D,20161021,000000,91.241,92.835,90.901,92.651,153269,0
HUBB.US,D,20161024,000000,93.634,94.46,92.337,92.893,412248,0
HUBB.US,D,20161025,000000,93.54,94.422,91.782,92.845,381794,0
HUBB.US,D,20161026,000000,91.663,93.493,91.617,93.18,305103,0
HUBB.US,D,20161027,000000,93.512,93.512,92.585,92.93,223675,0
HUBB.US,D,20161028,000000,92.835,94.157,92.263,92.651,159631,0
HUBB.US,D,20161031,000000,93.302,93.709,92.542,92.585,307895,0
HUBB.US,D,20161101,000000,93.077,93.334,91.545,91.702,468409,0
HUBB.US,D,20161102,000000,91.425,93.069,90.44,90.472,221407,0
HUBB.US,D,20161103,000000,90.636,91.147,89.999,90.911,193392,0
HUBB.US,D,20161104,000000,90.783,92.272,90.71,91.385,207061,0
HUBB.US,D,20161107,000000,92.761,93.861,92.761,93.351,155840,0
HUBB.US,D,20161108,000000,93.069,93.871,92.93,93.467,287846,0
HUBB.US,D,20161109,000000,93.283,97.235,93.283,95.99,459290,0
HUBB.US,D,20161110,000000,97.061,98.24,95.525,97.682,1376595,0
HUBB.US,D,20161111,000000,96.886,98.48,96.789,97.819,693976,0
HUBB.US,D,20161114,000000,98.519,99.413,97.896,99.393,647064,0
HUBB.US,D,20161115,000000,99.57,99.95,98.299,99.124,454186,0
HUBB.US,D,20161116,000000,98.836,100.02,98.24,99.065,572092,0
HUBB.US,D,20161117,000000,99.61,99.96,98.309,98.688,604121,0
HUBB.US,D,20161118,000000,98.678,98.717,97.692,97.916,240755,0
HUBB.US,D,20161121,000000,98.529,99.284,97.35,98.48,679616,0
HUBB.US,D,20161122,000000,98.974,99.99,97.051,99.81,765898,0
HUBB.US,D,20161123,000000,99.66,100.55,99.313,100.12,455509,0
HUBB.US,D,20161125,000000,100.08,100.27,99.75,100.27,116216,0
HUBB.US,D,20161128,000000,99.63,99.81,99.045,99.343,452524,0
HUBB.US,D,20161129,000000,99.164,100.03,98.023,99.333,182854,0
HUBB.US,D,20161130,000000,100.15,100.66,99.85,100.08,372931,0
HUBB.US,D,20161201,000000,100.96,101.14,100.19,100.49,400479,0
HUBB.US,D,20161202,000000,100.35,101.04,99.77,100.86,259550,0
HUBB.US,D,20161205,000000,101.45,101.72,100.92,101.32,329980,0
HUBB.US,D,20161206,000000,101.04,101.82,100.99,101.24,378742,0
HUBB.US,D,20161207,000000,101.24,102.53,100.75,102.42,629627,0
HUBB.US,D,20161208,000000,102.84,103.64,101.75,102.26,315609,0
HUBB.US,D,20161209,000000,102.42,103.7,101.57,103.59,319545,0
HUBB.US,D,20161212,000000,103.29,104.67,102.4,104.1,501168,0
HUBB.US,D,20161213,000000,104.34,105.84,104.15,104.3,581026,0
HUBB.US,D,20161214,000000,104.37,104.92,102.94,102.96,280929,0
HUBB.US,D,20161215,000000,102.64,104.11,101.62,102.84,209913,0
HUBB.US,D,20161216,000000,103.43,104.47,103.06,104.28,713480,0
HUBB.US,D,20161219,000000,103.94,104.91,103.29,104.05,240219,0
HUBB.US,D,20161220,000000,105.92,106.11,104.99,105.66,344976,0
HUBB.US,D,20161221,000000,105.46,105.76,104.86,105.03,163384,0
HUBB.US,D,20161222,000000,104.82,105.44,104.24,105,187056,0
HUBB.US,D,20161223,000000,104.71,105.62,104.71,105.31,126921,0
HUBB.US,D,20161227,000000,105.7,105.95,105.28,105.61,109690,0
HUBB.US,D,20161228,000000,105.64,105.78,104.02,104.39,163647,0
HUBB.US,D,20161229,000000,104.53,105.58,104.12,104.6,210879,0
HUBB.US,D,20161230,000000,105.03,105.16,103.67,104.03,220626,0
HUBB.US,D,20170103,000000,104.25,105.83,104,104.85,322507,0
HUBB.US,D,20170104,000000,105.57,106.14,104.97,105.73,380243,0
HUBB.US,D,20170105,000000,105.5,105.84,104.41,105.32,304440,0
HUBB.US,D,20170106,000000,105.49,106.12,104.59,105.57,227322,0
HUBB.US,D,20170109,000000,104.28,104.53,102.59,103.95,603078,0
HUBB.US,D,20170110,000000,103.77,105.59,102.97,104.7,308587,0
HUBB.US,D,20170111,000000,105.07,106.02,104.89,105.69,276098,0
HUBB.US,D,20170112,000000,105.63,105.77,104.03,105.6,221412,0
HUBB.US,D,20170113,000000,106.06,106.68,105.6,106.66,162842,0
HUBB.US,D,20170117,000000,106.6,106.6,104.59,104.92,239292,0
HUBB.US,D,20170118,000000,105.02,106.25,104.75,104.91,329325,0
HUBB.US,D,20170119,000000,105.28,105.68,104.11,105.11,207940,0
HUBB.US,D,20170120,000000,105.52,105.65,104.22,104.84,170780,0
HUBB.US,D,20170123,000000,104.4,105.01,103.7,104.76,163173,0
HUBB.US,D,20170124,000000,105.34,106.29,105.04,105.81,263307,0
HUBB.US,D,20170125,000000,106.49,107.41,105.43,106.18,306327,0
HUBB.US,D,20170126,000000,106.37,106.87,105.34,105.79,237949,0
HUBB.US,D,20170127,000000,106.11,106.58,105.09,105.54,386747,0
HUBB.US,D,20170130,000000,104.94,105.12,103.48,105,354457,0
HUBB.US,D,20170131,000000,109.59,111.43,107.58,108.8,896808,0
HUBB.US,D,20170201,000000,109.71,110.04,107.88,108.88,336273,0
HUBB.US,D,20170202,000000,108.94,109.11,108.06,108.85,332536,0
HUBB.US,D,20170203,000000,109.92,112.24,109,112.06,349250,0
HUBB.US,D,20170206,000000,111.57,111.78,110.47,110.95,208349,0
HUBB.US,D,20170207,000000,111.43,111.43,110.07,110.17,262548,0
HUBB.US,D,20170208,000000,109.67,110.57,108.93,109.33,210049,0
HUBB.US,D,20170209,000000,110.04,110.04,109.16,109.51,357466,0
HUBB.US,D,20170210,000000,110.22,110.22,109.25,109.49,233563,0
HUBB.US,D,20170213,000000,109.83,110.95,109.13,109.38,228344,0
HUBB.US,D,20170214,000000,108.91,109.32,108.53,109.09,216528,0
HUBB.US,D,20170215,000000,109.09,109.64,108.84,109.26,262657,0
HUBB.US,D,20170216,000000,109.26,109.63,108.44,108.84,186518,0
HUBB.US,D,20170217,000000,108.15,108.9,107.72,108.9,273699,0
HUBB.US,D,20170221,000000,109.22,110.36,109.15,110.02,291704,0
HUBB.US,D,20170222,000000,109.54,109.54,107.82,108.23,417996,0
HUBB.US,D,20170223,000000,108.61,108.61,107.1,107.41,458925,0
HUBB.US,D,20170224,000000,106.24,107.89,106.24,107.85,332565,0
HUBB.US,D,20170227,000000,107.83,108.48,107.27,108.3,204340,0
HUBB.US,D,20170228,000000,107.67,108.41,106.17,106.33,321911,0
HUBB.US,D,20170301,000000,107.89,109.32,107.61,109.06,361817,0
HUBB.US,D,20170302,000000,108.59,109.05,106.56,108.31,180450,0
HUBB.US,D,20170303,000000,108.13,108.69,107.29,108.31,162162,0
HUBB.US,D,20170306,000000,107.38,109.83,106.49,108.97,416708,0
HUBB.US,D,20170307,000000,108.62,108.62,107.53,108.12,181540,0
HUBB.US,D,20170308,000000,107.79,108.64,107.53,107.71,238648,0
HUBB.US,D,20170309,000000,107.82,108.47,106.97,107.08,168454,0
HUBB.US,D,20170310,000000,107.96,109.1,107.41,108.31,204852,0
HUBB.US,D,20170313,000000,108.15,109.19,107.68,108.48,149428,0
HUBB.US,D,20170314,000000,107.57,108.15,106.41,106.97,169130,0
HUBB.US,D,20170315,000000,107.74,109.86,107.6,109.44,331281,0
HUBB.US,D,20170316,000000,109.83,110.25,107.92,108.31,180399,0
HUBB.US,D,20170317,000000,108.66,109.44,107.67,107.98,326122,0
HUBB.US,D,20170320,000000,108.03,108.03,106.72,107.03,167493,0
HUBB.US,D,20170321,000000,107.46,108.24,105.12,105.25,197654,0
HUBB.US,D,20170322,000000,105.1,105.84,104.64,105.74,137970,0
HUBB.US,D,20170323,000000,105.62,106.8,104.52,106.21,157261,0
HUBB.US,D,20170324,000000,106.27,106.85,105.2,105.48,209877,0
HUBB.US,D,20170327,000000,103.93,105.58,103.63,105.22,170186,0
HUBB.US,D,20170328,000000,104.9,106.72,104.52,106.29,177320,0
HUBB.US,D,20170329,000000,106.23,106.93,105.4,106.84,142739,0
HUBB.US,D,20170330,000000,106.8,108.02,106.72,107.92,123418,0
HUBB.US,D,20170331,000000,107.67,107.99,107,107.59,174635,0
HUBB.US,D,20170403,000000,107.99,109.92,107.23,107.8,293955,0
HUBB.US,D,20170404,000000,105.87,107.04,104.68,106.06,372921,0
HUBB.US,D,20170405,000000,106.8,107.4,104.3,104.42,346283,0
HUBB.US,D,20170406,000000,104.57,106.27,104.24,106.26,242691,0
HUBB.US,D,20170407,000000,105.88,107.14,105.81,106.99,209974,0
HUBB.US,D,20170410,000000,106.88,108.06,106.88,107.44,119664,0
HUBB.US,D,20170411,000000,107.18,107.5,106.31,107.47,259845,0
HUBB.US,D,20170412,000000,107.41,107.41,105.34,105.7,351648,0
HUBB.US,D,20170413,000000,105.28,105.76,104.76,104.84,240952,0
HUBB.US,D,20170417,000000,105.08,106.26,105.08,106.26,164258,0
HUBB.US,D,20170418,000000,105.89,106.6,105.22,106.02,150672,0
HUBB.US,D,20170419,000000,106.26,106.85,105.23,106.1,147770,0
HUBB.US,D,20170420,000000,106.77,107.1,105.86,106.63,199997,0
HUBB.US,D,20170421,000000,106.57,107.58,106.53,106.69,289683,0
HUBB.US,D,20170424,000000,108.37,109.24,107.85,108.92,328002,0
HUBB.US,D,20170425,000000,105.96,109.36,104.73,105,565846,0
HUBB.US,D,20170426,000000,104.49,105.39,102.21,102.32,714961,0
HUBB.US,D,20170427,000000,102.27,103.48,102.08,102.97,450962,0
HUBB.US,D,20170428,000000,103.01,103.29,101.32,101.42,455698,0
HUBB.US,D,20170501,000000,101.81,101.93,101.11,101.18,227727,0
HUBB.US,D,20170502,000000,101.14,102,100.8,101.47,551566,0
HUBB.US,D,20170503,000000,101.18,101.8,100.85,101.01,311387,0
HUBB.US,D,20170504,000000,100.96,101.3,100.37,100.5,288587,0
HUBB.US,D,20170505,000000,100.91,101.27,100.33,101.1,400486,0
HUBB.US,D,20170508,000000,100.84,101.24,100.5,100.86,375449,0
HUBB.US,D,20170509,000000,100.75,102.63,100.59,102.49,367735,0
HUBB.US,D,20170510,000000,102.3,103.7,100.96,102.92,294438,0
HUBB.US,D,20170511,000000,102.93,102.93,101.6,101.66,232178,0
HUBB.US,D,20170512,000000,101.6,101.66,99.53,99.63,378286,0
HUBB.US,D,20170515,000000,99.79,101.01,99.59,100.4,337097,0
HUBB.US,D,20170516,000000,100.9,101.12,100.14,100.48,124648,0
HUBB.US,D,20170517,000000,99.54,100.18,98.876,99.423,358798,0
HUBB.US,D,20170518,000000,99.055,100.55,98.161,100.19,457313,0
HUBB.US,D,20170519,000000,100.38,102.7,99.453,102.35,814523,0
HUBB.US,D,20170522,000000,102.87,103.7,102.4,102.71,332274,0
HUBB.US,D,20170523,000000,102.65,103.53,101.94,103.16,407357,0
HUBB.US,D,20170524,000000,103.28,104.6,103.28,104.32,425306,0
HUBB.US,D,20170525,000000,104.49,105.68,104.32,104.85,349521,0
HUBB.US,D,20170526,000000,104.76,106.21,104.25,105.67,442300,0
HUBB.US,D,20170530,000000,105.5,105.87,104.28,104.34,409901,0
HUBB.US,D,20170531,000000,104.35,104.77,103.29,104.53,229719,0
HUBB.US,D,20170601,000000,104.79,105.74,104.43,105.63,162869,0
HUBB.US,D,20170602,000000,105.88,107.06,105.8,106.29,300159,0
HUBB.US,D,20170605,000000,106.2,106.73,105.62,106.25,333762,0
HUBB.US,D,20170606,000000,105.57,106.17,105.17,105.52,291920,0
HUBB.US,D,20170607,000000,105.56,105.81,105.08,105.3,165041,0
HUBB.US,D,20170608,000000,105.28,106.69,104.69,106.47,266930,0
HUBB.US,D,20170609,000000,106.86,107.66,106.54,107.31,268569,0
HUBB.US,D,20170612,000000,107.51,108.41,105.76,107.97,296556,0
HUBB.US,D,20170613,000000,108.13,108.35,107.57,107.82,175436,0
HUBB.US,D,20170614,000000,107.93,108.79,107,107.54,249494,0
HUBB.US,D,20170615,000000,106.47,108.57,106.47,107.25,208853,0
HUBB.US,D,20170616,000000,107.07,107.07,105.75,105.96,624492,0
HUBB.US,D,20170619,000000,106.59,106.78,105.35,105.56,325736,0
HUBB.US,D,20170620,000000,105.21,105.51,103.16,103.34,369800,0
HUBB.US,D,20170621,000000,103.21,103.21,101.35,101.68,442458,0
HUBB.US,D,20170622,000000,101.7,101.75,100.98,101.39,364475,0
HUBB.US,D,20170623,000000,101.52,102.19,101.16,101.79,368166,0
HUBB.US,D,20170626,000000,102.12,102.12,101.53,101.84,325417,0
HUBB.US,D,20170627,000000,101.93,101.93,100.88,101.22,183439,0
HUBB.US,D,20170628,000000,101.79,102.12,100.98,101.09,372858,0
HUBB.US,D,20170629,000000,101.8,103.01,100.93,101.28,515946,0
HUBB.US,D,20170630,000000,101.68,102.96,100.91,102.06,454606,0
HUBB.US,D,20170703,000000,102.27,104.06,102.14,102.36,484638,0
HUBB.US,D,20170705,000000,102.18,103.24,101.22,102.6,347981,0
HUBB.US,D,20170706,000000,102.32,103.7,101.48,101.78,371609,0
HUBB.US,D,20170707,000000,101.78,103.28,101.54,103.04,235643,0
HUBB.US,D,20170710,000000,103.17,104.24,102.82,102.88,236639,0
HUBB.US,D,20170711,000000,102.77,104.25,102.7,103.75,336160,0
HUBB.US,D,20170712,000000,104.48,105.51,103.55,103.61,207293,0
HUBB.US,D,20170713,000000,103.7,103.92,103.07,103.78,259845,0
HUBB.US,D,20170714,000000,104.22,104.76,103.65,104.38,320603,0
HUBB.US,D,20170717,000000,104.16,104.76,103.83,104.51,278996,0
HUBB.US,D,20170718,000000,104.18,104.5,103.13,104.43,206858,0
HUBB.US,D,20170719,000000,104.66,105.83,104.63,105.62,494788,0
HUBB.US,D,20170720,000000,105.8,105.94,104.89,105.67,218754,0
HUBB.US,D,20170721,000000,105.68,106.51,104.41,104.73,464516,0
HUBB.US,D,20170724,000000,104.69,105.95,104.37,104.89,355635,0
HUBB.US,D,20170725,000000,108.15,109.51,106.03,108.81,826772,0
HUBB.US,D,20170726,000000,108.83,108.98,105.91,106.75,684836,0
HUBB.US,D,20170727,000000,107.09,107.85,106.97,107.66,341663,0
HUBB.US,D,20170728,000000,107.41,108.02,106.64,107.75,228399,0
HUBB.US,D,20170731,000000,107.99,107.99,106.98,107.13,292405,0
HUBB.US,D,20170801,000000,107.3,108.47,105.74,106,374523,0
HUBB.US,D,20170802,000000,105.8,107.77,105.8,107.7,306195,0
HUBB.US,D,20170803,000000,107.58,107.58,106.98,107.51,253580,0
HUBB.US,D,20170804,000000,107.66,107.85,107.31,107.57,149330,0
HUBB.US,D,20170807,000000,107.51,107.74,107.04,107.35,126777,0
HUBB.US,D,20170808,000000,106.91,107.54,104.91,106.67,176343,0
HUBB.US,D,20170809,000000,106.28,106.78,105.66,106.36,234118,0
HUBB.US,D,20170810,000000,105.96,105.96,104.18,104.21,219684,0
HUBB.US,D,20170811,000000,103.74,104.04,103.16,103.72,237756,0
HUBB.US,D,20170814,000000,104.54,104.68,103.7,104.05,164331,0
HUBB.US,D,20170815,000000,104.18,104.52,102.61,102.83,280602,0
HUBB.US,D,20170816,000000,103.01,103.63,102.62,102.96,212665,0
HUBB.US,D,20170817,000000,102.75,103.7,100.93,101.1,240492,0
HUBB.US,D,20170818,000000,100.71,101.82,100.29,100.69,249461,0
HUBB.US,D,20170821,000000,100.28,100.54,99.065,99.264,445387,0
HUBB.US,D,20170822,000000,99.473,99.98,99.015,99.91,337520,0
HUBB.US,D,20170823,000000,99.284,99.95,99.065,99.094,248858,0
HUBB.US,D,20170824,000000,99.403,99.73,99.104,99.184,389291,0
HUBB.US,D,20170825,000000,99.54,100.07,99.254,99.62,419863,0
HUBB.US,D,20170828,000000,100.07,100.22,98.964,99.482,273126,0
HUBB.US,D,20170829,000000,99.373,100.79,99.323,100.78,229169,0
HUBB.US,D,20170830,000000,100.73,101.72,100.55,101.7,181369,0
HUBB.US,D,20170831,000000,102.54,102.54,101.38,102.37,207685,0
HUBB.US,D,20170901,000000,102.96,102.96,102.14,102.37,132676,0
HUBB.US,D,20170905,000000,102.5,102.87,100.88,101.01,214649,0
HUBB.US,D,20170906,000000,101.43,101.82,100.78,100.83,205490,0
HUBB.US,D,20170907,000000,100.77,101.36,99.492,99.89,247630,0
HUBB.US,D,20170908,000000,99.88,102.17,99.224,101.62,250664,0
HUBB.US,D,20170911,000000,102.45,103.29,102.13,102.54,329203,0
HUBB.US,D,20170912,000000,102.81,104.24,102.27,104.23,422211,0
HUBB.US,D,20170913,000000,104.16,104.69,103.51,104.33,279476,0
HUBB.US,D,20170914,000000,104.33,104.33,102.33,102.58,394723,0
HUBB.US,D,20170915,000000,102.63,103.99,102.21,103.25,1191491,0
HUBB.US,D,20170918,000000,103.27,103.96,103.23,103.45,246003,0
HUBB.US,D,20170919,000000,103.27,103.84,102.02,102.34,387788,0
HUBB.US,D,20170920,000000,102.84,103.72,102.63,102.84,409195,0
HUBB.US,D,20170921,000000,102.92,103.29,102.56,102.84,351356,0
HUBB.US,D,20170922,000000,102.97,103.7,102.78,103.42,241673,0
HUBB.US,D,20170925,000000,103.46,104,103.29,103.48,192363,0
HUBB.US,D,20170926,000000,103.7,105.13,103.01,104.3,407269,0
HUBB.US,D,20170927,000000,104.36,105.45,104.09,105.1,473785,0
HUBB.US,D,20170928,000000,104.96,105.22,104.58,105.16,227487,0
HUBB.US,D,20170929,000000,104.94,105.78,104.74,105.29,265554,0
HUBB.US,D,20171002,000000,105.41,106.67,105.09,106.39,302972,0
HUBB.US,D,20171003,000000,106.43,107.58,105.94,106.69,438499,0
HUBB.US,D,20171004,000000,105.69,107.48,104.5,107.31,545518,0
HUBB.US,D,20171005,000000,107.45,107.88,106.84,106.87,298933,0
HUBB.US,D,20171006,000000,105.9,106.86,105.9,106.32,292372,0
HUBB.US,D,20171009,000000,106.45,106.78,105.25,105.4,281842,0
HUBB.US,D,20171010,000000,106.33,106.33,104.92,105.29,384552,0
HUBB.US,D,20171011,000000,105.38,105.38,104.1,104.4,397549,0
HUBB.US,D,20171012,000000,104.31,106.57,104.18,106.01,489250,0
HUBB.US,D,20171013,000000,106.41,107.46,105.91,107.14,395382,0
HUBB.US,D,20171016,000000,107.58,108.81,107.44,108.69,461983,0
HUBB.US,D,20171017,000000,109.12,109.24,107.55,107.89,324002,0
HUBB.US,D,20171018,000000,108.09,109.22,107.96,109.04,389977,0
HUBB.US,D,20171019,000000,108.53,109.94,108.16,109.67,362258,0
HUBB.US,D,20171020,000000,110.56,111.92,109.72,111.71,439854,0
HUBB.US,D,20171023,000000,111.39,111.93,109.56,110.12,532918,0
HUBB.US,D,20171024,000000,111.83,115.18,111.64,113.76,837054,0
HUBB.US,D,20171025,000000,113.79,114.63,112.53,114.35,514741,0
HUBB.US,D,20171026,000000,114.77,115.58,114.33,114.51,544192,0
HUBB.US,D,20171027,000000,114.36,114.67,113.96,114.3,274947,0
HUBB.US,D,20171030,000000,113.73,114.33,113.31,113.56,307945,0
HUBB.US,D,20171031,000000,114.17,114.61,113.58,114.2,458199,0
HUBB.US,D,20171101,000000,114.87,115.01,114.01,114.51,470445,0
HUBB.US,D,20171102,000000,114.23,114.76,113.47,114.54,280375,0
HUBB.US,D,20171103,000000,114.55,114.94,113.55,113.56,184928,0
HUBB.US,D,20171106,000000,113.56,114.16,113.06,113.96,244609,0
HUBB.US,D,20171107,000000,114.04,114.57,113.11,113.11,186774,0
HUBB.US,D,20171108,000000,112.92,112.97,111.73,112.17,231887,0
HUBB.US,D,20171109,000000,111.99,112.31,110.91,111.63,284219,0
HUBB.US,D,20171110,000000,111.2,112.08,110.88,111.28,287239,0
HUBB.US,D,20171113,000000,110.73,111.24,110.36,110.51,324675,0
HUBB.US,D,20171114,000000,110.45,111.43,109.7,110.22,474688,0
HUBB.US,D,20171115,000000,109.95,109.95,108.55,108.59,303174,0
HUBB.US,D,20171116,000000,109.21,110.45,108.82,109.18,429010,0
HUBB.US,D,20171117,000000,108.91,109.27,108.52,108.79,247055,0
HUBB.US,D,20171120,000000,108.89,109.33,108.45,109.31,206391,0
HUBB.US,D,20171121,000000,109.61,109.73,108.59,109.04,314088,0
HUBB.US,D,20171122,000000,109.18,109.95,108.41,109.84,408178,0
HUBB.US,D,20171124,000000,110.44,110.54,109.04,109.31,102207,0
HUBB.US,D,20171127,000000,109.64,110.2,109.22,110.1,469006,0
HUBB.US,D,20171128,000000,110.31,114.72,110.24,114.44,639174,0
HUBB.US,D,20171129,000000,114.44,115.14,114.03,114.79,290521,0
HUBB.US,D,20171130,000000,115.51,116.38,114.22,114.87,431740,0
HUBB.US,D,20171201,000000,114.79,115.53,111.96,113.55,408925,0
HUBB.US,D,20171204,000000,114.89,118.01,114.89,117.16,427982,0
HUBB.US,D,20171205,000000,117.34,117.5,115.14,115.74,344706,0
HUBB.US,D,20171206,000000,115.6,116.82,115.47,116.53,261465,0
HUBB.US,D,20171207,000000,116.37,119.58,115.98,119.46,547253,0
HUBB.US,D,20171208,000000,119.74,120.24,118.7,119.42,434219,0
HUBB.US,D,20171211,000000,119.38,119.55,118.69,119.41,264080,0
HUBB.US,D,20171212,000000,119.79,120.11,119.1,119.17,209502,0
HUBB.US,D,20171213,000000,119.41,119.85,117.77,118.11,281685,0
HUBB.US,D,20171214,000000,118.5,118.5,116.4,116.66,278936,0
HUBB.US,D,20171215,000000,117,119.1,116.97,117.69,471319,0
HUBB.US,D,20171218,000000,118.41,120.35,118.41,119.58,354589,0
HUBB.US,D,20171219,000000,119.82,120.97,119.23,120.68,436635,0
HUBB.US,D,20171220,000000,121.79,123.5,121.26,122.99,623848,0
HUBB.US,D,20171221,000000,123.39,123.73,122.26,123.48,241280,0
HUBB.US,D,20171222,000000,123.5,123.93,122.36,123.49,224262,0
HUBB.US,D,20171226,000000,125.1,126.9,124.71,125.58,399055,0
HUBB.US,D,20171227,000000,125.33,125.44,124.04,124.1,328046,0
HUBB.US,D,20171228,000000,124.19,124.32,123.03,124.2,221525,0
HUBB.US,D,20171229,000000,124.56,124.71,123.59,123.59,197492,0
HUBB.US,D,20180102,000000,123.76,124.6,122.37,122.56,412613,0
HUBB.US,D,20180103,000000,122.69,123.83,121.37,121.77,459789,0
HUBB.US,D,20180104,000000,122.33,123.86,122.33,123.76,349973,0
HUBB.US,D,20180105,000000,124.09,124.29,123.71,124.15,334572,0
HUBB.US,D,20180108,000000,124.07,124.7,123.69,124.26,276624,0
HUBB.US,D,20180109,000000,124.07,124.37,122.05,123.43,347549,0
HUBB.US,D,20180110,000000,123.02,123.35,121.92,122.52,681987,0
HUBB.US,D,20180111,000000,122.93,123.61,121.88,123.54,398493,0
HUBB.US,D,20180112,000000,126.02,129.37,125.74,126.32,406135,0
HUBB.US,D,20180116,000000,126.65,127.24,124.45,124.52,275770,0
HUBB.US,D,20180117,000000,124.91,125.19,124.2,124.38,296511,0
HUBB.US,D,20180118,000000,125.29,128.95,125.29,126.48,454007,0
HUBB.US,D,20180119,000000,127.15,127.43,125.9,126.3,362626,0
HUBB.US,D,20180122,000000,126.72,127.49,125.03,126.53,263830,0
HUBB.US,D,20180123,000000,126.4,126.92,125.44,125.61,256256,0
HUBB.US,D,20180124,000000,126.26,126.33,124.38,124.8,227307,0
HUBB.US,D,20180125,000000,125.6,126.2,123.76,126.19,384389,0
HUBB.US,D,20180126,000000,126.43,127.39,125.08,127.14,480644,0
HUBB.US,D,20180129,000000,126.78,127.35,125.87,126.05,469779,0
HUBB.US,D,20180130,000000,135.2,136.11,126.61,126.74,794708,0
HUBB.US,D,20180131,000000,128.01,128.01,123.44,124.17,964281,0
HUBB.US,D,20180201,000000,124.19,127.74,123.21,125.3,583742,0
HUBB.US,D,20180202,000000,124.62,124.91,121.86,122.23,401439,0
HUBB.US,D,20180205,000000,121.68,121.8,117.44,117.71,526749,0
HUBB.US,D,20180206,000000,115.88,119.41,115.74,119.19,520233,0
HUBB.US,D,20180207,000000,119.24,122.34,119.24,121.27,515512,0
HUBB.US,D,20180208,000000,121.04,122.58,118.22,118.38,374017,0
HUBB.US,D,20180209,000000,120.18,121.84,117.49,120.64,476918,0
HUBB.US,D,20180212,000000,121.59,123.19,120.11,121.75,711569,0
HUBB.US,D,20180213,000000,121.58,122.7,121.26,121.99,260452,0
HUBB.US,D,20180214,000000,121.46,124.13,121.46,123.99,351587,0
HUBB.US,D,20180215,000000,124.55,124.96,123.6,124.47,214132,0
HUBB.US,D,20180216,000000,124.09,125.25,123.63,123.7,277390,0
HUBB.US,D,20180220,000000,122.94,123.47,121.41,121.73,282130,0
HUBB.US,D,20180221,000000,121.59,124.15,121.59,122.36,473952,0
HUBB.US,D,20180222,000000,122.99,124.01,122.45,122.73,335786,0
HUBB.US,D,20180223,000000,123.42,123.93,121.72,122.86,155459,0
HUBB.US,D,20180226,000000,123.26,123.3,121.76,122.75,394517,0
HUBB.US,D,20180227,000000,122.97,124.22,122.27,122.33,409528,0
HUBB.US,D,20180228,000000,122.63,123.14,120.33,120.36,250312,0
HUBB.US,D,20180301,000000,120.4,121.15,117.99,118.97,261196,0
HUBB.US,D,20180302,000000,118.13,118.6,116.07,117.89,412390,0
HUBB.US,D,20180305,000000,117.68,118.47,116.82,118.31,335938,0
HUBB.US,D,20180306,000000,118.42,118.87,116.6,118.72,522846,0
HUBB.US,D,20180307,000000,117.85,120.78,114.77,115.48,864102,0
HUBB.US,D,20180308,000000,115.55,116.47,112.96,115.74,957526,0
HUBB.US,D,20180309,000000,116.38,117.48,115.51,116,629958,0
HUBB.US,D,20180312,000000,116.18,116.94,114.55,114.88,548709,0
HUBB.US,D,20180313,000000,114.83,116.3,113.99,115.3,1310429,0
HUBB.US,D,20180314,000000,116.06,117.11,115.47,116.03,559470,0
HUBB.US,D,20180315,000000,115.86,116.98,114.67,114.78,548124,0
HUBB.US,D,20180316,000000,115.02,118.01,114.95,116.06,1061387,0
HUBB.US,D,20180319,000000,115.83,115.83,114.24,115.23,416113,0
HUBB.US,D,20180320,000000,115.59,116.85,115.01,115.18,249174,0
HUBB.US,D,20180321,000000,115.01,116.62,114.79,115.13,259754,0
HUBB.US,D,20180322,000000,113.94,114.83,111.55,111.64,346788,0
HUBB.US,D,20180323,000000,111.41,111.97,108.69,108.71,480147,0
HUBB.US,D,20180326,000000,110.25,110.49,108.82,110.05,502745,0
HUBB.US,D,20180327,000000,110.41,111.61,109.42,109.82,468023,0
HUBB.US,D,20180328,000000,110.23,110.64,109.29,110.11,369729,0
HUBB.US,D,20180329,000000,110.87,112.48,110.46,111.86,475128,0
HUBB.US,D,20180402,000000,111.77,111.77,107.16,107.76,358283,0
HUBB.US,D,20180403,000000,107.89,108.8,106.86,108.65,561778,0
HUBB.US,D,20180404,000000,106.94,109.42,105.87,108.94,767090,0
HUBB.US,D,20180405,000000,109.77,110.61,108.91,110.22,412769,0
HUBB.US,D,20180406,000000,109.77,110.67,106.71,107.81,407228,0
HUBB.US,D,20180409,000000,108.56,109.13,107.7,107.79,334650,0
HUBB.US,D,20180410,000000,109.31,110.66,108.52,109.31,283166,0
HUBB.US,D,20180411,000000,108.46,108.64,106.67,107.71,371660,0
HUBB.US,D,20180412,000000,108.43,109.22,107.54,108.71,327994,0
HUBB.US,D,20180413,000000,109.51,110.04,108.47,108.79,283795,0
HUBB.US,D,20180416,000000,109.76,110.61,108.87,110.06,308369,0
HUBB.US,D,20180417,000000,110.91,111.35,110.12,110.9,479953,0
HUBB.US,D,20180418,000000,111.41,112.81,111.06,112.02,421158,0
HUBB.US,D,20180419,000000,111.67,111.67,110.52,111.05,317419,0
HUBB.US,D,20180420,000000,111.43,111.43,109.38,109.92,304417,0
HUBB.US,D,20180423,000000,110.23,111.46,108.85,109.15,480767,0
HUBB.US,D,20180424,000000,109.92,109.92,99.234,100.43,1299812,0
HUBB.US,D,20180425,000000,96.751,100.05,96.528,99.104,1113344,0
HUBB.US,D,20180426,000000,98.856,98.856,97.061,97.516,820648,0
HUBB.US,D,20180427,000000,97.36,97.409,95.421,96.248,764303,0
HUBB.US,D,20180430,000000,96.182,96.248,93.457,95.391,995100,0
HUBB.US,D,20180501,000000,95.506,95.594,92.356,94.147,875886,0
HUBB.US,D,20180502,000000,94.573,95.766,94.386,94.498,783564,0
HUBB.US,D,20180503,000000,94.235,95.632,93.841,94.271,627060,0
HUBB.US,D,20180504,000000,93.861,95.999,93.598,95.497,613225,0
HUBB.US,D,20180507,000000,96.009,96.682,95.574,96.228,434531,0
HUBB.US,D,20180508,000000,95.97,96.672,95.142,95.382,911562,0
HUBB.US,D,20180509,000000,95.199,96.566,95.199,96.191,477879,0
HUBB.US,D,20180510,000000,96.421,96.741,95.294,95.766,411763,0
HUBB.US,D,20180511,000000,96.026,97.09,95.515,96.182,466727,0
HUBB.US,D,20180514,000000,96.345,96.896,95.688,96.326,278112,0
HUBB.US,D,20180515,000000,95.93,96.751,95.862,96.614,450674,0
HUBB.US,D,20180516,000000,96.751,97.906,96.751,97.061,340613,0
HUBB.US,D,20180517,000000,97.429,98.27,96.916,97.389,500521,0
HUBB.US,D,20180518,000000,97.761,97.761,96.624,97.071,596087,0
HUBB.US,D,20180521,000000,98.2,98.995,97.79,98.161,647805,0
HUBB.US,D,20180522,000000,98.309,102.3,97.936,101.61,1715569,0
HUBB.US,D,20180523,000000,101.03,102.26,100.61,101.37,773136,0
HUBB.US,D,20180524,000000,101.39,102.6,100.92,102.12,582476,0
HUBB.US,D,20180525,000000,101.58,102.3,100.6,101.52,575917,0
HUBB.US,D,20180529,000000,100.67,101.69,99.313,99.73,684158,0
HUBB.US,D,20180530,000000,100.41,102.41,100.01,101.86,549157,0
HUBB.US,D,20180531,000000,101.68,101.71,99.373,99.61,596521,0
HUBB.US,D,20180601,000000,100.6,101.53,99.73,99.86,388916,0
HUBB.US,D,20180604,000000,99.61,101.21,99.383,100.44,425298,0
HUBB.US,D,20180605,000000,100.56,101.71,100.46,101.57,528342,0
HUBB.US,D,20180606,000000,101.73,103.57,101.14,102.92,785547,0
HUBB.US,D,20180607,000000,103.03,103.87,102.47,103.75,455310,0
HUBB.US,D,20180608,000000,103.2,103.94,102.71,103.59,568514,0
HUBB.US,D,20180611,000000,103.7,104.83,103.48,103.68,635682,0
HUBB.US,D,20180612,000000,103.89,104.83,103.19,104.02,634558,0
HUBB.US,D,20180613,000000,104.01,104.36,103.27,103.58,426498,0
HUBB.US,D,20180614,000000,104.04,104.81,103.57,104.42,412683,0
HUBB.US,D,20180615,000000,103.8,104.67,103.22,104.39,1182743,0
HUBB.US,D,20180618,000000,104.79,105.42,104.04,104.72,548520,0
HUBB.US,D,20180619,000000,103.42,103.83,100.8,102.01,604112,0
HUBB.US,D,20180620,000000,102.12,102.43,100.05,100.84,849283,0
HUBB.US,D,20180621,000000,100.89,100.89,99.045,99.82,583578,0
HUBB.US,D,20180622,000000,100.84,101.9,100.07,101.05,489168,0
HUBB.US,D,20180625,000000,100.52,100.81,99.114,99.75,385002,0
HUBB.US,D,20180626,000000,99.9,100.1,98.688,98.934,407057,0
HUBB.US,D,20180627,000000,99.254,101.09,98.608,98.737,465895,0
HUBB.US,D,20180628,000000,97.79,98.338,96.816,98.043,471747,0
HUBB.US,D,20180629,000000,98.746,99.59,97.799,97.819,802643,0
HUBB.US,D,20180702,000000,96.789,98.28,96.364,98.171,283689,0
HUBB.US,D,20180703,000000,99.473,102.44,99.473,100.08,482007,0
HUBB.US,D,20180705,000000,100.66,100.92,98.51,100.5,798430,0
HUBB.US,D,20180706,000000,100.46,100.89,99.97,100.43,293709,0
HUBB.US,D,20180709,000000,100.8,103.13,100.46,102.82,523432,0
HUBB.US,D,20180710,000000,103.43,105.16,103.14,105,642003,0
HUBB.US,D,20180711,000000,103.64,103.98,102.39,102.83,612361,0
HUBB.US,D,20180712,000000,103.69,104.31,102.52,103.93,440302,0
HUBB.US,D,20180713,000000,103.92,105.44,103.53,104.87,357113,0
HUBB.US,D,20180716,000000,104.59,104.72,103.2,103.73,452498,0
HUBB.US,D,20180717,000000,103.44,106.21,103.18,104.87,647881,0
HUBB.US,D,20180718,000000,104.93,106.76,104.38,106.21,368707,0
HUBB.US,D,20180719,000000,105.75,107.5,105.44,106.92,425232,0
HUBB.US,D,20180720,000000,106.62,107.32,105.6,106.62,498364,0
HUBB.US,D,20180723,000000,106.46,106.46,104.81,105.4,896647,0
HUBB.US,D,20180724,000000,110.43,111.73,106.7,109.67,1699553,0
HUBB.US,D,20180725,000000,111.49,112.55,109.61,112.32,1117452,0
HUBB.US,D,20180726,000000,112.44,114.6,112.14,113.59,673913,0
HUBB.US,D,20180727,000000,113.55,113.6,111.78,112.8,414512,0
HUBB.US,D,20180730,000000,113.45,114.32,110.87,110.95,539886,0
HUBB.US,D,20180731,000000,111.54,114.74,110.86,114.02,494499,0
HUBB.US,D,20180801,000000,113.54,114.65,110.35,110.89,507979,0
HUBB.US,D,20180802,000000,110.02,111.15,108.88,109.22,505289,0
HUBB.US,D,20180803,000000,109.56,110.64,109.05,110.57,320843,0
HUBB.US,D,20180806,000000,110.49,111.11,109.71,109.91,405923,0
HUBB.US,D,20180807,000000,110.08,111.14,109.84,110.13,409537,0
HUBB.US,D,20180808,000000,109.88,109.88,108.49,109.24,333818,0
HUBB.US,D,20180809,000000,109.39,109.83,108.58,109.34,288002,0
HUBB.US,D,20180810,000000,108.61,109.68,107.98,109.05,202493,0
HUBB.US,D,20180813,000000,109.42,109.83,108.58,109.6,583107,0
HUBB.US,D,20180814,000000,110.14,112.48,110.14,111.79,462938,0
HUBB.US,D,20180815,000000,111.09,111.94,109.49,111.77,373743,0
HUBB.US,D,20180816,000000,112.31,114.13,112.15,113.11,353360,0
HUBB.US,D,20180817,000000,113.13,114.32,113.13,114.03,475583,0
HUBB.US,D,20180820,000000,114.16,115.66,113.95,114.33,406803,0
HUBB.US,D,20180821,000000,114.83,115.98,113.83,115.83,430294,0
HUBB.US,D,20180822,000000,115.96,115.96,114.26,114.68,243790,0
HUBB.US,D,20180823,000000,114.63,115.42,114.11,115.11,287308,0
HUBB.US,D,20180824,000000,115.87,115.87,114.53,115.53,190578,0
HUBB.US,D,20180827,000000,116.01,117.65,116.01,117.33,310888,0
HUBB.US,D,20180828,000000,117.47,118.28,116.94,117,248849,0
HUBB.US,D,20180829,000000,117.01,117.66,116.28,117.31,329373,0
HUBB.US,D,20180830,000000,117.02,117.28,115.9,116.71,307868,0
HUBB.US,D,20180831,000000,116.25,118.01,116.25,117.62,179784,0
HUBB.US,D,20180904,000000,117.26,117.63,116.01,117.2,203343,0
HUBB.US,D,20180905,000000,117.07,118.86,116.79,118.59,214353,0
HUBB.US,D,20180906,000000,118.84,119.8,118.58,118.9,214872,0
HUBB.US,D,20180907,000000,118.56,120.37,118.13,120.15,445967,0
HUBB.US,D,20180910,000000,120.9,121.7,120.46,121.33,264961,0
HUBB.US,D,20180911,000000,121.2,123.17,120.09,122.76,348563,0
HUBB.US,D,20180912,000000,122.32,122.76,120.95,122.31,462210,0
HUBB.US,D,20180913,000000,122.66,125.98,122.18,124.25,533420,0
HUBB.US,D,20180914,000000,124.31,125.66,124.26,125.07,417576,0
HUBB.US,D,20180917,000000,125,125.25,124.21,124.6,296340,0
HUBB.US,D,20180918,000000,124.93,126.47,123.88,125.47,567214,0
HUBB.US,D,20180919,000000,126.15,127.4,125.44,125.68,419247,0
HUBB.US,D,20180920,000000,126.16,126.91,125.25,126.43,544120,0
HUBB.US,D,20180921,000000,127.31,128.12,126.74,127.28,775931,0
HUBB.US,D,20180924,000000,127.26,127.26,124.76,126.23,529623,0
HUBB.US,D,20180925,000000,126.6,126.6,124.63,125.18,320170,0
HUBB.US,D,20180926,000000,125.4,126.03,124.09,124.27,394744,0
HUBB.US,D,20180927,000000,124.39,124.97,123.45,124.34,324514,0
HUBB.US,D,20180928,000000,124.13,125.57,124.02,124.31,335019,0
HUBB.US,D,20181001,000000,125.3,125.48,123.93,124.49,389421,0
HUBB.US,D,20181002,000000,124.48,124.48,122.88,122.94,1139544,0
HUBB.US,D,20181003,000000,122.87,123.24,121.33,121.86,1119853,0
HUBB.US,D,20181004,000000,121.08,122.78,121.08,121.99,511385,0
HUBB.US,D,20181005,000000,122.13,122.41,119.49,119.67,395373,0
HUBB.US,D,20181008,000000,119.07,119.86,117.45,118.59,586830,0
HUBB.US,D,20181009,000000,118.63,118.82,116.92,117.23,517677,0
HUBB.US,D,20181010,000000,117.01,117.54,114.24,114.83,448129,0
HUBB.US,D,20181011,000000,114.65,115.63,111.82,111.88,681795,0
HUBB.US,D,20181012,000000,113.76,113.76,111.98,113.08,514230,0
HUBB.US,D,20181015,000000,113.29,114.95,112.65,114.37,399750,0
HUBB.US,D,20181016,000000,115.18,117.53,113.92,117.36,491497,0
HUBB.US,D,20181017,000000,116.47,117.23,114.12,115.4,626850,0
HUBB.US,D,20181018,000000,114.98,115.41,112.34,114.03,588802,0
HUBB.US,D,20181019,000000,113.99,114.31,111.21,111.71,751147,0
HUBB.US,D,20181022,000000,112.04,113.38,111.48,112.92,573236,0
HUBB.US,D,20181023,000000,109.64,109.64,97.886,99.72,2907383,0
HUBB.US,D,20181024,000000,99.75,100.7,94.536,94.685,1698233,0
HUBB.US,D,20181025,000000,96.153,96.297,94.082,94.989,1223994,0
HUBB.US,D,20181026,000000,93.578,94.621,91.86,92.825,1139416,0
HUBB.US,D,20181029,000000,94.196,95.027,90.296,91.615,977797,0
HUBB.US,D,20181030,000000,91.562,93.264,91.358,92.679,958275,0
HUBB.US,D,20181031,000000,94.669,95.67,94.215,94.65,603014,0
HUBB.US,D,20181101,000000,95.208,101.52,94.932,101,1060920,0
HUBB.US,D,20181102,000000,101.83,102.12,99.264,100.48,736463,0
HUBB.US,D,20181105,000000,100.98,101.67,100.13,100.65,560328,0
HUBB.US,D,20181106,000000,100.36,102.74,100.36,102.12,368289,0
HUBB.US,D,20181107,000000,102.65,103.71,101.04,103.07,461968,0
HUBB.US,D,20181108,000000,102.76,104.08,102.46,103.06,505328,0
HUBB.US,D,20181109,000000,102.22,102.95,100.06,102.37,493134,0
HUBB.US,D,20181112,000000,103,103.02,99.373,99.56,428523,0
HUBB.US,D,20181113,000000,99.77,102.02,99.473,99.83,274419,0
HUBB.US,D,20181114,000000,100.94,102.25,98.181,98.529,628115,0
HUBB.US,D,20181115,000000,97.856,99.96,96.78,99.174,503598,0
HUBB.US,D,20181116,000000,98.707,100.38,97.712,99.67,485015,0
HUBB.US,D,20181119,000000,99.025,100.32,96.936,98.073,398575,0
HUBB.US,D,20181120,000000,97.1,97.856,96.009,97.672,494491,0
HUBB.US,D,20181121,000000,98.618,100.68,98.083,99.234,298080,0
HUBB.US,D,20181123,000000,98.093,99.73,98.053,98.181,135953,0
HUBB.US,D,20181126,000000,99.313,100.92,98.717,99.59,390763,0
HUBB.US,D,20181127,000000,99.124,100.06,97.546,97.809,347688,0
HUBB.US,D,20181128,000000,98.328,99.87,97.001,99.87,589095,0
HUBB.US,D,20181129,000000,99.57,100.63,99.264,100.07,401589,0
HUBB.US,D,20181130,000000,99.76,103.49,99.53,103.33,524063,0
HUBB.US,D,20181203,000000,104.93,106.1,103.5,104.69,1260193,0
HUBB.US,D,20181204,000000,104.77,104.94,99.59,99.7,687086,0
HUBB.US,D,20181206,000000,97.672,99.71,96.672,99.68,549756,0
HUBB.US,D,20181207,000000,100,101.42,96.682,97.575,435533,0
HUBB.US,D,20181210,000000,96.721,98.122,95.208,97.439,323767,0
HUBB.US,D,20181211,000000,99.353,100.51,97.449,97.653,426052,0
HUBB.US,D,20181212,000000,99.274,100.76,98.836,99.75,249348,0
HUBB.US,D,20181213,000000,100.57,100.57,97.32,98.368,437670,0
HUBB.US,D,20181214,000000,97.1,98.348,96.191,96.508,270430,0
HUBB.US,D,20181217,000000,96.518,97.575,95.525,96.162,385688,0
HUBB.US,D,20181218,000000,95.489,97.157,93.878,94.147,689736,0
HUBB.US,D,20181219,000000,94.752,95.65,91.196,91.983,500509,0
HUBB.US,D,20181220,000000,91.448,92.012,89.864,91.177,426469,0
HUBB.US,D,20181221,000000,90.988,92.292,89.066,89.461,566793,0
HUBB.US,D,20181224,000000,88.832,89.3,86.188,87.011,202843,0
HUBB.US,D,20181226,000000,87.725,91.402,87.162,91.365,276273,0
HUBB.US,D,20181227,000000,89.846,92.751,89.277,92.705,439090,0
HUBB.US,D,20181228,000000,93.08,94.46,92.022,92.406,270085,0
HUBB.US,D,20181231,000000,92.705,93.184,91.916,93.184,263590,0
HUBB.US,D,20190102,000000,91.543,93.493,91.224,92.884,433795,0
HUBB.US,D,20190103,000000,92.705,92.705,90.126,90.304,677282,0
HUBB.US,D,20190104,000000,92.058,94.828,91.766,94.147,449501,0
HUBB.US,D,20190107,000000,94.386,95.99,93.568,94.508,654510,0
HUBB.US,D,20190108,000000,94.838,95.901,93.774,94.838,458861,0
HUBB.US,D,20190109,000000,96.614,97.419,95.737,95.99,309523,0
HUBB.US,D,20190110,000000,94.922,97.477,94.413,97.263,839538,0
HUBB.US,D,20190111,000000,96.751,99.204,95.95,99.035,958082,0
HUBB.US,D,20190114,000000,98.22,98.905,97.496,98.309,332608,0
HUBB.US,D,20190115,000000,98.299,98.756,96.78,97.799,271540,0
HUBB.US,D,20190116,000000,98.103,100.2,97.866,98.539,547281,0
HUBB.US,D,20190117,000000,97.846,100.62,97.846,99.95,289072,0
HUBB.US,D,20190118,000000,100.83,102.69,100.6,100.92,351141,0
HUBB.US,D,20190122,000000,100.43,100.8,97.34,97.974,558486,0
HUBB.US,D,20190123,000000,98.529,99.82,97.061,97.467,484059,0
HUBB.US,D,20190124,000000,97.624,98.954,97.253,97.984,276852,0
HUBB.US,D,20190125,000000,99.363,100.1,98.588,99.065,203967,0
HUBB.US,D,20190128,000000,97.702,100.05,97.546,99.134,356134,0
HUBB.US,D,20190129,000000,100.35,101.85,97.565,101.11,369187,0
HUBB.US,D,20190130,000000,102.04,102.42,100.49,101.56,217922,0
HUBB.US,D,20190131,000000,102,103.72,101.23,102.56,396782,0
HUBB.US,D,20190201,000000,102.92,103.6,101.55,103.4,353251,0
HUBB.US,D,20190204,000000,103.08,104.35,102.22,104.35,436495,0
HUBB.US,D,20190205,000000,111.59,112.09,106.05,106.87,730523,0
HUBB.US,D,20190206,000000,107.14,108.73,107.11,108.11,350710,0
HUBB.US,D,20190207,000000,107.8,108.8,106.53,107.87,363630,0
HUBB.US,D,20190208,000000,107.54,108.39,107.31,108.19,365762,0
HUBB.US,D,20190211,000000,108.24,109.47,107.81,108.15,429156,0
HUBB.US,D,20190212,000000,109.14,109.85,108.5,108.77,631243,0
HUBB.US,D,20190213,000000,109.32,110.53,109.32,109.66,488033,0
HUBB.US,D,20190214,000000,109.22,110.31,108.61,108.67,553272,0
HUBB.US,D,20190215,000000,109.66,111.37,109.07,111.27,368850,0
HUBB.US,D,20190219,000000,111.05,112.13,110.83,111.34,468772,0
HUBB.US,D,20190220,000000,111.49,113.12,111.07,112.36,388526,0
HUBB.US,D,20190221,000000,112,112.72,111.38,111.85,294849,0
HUBB.US,D,20190222,000000,112.44,113.39,111.63,112.75,245112,0
HUBB.US,D,20190225,000000,113.55,114.32,112.93,113.17,341195,0
HUBB.US,D,20190226,000000,112.57,113.3,111.62,111.65,238417,0
HUBB.US,D,20190227,000000,111.77,112.34,111.01,112.04,262092,0
HUBB.US,D,20190228,000000,111.69,112.18,110.81,111.53,207497,0
HUBB.US,D,20190301,000000,112.54,112.54,110.44,111.58,257513,0
HUBB.US,D,20190304,000000,112.22,112.84,110.46,110.64,250236,0
HUBB.US,D,20190305,000000,110.45,112.25,109.82,111.64,389125,0
HUBB.US,D,20190306,000000,111.89,113.35,111.72,112.38,359284,0
HUBB.US,D,20190307,000000,112.38,113.35,110.79,112.93,444726,0
HUBB.US,D,20190308,000000,111.53,112.16,110.48,111.3,264615,0
HUBB.US,D,20190311,000000,112.4,112.62,110.36,112.4,243459,0
HUBB.US,D,20190312,000000,112.88,112.98,111.49,112.15,216298,0
HUBB.US,D,20190313,000000,112.68,114.81,112.01,114.62,541325,0
HUBB.US,D,20190314,000000,114.13,114.94,113.52,114.49,460715,0
HUBB.US,D,20190315,000000,115.75,116.88,115.04,116.85,964027,0
HUBB.US,D,20190318,000000,116.62,117.14,115.47,116.44,737459,0
HUBB.US,D,20190319,000000,116.84,117.18,114.18,114.46,380865,0
HUBB.US,D,20190320,000000,114.05,114.05,111.21,112.08,404241,0
HUBB.US,D,20190321,000000,111.49,113.94,111.28,112.99,269356,0
HUBB.US,D,20190322,000000,112.64,112.64,108.01,108.57,492323,0
HUBB.US,D,20190325,000000,108.31,109.36,107.88,108.73,320440,0
HUBB.US,D,20190326,000000,109.9,110.67,108.66,109.36,212218,0
HUBB.US,D,20190327,000000,109.62,109.79,108.67,109.6,170777,0
HUBB.US,D,20190328,000000,109.67,111.02,108.69,110.72,272273,0
HUBB.US,D,20190329,000000,111.77,112.22,110.7,111.47,439817,0
HUBB.US,D,20190401,000000,112.85,113.92,112.58,112.86,348853,0
HUBB.US,D,20190402,000000,112.92,113.59,111.54,113.52,435975,0
HUBB.US,D,20190403,000000,114.56,115.99,114.33,114.94,362094,0
HUBB.US,D,20190404,000000,115.23,116.21,115,116.16,238817,0
HUBB.US,D,20190405,000000,116.52,118.41,116.21,118.13,269448,0
HUBB.US,D,20190408,000000,117.83,119.43,117.24,119.06,294171,0
HUBB.US,D,20190409,000000,118.59,118.59,117.26,117.38,250726,0
HUBB.US,D,20190410,000000,117.8,118.12,116.1,116.65,282577,0
HUBB.US,D,20190411,000000,117.07,118.09,116.05,117.85,231465,0
HUBB.US,D,20190412,000000,118.5,118.99,117.61,118.11,245312,0
HUBB.US,D,20190415,000000,118.16,118.22,116.37,117.51,337274,0
HUBB.US,D,20190416,000000,118.16,118.99,117.26,118.45,309388,0
HUBB.US,D,20190417,000000,119.54,120.29,117.83,118.24,273685,0
HUBB.US,D,20190418,000000,118.76,120.16,118.05,119.2,370218,0
HUBB.US,D,20190422,000000,118.44,119.42,117.64,118.7,209784,0
HUBB.US,D,20190423,000000,118.86,119.01,117.89,118.51,372240,0
HUBB.US,D,20190424,000000,118.36,119.26,117.95,118.26,300827,0
HUBB.US,D,20190425,000000,117.71,117.71,115.82,116.14,303486,0
HUBB.US,D,20190426,000000,116.42,117.17,115.89,116.45,276728,0
HUBB.US,D,20190429,000000,116.76,117.11,116.04,116.44,359501,0
HUBB.US,D,20190430,000000,120.93,121.9,118.38,120.54,813677,0
HUBB.US,D,20190501,000000,120.81,121.86,119.77,120,397461,0
HUBB.US,D,20190502,000000,119.93,122.17,119.09,121.58,387711,0
HUBB.US,D,20190503,000000,122.43,123.34,122.21,122.51,380020,0
HUBB.US,D,20190506,000000,120.09,121.41,118.51,121.4,341020,0
HUBB.US,D,20190507,000000,119.89,120.77,118.26,119.32,413595,0
HUBB.US,D,20190508,000000,119.28,120.76,118.5,119.35,310292,0
HUBB.US,D,20190509,000000,118.51,119.63,116.44,118.45,391943,0
HUBB.US,D,20190510,000000,117.88,119.06,116.08,118.86,341500,0
HUBB.US,D,20190513,000000,116.43,117.02,110.86,112.66,434571,0
HUBB.US,D,20190514,000000,113.27,114.66,112.72,113.9,341662,0
HUBB.US,D,20190515,000000,114.08,114.88,112.7,114.16,424863,0
HUBB.US,D,20190516,000000,114.3,116.28,114.3,115.96,297349,0
HUBB.US,D,20190517,000000,114.46,115.84,114.17,114.68,217101,0
HUBB.US,D,20190520,000000,113.69,114.03,112.21,112.32,264348,0
HUBB.US,D,20190521,000000,112.98,114.43,112.43,114.08,169514,0
HUBB.US,D,20190522,000000,113.67,114.03,112.21,112.29,174308,0
HUBB.US,D,20190523,000000,110.52,111.28,107.82,110.66,418304,0
HUBB.US,D,20190524,000000,111.92,111.92,110.49,111.49,200645,0
HUBB.US,D,20190528,000000,112.2,113.17,110.91,110.91,214161,0
HUBB.US,D,20190529,000000,110.44,111,109.8,110.81,360072,0
HUBB.US,D,20190530,000000,110.79,112.35,110.45,111.45,263781,0
HUBB.US,D,20190531,000000,110.06,110.5,108.08,108.97,575411,0
HUBB.US,D,20190603,000000,108.88,111.25,108.88,110.94,317991,0
HUBB.US,D,20190604,000000,112.44,116.21,111.94,115.96,444053,0
HUBB.US,D,20190605,000000,116.28,117.06,112.73,117.01,355325,0
HUBB.US,D,20190606,000000,116.7,118.09,116.23,117.72,286094,0
HUBB.US,D,20190607,000000,118.73,119.18,117.4,117.96,358414,0
HUBB.US,D,20190610,000000,118.88,119.8,118.26,118.63,327535,0
HUBB.US,D,20190611,000000,119.87,120.48,117.2,117.89,310173,0
HUBB.US,D,20190612,000000,117.83,117.83,116.32,116.62,292517,0
HUBB.US,D,20190613,000000,117.22,117.45,116.14,117.36,357308,0
HUBB.US,D,20190614,000000,117.08,117.31,115.59,116.75,247921,0
HUBB.US,D,20190617,000000,116.42,116.84,114.59,115.11,205514,0
HUBB.US,D,20190618,000000,115.65,118.62,115.12,117.8,233328,0
HUBB.US,D,20190619,000000,118.26,118.5,116.29,117.7,213398,0
HUBB.US,D,20190620,000000,119.72,120.46,117.38,120.26,248545,0
HUBB.US,D,20190621,000000,119.88,120.74,119.53,119.57,290231,0
HUBB.US,D,20190624,000000,119.83,120.23,119.05,119.43,112166,0
HUBB.US,D,20190625,000000,119.99,120.77,119.24,120.16,262139,0
HUBB.US,D,20190626,000000,120.86,122.27,119.79,121.29,290192,0
HUBB.US,D,20190627,000000,121.81,122.72,121.53,122.21,266922,0
HUBB.US,D,20190628,000000,122.1,124.08,121.94,124.08,711578,0
HUBB.US,D,20190701,000000,125.75,126.14,123.63,124.78,366624,0
HUBB.US,D,20190702,000000,124.14,124.97,122.65,123.47,341983,0
HUBB.US,D,20190703,000000,123.72,124.64,123.34,124.29,179369,0
HUBB.US,D,20190705,000000,123.29,123.3,121.47,122.89,213894,0
HUBB.US,D,20190708,000000,122.06,123.21,122.06,122.62,235888,0
HUBB.US,D,20190709,000000,122.71,122.77,120.74,121.51,215372,0
HUBB.US,D,20190710,000000,122.06,122.58,120.07,120.24,279115,0
HUBB.US,D,20190711,000000,120.29,120.55,118.6,119.16,244907,0
HUBB.US,D,20190712,000000,119.96,122.31,119.96,121.79,199301,0
HUBB.US,D,20190715,000000,122.01,122.5,120.59,121.09,235068,0
HUBB.US,D,20190716,000000,120.99,122.37,120.91,122.15,279157,0
HUBB.US,D,20190717,000000,121.94,122.03,119.15,119.21,140858,0
HUBB.US,D,20190718,000000,119.66,119.89,118.09,118.76,169049,0
HUBB.US,D,20190719,000000,119.63,120.76,118.75,119.41,187489,0
HUBB.US,D,20190722,000000,119.47,120.01,117.8,118.33,218091,0
HUBB.US,D,20190723,000000,119.25,120.33,118.2,120.32,243908,0
HUBB.US,D,20190724,000000,119.46,121.55,118.22,121.36,335161,0
HUBB.US,D,20190725,000000,121.51,121.78,120.06,120.45,219942,0
HUBB.US,D,20190726,000000,120.5,120.78,119.66,119.86,314005,0
HUBB.US,D,20190729,000000,119.75,119.75,118.34,119.3,314625,0
HUBB.US,D,20190730,000000,122.7,127.4,120.54,125.23,727767,0
HUBB.US,D,20190731,000000,124.79,125.96,122.51,123.58,520963,0
HUBB.US,D,20190801,000000,123.86,125.82,120.83,121.49,525661,0
HUBB.US,D,20190802,000000,120.47,122.19,119.47,121.71,371868,0
HUBB.US,D,20190805,000000,118.89,119.24,116.57,117.7,330813,0
HUBB.US,D,20190806,000000,118.15,120.22,117.98,119.96,299829,0
HUBB.US,D,20190807,000000,119.11,120.66,117.54,120.45,302854,0
HUBB.US,D,20190808,000000,121.05,123.13,121.05,122.85,378961,0
HUBB.US,D,20190809,000000,122.04,122.34,119.98,120.48,222539,0
HUBB.US,D,20190812,000000,120.23,121.02,119.13,119.58,161265,0
HUBB.US,D,20190813,000000,119.28,123.87,118.75,121.1,292526,0
HUBB.US,D,20190814,000000,119.03,119.63,116.81,117,195388,0
HUBB.US,D,20190815,000000,117.02,117.98,116.35,117.12,220929,0
HUBB.US,D,20190816,000000,118.16,120.59,117.9,119.96,159075,0
HUBB.US,D,20190819,000000,121.96,122.46,121.13,121.6,168219,0
HUBB.US,D,20190820,000000,121.46,122.2,120.41,121.51,198225,0
HUBB.US,D,20190821,000000,123.68,123.68,121.96,122.36,139953,0
HUBB.US,D,20190822,000000,122.68,123.26,121.3,121.92,108492,0
HUBB.US,D,20190823,000000,121.34,121.89,117.31,117.73,244398,0
HUBB.US,D,20190826,000000,118.9,118.9,116.95,117.87,163862,0
HUBB.US,D,20190827,000000,119.03,119.06,116.77,117.79,204109,0
HUBB.US,D,20190828,000000,117.34,120.93,116.76,120.8,240230,0
HUBB.US,D,20190829,000000,122.11,124.12,121.82,123.87,218411,0
HUBB.US,D,20190830,000000,124.48,125.68,124.26,125.62,206472,0
HUBB.US,D,20190903,000000,123.99,124.64,121.42,122.27,265441,0
HUBB.US,D,20190904,000000,123.79,125.47,123.58,124.22,268366,0
HUBB.US,D,20190905,000000,125.91,128.16,125.77,126.72,207944,0
HUBB.US,D,20190906,000000,126.91,129.18,126.61,128.43,299987,0
HUBB.US,D,20190909,000000,128.78,129.23,127.17,128.99,423892,0
HUBB.US,D,20190910,000000,129.03,129.79,127.55,129.79,295468,0
HUBB.US,D,20190911,000000,130.27,131.12,129.32,131.04,306361,0
HUBB.US,D,20190912,000000,131.47,131.9,129.71,130.09,270447,0
HUBB.US,D,20190913,000000,131.26,132.15,129.68,132.07,214454,0
HUBB.US,D,20190916,000000,130.71,131.27,127,127.88,384001,0
HUBB.US,D,20190917,000000,127.15,128.66,124.94,128.32,621937,0
HUBB.US,D,20190918,000000,127.51,128.61,125.96,127.75,254004,0
HUBB.US,D,20190919,000000,128.2,129.14,125.61,125.88,179300,0
HUBB.US,D,20190920,000000,126.36,127.46,125.58,125.68,593217,0
HUBB.US,D,20190923,000000,124.86,127.69,124.86,127.09,267838,0
HUBB.US,D,20190924,000000,127.57,127.9,125.9,126.99,299591,0
HUBB.US,D,20190925,000000,126.59,128.9,126.48,127.97,253080,0
HUBB.US,D,20190926,000000,127.99,128.47,127.17,127.47,208341,0
HUBB.US,D,20190927,000000,128.46,128.54,126.23,126.56,268227,0
HUBB.US,D,20190930,000000,126.71,127.89,124.51,125.88,364569,0
HUBB.US,D,20191001,000000,126.77,127.58,123.83,124.58,307853,0
HUBB.US,D,20191002,000000,122.65,122.65,118.59,120.66,421937,0
HUBB.US,D,20191003,000000,119.76,122.77,118.82,122.54,292422,0
HUBB.US,D,20191004,000000,123.09,125.47,122.87,125.28,304030,0
HUBB.US,D,20191007,000000,124.86,125.35,123.38,123.75,289128,0
HUBB.US,D,20191008,000000,123.05,124.87,122.13,123.48,428814,0
HUBB.US,D,20191009,000000,124.68,125.78,123.66,124.25,250402,0
HUBB.US,D,20191010,000000,124.31,126.42,124.28,125.96,264705,0
HUBB.US,D,20191011,000000,128.12,129.38,126.46,126.57,279624,0
HUBB.US,D,20191014,000000,126,127.75,125.17,127.53,169871,0
HUBB.US,D,20191015,000000,127.8,129.54,127.42,128.78,288530,0
HUBB.US,D,20191016,000000,127.72,128.67,125.79,125.83,460368,0
HUBB.US,D,20191017,000000,127.27,129.03,126.9,128.58,273586,0
HUBB.US,D,20191018,000000,128.42,129.69,127.7,129.41,257948,0
HUBB.US,D,20191021,000000,130.33,130.55,129.24,130.18,160946,0
HUBB.US,D,20191022,000000,130.14,132.18,129.47,131.23,205290,0
HUBB.US,D,20191023,000000,132.14,133.35,131.28,133.29,210741,0
HUBB.US,D,20191024,000000,133.37,133.81,132.21,132.92,256494,0
HUBB.US,D,20191025,000000,133.26,133.55,132.74,132.93,243859,0
HUBB.US,D,20191028,000000,134.09,135.61,134.07,134.29,422790,0
HUBB.US,D,20191029,000000,133.44,137.98,132.32,136.01,482803,0
HUBB.US,D,20191030,000000,136.11,138.28,134.67,137.57,376051,0
HUBB.US,D,20191031,000000,137.46,137.46,134.76,135.71,251791,0
HUBB.US,D,20191101,000000,136.8,137.76,135.66,137.74,278925,0
HUBB.US,D,20191104,000000,139.14,140.63,138.59,139.56,221860,0
HUBB.US,D,20191105,000000,140.12,140.21,138.73,139.03,176916,0
HUBB.US,D,20191106,000000,138.66,138.66,136.92,137.93,292001,0
HUBB.US,D,20191107,000000,138.97,139.46,137.39,137.96,289743,0
HUBB.US,D,20191108,000000,137.75,139.49,137.06,139.36,217737,0
HUBB.US,D,20191111,000000,138.39,139.31,138.17,138.93,172205,0
HUBB.US,D,20191112,000000,139.76,140.32,138.64,139.97,241555,0
HUBB.US,D,20191113,000000,138.97,140.55,138.97,140.16,237381,0
HUBB.US,D,20191114,000000,139.68,141.54,139.68,141.34,254242,0
HUBB.US,D,20191115,000000,142.2,143.02,141.53,142.44,185284,0
HUBB.US,D,20191118,000000,141.78,142.42,140.66,141.52,156271,0
HUBB.US,D,20191119,000000,142.19,142.61,141.17,142.02,172648,0
HUBB.US,D,20191120,000000,141.59,142.02,139.31,139.99,265005,0
HUBB.US,D,20191121,000000,140.81,140.81,138.66,139.19,251736,0
HUBB.US,D,20191122,000000,139.89,140.39,138.84,139.56,202506,0
HUBB.US,D,20191125,000000,140.16,141.97,139.38,141.79,229043,0
HUBB.US,D,20191126,000000,141.94,142.74,140.87,142.57,233647,0
HUBB.US,D,20191127,000000,142.87,143.19,141.83,142.93,228878,0
HUBB.US,D,20191129,000000,142.58,142.84,141.31,141.69,92817,0
HUBB.US,D,20191202,000000,142.16,142.63,141,141.46,304544,0
HUBB.US,D,20191203,000000,139.63,140.49,138.18,140.24,208696,0
HUBB.US,D,20191204,000000,141.36,142.44,140.09,140.38,278260,0
HUBB.US,D,20191205,000000,141.06,141.62,140.34,141.41,191269,0
HUBB.US,D,20191206,000000,142.94,143.12,141.64,141.7,216742,0
HUBB.US,D,20191209,000000,141.48,142.22,141.24,141.98,201355,0
HUBB.US,D,20191210,000000,141.88,142.24,140.94,141.22,154660,0
HUBB.US,D,20191211,000000,141.67,142.61,140.94,141.14,314363,0
HUBB.US,D,20191212,000000,141.22,142.51,141.01,142.31,274074,0
HUBB.US,D,20191213,000000,141.87,142.69,140.16,141.13,177282,0
HUBB.US,D,20191216,000000,141.96,142.61,141.5,142.04,214984,0
HUBB.US,D,20191217,000000,142.35,142.85,141.48,142.21,194038,0
HUBB.US,D,20191218,000000,142.64,143,140.68,142.83,227969,0
HUBB.US,D,20191219,000000,142.42,142.74,141.62,141.9,140841,0
HUBB.US,D,20191220,000000,142.45,143.34,141.48,143.23,651335,0
HUBB.US,D,20191223,000000,143.45,143.55,142,143.38,177463,0
HUBB.US,D,20191224,000000,143.21,143.21,142.17,142.41,61537,0
HUBB.US,D,20191226,000000,142.61,142.81,141.91,142.72,140342,0
HUBB.US,D,20191227,000000,143.41,143.45,142.51,142.95,106027,0
HUBB.US,D,20191230,000000,143.28,143.59,142.28,142.68,104640,0
HUBB.US,D,20191231,000000,142.53,143.23,142.39,142.46,188127,0
HUBB.US,D,20200102,000000,143.7,143.84,141.45,143.12,249967,0
HUBB.US,D,20200103,000000,141.4,143.37,141.01,143.15,162045,0
HUBB.US,D,20200106,000000,142.25,142.73,141.34,142.48,183630,0
HUBB.US,D,20200107,000000,141.82,142.95,140.84,142.27,210216,0
HUBB.US,D,20200108,000000,141.97,143.72,141.06,142.84,265776,0
HUBB.US,D,20200109,000000,142.14,142.52,140.04,140.25,305074,0
HUBB.US,D,20200110,000000,140.45,141.01,138.88,139.08,281363,0
HUBB.US,D,20200113,000000,139.77,140.9,139,140.74,249376,0
HUBB.US,D,20200114,000000,140.6,140.67,139,139.55,252109,0
HUBB.US,D,20200115,000000,139.51,141.68,139.51,140.97,255139,0
HUBB.US,D,20200116,000000,141.91,143.03,141.55,142.99,294933,0
HUBB.US,D,20200117,000000,143.37,144.18,142.85,143.74,198523,0
HUBB.US,D,20200121,000000,143.05,143.6,141.7,143.07,326336,0
HUBB.US,D,20200122,000000,144.07,144.45,143.14,143.64,258200,0
HUBB.US,D,20200123,000000,143.21,143.9,141.3,143.3,309267,0
HUBB.US,D,20200124,000000,143.7,144.41,141.08,141.61,209519,0
HUBB.US,D,20200127,000000,139.02,141.02,138.42,140.28,333284,0
HUBB.US,D,20200128,000000,140.79,141.97,139.85,141.25,237413,0
HUBB.US,D,20200129,000000,142.11,142.43,141.24,141.9,187884,0
HUBB.US,D,20200130,000000,140.95,142.87,139.49,142.65,269513,0
HUBB.US,D,20200131,000000,141.89,141.89,137.82,138.03,358502,0
HUBB.US,D,20200203,000000,138.94,142.97,138.6,140.32,429545,0
HUBB.US,D,20200204,000000,144.71,149.38,136.76,138.45,700337,0
HUBB.US,D,20200205,000000,140.32,143.71,140.32,143.01,417974,0
HUBB.US,D,20200206,000000,144.07,144.07,141.76,142,333379,0
HUBB.US,D,20200207,000000,141.56,141.56,139.29,140.14,250616,0
HUBB.US,D,20200210,000000,139.69,141.98,139.69,141.97,385167,0
HUBB.US,D,20200211,000000,142.54,145.55,142.33,144.12,356003,0
HUBB.US,D,20200212,000000,144.84,145.25,142.86,143.71,341883,0
HUBB.US,D,20200213,000000,143.11,144.98,142.82,144.1,339173,0
HUBB.US,D,20200214,000000,144.49,144.64,141.95,142.2,317974,0
HUBB.US,D,20200218,000000,141.98,142.06,139.32,140.77,435548,0
HUBB.US,D,20200219,000000,141.58,141.77,140.23,141.61,388459,0
HUBB.US,D,20200220,000000,141.29,142.3,139.91,141.37,253361,0
HUBB.US,D,20200221,000000,140.97,141.04,139.05,139.29,853939,0
HUBB.US,D,20200224,000000,134.86,136.97,134.64,136.1,338647,0
HUBB.US,D,20200225,000000,136.63,136.63,131.44,131.63,428801,0
HUBB.US,D,20200226,000000,132.12,133.77,130.03,131.37,317065,0
HUBB.US,D,20200227,000000,128.77,133.11,127.71,128.82,431426,0
HUBB.US,D,20200228,000000,125.44,129.57,123.36,129.27,847150,0
HUBB.US,D,20200302,000000,129.91,136.34,128.92,135.91,640090,0
HUBB.US,D,20200303,000000,135.35,136.23,127.76,129.46,748993,0
HUBB.US,D,20200304,000000,131.38,136.44,130.26,136.31,342793,0
HUBB.US,D,20200305,000000,132.78,133.49,130.63,132.51,418008,0
HUBB.US,D,20200306,000000,128.12,132.38,127.65,130.53,368633,0
HUBB.US,D,20200309,000000,118.45,123.15,116.75,118.44,513849,0
HUBB.US,D,20200310,000000,122.01,126.36,117.84,126.34,359708,0
HUBB.US,D,20200311,000000,122.74,122.89,117.63,118.43,462498,0
HUBB.US,D,20200312,000000,107.8,111.52,103.72,103.72,756180,0
HUBB.US,D,20200313,000000,110.13,115.94,105.21,115.6,458304,0
HUBB.US,D,20200316,000000,104.7,111.15,103.94,105.27,399229,0
HUBB.US,D,20200317,000000,107,108.48,102.88,105.44,510123,0
HUBB.US,D,20200318,000000,98.319,101.03,91.239,93.791,430501,0
HUBB.US,D,20200319,000000,92.617,99.463,88.532,98.358,367093,0
HUBB.US,D,20200320,000000,98.387,104.4,93.326,93.705,423411,0
HUBB.US,D,20200323,000000,92.587,93.695,83.07,84.127,459864,0
HUBB.US,D,20200324,000000,88.29,97.36,87.761,95.683,333807,0
HUBB.US,D,20200325,000000,95.985,108.04,94.164,104.05,511003,0
HUBB.US,D,20200326,000000,105.19,110.42,103.76,109.68,331825,0
HUBB.US,D,20200327,000000,105.43,107.55,101.64,103.77,342172,0
HUBB.US,D,20200330,000000,104.02,110.53,101.91,109.61,451853,0
HUBB.US,D,20200331,000000,108.07,111.66,107.24,111.33,418164,0
HUBB.US,D,20200401,000000,106.26,108.32,104.73,106.95,465059,0
HUBB.US,D,20200402,000000,106.59,110.25,104.26,109.23,420568,0
HUBB.US,D,20200403,000000,107.98,109.3,103.91,104.6,346618,0
HUBB.US,D,20200406,000000,109.95,113.42,108.76,112.41,391403,0
HUBB.US,D,20200407,000000,115.12,119.05,112.75,112.83,309497,0
HUBB.US,D,20200408,000000,115.14,117.16,112.27,116.48,289235,0
HUBB.US,D,20200409,000000,118.87,122.26,118.07,120.74,243072,0
HUBB.US,D,20200413,000000,119.89,120.86,114.89,115.6,188858,0
HUBB.US,D,20200414,000000,119.09,120.57,117.35,119.9,246725,0
HUBB.US,D,20200415,000000,116.1,117.48,113.84,115.84,259620,0
HUBB.US,D,20200416,000000,115.63,116.25,112.3,114.44,326302,0
HUBB.US,D,20200417,000000,118,120.48,115.68,116.88,379436,0
HUBB.US,D,20200420,000000,114.68,116.24,112.89,113.47,231864,0
HUBB.US,D,20200421,000000,111.18,112.4,109.83,111.24,222663,0
HUBB.US,D,20200422,000000,114.34,115.52,112.57,114.44,242499,0
HUBB.US,D,20200423,000000,116.15,118.11,114.88,115.15,259422,0
HUBB.US,D,20200424,000000,116.63,117.29,115.36,115.88,401478,0
HUBB.US,D,20200427,000000,116.3,119.52,115.6,118.95,268703,0
HUBB.US,D,20200428,000000,121.81,122.4,119.12,120.05,213705,0
HUBB.US,D,20200429,000000,122.97,123.79,121.76,123.02,317113,0
HUBB.US,D,20200430,000000,127.43,130.5,118.39,120.73,333618,0
HUBB.US,D,20200501,000000,117.91,118.5,115.38,118.43,257881,0
HUBB.US,D,20200504,000000,116.73,116.76,113.9,116.42,307089,0
HUBB.US,D,20200505,000000,118.31,120.14,117.96,117.96,277800,0
HUBB.US,D,20200506,000000,118.24,118.24,115.59,115.63,328751,0
HUBB.US,D,20200507,000000,117.87,119.05,115.47,115.78,269426,0
HUBB.US,D,20200508,000000,118.22,119.97,117.93,118.82,266136,0
HUBB.US,D,20200511,000000,117.41,118.84,116.35,117.88,394577,0
HUBB.US,D,20200512,000000,118.13,118.38,110.79,110.9,250430,0
HUBB.US,D,20200513,000000,110.7,110.7,105.28,106.54,348166,0
HUBB.US,D,20200514,000000,104.38,109.63,102.2,109.38,559759,0
HUBB.US,D,20200515,000000,108.23,111.52,107.55,110.21,393212,0
HUBB.US,D,20200518,000000,115.08,116.83,114.24,115.71,242965,0
HUBB.US,D,20200519,000000,115.39,116.84,114.25,114.25,294351,0
HUBB.US,D,20200520,000000,116.37,117.32,115.12,115.18,270862,0
HUBB.US,D,20200521,000000,114.79,115.93,113.94,114.28,497325,0
HUBB.US,D,20200522,000000,115.21,115.21,112.46,113.37,319977,0
HUBB.US,D,20200526,000000,117.59,119.28,116.95,117.24,469599,0
HUBB.US,D,20200527,000000,119.24,122.21,118.88,121.6,548788,0
HUBB.US,D,20200528,000000,122.71,122.71,119.85,121.56,490452,0
HUBB.US,D,20200529,000000,120.54,120.54,118.63,119.64,435231,0
HUBB.US,D,20200601,000000,119.49,122.22,118.71,122.15,329974,0
HUBB.US,D,20200602,000000,123.07,125.94,122.81,125.75,570655,0
HUBB.US,D,20200603,000000,127.69,129.35,127.6,128.2,271467,0
HUBB.US,D,20200604,000000,127.11,131.12,126.08,130.54,387709,0
HUBB.US,D,20200605,000000,134.91,136.45,133.8,134.67,302415,0
HUBB.US,D,20200608,000000,134.9,136.71,134.19,134.63,267318,0
HUBB.US,D,20200609,000000,132.28,133.61,131.17,132.59,276756,0
HUBB.US,D,20200610,000000,132.22,132.29,127.81,128.57,373560,0
HUBB.US,D,20200611,000000,123.94,124.11,120.24,120.37,472704,0
HUBB.US,D,20200612,000000,123.87,124.84,117.95,121.93,279070,0
HUBB.US,D,20200615,000000,118.3,123.93,117.75,122.56,302789,0
HUBB.US,D,20200616,000000,126.88,127.49,122.95,124.64,218949,0
HUBB.US,D,20200617,000000,125.38,126.2,123.49,125.81,380931,0
HUBB.US,D,20200618,000000,124.4,126.31,123.24,123.92,287048,0
HUBB.US,D,20200619,000000,124.97,126.25,121.53,123.33,487937,0
HUBB.US,D,20200622,000000,122.64,123.59,120.01,122.96,238226,0
HUBB.US,D,20200623,000000,124.85,125.38,122.22,122.62,317309,0
HUBB.US,D,20200624,000000,121.46,121.76,116.21,116.27,449834,0
HUBB.US,D,20200625,000000,115.97,117.36,114.51,117.23,540387,0
HUBB.US,D,20200626,000000,116.96,117.08,114.58,116.1,1111979,0
HUBB.US,D,20200629,000000,117.14,119.76,116.71,119.34,404396,0
HUBB.US,D,20200630,000000,119.98,122.69,119.56,122.52,407377,0
HUBB.US,D,20200701,000000,123.36,123.36,119.47,120.16,230478,0
HUBB.US,D,20200702,000000,121.92,123.26,120.77,121.07,132355,0
HUBB.US,D,20200706,000000,123.39,123.61,121.46,122.93,138363,0
HUBB.US,D,20200707,000000,121.57,122.62,121.13,122.16,421077,0
HUBB.US,D,20200708,000000,122,123.16,121.26,122.61,295728,0
HUBB.US,D,20200709,000000,122.96,122.96,119.56,121.89,332002,0
HUBB.US,D,20200710,000000,122.02,122.07,119.63,121.82,246169,0
HUBB.US,D,20200713,000000,122.44,123.55,121.01,121.17,308227,0
HUBB.US,D,20200714,000000,121.12,126.93,120.5,126.66,384219,0
HUBB.US,D,20200715,000000,128.76,129.67,127.8,128.93,334068,0
HUBB.US,D,20200716,000000,128.36,129.91,127.77,128.62,245663,0
HUBB.US,D,20200717,000000,129.65,129.82,128.42,128.92,158801,0
HUBB.US,D,20200720,000000,128.19,129.36,126.64,127.39,169843,0
HUBB.US,D,20200721,000000,128.26,129.86,128.19,128.57,183102,0
HUBB.US,D,20200722,000000,128.2,130.19,128.2,129.51,175898,0
HUBB.US,D,20200723,000000,128.86,131.36,128.86,130.55,198336,0
HUBB.US,D,20200724,000000,130.77,131.31,129.5,129.59,152390,0
HUBB.US,D,20200727,000000,129.46,130.11,128.71,129.93,251731,0
HUBB.US,D,20200728,000000,129.16,129.69,127.73,127.93,251097,0
HUBB.US,D,20200729,000000,128.94,131.64,128.02,130.9,278754,0
HUBB.US,D,20200730,000000,128.53,131.87,128.22,129.77,446792,0
HUBB.US,D,20200731,000000,130.34,132.39,129.3,131.91,478593,0
HUBB.US,D,20200803,000000,132.95,134.23,132.35,133.5,283911,0
HUBB.US,D,20200804,000000,132.64,134.29,132.38,133.96,245116,0
HUBB.US,D,20200805,000000,134.93,136.49,134.71,136.14,258712,0
HUBB.US,D,20200806,000000,136.17,137.24,135.55,137.19,294069,0
HUBB.US,D,20200807,000000,137.24,139.25,136.9,139.01,193195,0
HUBB.US,D,20200810,000000,139.23,141.41,138.93,141.29,287036,0
HUBB.US,D,20200811,000000,142.55,144.06,140.89,141.26,265433,0
HUBB.US,D,20200812,000000,142.59,144.06,141.9,143.71,200545,0
HUBB.US,D,20200813,000000,142.95,144.01,142.47,143.29,177757,0
HUBB.US,D,20200814,000000,142.13,144.15,141.98,142.98,186574,0
HUBB.US,D,20200817,000000,143.58,143.96,142.66,143.3,130027,0
HUBB.US,D,20200818,000000,143.17,143.45,141.33,141.51,160093,0
HUBB.US,D,20200819,000000,141.45,142.82,141.05,141.65,138856,0
HUBB.US,D,20200820,000000,140.36,141.05,139.77,139.8,181768,0
HUBB.US,D,20200821,000000,139.54,141.08,139.54,140.77,141270,0
HUBB.US,D,20200824,000000,141.66,142.77,140.71,142.66,180164,0
HUBB.US,D,20200825,000000,143.21,143.74,141.39,142.56,255418,0
HUBB.US,D,20200826,000000,143.28,144.52,142.68,143.74,233714,0
HUBB.US,D,20200827,000000,145.1,145.64,143.96,144.08,200888,0
HUBB.US,D,20200828,000000,144.64,144.75,142.62,143.59,108764,0
HUBB.US,D,20200831,000000,143.2,143.2,141.53,142.52,191946,0
HUBB.US,D,20200901,000000,142.15,144.4,141.59,143.94,227182,0
HUBB.US,D,20200902,000000,144.12,146.61,143.59,146.53,130945,0
HUBB.US,D,20200903,000000,146.95,147.5,143.19,143.97,397626,0
HUBB.US,D,20200904,000000,145.54,145.54,141.51,141.97,311513,0
HUBB.US,D,20200908,000000,141.19,141.19,136.32,136.39,391489,0
HUBB.US,D,20200909,000000,137.42,139.81,136.82,139.02,253450,0
HUBB.US,D,20200910,000000,139.06,139.95,136.93,138.13,269938,0
HUBB.US,D,20200911,000000,139.14,139.77,137.44,138.42,200558,0
HUBB.US,D,20200914,000000,139.94,140.88,138.96,140.55,215708,0
HUBB.US,D,20200915,000000,141.03,142.64,140.34,141.17,261825,0
HUBB.US,D,20200916,000000,141.48,142.26,140.22,140.8,405923,0
HUBB.US,D,20200917,000000,138.61,141.16,137.67,140.77,539754,0
HUBB.US,D,20200918,000000,141.29,141.38,136.27,136.72,804679,0
HUBB.US,D,20200921,000000,134.39,135.04,130.58,132.1,543278,0
HUBB.US,D,20200922,000000,132.83,134.07,132.15,133.51,409913,0
HUBB.US,D,20200923,000000,133.67,134.78,129.65,129.82,282363,0
HUBB.US,D,20200924,000000,129.73,132.39,128.91,130.75,259626,0
HUBB.US,D,20200925,000000,129.77,132.13,129.65,131.6,212028,0
HUBB.US,D,20200928,000000,133.81,137,133.81,134.68,236067,0
HUBB.US,D,20200929,000000,135.03,136.74,133.66,134.52,251871,0
HUBB.US,D,20200930,000000,134.71,136.6,133.71,134.57,334952,0
HUBB.US,D,20201001,000000,135.93,136.92,133.13,133.9,163817,0
HUBB.US,D,20201002,000000,131.3,137.28,131.3,135.23,248341,0
HUBB.US,D,20201005,000000,136.46,138.57,136.46,137.89,230959,0
HUBB.US,D,20201006,000000,138.16,139.39,136.49,136.92,324522,0
HUBB.US,D,20201007,000000,138.95,140.2,137.8,138.91,421996,0
HUBB.US,D,20201008,000000,140.18,141.42,139.32,140.73,326391,0
HUBB.US,D,20201009,000000,141.32,142.84,141.12,141.68,319693,0
HUBB.US,D,20201012,000000,142.6,144.35,141.93,144.07,316282,0
HUBB.US,D,20201013,000000,144.07,144.63,142.01,142.24,223671,0
HUBB.US,D,20201014,000000,142.5,143.88,142.12,142.15,157565,0
HUBB.US,D,20201015,000000,140.21,142.37,139.85,141.93,206797,0
HUBB.US,D,20201016,000000,143.01,143.27,141.61,142.17,181428,0
HUBB.US,D,20201019,000000,142.83,145.03,142.47,143.66,418567,0
HUBB.US,D,20201020,000000,144.57,146.42,144.08,145.05,254612,0
HUBB.US,D,20201021,000000,145.34,146.41,143.94,144.84,303352,0
HUBB.US,D,20201022,000000,145.11,147.89,145.11,147.17,298344,0
HUBB.US,D,20201023,000000,147.65,151.65,147.65,150.85,475354,0
HUBB.US,D,20201026,000000,149.37,149.37,143.95,146.52,391668,0
HUBB.US,D,20201027,000000,144.83,148.72,144.83,145.91,602455,0
HUBB.US,D,20201028,000000,144.31,145.35,140.15,141.84,424786,0
HUBB.US,D,20201029,000000,141.8,143.26,139.97,142.24,268062,0
HUBB.US,D,20201030,000000,141.76,143.19,140.57,143.09,255260,0
HUBB.US,D,20201102,000000,144.98,147.52,143.73,147.45,257560,0
HUBB.US,D,20201103,000000,149.49,151.48,148.3,151.09,251480,0
HUBB.US,D,20201104,000000,150.76,150.76,146.62,147.17,252865,0
HUBB.US,D,20201105,000000,149.82,152.03,149.32,150.73,197261,0
HUBB.US,D,20201106,000000,151.45,152.48,150.41,150.93,222415,0
HUBB.US,D,20201109,000000,163.61,163.61,155.51,155.97,411508,0
HUBB.US,D,20201110,000000,156.09,158.6,155.06,157.41,281417,0
HUBB.US,D,20201111,000000,159.01,159.83,153.58,154.59,323770,0
HUBB.US,D,20201112,000000,153.72,154.17,148.88,150.13,352386,0
HUBB.US,D,20201113,000000,150.69,154.18,150.69,152.89,430474,0
HUBB.US,D,20201116,000000,155.6,158.81,154.73,156.52,433980,0
HUBB.US,D,20201117,000000,154.7,155.6,153.04,153.15,407680,0
HUBB.US,D,20201118,000000,153.63,154.77,152.26,152.77,791202,0
HUBB.US,D,20201119,000000,153.03,155.23,152.04,155.13,275983,0
HUBB.US,D,20201120,000000,154.88,155.64,154.18,154.85,282540,0
HUBB.US,D,20201123,000000,156.39,158.7,155.43,157.68,262493,0
HUBB.US,D,20201124,000000,159.46,162.88,158.65,161.41,300582,0
HUBB.US,D,20201125,000000,160.4,161.5,158.43,159.86,248265,0
HUBB.US,D,20201127,000000,160.5,161.12,159.08,160.51,109957,0
HUBB.US,D,20201130,000000,160.72,160.72,158.45,159.87,356050,0
HUBB.US,D,20201201,000000,161.05,162.84,159.37,159.97,207230,0
HUBB.US,D,20201202,000000,158.77,159.41,154.35,155.52,240388,0
HUBB.US,D,20201203,000000,156.42,156.98,154.14,154.59,168733,0
HUBB.US,D,20201204,000000,154.58,159.99,154.58,159.78,312546,0
HUBB.US,D,20201207,000000,159.2,159.7,155.89,157.24,251040,0
HUBB.US,D,20201208,000000,157.13,160.31,156.59,159.34,215791,0
HUBB.US,D,20201209,000000,160.62,161.25,158.09,159.9,241833,0
HUBB.US,D,20201210,000000,158.95,158.95,156.74,158.25,264424,0
HUBB.US,D,20201211,000000,157.45,159.3,156.41,158.69,325635,0
HUBB.US,D,20201214,000000,160.56,160.96,155.51,156.03,317716,0
HUBB.US,D,20201215,000000,157.81,159.3,156.27,158.16,321532,0
HUBB.US,D,20201216,000000,157.81,158.82,154.36,154.81,263837,0
HUBB.US,D,20201217,000000,155.87,157.61,155.11,157.27,262002,0
HUBB.US,D,20201218,000000,158.39,158.72,153.52,153.97,891496,0
HUBB.US,D,20201221,000000,151.14,156.12,151.04,155.33,357613,0
HUBB.US,D,20201222,000000,155.95,156.97,154.85,156.2,285179,0
HUBB.US,D,20201223,000000,157.61,159.05,156.87,157.87,335434,0
HUBB.US,D,20201224,000000,158.76,159.12,157.3,159.11,68202,0
HUBB.US,D,20201228,000000,160.78,161.16,155.96,156.61,228286,0
HUBB.US,D,20201229,000000,156.87,156.87,153.81,155.12,264636,0
HUBB.US,D,20201230,000000,155.27,156.99,154.22,154.65,190085,0
HUBB.US,D,20201231,000000,154.19,155.78,153.45,155.12,182065,0
HUBB.US,D,20210104,000000,155.55,157.21,153.5,154.4,279854,0
HUBB.US,D,20210105,000000,154.51,157.92,154.51,156.73,246231,0
HUBB.US,D,20210106,000000,156.63,166.37,156.63,166.27,549455,0
HUBB.US,D,20210107,000000,167.54,167.69,164.97,166.7,280549,0
HUBB.US,D,20210108,000000,167.7,167.92,164.43,165.66,285089,0
HUBB.US,D,20210111,000000,164.36,168.72,163.85,167.51,363360,0
HUBB.US,D,20210112,000000,168.3,170.33,168.09,170.09,254402,0
HUBB.US,D,20210113,000000,169.97,169.97,163.46,163.9,292240,0
HUBB.US,D,20210114,000000,164.16,166.67,161.52,162.73,245513,0
HUBB.US,D,20210115,000000,161.33,161.71,158.78,160.83,184287,0
HUBB.US,D,20210119,000000,162.06,165.03,160.88,163.78,323051,0
HUBB.US,D,20210120,000000,163.72,165.47,163.27,164.77,209563,0
HUBB.US,D,20210121,000000,165.22,165.61,162.9,163.79,241925,0
HUBB.US,D,20210122,000000,162.68,164.75,161.8,164.65,226926,0
HUBB.US,D,20210125,000000,164.19,164.35,161.59,162.35,204456,0
HUBB.US,D,20210126,000000,162.94,163.13,160.46,161.66,269768,0
HUBB.US,D,20210127,000000,159.63,160.56,156.07,159.44,392339,0
HUBB.US,D,20210128,000000,160.31,161.01,157.85,158.14,270780,0
HUBB.US,D,20210129,000000,157.46,158.49,152.03,153.94,691587,0
HUBB.US,D,20210201,000000,156.17,157.62,154.93,157.26,247286,0
HUBB.US,D,20210202,000000,154.53,157.43,147.48,156.76,806456,0
HUBB.US,D,20210203,000000,157.56,160.31,156.51,159.7,694779,0
HUBB.US,D,20210204,000000,160.93,161.75,156.88,157.23,351842,0
HUBB.US,D,20210205,000000,158.38,160.28,154.97,160.19,304542,0
HUBB.US,D,20210208,000000,161,162.95,159.65,162.48,214915,0
HUBB.US,D,20210209,000000,162.65,163.24,159.81,160.82,224438,0
HUBB.US,D,20210210,000000,161.84,161.84,159.53,160.24,176608,0
HUBB.US,D,20210211,000000,161.33,163.4,159.27,162.61,351621,0
HUBB.US,D,20210212,000000,162.25,163.47,160.99,163.45,149690,0
HUBB.US,D,20210216,000000,164.31,167.35,163.35,164.79,372513,0
HUBB.US,D,20210217,000000,163.91,167.79,163.24,166.55,437402,0
HUBB.US,D,20210218,000000,166.14,167.13,163.5,166.04,300664,0
HUBB.US,D,20210219,000000,166.76,169.36,166.76,168.66,172293,0
HUBB.US,D,20210222,000000,167.62,176.68,167.21,176.29,574934,0
HUBB.US,D,20210223,000000,176.46,178.34,174.68,178.33,550060,0
HUBB.US,D,20210224,000000,178.22,178.37,175.21,176.09,451527,0
HUBB.US,D,20210225,000000,175.72,177.41,172.17,176.58,497598,0
HUBB.US,D,20210226,000000,177.63,178.27,175.32,176.59,569899,0
HUBB.US,D,20210301,000000,179.14,182.73,178.59,181.19,241509,0
HUBB.US,D,20210302,000000,181.09,181.33,179.07,180.04,289909,0
HUBB.US,D,20210303,000000,179.11,180.75,177.4,178.44,385068,0
HUBB.US,D,20210304,000000,178.47,178.75,172.21,173.97,259797,0
HUBB.US,D,20210305,000000,175.57,179.81,172.35,179.77,243148,0
HUBB.US,D,20210308,000000,181.43,186.74,180.85,184.56,324342,0
HUBB.US,D,20210309,000000,185.88,185.96,182.38,182.8,362440,0
HUBB.US,D,20210310,000000,183.75,187.14,181.76,186.66,370407,0
HUBB.US,D,20210311,000000,187.43,189.8,182.91,183.62,365472,0
HUBB.US,D,20210312,000000,182.74,186.9,182.74,186.51,187280,0
HUBB.US,D,20210315,000000,187.56,189.13,186.03,189.03,286667,0
HUBB.US,D,20210316,000000,188.9,188.9,186.78,188.1,222560,0
HUBB.US,D,20210317,000000,188.28,188.87,186.78,188.87,261342,0
HUBB.US,D,20210318,000000,188.54,190.11,184.58,185.23,217142,0
HUBB.US,D,20210319,000000,185.08,185.74,181.76,182.54,649570,0
HUBB.US,D,20210322,000000,182.28,183.75,179.88,183.42,228097,0
HUBB.US,D,20210323,000000,181.84,183.39,175.06,177.11,350011,0
HUBB.US,D,20210324,000000,178.73,181.53,177.02,178.32,217083,0
HUBB.US,D,20210325,000000,177.21,183.65,175.29,182.79,214846,0
HUBB.US,D,20210326,000000,184.04,188.5,183.64,188.15,307196,0
HUBB.US,D,20210329,000000,187.27,190.58,185.94,187.75,309785,0
HUBB.US,D,20210330,000000,187.44,187.75,185.58,186.61,188560,0
HUBB.US,D,20210331,000000,187.87,188.45,184.46,185.92,277577,0
HUBB.US,D,20210401,000000,186.06,189.81,185.13,189.4,223640,0
HUBB.US,D,20210405,000000,191.22,192.85,190.35,191.42,205465,0
HUBB.US,D,20210406,000000,191.57,195.04,191.44,191.68,280397,0
HUBB.US,D,20210407,000000,191.11,191.41,186.8,186.81,245800,0
HUBB.US,D,20210408,000000,187.22,188.54,184.57,185.11,256832,0
HUBB.US,D,20210409,000000,185.07,187.14,184.13,186.47,220611,0
HUBB.US,D,20210412,000000,185.44,187.74,185.27,186.48,265866,0
HUBB.US,D,20210413,000000,185.63,185.63,182.14,182.94,182827,0
HUBB.US,D,20210414,000000,182.85,185.37,182.72,183.97,236303,0
HUBB.US,D,20210415,000000,184.95,186.96,184.62,186.35,162965,0
HUBB.US,D,20210416,000000,188.05,189.46,187.38,188.3,176888,0
HUBB.US,D,20210419,000000,187.87,189.31,186.64,188.07,313493,0
HUBB.US,D,20210420,000000,188.12,189.56,184.1,184.85,191382,0
HUBB.US,D,20210421,000000,185.41,189.02,185.41,188.96,180307,0
HUBB.US,D,20210422,000000,189.59,189.97,187.21,187.4,255779,0
HUBB.US,D,20210423,000000,188.78,190.45,188.23,190.13,182626,0
HUBB.US,D,20210426,000000,191.94,194.89,188.87,189.49,277908,0
HUBB.US,D,20210427,000000,191.21,194.61,184.48,193.08,478971,0
HUBB.US,D,20210428,000000,192.88,192.88,188.93,190.43,253505,0
HUBB.US,D,20210429,000000,192.62,195.45,190.62,194.91,179338,0
HUBB.US,D,20210430,000000,193.05,193.84,190.66,191.02,198371,0
HUBB.US,D,20210503,000000,192.44,194.36,191.28,192.62,265666,0
HUBB.US,D,20210504,000000,191.22,194.99,189.72,194.48,137744,0
HUBB.US,D,20210505,000000,194.97,197.61,194.97,197.1,127896,0
HUBB.US,D,20210506,000000,197.02,198.94,195,198.75,173342,0
HUBB.US,D,20210507,000000,197.91,199.99,197.14,198.15,212029,0
HUBB.US,D,20210510,000000,198.85,200.02,196.23,196.47,159661,0
HUBB.US,D,20210511,000000,194.3,196.8,193.53,194.82,192586,0
HUBB.US,D,20210512,000000,194.35,194.99,187.71,187.8,200464,0
HUBB.US,D,20210513,000000,187.92,191.86,187.44,190.75,351915,0
HUBB.US,D,20210514,000000,192.36,193.45,190.42,193.09,255378,0
HUBB.US,D,20210517,000000,192.5,193.68,190.77,191.88,113131,0
HUBB.US,D,20210518,000000,191.92,191.92,187.96,188.04,131006,0
HUBB.US,D,20210519,000000,185.46,188.31,183.86,187.12,177735,0
HUBB.US,D,20210520,000000,187.48,188.02,185.52,187.53,134355,0
HUBB.US,D,20210521,000000,189.04,189.79,187.22,187.36,115560,0
HUBB.US,D,20210524,000000,188.99,188.99,186.88,187.95,124612,0
HUBB.US,D,20210525,000000,188.23,188.65,186.54,186.66,170077,0
HUBB.US,D,20210526,000000,187.3,188.51,186.28,188.38,148878,0
HUBB.US,D,20210527,000000,189.42,191.31,188.715,189.78,140873,0
HUBB.US,D,20210528,000000,190.47,190.81,188.73,190.64,135425,0
HUBB.US,D,20210601,000000,192.17,192.65,190.7,192.01,152819,0
HUBB.US,D,20210602,000000,192.66,192.66,190.12,190.4,165549,0
HUBB.US,D,20210603,000000,189.79,191.255,189.11,191.11,180499,0
HUBB.US,D,20210604,000000,192.65,192.65,190.92,191.65,112746,0
HUBB.US,D,20210607,000000,192.36,192.36,189.08,189.9,150779,0
HUBB.US,D,20210608,000000,190.43,190.84,188.52,189.82,133878,0
HUBB.US,D,20210609,000000,190,190,186.7,186.78,246904,0
HUBB.US,D,20210610,000000,187.15,187.645,184.54,184.62,157303,0
HUBB.US,D,20210611,000000,186.18,186.18,183.72,184.47,192045,0
HUBB.US,D,20210614,000000,183.74,184.02,182.13,183.25,331187,0
HUBB.US,D,20210615,000000,183.66,184.27,182.32,184.27,864379,0
HUBB.US,D,20210616,000000,184.16,184.97,181.06,181.5,276615,0
HUBB.US,D,20210617,000000,181.01,181.25,175.37,176.52,224160,0
HUBB.US,D,20210618,000000,175.68,176.7,174.28,175.31,475803,0
HUBB.US,D,20210621,000000,176.39,180.23,176.39,180.07,209178,0
HUBB.US,D,20210622,000000,180.48,182.87,179.28,182.12,341947,0
HUBB.US,D,20210623,000000,182.62,183.87,181.22,182.65,237459,0
HUBB.US,D,20210624,000000,184.02,184.93,182.04,184.19,217505,0
HUBB.US,D,20210625,000000,184.51,186.17,184.19,185.64,428044,0
HUBB.US,D,20210628,000000,185.18,185.7,183.405,184.74,260293,0
HUBB.US,D,20210629,000000,185.18,185.47,184.51,185.17,180620,0
HUBB.US,D,20210630,000000,184.13,187.48,184.13,186.84,311613,0
HUBB.US,D,20210701,000000,188.09,188.09,186.28,186.46,229300,0
HUBB.US,D,20210702,000000,186.54,186.99,185.86,186.26,127099,0
HUBB.US,D,20210706,000000,185.78,186.19,181.58,183.4,178189,0
HUBB.US,D,20210707,000000,183.2,187.08,183.2,186.8,133456,0
HUBB.US,D,20210708,000000,183.86,186.36,183.33,185.07,171068,0
HUBB.US,D,20210709,000000,187.81,189.7,186.33,189.49,228919,0
HUBB.US,D,20210712,000000,188.78,191.73,187.28,191.53,218418,0
HUBB.US,D,20210713,000000,191.24,191.63,188.81,188.91,150552,0
HUBB.US,D,20210714,000000,189.1,191.08,187.88,190.78,167523,0
HUBB.US,D,20210715,000000,189.96,192.72,189.665,192.21,278175,0
HUBB.US,D,20210716,000000,192.82,193.26,190.695,191.14,271832,0
HUBB.US,D,20210719,000000,189,189.32,186.84,187.46,231020,0
HUBB.US,D,20210720,000000,188.68,197.12,188.49,196.61,488078,0
HUBB.US,D,20210721,000000,196.88,200.23,196.13,197.37,330430,0
HUBB.US,D,20210722,000000,196.63,198.05,194.86,195.55,184273,0
HUBB.US,D,20210723,000000,196.83,196.83,194.75,195.48,181807,0
HUBB.US,D,20210726,000000,195.5,195.9,193.27,194.31,232496,0
HUBB.US,D,20210727,000000,194.71,198.66,191.21,196.15,260707,0
HUBB.US,D,20210728,000000,196.82,196.86,193.955,195.88,195941,0
HUBB.US,D,20210729,000000,196.985,199.04,195.93,197.74,145875,0
HUBB.US,D,20210730,000000,197.37,200.77,196.44,200.46,399915,0
HUBB.US,D,20210802,000000,201.38,202.3621,197.06,197.16,192937,0
HUBB.US,D,20210803,000000,197.97,201.755,197.395,201.26,190308,0
HUBB.US,D,20210804,000000,200.51,201.82,198.165,199.81,206815,0
HUBB.US,D,20210805,000000,200.91,201.73,198.5,199.06,190271,0
HUBB.US,D,20210806,000000,200.43,200.87,198.97,200.24,116397,0
HUBB.US,D,20210809,000000,199.76,200.015,197.24,197.84,168125,0
HUBB.US,D,20210810,000000,198.88,201.79,196.89,201.75,228075,0
HUBB.US,D,20210811,000000,202.69,203.86,201.445,203.72,206434,0
HUBB.US,D,20210812,000000,203.96,206.05,203.73,205.82,179012,0
HUBB.US,D,20210813,000000,205.6,208.45,205.6,206.94,168391,0
HUBB.US,D,20210816,000000,206.62,207.18,204.74,205.05,148913,0
HUBB.US,D,20210817,000000,203.88,204.11,200.95,203.67,255022,0
HUBB.US,D,20210818,000000,203.19,204.06,200.64,200.88,200926,0
HUBB.US,D,20210819,000000,198.64,200.6895,198.23,198.43,167159,0
HUBB.US,D,20210820,000000,198.56,202.71,197.7,202.36,258428,0
HUBB.US,D,20210823,000000,202.96,204.89,201.98,203.41,212729,0
HUBB.US,D,20210824,000000,203.5,205.08,203.31,204.99,167516,0
HUBB.US,D,20210825,000000,204.98,208.82,204.02,208.22,380778,0
