<TICKER>,<PER>,<DATE>,<TIME>,<OPEN>,<HIGH>,<LOW>,<CLOSE>,<VOL>,<OPENINT>
MAXR.US,D,20131031,000000,72.531,72.531,72.531,72.531,106,0
MAXR.US,D,20131118,000000,73.025,73.025,73.025,73.025,719,0
MAXR.US,D,20131119,000000,73.649,73.649,73.649,73.649,106,0
MAXR.US,D,20131203,000000,70.614,70.614,70.614,70.614,318,0
MAXR.US,D,20131205,000000,71.832,71.832,71.832,71.832,106,0
MAXR.US,D,20131209,000000,72.369,72.369,72.369,72.369,210,0
MAXR.US,D,20131210,000000,72.83,72.83,72.83,72.83,106,0
MAXR.US,D,20131212,000000,70.869,70.869,70.869,70.869,106,0
MAXR.US,D,20131217,000000,71.234,71.234,71.234,71.234,278,0
MAXR.US,D,20131231,000000,72.605,72.605,72.605,72.605,106,0
MAXR.US,D,20140108,000000,71.814,71.814,71.814,71.814,106,0
MAXR.US,D,20140117,000000,68.966,68.966,68.966,68.966,205,0
MAXR.US,D,20140122,000000,68.03,68.03,68.03,68.03,106,0
MAXR.US,D,20140124,000000,64.881,64.881,64.881,64.881,224,0
MAXR.US,D,20140128,000000,65.531,65.531,65.531,65.531,210,0
MAXR.US,D,20140203,000000,66.956,66.956,66.956,66.956,210,0
MAXR.US,D,20140206,000000,65.834,65.834,65.834,65.834,106,0
MAXR.US,D,20140207,000000,67.293,67.293,67.293,67.293,342,0
MAXR.US,D,20140213,000000,68.004,68.004,68.004,68.004,106,0
MAXR.US,D,20140220,000000,68.684,68.684,68.684,68.684,111,0
MAXR.US,D,20140305,000000,71.673,71.673,71.673,71.673,155,0
MAXR.US,D,20140306,000000,72.359,72.359,72.359,72.359,109,0
MAXR.US,D,20140310,000000,71.133,71.133,71.133,71.133,106,0
MAXR.US,D,20140313,000000,71.239,71.239,71.239,71.239,106,0
MAXR.US,D,20140318,000000,71.295,71.295,71.295,71.295,106,0
MAXR.US,D,20140325,000000,72.579,72.579,72.579,72.579,106,0
MAXR.US,D,20140327,000000,73.131,73.131,73.131,73.131,324,0
MAXR.US,D,20140331,000000,74.498,74.498,74.498,74.498,212,0
MAXR.US,D,20140401,000000,75.444,75.444,75.444,75.444,456,0
MAXR.US,D,20140403,000000,75.576,75.576,75.576,75.576,106,0
MAXR.US,D,20140407,000000,73.544,73.544,73.544,73.544,632,0
MAXR.US,D,20140408,000000,75.548,75.548,75.548,75.548,106,0
MAXR.US,D,20140416,000000,73.056,73.056,73.056,73.056,555,0
MAXR.US,D,20140424,000000,75.642,75.642,75.642,75.642,128,0
MAXR.US,D,20140425,000000,73.558,73.558,73.558,73.558,2230,0
MAXR.US,D,20140428,000000,71.744,71.744,71.744,71.744,1091,0
MAXR.US,D,20140429,000000,72.642,72.642,72.642,72.642,5857,0
MAXR.US,D,20140430,000000,72.141,72.141,72.141,72.141,201,0
MAXR.US,D,20140501,000000,73.406,73.406,73.406,73.406,137,0
MAXR.US,D,20140502,000000,76.387,76.387,76.387,76.387,594,0
MAXR.US,D,20140512,000000,76.47,76.47,76.47,76.47,106,0
MAXR.US,D,20140515,000000,76.301,76.301,76.301,76.301,210,0
MAXR.US,D,20140516,000000,75.121,75.121,75.121,75.121,281,0
MAXR.US,D,20140521,000000,73.847,73.847,73.847,73.847,2106,0
MAXR.US,D,20140528,000000,76.041,76.041,76.041,76.041,106,0
MAXR.US,D,20140611,000000,76.848,76.848,76.848,76.848,106,0
MAXR.US,D,20140616,000000,76.375,76.375,76.375,76.375,636,0
MAXR.US,D,20140619,000000,75.724,75.724,75.724,75.724,210,0
MAXR.US,D,20140623,000000,75.49,75.49,75.49,75.49,210,0
MAXR.US,D,20140624,000000,75.716,75.716,75.716,75.716,106,0
MAXR.US,D,20140625,000000,75.809,75.809,75.809,75.809,106,0
MAXR.US,D,20140627,000000,75.829,75.829,75.829,75.829,210,0
MAXR.US,D,20140707,000000,77.019,77.019,77.019,77.019,1484,0
MAXR.US,D,20140714,000000,74.687,74.687,74.687,74.687,106,0
MAXR.US,D,20140715,000000,74.621,74.621,74.621,74.621,158,0
MAXR.US,D,20140718,000000,74.424,74.424,74.424,74.424,106,0
MAXR.US,D,20140722,000000,73.473,73.473,73.473,73.473,387,0
MAXR.US,D,20140730,000000,70.218,70.218,70.218,70.218,256,0
MAXR.US,D,20140731,000000,70.389,70.389,70.389,70.389,106,0
MAXR.US,D,20140801,000000,70.208,70.208,70.208,70.208,116,0
MAXR.US,D,20140805,000000,68.506,68.506,68.506,68.506,469,0
MAXR.US,D,20140812,000000,69.915,69.915,69.915,69.915,210,0
MAXR.US,D,20140813,000000,69.019,69.019,69.019,69.019,157,0
MAXR.US,D,20140814,000000,69.926,69.926,69.926,69.926,430,0
MAXR.US,D,20140815,000000,70.011,70.011,70.011,70.011,529,0
MAXR.US,D,20140818,000000,70.322,70.322,70.322,70.322,529,0
MAXR.US,D,20140819,000000,70.728,70.728,70.728,70.728,108,0
MAXR.US,D,20140820,000000,70.397,70.397,70.397,70.397,422,0
MAXR.US,D,20140822,000000,70.51,70.51,70.51,70.51,210,0
MAXR.US,D,20140825,000000,70.236,70.236,70.236,70.236,302,0
MAXR.US,D,20140827,000000,71.785,71.785,71.785,71.785,210,0
MAXR.US,D,20140828,000000,71.284,71.284,71.284,71.284,218,0
MAXR.US,D,20140903,000000,71.343,71.343,71.343,71.343,138,0
MAXR.US,D,20140909,000000,72.465,72.465,72.465,72.465,106,0
MAXR.US,D,20140911,000000,72.265,72.265,72.265,72.265,106,0
MAXR.US,D,20140917,000000,72.605,72.605,72.605,72.605,529,0
MAXR.US,D,20140918,000000,72.84,72.84,72.84,72.84,106,0
MAXR.US,D,20140922,000000,71.529,71.529,71.529,71.529,106,0
MAXR.US,D,20140923,000000,71.775,71.775,71.775,71.775,210,0
MAXR.US,D,20140924,000000,71.161,71.161,71.161,71.161,226,0
MAXR.US,D,20140925,000000,70.472,70.472,70.472,70.472,318,0
MAXR.US,D,20141002,000000,69.87,69.87,69.87,69.87,237,0
MAXR.US,D,20141003,000000,70.077,70.077,70.077,70.077,708,0
MAXR.US,D,20141006,000000,71.947,71.947,71.947,71.947,422,0
MAXR.US,D,20141007,000000,71.586,71.586,71.586,71.586,106,0
MAXR.US,D,20141008,000000,69.908,69.908,69.908,69.908,288,0
MAXR.US,D,20141009,000000,71.457,71.457,71.457,71.457,210,0
MAXR.US,D,20141010,000000,69.132,69.132,69.132,69.132,334,0
MAXR.US,D,20141013,000000,67.691,67.691,67.691,67.691,151,0
MAXR.US,D,20141014,000000,67.861,67.861,67.861,67.861,210,0
MAXR.US,D,20141016,000000,67.9,67.9,67.9,67.9,160,0
MAXR.US,D,20141017,000000,70.47,70.47,70.47,70.47,210,0
MAXR.US,D,20141020,000000,69.764,69.764,69.764,69.764,106,0
MAXR.US,D,20141022,000000,71.209,71.209,71.209,71.209,106,0
MAXR.US,D,20141027,000000,72.888,72.888,72.888,72.888,256,0
MAXR.US,D,20141028,000000,74.067,74.067,74.067,74.067,370,0
MAXR.US,D,20141029,000000,74.088,74.088,74.088,74.088,182,0
MAXR.US,D,20141030,000000,74.199,74.199,74.199,74.199,210,0
MAXR.US,D,20141031,000000,71.709,71.709,71.709,71.709,318,0
MAXR.US,D,20141103,000000,71.085,71.085,71.085,71.085,210,0
MAXR.US,D,20141105,000000,71.804,71.804,71.804,71.804,422,0
MAXR.US,D,20141106,000000,70.728,70.728,70.728,70.728,106,0
MAXR.US,D,20141113,000000,72.294,72.294,72.294,72.294,210,0
MAXR.US,D,20141117,000000,74.303,74.303,74.303,74.303,406,0
MAXR.US,D,20141118,000000,72.624,72.624,72.624,72.624,106,0
MAXR.US,D,20141121,000000,73.84,73.84,73.84,73.84,106,0
MAXR.US,D,20141125,000000,74.781,74.781,74.781,74.781,244,0
MAXR.US,D,20141203,000000,75.181,75.181,75.181,75.181,232,0
MAXR.US,D,20141205,000000,73.102,73.102,73.102,73.102,106,0
MAXR.US,D,20141208,000000,73.009,73.009,73.009,73.009,1781,0
MAXR.US,D,20141209,000000,71.832,71.832,71.832,71.832,123,0
MAXR.US,D,20141211,000000,72.575,72.575,72.575,72.575,742,0
MAXR.US,D,20141215,000000,73.321,73.321,73.321,73.321,329,0
MAXR.US,D,20141216,000000,74.293,74.293,74.293,74.293,233,0
MAXR.US,D,20141218,000000,75.444,75.444,75.444,75.444,210,0
MAXR.US,D,20141231,000000,77.08,77.08,77.08,77.08,349,0
MAXR.US,D,20150108,000000,74.339,74.339,74.339,74.339,160,0
MAXR.US,D,20150109,000000,72.906,72.906,72.906,72.906,106,0
MAXR.US,D,20150113,000000,73.076,73.076,73.076,73.076,106,0
MAXR.US,D,20150121,000000,71.475,71.475,71.475,71.475,106,0
MAXR.US,D,20150129,000000,69.124,69.124,69.124,69.124,106,0
MAXR.US,D,20150130,000000,68.841,68.841,68.841,68.841,278,0
MAXR.US,D,20150204,000000,70.482,70.482,70.482,70.482,312,0
MAXR.US,D,20150218,000000,73.217,73.217,73.217,73.217,689,0
MAXR.US,D,20150224,000000,74.498,74.498,74.498,74.498,556,0
MAXR.US,D,20150302,000000,71.717,71.717,71.717,71.717,184,0
MAXR.US,D,20150309,000000,72.493,72.493,72.493,72.493,318,0
MAXR.US,D,20150318,000000,71.419,71.419,71.419,71.419,529,0
MAXR.US,D,20150326,000000,72.318,72.318,72.318,72.318,2173,0
MAXR.US,D,20150402,000000,73.102,73.102,73.102,73.102,107,0
MAXR.US,D,20150406,000000,74.358,74.358,74.358,74.358,274,0
MAXR.US,D,20150408,000000,74.265,74.265,74.265,74.265,106,0
MAXR.US,D,20150409,000000,73.784,73.784,73.784,73.784,106,0
MAXR.US,D,20150416,000000,75.819,75.819,75.819,75.819,106,0
MAXR.US,D,20150417,000000,75.341,75.341,75.341,75.341,279,0
MAXR.US,D,20150420,000000,75.51,75.51,75.51,75.51,210,0
MAXR.US,D,20150423,000000,75.642,75.642,75.642,75.642,210,0
MAXR.US,D,20150424,000000,75.48,75.48,75.48,75.48,276,0
MAXR.US,D,20150429,000000,75.529,75.529,75.529,75.529,1059,0
MAXR.US,D,20150506,000000,74.433,74.433,74.433,74.433,210,0
MAXR.US,D,20150508,000000,77.561,77.561,77.561,77.561,10369,0
MAXR.US,D,20150511,000000,77.196,77.196,77.196,77.196,5429,0
MAXR.US,D,20150513,000000,78.593,78.593,78.593,78.593,106,0
MAXR.US,D,20150519,000000,77.048,77.048,77.048,77.048,623,0
MAXR.US,D,20150520,000000,77.076,77.076,77.076,77.076,106,0
MAXR.US,D,20150522,000000,76.105,76.105,76.105,76.105,1123,0
MAXR.US,D,20150529,000000,73.994,73.994,73.994,73.994,603,0
MAXR.US,D,20150603,000000,74.85,74.85,74.85,74.85,1059,0
MAXR.US,D,20150604,000000,73.243,73.243,73.243,73.243,1059,0
MAXR.US,D,20150617,000000,71.466,71.466,71.466,71.466,307,0
MAXR.US,D,20150619,000000,70.567,70.567,70.567,70.567,636,0
MAXR.US,D,20150625,000000,70.68,70.68,70.68,70.68,106,0
MAXR.US,D,20150626,000000,70.572,70.572,70.572,70.572,621,0
MAXR.US,D,20150629,000000,69.023,69.023,69.023,69.023,210,0
MAXR.US,D,20150706,000000,67.568,67.568,67.568,67.568,2058,0
MAXR.US,D,20150707,000000,67.537,67.537,67.537,67.537,210,0
MAXR.US,D,20150708,000000,66.994,66.994,66.994,66.994,106,0
MAXR.US,D,20150715,000000,65.379,65.379,65.379,65.379,106,0
MAXR.US,D,20150717,000000,65.305,65.305,65.305,65.305,106,0
MAXR.US,D,20150722,000000,64.408,64.408,64.408,64.408,106,0
MAXR.US,D,20150724,000000,60.535,60.535,60.535,60.535,210,0
MAXR.US,D,20150727,000000,60.497,60.497,60.497,60.497,124,0
MAXR.US,D,20150729,000000,60.298,60.298,60.298,60.298,210,0
MAXR.US,D,20150731,000000,55.971,55.971,55.971,55.971,210,0
MAXR.US,D,20150804,000000,55.003,55.003,55.003,55.003,15142,0
MAXR.US,D,20150806,000000,56.289,56.289,56.289,56.289,422,0
MAXR.US,D,20150807,000000,56.647,56.647,56.647,56.647,106,0
MAXR.US,D,20150810,000000,57.442,57.442,57.442,57.442,210,0
MAXR.US,D,20150811,000000,57.125,57.125,57.125,57.125,363,0
MAXR.US,D,20150819,000000,56.468,56.468,56.468,56.468,106,0
MAXR.US,D,20150821,000000,55.517,55.517,55.517,55.517,303,0
MAXR.US,D,20150824,000000,53.343,53.343,53.343,53.343,1629,0
MAXR.US,D,20150825,000000,53.244,53.244,53.244,53.244,106,0
MAXR.US,D,20150826,000000,52.374,52.374,52.374,52.374,289,0
MAXR.US,D,20150831,000000,55.166,55.166,55.166,55.166,1537,0
MAXR.US,D,20150902,000000,54.28,54.28,54.28,54.28,1059,0
MAXR.US,D,20150904,000000,54.337,54.337,54.337,54.337,210,0
MAXR.US,D,20150930,000000,51.215,51.215,51.215,51.215,5623,0
MAXR.US,D,20151006,000000,52.809,52.809,52.809,52.809,1139,0
MAXR.US,D,20151009,000000,53.602,53.602,53.602,53.602,2122,0
MAXR.US,D,20151013,000000,52.965,52.965,52.965,52.965,795,0
MAXR.US,D,20151021,000000,56.262,56.262,56.262,56.262,106,0
MAXR.US,D,20151102,000000,56.45,56.45,56.45,56.45,475,0
MAXR.US,D,20151104,000000,57.82,57.82,57.82,57.82,208,0
MAXR.US,D,20151110,000000,58.823,58.823,58.823,58.823,1696,0
MAXR.US,D,20151117,000000,59.143,59.143,59.143,59.143,146,0
MAXR.US,D,20151118,000000,58.667,58.667,58.667,58.667,1324,0
MAXR.US,D,20151130,000000,60.552,60.552,60.552,60.552,193,0
MAXR.US,D,20151201,000000,60.137,60.137,60.137,60.137,529,0
MAXR.US,D,20151202,000000,61.146,61.146,61.146,61.146,208,0
MAXR.US,D,20151204,000000,60.797,60.797,60.797,60.797,305,0
MAXR.US,D,20151207,000000,59.336,59.336,59.336,59.336,797,0
MAXR.US,D,20151217,000000,57.497,57.497,57.497,57.497,106,0
MAXR.US,D,20160104,000000,55.638,55.638,55.638,55.638,285,0
MAXR.US,D,20160107,000000,54.858,54.858,54.858,54.858,365,0
MAXR.US,D,20160112,000000,55.348,55.348,55.348,55.348,145,0
MAXR.US,D,20160120,000000,53.852,53.852,53.852,53.852,1270,0
MAXR.US,D,20160121,000000,54.583,54.583,54.583,54.583,1113,0
MAXR.US,D,20160122,000000,57.591,57.591,57.591,57.591,158,0
MAXR.US,D,20160125,000000,57.294,57.294,57.294,57.294,2628,0
MAXR.US,D,20160127,000000,57.291,57.291,57.291,57.291,210,0
MAXR.US,D,20160129,000000,58.449,58.449,58.449,58.449,551,0
MAXR.US,D,20160203,000000,59.43,59.43,59.43,59.43,210,0
MAXR.US,D,20160205,000000,58.449,58.449,58.449,58.449,568,0
MAXR.US,D,20160208,000000,56.056,56.056,56.056,56.056,210,0
MAXR.US,D,20160216,000000,56.601,56.601,56.601,56.601,210,0
MAXR.US,D,20160218,000000,60.551,60.551,60.551,60.551,174,0
MAXR.US,D,20160222,000000,63.146,63.146,63.146,63.146,158,0
MAXR.US,D,20160304,000000,61.733,61.733,61.733,61.733,154,0
MAXR.US,D,20160310,000000,62.477,62.477,62.477,62.477,210,0
MAXR.US,D,20160314,000000,60.968,60.968,60.968,60.968,318,0
MAXR.US,D,20160316,000000,59.851,59.851,59.851,59.851,1978,0
MAXR.US,D,20160321,000000,61.39,61.39,61.39,61.39,1643,0
MAXR.US,D,20160322,000000,61.76,61.76,61.76,61.76,143,0
MAXR.US,D,20160324,000000,60.889,60.889,60.889,60.889,106,0
MAXR.US,D,20160331,000000,61.186,61.186,61.186,61.186,108,0
MAXR.US,D,20160404,000000,60.944,60.944,60.944,60.944,158,0
MAXR.US,D,20160405,000000,60.215,60.215,60.215,60.215,318,0
MAXR.US,D,20160407,000000,59.212,59.212,59.212,59.212,204,0
MAXR.US,D,20160418,000000,62.94,62.94,62.94,62.94,1151,0
MAXR.US,D,20160419,000000,63.816,63.816,63.816,63.816,493,0
MAXR.US,D,20160421,000000,64.38,64.38,64.38,64.38,709,0
MAXR.US,D,20160422,000000,66.013,66.013,66.013,66.013,287,0
MAXR.US,D,20160428,000000,66.712,66.712,66.712,66.712,106,0
MAXR.US,D,20160502,000000,65.315,65.315,65.315,65.315,454,0
MAXR.US,D,20160509,000000,65.534,65.534,65.534,65.534,158,0
MAXR.US,D,20160517,000000,61.525,61.525,61.525,61.525,5089,0
MAXR.US,D,20160601,000000,62.257,62.257,62.257,62.257,2227,0
MAXR.US,D,20160616,000000,61.007,61.007,61.007,61.007,157,0
MAXR.US,D,20160721,000000,60.571,60.571,60.571,60.571,231,0
MAXR.US,D,20160727,000000,60.119,60.119,60.119,60.119,1103,0
MAXR.US,D,20160805,000000,62.476,62.476,62.476,62.476,721,0
MAXR.US,D,20160812,000000,62.902,62.902,62.902,62.902,153,0
MAXR.US,D,20160824,000000,64.942,64.942,64.942,64.942,1966,0
MAXR.US,D,20160902,000000,63.1,63.1,63.1,63.1,908,0
MAXR.US,D,20160913,000000,59.174,59.174,59.174,59.174,1087,0
MAXR.US,D,20160929,000000,57.151,57.151,57.151,57.151,123,0
MAXR.US,D,20161003,000000,57.446,57.446,57.446,57.446,1141,0
MAXR.US,D,20161014,000000,57.302,57.302,57.302,57.302,127,0
MAXR.US,D,20161024,000000,56.028,56.028,56.028,56.028,355,0
MAXR.US,D,20161027,000000,53.925,53.925,53.925,53.925,1139,0
MAXR.US,D,20161102,000000,49.31,49.31,49.31,49.31,6468,0
MAXR.US,D,20161110,000000,50.405,50.405,50.405,50.405,2333,0
MAXR.US,D,20161116,000000,49.27,49.27,49.27,49.27,106,0
MAXR.US,D,20161118,000000,49.425,49.425,49.425,49.425,116,0
MAXR.US,D,20161128,000000,49.809,49.809,49.809,49.809,454,0
MAXR.US,D,20161201,000000,47.061,47.061,47.061,47.061,2122,0
MAXR.US,D,20161205,000000,48.141,48.141,48.141,48.141,9181,0
MAXR.US,D,20161206,000000,47.152,47.152,47.152,47.152,636,0
MAXR.US,D,20161214,000000,47.142,47.142,47.142,47.142,381,0
MAXR.US,D,20161215,000000,46.406,46.406,46.406,46.406,587,0
MAXR.US,D,20161216,000000,46.956,46.956,46.956,46.956,149,0
MAXR.US,D,20161220,000000,46.346,46.346,46.346,46.346,2280,0
MAXR.US,D,20161227,000000,45.738,45.738,45.738,45.738,1287,0
MAXR.US,D,20161228,000000,46.679,46.679,46.679,46.679,422,0
MAXR.US,D,20161229,000000,47.463,47.463,47.463,47.463,210,0
MAXR.US,D,20170103,000000,47.043,47.043,47.043,47.043,240,0
MAXR.US,D,20170104,000000,47.864,47.864,47.864,47.864,1804,0
MAXR.US,D,20170106,000000,48.878,48.878,48.878,48.878,348,0
MAXR.US,D,20170109,000000,48.298,48.298,48.298,48.298,318,0
MAXR.US,D,20170111,000000,48.888,48.888,48.888,48.888,371,0
MAXR.US,D,20170117,000000,50.44,50.44,50.44,50.44,436,0
MAXR.US,D,20170118,000000,50.084,50.084,50.084,50.084,422,0
MAXR.US,D,20170123,000000,50.923,50.923,50.923,50.923,913,0
MAXR.US,D,20170125,000000,53.417,53.417,53.417,53.417,7512,0
MAXR.US,D,20170126,000000,53.157,53.157,53.157,53.157,1713,0
MAXR.US,D,20170203,000000,54.048,54.048,54.048,54.048,907,0
MAXR.US,D,20170206,000000,53.311,53.311,53.311,53.311,3979,0
MAXR.US,D,20170221,000000,49.274,49.274,49.274,49.274,2129,0
MAXR.US,D,20170224,000000,46.125,46.125,46.125,46.125,3256,0
MAXR.US,D,20170227,000000,46.566,46.566,46.566,46.566,5870,0
MAXR.US,D,20170228,000000,46.538,46.538,46.538,46.538,5871,0
MAXR.US,D,20170301,000000,46.575,46.575,46.575,46.575,1409,0
MAXR.US,D,20170302,000000,46.87,46.87,46.87,46.87,49573,0
MAXR.US,D,20170303,000000,45.737,45.737,45.737,45.737,50682,0
MAXR.US,D,20170306,000000,45.689,45.689,45.689,45.689,49262,0
MAXR.US,D,20170307,000000,45.898,45.898,45.898,45.898,48955,0
MAXR.US,D,20170308,000000,45.831,45.831,45.831,45.831,1356,0
MAXR.US,D,20170309,000000,45.831,45.831,45.831,45.831,779,0
MAXR.US,D,20170310,000000,47.322,47.322,47.322,47.322,1801,0
MAXR.US,D,20170314,000000,46.924,46.924,46.924,46.924,1584,0
MAXR.US,D,20170315,000000,47.747,47.747,47.747,47.747,312,0
MAXR.US,D,20170316,000000,47.481,47.481,47.481,47.481,1590,0
MAXR.US,D,20170320,000000,47.695,47.695,47.695,47.695,636,0
MAXR.US,D,20170323,000000,47.359,47.359,47.359,47.359,210,0
MAXR.US,D,20170327,000000,47.649,47.649,47.649,47.649,221,0
MAXR.US,D,20170328,000000,49.067,49.067,49.067,49.067,1590,0
MAXR.US,D,20170329,000000,49.042,49.042,49.042,49.042,996,0
MAXR.US,D,20170330,000000,50.157,50.157,50.157,50.157,1946,0
MAXR.US,D,20170403,000000,48.771,48.771,48.771,48.771,8674,0
MAXR.US,D,20170406,000000,49.209,49.209,49.209,49.209,1905,0
MAXR.US,D,20170407,000000,48.711,48.711,48.711,48.711,325,0
MAXR.US,D,20170411,000000,49.039,49.039,49.039,49.039,106,0
MAXR.US,D,20170412,000000,49.339,49.339,49.339,49.339,422,0
MAXR.US,D,20170413,000000,49.155,49.155,49.155,49.155,966,0
MAXR.US,D,20170419,000000,48.713,48.713,48.713,48.713,317,0
MAXR.US,D,20170420,000000,48.966,48.966,48.966,48.966,106,0
MAXR.US,D,20170421,000000,48.539,48.539,48.539,48.539,106,0
MAXR.US,D,20170424,000000,48.784,48.784,48.784,48.784,439,0
MAXR.US,D,20170425,000000,49.283,49.283,49.283,49.283,465,0
MAXR.US,D,20170427,000000,48.095,48.095,48.095,48.095,210,0
MAXR.US,D,20170428,000000,46.817,46.817,46.817,46.817,210,0
MAXR.US,D,20170501,000000,46.039,46.039,46.039,46.039,1161,0
MAXR.US,D,20170502,000000,45.91,45.91,45.91,45.91,1430,0
MAXR.US,D,20170503,000000,44.313,44.313,44.313,44.313,6278,0
MAXR.US,D,20170505,000000,44.588,44.588,44.588,44.588,106,0
MAXR.US,D,20170508,000000,45.321,45.321,45.321,45.321,2280,0
MAXR.US,D,20170512,000000,44.719,44.719,44.719,44.719,8311,0
MAXR.US,D,20170515,000000,45.077,45.077,45.077,45.077,184,0
MAXR.US,D,20170517,000000,43.172,43.172,43.172,43.172,1296,0
MAXR.US,D,20170518,000000,43.536,43.536,43.536,43.536,607,0
MAXR.US,D,20170519,000000,43.846,43.846,43.846,43.846,1889,0
MAXR.US,D,20170522,000000,42.576,42.576,42.576,42.576,765,0
MAXR.US,D,20170523,000000,43.931,43.931,43.931,43.931,210,0
MAXR.US,D,20170524,000000,43.899,43.899,43.899,43.899,579,0
MAXR.US,D,20170525,000000,44.332,44.332,44.332,44.332,113,0
MAXR.US,D,20170531,000000,43.633,43.633,43.633,43.633,285,0
MAXR.US,D,20170601,000000,44.388,44.388,44.388,44.388,422,0
MAXR.US,D,20170602,000000,44.351,44.351,44.351,44.351,850,0
MAXR.US,D,20170607,000000,44.086,44.086,44.086,44.086,422,0
MAXR.US,D,20170608,000000,44.211,44.211,44.211,44.211,165,0
MAXR.US,D,20170609,000000,44.258,44.258,44.258,44.258,262,0
MAXR.US,D,20170613,000000,45.451,45.451,45.451,45.451,318,0
MAXR.US,D,20170614,000000,45.262,45.262,45.262,45.262,475,0
MAXR.US,D,20170619,000000,45.03,45.03,45.03,45.03,210,0
MAXR.US,D,20170622,000000,45.94,45.94,45.94,45.94,636,0
MAXR.US,D,20170623,000000,45.452,45.452,45.452,45.452,133,0
MAXR.US,D,20170627,000000,47.165,47.165,47.165,47.165,18466,0
MAXR.US,D,20170628,000000,49.981,49.981,49.981,49.981,1616,0
MAXR.US,D,20170629,000000,49.943,49.943,49.943,49.943,1059,0
MAXR.US,D,20170706,000000,48.285,48.285,48.285,48.285,5412,0
MAXR.US,D,20170711,000000,48.789,48.789,48.789,48.789,406,0
MAXR.US,D,20170712,000000,49.086,49.086,49.086,49.086,477,0
MAXR.US,D,20170713,000000,49.166,49.166,49.166,49.166,318,0
MAXR.US,D,20170717,000000,48.921,48.921,48.921,48.921,133,0
MAXR.US,D,20170718,000000,48.568,48.568,48.568,48.568,4105,0
MAXR.US,D,20170725,000000,48.63,48.63,48.63,48.63,135,0
MAXR.US,D,20170728,000000,52.096,52.096,52.096,52.096,1155,0
MAXR.US,D,20170731,000000,53.473,53.473,53.473,53.473,4135,0
MAXR.US,D,20170801,000000,53.473,53.473,53.473,53.473,210,0
MAXR.US,D,20170802,000000,53.073,53.073,53.073,53.073,1288,0
MAXR.US,D,20170803,000000,52.274,52.274,52.274,52.274,378,0
MAXR.US,D,20170804,000000,53.032,53.032,53.032,53.032,811,0
MAXR.US,D,20170808,000000,52.873,52.873,52.873,52.873,668,0
MAXR.US,D,20170817,000000,50.141,50.141,50.141,50.141,561,0
MAXR.US,D,20170829,000000,51.341,51.341,51.341,51.341,5246,0
MAXR.US,D,20170830,000000,51.254,51.254,51.254,51.254,3076,0
MAXR.US,D,20170831,000000,52.49,52.49,52.49,52.49,1518,0
MAXR.US,D,20170901,000000,52.621,52.621,52.621,52.621,106,0
MAXR.US,D,20170905,000000,52.849,52.849,52.849,52.849,8458,0
MAXR.US,D,20170906,000000,53.704,53.704,53.704,53.704,3469,0
MAXR.US,D,20170907,000000,53.718,53.718,53.718,53.718,150,0
MAXR.US,D,20170912,000000,53.657,53.657,53.657,53.657,210,0
MAXR.US,D,20170913,000000,53.207,53.207,53.207,53.207,210,0
MAXR.US,D,20170914,000000,53.495,53.495,53.495,53.495,526,0
MAXR.US,D,20170918,000000,53.138,53.138,53.138,53.138,6645,0
MAXR.US,D,20170919,000000,53.217,53.217,53.217,53.217,580,0
MAXR.US,D,20170920,000000,53.096,53.096,53.096,53.096,447,0
MAXR.US,D,20170926,000000,54.725,54.725,54.725,54.725,10764,0
MAXR.US,D,20170927,000000,54.131,54.131,54.131,54.131,8470,0
MAXR.US,D,20170928,000000,53.835,53.835,53.835,53.835,3545,0
MAXR.US,D,20170929,000000,54.361,54.361,54.361,54.361,51966,0
MAXR.US,D,20171002,000000,52.27,52.27,52.27,52.27,4362,0
MAXR.US,D,20171003,000000,50.998,50.998,50.998,50.998,2216,0
MAXR.US,D,20171004,000000,52.032,52.032,52.032,52.032,649,0
MAXR.US,D,20171005,000000,51.483,51.483,51.483,51.483,70799,0
MAXR.US,D,20171006,000000,52.527,54.007,51.483,53.336,707853,0
MAXR.US,D,20171009,000000,53.345,53.758,52.678,53.229,301794,0
MAXR.US,D,20171010,000000,54.043,55.943,53.626,54.176,275864,0
MAXR.US,D,20171011,000000,54.528,55.846,54.528,55.371,305721,0
MAXR.US,D,20171012,000000,55.43,55.562,54.323,54.518,187525,0
MAXR.US,D,20171013,000000,54.822,56.519,54.822,55.943,276013,0
MAXR.US,D,20171016,000000,56.131,57.874,55.562,57.639,121314,0
MAXR.US,D,20171017,000000,57.721,59.459,57.721,58.918,432217,0
MAXR.US,D,20171018,000000,59.154,59.258,57.988,59.098,228530,0
MAXR.US,D,20171019,000000,58.625,59.534,58.482,59.049,124135,0
MAXR.US,D,20171020,000000,58.539,59.43,58.539,59.401,143723,0
MAXR.US,D,20171023,000000,59.696,60.046,59.383,59.912,85256,0
MAXR.US,D,20171024,000000,60.245,60.522,59.946,60.226,119239,0
MAXR.US,D,20171025,000000,60.112,60.522,58.841,59.479,117128,0
MAXR.US,D,20171026,000000,59.182,59.999,59.182,59.705,81816,0
MAXR.US,D,20171027,000000,59.459,60.383,58.757,60.093,307770,0
MAXR.US,D,20171030,000000,60.181,60.454,59.969,60.161,154326,0
MAXR.US,D,20171031,000000,60.008,60.454,59.516,60.017,259767,0
MAXR.US,D,20171101,000000,60.207,60.207,59.073,59.306,55455,0
MAXR.US,D,20171102,000000,59.354,59.516,57.893,58.993,96444,0
MAXR.US,D,20171103,000000,58.102,58.521,56.87,57.76,273415,0
MAXR.US,D,20171106,000000,57.62,58.927,57.62,58.918,51089,0
MAXR.US,D,20171107,000000,58.851,59.43,58.812,59.163,124356,0
MAXR.US,D,20171108,000000,59.173,59.714,59.173,59.629,56968,0
MAXR.US,D,20171109,000000,59.258,60.112,59.258,59.836,81905,0
MAXR.US,D,20171110,000000,59.545,59.828,58.625,59.496,32115,0
MAXR.US,D,20171113,000000,59.04,59.287,58.417,58.861,61378,0
MAXR.US,D,20171114,000000,58.782,59.163,58.782,58.782,60924,0
MAXR.US,D,20171115,000000,58.226,58.482,57.77,58.236,58237,0
MAXR.US,D,20171116,000000,58.578,58.831,58.017,58.625,74349,0
MAXR.US,D,20171117,000000,58.32,58.775,57.799,58.653,48514,0
MAXR.US,D,20171120,000000,58.548,59.134,58.204,59.068,72756,0
MAXR.US,D,20171121,000000,59.23,59.912,59.068,59.8,111564,0
MAXR.US,D,20171122,000000,59.545,60.915,59.545,60.757,120416,0
MAXR.US,D,20171124,000000,60.407,60.597,59.935,60.037,24820,0
MAXR.US,D,20171127,000000,59.536,60.063,59.536,59.536,135758,0
MAXR.US,D,20171128,000000,59.345,59.96,59.21,59.902,81168,0
MAXR.US,D,20171129,000000,59.565,59.629,59.04,59.325,70534,0
MAXR.US,D,20171130,000000,59.593,59.912,59.373,59.648,54394,0
MAXR.US,D,20171201,000000,60.027,61.297,60.027,61.098,98828,0
MAXR.US,D,20171204,000000,62.16,62.607,61.078,61.173,141449,0
MAXR.US,D,20171205,000000,61.116,61.459,60.925,61.307,96622,0
MAXR.US,D,20171206,000000,61.193,63.249,61.193,62.074,214116,0
MAXR.US,D,20171207,000000,61.819,63.199,61.506,63.014,163839,0
MAXR.US,D,20171208,000000,63.214,63.81,62.285,62.798,157869,0
MAXR.US,D,20171211,000000,62.863,62.978,61.978,62.561,223549,0
MAXR.US,D,20171212,000000,62.561,62.663,61.564,62.074,209334,0
MAXR.US,D,20171213,000000,62.016,62.583,61.677,62.237,570639,0
MAXR.US,D,20171214,000000,62.369,63.339,61.907,62.95,539971,0
MAXR.US,D,20171215,000000,62.855,63.026,61.995,62.044,665290,0
MAXR.US,D,20171218,000000,62.379,62.588,62.044,62.285,443427,0
MAXR.US,D,20171219,000000,62.31,62.532,62.004,62.285,650457,0
MAXR.US,D,20171220,000000,62.571,62.588,62.121,62.398,239991,0
MAXR.US,D,20171221,000000,62.799,62.836,62.063,62.121,244271,0
MAXR.US,D,20171222,000000,61.995,61.995,61.168,61.713,282685,0
MAXR.US,D,20171226,000000,61.854,62.817,61.693,61.912,52767,0
MAXR.US,D,20171227,000000,61.912,61.957,61.501,61.778,183986,0
MAXR.US,D,20171228,000000,61.966,62.139,60.997,61.903,133710,0
MAXR.US,D,20171229,000000,61.617,62.129,61.148,61.253,78804,0
MAXR.US,D,20180102,000000,61.262,61.311,60.694,60.787,88137,0
MAXR.US,D,20180103,000000,60.75,61.253,59.852,61.081,172591,0
MAXR.US,D,20180104,000000,61.139,61.425,60.948,61.091,61283,0
MAXR.US,D,20180105,000000,61.272,61.368,60.741,60.997,126455,0
MAXR.US,D,20180108,000000,60.948,60.948,60.417,60.598,60615,0
MAXR.US,D,20180109,000000,60.493,60.617,59.817,60.025,62898,0
MAXR.US,D,20180110,000000,59.758,59.826,58.997,59.225,70286,0
MAXR.US,D,20180111,000000,59.282,59.455,58.854,59.11,101374,0
MAXR.US,D,20180112,000000,59.32,60.369,59.289,60.283,161034,0
MAXR.US,D,20180116,000000,60.948,60.948,59.948,60.331,103005,0
MAXR.US,D,20180117,000000,60.302,60.302,59.082,59.215,136214,0
MAXR.US,D,20180118,000000,59.225,60.206,59.202,59.758,140529,0
MAXR.US,D,20180119,000000,59.522,60.16,59.522,59.797,74996,0
MAXR.US,D,20180122,000000,60.045,60.23,59.302,59.484,118227,0
MAXR.US,D,20180123,000000,59.987,60.579,59.455,59.522,299344,0
MAXR.US,D,20180124,000000,60.015,60.198,58.93,59.797,707784,0
MAXR.US,D,20180125,000000,59.693,60.948,59.475,60.206,247444,0
MAXR.US,D,20180126,000000,60.063,60.421,59.871,60.35,179608,0
MAXR.US,D,20180129,000000,60.102,60.532,59.561,60.121,301302,0
MAXR.US,D,20180130,000000,59.929,60.834,59.817,60.464,149598,0
MAXR.US,D,20180131,000000,60.694,60.694,59.871,60.035,136939,0
MAXR.US,D,20180201,000000,59.929,60.118,59.262,59.939,68898,0
MAXR.US,D,20180202,000000,59.702,59.702,58.444,58.492,75564,0
MAXR.US,D,20180205,000000,58.092,58.092,56.463,56.653,151706,0
MAXR.US,D,20180206,000000,56.073,57.009,55.255,56.244,131266,0
MAXR.US,D,20180207,000000,56.131,56.549,55.951,56.065,77943,0
MAXR.US,D,20180208,000000,56.149,56.329,54.682,54.769,86788,0
MAXR.US,D,20180209,000000,54.864,55.59,53.901,55.427,153522,0
MAXR.US,D,20180212,000000,55.653,56.845,55.408,56.493,178530,0
MAXR.US,D,20180213,000000,56.588,56.588,55.989,56.065,71934,0
MAXR.US,D,20180214,000000,55.634,55.807,55.112,55.541,124925,0
MAXR.US,D,20180215,000000,55.98,55.98,54.959,55.159,142444,0
MAXR.US,D,20180216,000000,55.188,55.188,54.721,54.741,94360,0
MAXR.US,D,20180220,000000,55.904,56.642,55.904,55.904,454093,0
MAXR.US,D,20180221,000000,56.082,56.999,55.923,56.377,518469,0
MAXR.US,D,20180222,000000,56.662,56.705,55.482,55.58,474800,0
MAXR.US,D,20180223,000000,52.207,52.207,48.454,48.684,906576,0
MAXR.US,D,20180226,000000,48.322,48.322,43.97,44.902,821341,0
MAXR.US,D,20180227,000000,45.876,45.884,43.78,44.35,655946,0
MAXR.US,D,20180228,000000,44.321,44.827,43.79,44.645,391641,0
MAXR.US,D,20180301,000000,44.378,45.481,44.036,44.645,578294,0
MAXR.US,D,20180302,000000,44.331,45.122,43.864,44.979,388720,0
MAXR.US,D,20180305,000000,44.761,45.674,44.708,45.54,198592,0
MAXR.US,D,20180306,000000,45.788,47.312,45.732,47.054,253113,0
MAXR.US,D,20180307,000000,46.74,47.675,46.567,47.491,257887,0
MAXR.US,D,20180308,000000,47.713,48.073,47.273,47.368,267699,0
MAXR.US,D,20180309,000000,47.397,47.914,45.969,46.303,177488,0
MAXR.US,D,20180312,000000,46.188,47.168,46.188,46.911,144251,0
MAXR.US,D,20180313,000000,47.063,47.368,45.225,45.433,234977,0
MAXR.US,D,20180314,000000,45.796,46.006,44.513,44.628,304843,0
MAXR.US,D,20180315,000000,44.445,44.445,42.079,42.107,633336,0
MAXR.US,D,20180316,000000,42.156,42.156,40.343,41.398,523119,0
MAXR.US,D,20180319,000000,42.47,43.545,42.097,42.681,404959,0
MAXR.US,D,20180320,000000,42.815,43.669,42.585,42.74,488487,0
MAXR.US,D,20180321,000000,42.968,43.353,42.643,43.141,411162,0
MAXR.US,D,20180322,000000,42.968,42.968,41.57,41.57,344393,0
MAXR.US,D,20180323,000000,41.866,42.759,41.702,41.725,157976,0
MAXR.US,D,20180326,000000,41.962,42.337,41.467,42.214,276542,0
MAXR.US,D,20180327,000000,42.194,43.362,41.782,42.94,304503,0
MAXR.US,D,20180328,000000,42.997,43.034,41.957,42.864,481966,0
MAXR.US,D,20180329,000000,42.874,44.599,42.874,44.311,186567,0
MAXR.US,D,20180402,000000,44.196,44.205,43.209,43.429,215084,0
MAXR.US,D,20180403,000000,43.756,44.276,43.343,44.205,196773,0
MAXR.US,D,20180404,000000,43.631,43.631,42.81,43.506,165475,0
MAXR.US,D,20180405,000000,43.371,43.919,42.7,43.641,157574,0
MAXR.US,D,20180406,000000,43.525,43.689,42.623,42.874,117672,0
MAXR.US,D,20180409,000000,42.825,43.584,42.671,43.044,127560,0
MAXR.US,D,20180410,000000,43.199,43.621,42.869,42.997,99742,0
MAXR.US,D,20180411,000000,42.884,43.88,42.884,43.775,113296,0
MAXR.US,D,20180412,000000,43.717,43.717,42.806,42.94,92270,0
MAXR.US,D,20180413,000000,43.025,43.219,42.56,43.131,60037,0
MAXR.US,D,20180416,000000,43.545,43.689,42.405,42.796,177819,0
MAXR.US,D,20180417,000000,42.978,43.889,42.489,43.306,135633,0
MAXR.US,D,20180418,000000,43.564,43.564,42.623,42.864,125465,0
MAXR.US,D,20180419,000000,42.921,43.832,42.921,43.564,239577,0
MAXR.US,D,20180420,000000,43.525,44.33,43.228,43.746,118006,0
MAXR.US,D,20180423,000000,43.506,44.063,43.064,43.219,138412,0
MAXR.US,D,20180424,000000,43.429,43.85,43.083,43.496,158255,0
MAXR.US,D,20180425,000000,43.267,43.86,43.054,43.555,109019,0
MAXR.US,D,20180426,000000,43.65,44.09,43.41,43.584,62698,0
MAXR.US,D,20180427,000000,43.564,43.976,43.199,43.343,100935,0
MAXR.US,D,20180430,000000,43.391,43.86,42.919,43.41,46525,0
MAXR.US,D,20180501,000000,43.179,43.179,42.367,42.661,85596,0
MAXR.US,D,20180502,000000,42.825,42.891,41.792,41.846,111385,0
MAXR.US,D,20180503,000000,41.553,42.263,41.467,41.534,70288,0
MAXR.US,D,20180504,000000,41.524,42.414,41.351,42.011,88473,0
MAXR.US,D,20180507,000000,42.001,42.691,42.001,42.661,137200,0
MAXR.US,D,20180508,000000,42.595,42.595,41.398,41.924,146384,0
MAXR.US,D,20180509,000000,44.963,48.834,44.685,48.288,524121,0
MAXR.US,D,20180510,000000,48.038,48.075,46.16,46.879,213365,0
MAXR.US,D,20180511,000000,46.974,46.974,45.786,45.834,188409,0
MAXR.US,D,20180514,000000,45.968,46.241,45.087,45.257,198712,0
MAXR.US,D,20180515,000000,45.039,45.345,44.302,45.077,164367,0
MAXR.US,D,20180516,000000,45.002,45.977,45.002,45.286,204506,0
MAXR.US,D,20180517,000000,45.135,45.902,45.135,45.345,220975,0
MAXR.US,D,20180518,000000,45.22,45.506,45.087,45.22,83801,0
MAXR.US,D,20180521,000000,45.429,45.896,45.266,45.768,117689,0
MAXR.US,D,20180522,000000,45.902,45.95,45.526,45.796,137203,0
MAXR.US,D,20180523,000000,45.651,46.685,45.602,46.427,135249,0
MAXR.US,D,20180524,000000,46.169,46.725,45.826,46.331,132352,0
MAXR.US,D,20180525,000000,46.198,47.227,45.968,46.754,143910,0
MAXR.US,D,20180529,000000,45.922,46.066,44.724,44.799,129824,0
MAXR.US,D,20180530,000000,45.163,45.7,44.869,45.69,139776,0
MAXR.US,D,20180531,000000,45.71,46.58,45.449,45.806,199468,0
MAXR.US,D,20180601,000000,46.073,46.456,45.545,46.131,178524,0
MAXR.US,D,20180604,000000,46.246,46.542,45.892,46.485,221714,0
MAXR.US,D,20180605,000000,46.485,47.251,46.413,47.251,100892,0
MAXR.US,D,20180606,000000,47.606,47.741,47.069,47.232,105781,0
MAXR.US,D,20180607,000000,46.965,47.212,46.58,46.782,238669,0
MAXR.US,D,20180608,000000,46.897,47.339,46.715,46.925,260248,0
MAXR.US,D,20180611,000000,47.329,48.92,47.319,48.326,459629,0
MAXR.US,D,20180612,000000,48.364,50.528,48.065,50.087,388685,0
MAXR.US,D,20180613,000000,50.039,50.384,48.844,49.207,343894,0
MAXR.US,D,20180614,000000,49.293,50.701,48.985,49.831,309873,0
MAXR.US,D,20180615,000000,49.658,49.658,47.908,48.726,524378,0
MAXR.US,D,20180618,000000,48.283,48.899,48.021,48.204,487791,0
MAXR.US,D,20180619,000000,47.963,48.06,47.396,47.607,457581,0
MAXR.US,D,20180620,000000,47.849,48.253,47.5,47.839,473032,0
MAXR.US,D,20180621,000000,47.898,47.972,47.323,47.597,557402,0
MAXR.US,D,20180622,000000,47.927,47.927,46.162,46.942,6942562,0
MAXR.US,D,20180625,000000,46.942,47.357,45.719,47.01,579859,0
MAXR.US,D,20180626,000000,46.904,47.318,46.51,47.067,329370,0
MAXR.US,D,20180627,000000,46.942,48.011,46.827,46.894,861767,0
MAXR.US,D,20180628,000000,47.424,47.597,46.45,47.348,571787,0
MAXR.US,D,20180629,000000,47.318,49.89,47.259,48.668,715853,0
MAXR.US,D,20180702,000000,48.167,49.013,47.539,48.746,207023,0
MAXR.US,D,20180703,000000,48.766,49.13,48.766,48.803,184045,0
MAXR.US,D,20180705,000000,48.639,53.253,48.585,51.423,858152,0
MAXR.US,D,20180706,000000,51.519,51.557,50.536,50.643,282242,0
MAXR.US,D,20180709,000000,50.872,51.462,50.362,50.92,200437,0
MAXR.US,D,20180710,000000,50.891,51.133,50.063,50.382,235429,0
MAXR.US,D,20180711,000000,49.928,50.024,48.918,49.217,360128,0
MAXR.US,D,20180712,000000,49.707,51.133,49.322,51.046,312595,0
MAXR.US,D,20180713,000000,50.691,51.231,50.584,51.007,272692,0
MAXR.US,D,20180716,000000,50.999,51.231,49.88,49.966,165419,0
MAXR.US,D,20180717,000000,50.053,50.891,49.364,50.717,277702,0
MAXR.US,D,20180718,000000,50.804,50.804,49.981,50.197,286949,0
MAXR.US,D,20180719,000000,49.668,50.521,49.668,49.956,262997,0
MAXR.US,D,20180720,000000,50.024,51.065,49.851,50.92,206900,0
MAXR.US,D,20180723,000000,50.662,51.142,50.526,50.633,182803,0
MAXR.US,D,20180724,000000,50.536,50.989,50.276,50.91,222632,0
MAXR.US,D,20180725,000000,51.075,51.075,49.909,50.717,336349,0
MAXR.US,D,20180726,000000,50.784,51.547,50.072,51.346,342057,0
MAXR.US,D,20180727,000000,51.462,51.615,49.985,50.044,475679,0
MAXR.US,D,20180730,000000,50.42,50.43,49.504,49.851,368876,0
MAXR.US,D,20180731,000000,51.442,51.442,46.798,47.172,614749,0
MAXR.US,D,20180801,000000,46.886,46.886,43.929,44.226,672794,0
MAXR.US,D,20180802,000000,44.15,44.536,43.543,44.091,445317,0
MAXR.US,D,20180803,000000,44.14,44.457,42.686,42.829,463066,0
MAXR.US,D,20180806,000000,42.973,43.118,42.204,42.781,655139,0
MAXR.US,D,20180807,000000,42.176,42.273,35.64,37.03,2995067,0
MAXR.US,D,20180808,000000,37.098,37.098,34.506,35.344,895839,0
MAXR.US,D,20180809,000000,35.476,38.262,35.028,37.801,845691,0
MAXR.US,D,20180810,000000,37.552,38.773,36.288,36.673,618888,0
MAXR.US,D,20180813,000000,36.616,37.084,35.276,35.844,463298,0
MAXR.US,D,20180814,000000,36.018,37.286,36.018,37.069,390241,0
MAXR.US,D,20180815,000000,36.934,36.983,35.449,36.442,297026,0
MAXR.US,D,20180816,000000,36.77,37.02,36.162,36.596,277344,0
MAXR.US,D,20180817,000000,36.645,36.737,35.612,35.786,228885,0
MAXR.US,D,20180820,000000,35.883,36.058,34.227,34.834,594981,0
MAXR.US,D,20180821,000000,34.698,34.951,34.418,34.574,360696,0
MAXR.US,D,20180822,000000,34.428,34.805,34.428,34.603,238568,0
MAXR.US,D,20180823,000000,34.497,34.497,32.292,32.898,512586,0
MAXR.US,D,20180824,000000,34.698,34.979,31.721,32.675,946689,0
MAXR.US,D,20180827,000000,32.724,32.908,31.614,31.952,419498,0
MAXR.US,D,20180828,000000,32.097,32.156,29.632,30.777,1009769,0
MAXR.US,D,20180829,000000,30.71,31.5,30.249,31.442,803876,0
MAXR.US,D,20180830,000000,31.5,31.952,30.99,31.404,328476,0
MAXR.US,D,20180831,000000,31.384,31.649,29.787,29.912,335099,0
MAXR.US,D,20180904,000000,29.526,29.787,27.994,28.264,688424,0
MAXR.US,D,20180905,000000,28.4,29.959,27.715,29.873,726719,0
MAXR.US,D,20180906,000000,29.989,31.865,29.989,30.52,498116,0
MAXR.US,D,20180907,000000,30.53,31.982,29.748,31.934,538679,0
MAXR.US,D,20180910,000000,32.233,32.483,31.586,32.204,477465,0
MAXR.US,D,20180911,000000,32.146,32.204,31.537,31.759,282436,0
MAXR.US,D,20180912,000000,31.779,33.225,31.673,32.945,359415,0
MAXR.US,D,20180913,000000,33.169,33.87,32.898,33.335,280736,0
MAXR.US,D,20180914,000000,33.237,34.064,33.237,33.84,313572,0
MAXR.US,D,20180917,000000,34.248,34.46,33.577,34.248,280659,0
MAXR.US,D,20180918,000000,34.266,35.422,34.102,34.938,470276,0
MAXR.US,D,20180919,000000,34.928,35.712,34.558,35.373,454082,0
MAXR.US,D,20180920,000000,35.663,36.626,35.643,35.995,456516,0
MAXR.US,D,20180921,000000,36.063,36.394,34.85,35.771,706638,0
MAXR.US,D,20180924,000000,35.878,35.99,33.782,33.86,440610,0
MAXR.US,D,20180925,000000,33.821,33.958,32.247,33.811,507277,0
MAXR.US,D,20180926,000000,33.605,33.713,32.12,32.227,1341334,0
MAXR.US,D,20180927,000000,32.353,32.353,31.187,31.429,358842,0
MAXR.US,D,20180928,000000,31.468,32.556,30.993,32.12,431890,0
MAXR.US,D,20181001,000000,32.548,32.82,31.401,31.564,376186,0
MAXR.US,D,20181002,000000,31.468,31.993,31.11,31.429,435529,0
MAXR.US,D,20181003,000000,31.74,32.178,31.298,32.023,215729,0
MAXR.US,D,20181004,000000,32.218,32.382,31.508,31.643,398388,0
MAXR.US,D,20181005,000000,31.789,32.395,31.468,31.701,247142,0
MAXR.US,D,20181008,000000,31.545,32.188,31.09,32.12,189764,0
MAXR.US,D,20181009,000000,31.74,31.876,30.711,30.857,398081,0
MAXR.US,D,20181010,000000,30.779,30.857,28.381,28.401,348148,0
MAXR.US,D,20181011,000000,28.468,28.963,27.972,28.477,331686,0
MAXR.US,D,20181012,000000,28.992,29.216,28.254,28.701,337651,0
MAXR.US,D,20181015,000000,28.691,29.182,27.749,28.545,262583,0
MAXR.US,D,20181016,000000,28.895,29.663,28.293,29.508,244150,0
MAXR.US,D,20181017,000000,29.177,29.624,28.846,29.45,210196,0
MAXR.US,D,20181018,000000,29.381,30.012,29.001,29.167,247344,0
MAXR.US,D,20181019,000000,29.177,30.383,29.109,30.227,179453,0
MAXR.US,D,20181022,000000,30.187,30.586,29.78,30.061,158005,0
MAXR.US,D,20181023,000000,29.624,29.721,28.652,28.972,222761,0
MAXR.US,D,20181024,000000,28.72,28.972,27.428,27.486,254308,0
MAXR.US,D,20181025,000000,27.526,27.948,26.773,27.05,265534,0
MAXR.US,D,20181026,000000,26.701,26.828,25.252,26.711,252124,0
MAXR.US,D,20181029,000000,27.069,27.535,25.633,26.068,337027,0
MAXR.US,D,20181030,000000,26.117,26.73,25.545,26.293,364730,0
MAXR.US,D,20181031,000000,20.63,20.63,14.19,14.483,3462831,0
MAXR.US,D,20181101,000000,14.939,14.998,13.111,14.132,2461957,0
MAXR.US,D,20181102,000000,14.424,15.872,13.966,15.765,1277331,0
MAXR.US,D,20181105,000000,15.882,16.734,15.707,16.589,729303,0
MAXR.US,D,20181106,000000,18.134,18.63,15.356,15.483,1026172,0
MAXR.US,D,20181107,000000,15.668,17.666,15.541,17.519,1031555,0
MAXR.US,D,20181108,000000,17.598,18.571,17.259,18.28,1222619,0
MAXR.US,D,20181109,000000,18.27,18.735,16.609,17.481,998157,0
MAXR.US,D,20181112,000000,17.529,18.163,17.23,17.714,934452,0
MAXR.US,D,20181113,000000,17.812,18.211,16.599,16.628,652356,0
MAXR.US,D,20181114,000000,16.628,17.939,16.628,17.51,778658,0
MAXR.US,D,20181115,000000,17.5,18.9,17.384,18.812,482178,0
MAXR.US,D,20181116,000000,18.679,18.688,17.744,18.221,351288,0
MAXR.US,D,20181119,000000,18.163,18.163,16.812,17.288,557117,0
MAXR.US,D,20181120,000000,16.908,16.908,14.88,15.483,821254,0
MAXR.US,D,20181121,000000,15.648,16.491,14.959,16.452,573440,0
MAXR.US,D,20181123,000000,16.424,16.881,16.145,16.415,187301,0
MAXR.US,D,20181126,000000,16.803,16.852,15.332,15.394,518790,0
MAXR.US,D,20181127,000000,15.443,16.415,15.103,16.221,757894,0
MAXR.US,D,20181128,000000,16.163,16.871,15.394,16.609,651298,0
MAXR.US,D,20181129,000000,16.53,17.104,16.336,16.763,417877,0
MAXR.US,D,20181130,000000,16.657,16.793,15.892,16.086,671685,0
MAXR.US,D,20181203,000000,16.511,16.647,16.007,16.163,462040,0
MAXR.US,D,20181204,000000,16.163,16.415,14.656,14.705,544631,0
MAXR.US,D,20181206,000000,13.831,14.278,12.811,14.278,836931,0
MAXR.US,D,20181207,000000,14.326,15.188,13.431,13.724,828177,0
MAXR.US,D,20181210,000000,13.586,13.831,12.918,13.18,841488,0
MAXR.US,D,20181211,000000,13.45,13.45,12.025,12.297,835878,0
MAXR.US,D,20181212,000000,12.521,13.343,12.306,13.275,830595,0
MAXR.US,D,20181213,000000,13.188,13.275,12.525,12.742,463358,0
MAXR.US,D,20181214,000000,12.425,13.019,12.306,12.355,569220,0
MAXR.US,D,20181217,000000,12.385,13.138,12.138,12.276,591866,0
MAXR.US,D,20181218,000000,12.405,12.9,11.939,12.098,531093,0
MAXR.US,D,20181219,000000,12.068,12.564,11.782,11.909,624950,0
MAXR.US,D,20181220,000000,11.899,12.435,10.918,11.365,647241,0
MAXR.US,D,20181221,000000,11.165,11.285,10.382,11.096,1972946,0
MAXR.US,D,20181224,000000,10.828,11.056,10.094,10.134,495189,0
MAXR.US,D,20181226,000000,10.015,10.773,9.4804,10.758,624520,0
MAXR.US,D,20181227,000000,10.441,10.549,9.4705,10.184,814760,0
MAXR.US,D,20181228,000000,10.293,12.009,10.184,11.672,839315,0
MAXR.US,D,20181231,000000,11.702,12.196,11.205,11.859,711022,0
MAXR.US,D,20190102,000000,11.721,12.811,11.066,12.395,784814,0
MAXR.US,D,20190103,000000,12.485,12.485,11.205,11.265,989666,0
MAXR.US,D,20190104,000000,11.543,11.829,10.878,11.622,616635,0
MAXR.US,D,20190107,000000,10.589,10.589,7.9226,7.9625,2821066,0
MAXR.US,D,20190108,000000,7.2386,7.2486,4.9975,5.9792,11237652,0
MAXR.US,D,20190109,000000,6.1379,6.7427,6.0882,6.2471,3406184,0
MAXR.US,D,20190110,000000,6.2471,6.3857,6.0288,6.1478,1520380,0
MAXR.US,D,20190111,000000,6.1478,6.2072,5.6967,5.7809,1804546,0
MAXR.US,D,20190114,000000,6.009,6.346,5.7215,6.1973,1883357,0
MAXR.US,D,20190115,000000,6.1677,6.2272,5.4041,5.5232,3102762,0
MAXR.US,D,20190116,000000,5.5232,5.7017,5.0422,5.1562,3013079,0
MAXR.US,D,20190117,000000,5.0967,5.2552,5.0074,5.0768,1509245,0
MAXR.US,D,20190118,000000,5.1364,5.2058,4.9183,4.9975,1734025,0
MAXR.US,D,20190122,000000,4.8588,5.4933,4.7298,5.0967,1846991,0
MAXR.US,D,20190123,000000,5.1266,5.3149,4.7398,4.8787,2022371,0
MAXR.US,D,20190124,000000,4.9183,5.2952,4.8507,5.2455,1545458,0
MAXR.US,D,20190125,000000,5.3249,5.6321,5.3179,5.5529,1329637,0
MAXR.US,D,20190128,000000,5.4537,5.8999,5.3074,5.8206,1626732,0
MAXR.US,D,20190129,000000,5.8999,6.1776,5.5777,5.662,1507962,0
MAXR.US,D,20190130,000000,5.7017,5.8909,5.4835,5.5529,1011905,0
MAXR.US,D,20190131,000000,5.6026,5.6917,5.4537,5.5727,987052,0
MAXR.US,D,20190201,000000,5.5927,5.642,5.4835,5.543,694590,0
MAXR.US,D,20190204,000000,5.5132,5.652,5.3842,5.543,902218,0
MAXR.US,D,20190205,000000,5.4735,5.771,5.4735,5.6717,896488,0
MAXR.US,D,20190206,000000,5.6717,6.2072,5.6717,6.009,1746973,0
MAXR.US,D,20190207,000000,5.9694,5.994,5.652,5.8107,815096,0
MAXR.US,D,20190208,000000,5.8702,6.1478,5.7313,5.7512,910519,0
MAXR.US,D,20190211,000000,5.7809,5.8008,5.662,5.7017,586736,0
MAXR.US,D,20190212,000000,5.7215,5.9296,5.662,5.88,1015577,0
MAXR.US,D,20190213,000000,5.8999,6.0981,5.89,5.999,722435,0
MAXR.US,D,20190214,000000,5.999,6.098,5.8999,5.9496,766491,0
MAXR.US,D,20190215,000000,5.9694,6.0981,5.89,5.9694,797607,0
MAXR.US,D,20190219,000000,5.999,6.7427,5.9097,6.6435,1941594,0
MAXR.US,D,20190220,000000,6.6237,7.0005,6.4057,6.485,1726613,0
MAXR.US,D,20190221,000000,6.4452,6.7231,6.2669,6.4452,862669,0
MAXR.US,D,20190222,000000,6.5642,7.0303,6.4651,6.951,1047623,0
MAXR.US,D,20190225,000000,6.9906,7.3178,6.8716,6.8716,1074670,0
MAXR.US,D,20190226,000000,6.9112,7.3575,6.832,7.2782,943423,0
MAXR.US,D,20190227,000000,7.5855,7.8235,7.0997,7.2486,1569411,0
MAXR.US,D,20190228,000000,7.3377,7.3477,6.7427,7.2486,1118486,0
MAXR.US,D,20190301,000000,5.5529,5.9197,5.3448,5.7809,4276653,0
MAXR.US,D,20190304,000000,5.8405,5.88,5.1762,5.2058,2619398,0
MAXR.US,D,20190305,000000,5.2058,5.2107,4.9479,4.9876,1622133,0
MAXR.US,D,20190306,000000,4.9578,5.2058,4.7795,4.8886,1442175,0
MAXR.US,D,20190307,000000,4.9282,4.9282,4.383,4.5018,1977156,0
MAXR.US,D,20190308,000000,4.5018,5.1463,4.373,5.1364,1917348,0
MAXR.US,D,20190311,000000,5.2058,5.2257,4.8786,5.1959,1623284,0
MAXR.US,D,20190312,000000,5.3942,5.5132,5.1861,5.1959,1055846,0
MAXR.US,D,20190313,000000,5.2058,5.2752,5.1066,5.1266,781630,0
MAXR.US,D,20190314,000000,5.1364,5.2457,4.8285,4.9376,1463097,0
MAXR.US,D,20190315,000000,4.9376,4.9376,4.4708,4.5401,2297332,0
MAXR.US,D,20190318,000000,4.5601,4.6594,4.4708,4.4708,931598,0
MAXR.US,D,20190319,000000,4.5302,4.6062,4.4708,4.5007,790924,0
MAXR.US,D,20190320,000000,4.4907,4.7589,4.4708,4.719,1020907,0
MAXR.US,D,20190321,000000,4.719,4.8782,4.6794,4.8484,1148021,0
MAXR.US,D,20190322,000000,4.7986,4.8186,4.4609,4.5007,1165989,0
MAXR.US,D,20190325,000000,4.4907,4.55,4.282,4.3914,957168,0
MAXR.US,D,20190326,000000,4.3914,4.441,4.0932,4.1131,1351467,0
MAXR.US,D,20190327,000000,4.123,4.2472,3.8944,4.0136,1985821,0
MAXR.US,D,20190328,000000,4.0536,4.0622,3.9144,3.9344,910455,0
MAXR.US,D,20190329,000000,3.9444,4.0586,3.8051,3.9939,1139046,0
MAXR.US,D,20190401,000000,4.0336,4.6198,4.0136,4.4013,1897825,0
MAXR.US,D,20190402,000000,4.3914,4.5801,4.3017,4.4112,560469,0
MAXR.US,D,20190403,000000,4.441,4.6594,4.441,4.5701,903407,0
MAXR.US,D,20190404,000000,4.6,4.6459,4.4609,4.6,526281,0
MAXR.US,D,20190405,000000,4.6099,4.6993,4.5501,4.6396,557943,0
MAXR.US,D,20190408,000000,4.6496,4.9972,4.6297,4.9873,1451897,0
MAXR.US,D,20190409,000000,4.9873,4.9972,4.6496,4.6594,1281716,0
MAXR.US,D,20190410,000000,4.6794,4.8036,4.5701,4.6496,720416,0
MAXR.US,D,20190411,000000,4.6694,4.8488,4.6347,4.739,486954,0
MAXR.US,D,20190412,000000,4.7888,4.8086,4.5411,4.6396,813331,0
MAXR.US,D,20190415,000000,4.6694,4.8285,4.6396,4.739,834836,0
MAXR.US,D,20190416,000000,4.739,4.7888,4.6099,4.6993,620734,0
MAXR.US,D,20190417,000000,4.7589,5.057,4.729,4.9376,999420,0
MAXR.US,D,20190418,000000,4.9376,5.057,4.7888,4.8285,817558,0
MAXR.US,D,20190422,000000,4.8186,4.8186,4.5725,4.6297,808013,0
MAXR.US,D,20190423,000000,4.6099,4.6396,4.5203,4.5601,740619,0
MAXR.US,D,20190424,000000,4.5801,4.6594,4.4907,4.5401,598868,0
MAXR.US,D,20190425,000000,4.6297,4.8285,4.5203,4.7689,987253,0
MAXR.US,D,20190426,000000,4.7689,4.8782,4.6594,4.8782,549949,0
MAXR.US,D,20190429,000000,4.8484,5.0171,4.8086,4.9376,679994,0
MAXR.US,D,20190430,000000,4.9575,5.1363,4.8086,4.898,886429,0
MAXR.US,D,20190501,000000,4.8683,5.1266,4.8583,5.0767,695455,0
MAXR.US,D,20190502,000000,5.067,5.2855,5.037,5.1862,916194,0
MAXR.US,D,20190503,000000,5.514,6.6119,5.504,6.4677,6572421,0
MAXR.US,D,20190506,000000,6.4677,7.0538,6.0704,6.7857,3842953,0
MAXR.US,D,20190507,000000,6.7857,7.0042,6.587,6.7162,2053521,0
MAXR.US,D,20190508,000000,6.7063,6.7657,6.3335,6.597,1763753,0
MAXR.US,D,20190509,000000,6.418,6.7215,6.3583,6.6665,1028927,0
MAXR.US,D,20190510,000000,5.9412,6.9646,5.6928,6.8254,2443581,0
MAXR.US,D,20190513,000000,6.736,7.668,6.5273,7.2227,3056287,0
MAXR.US,D,20190514,000000,7.4116,8.708,7.3718,8.4546,6711617,0
MAXR.US,D,20190515,000000,8.6238,8.9912,7.5706,7.6103,6604569,0
MAXR.US,D,20190516,000000,7.8288,8.2661,7.6798,7.8089,3167947,0
MAXR.US,D,20190517,000000,7.7494,7.8188,7.2328,7.2626,2684709,0
MAXR.US,D,20190520,000000,7.3121,7.6798,7.2923,7.4215,1331196,0
MAXR.US,D,20190521,000000,7.4116,7.4116,6.736,6.9147,2569983,0
MAXR.US,D,20190522,000000,6.9843,7.0837,6.736,6.8849,1498659,0
MAXR.US,D,20190523,000000,6.8452,8.8918,6.6515,8.7926,13106570,0
MAXR.US,D,20190524,000000,8.7329,8.7626,7.5407,7.5803,7086172,0
MAXR.US,D,20190528,000000,7.66,7.7494,7.1831,7.3121,2576647,0
MAXR.US,D,20190529,000000,7.034,7.4444,7.0241,7.4116,1952525,0
MAXR.US,D,20190530,000000,7.501,7.65,6.9546,7.0042,2264450,0
MAXR.US,D,20190531,000000,6.8849,7.0142,6.4677,6.736,2541840,0
MAXR.US,D,20190603,000000,6.9546,7.0439,6.428,6.577,3198020,0
MAXR.US,D,20190604,000000,6.587,6.8254,6.3683,6.4876,1944984,0
MAXR.US,D,20190605,000000,6.4876,6.567,6.09,6.3088,1850212,0
MAXR.US,D,20190606,000000,6.299,6.3583,5.832,5.9312,1762146,0
MAXR.US,D,20190607,000000,5.9112,6.2891,5.7524,6.09,1499891,0
MAXR.US,D,20190610,000000,6.1598,6.3583,5.9611,6.1797,1353131,0
MAXR.US,D,20190611,000000,6.1896,6.3982,5.9611,5.9907,1540366,0
MAXR.US,D,20190612,000000,6.0007,6.0107,5.822,5.9312,1135779,0
MAXR.US,D,20190613,000000,5.981,6.1801,5.981,6.1302,1049404,0
MAXR.US,D,20190614,000000,6.1302,6.8368,5.9512,6.6876,4573652,0
MAXR.US,D,20190617,000000,6.6876,6.9064,6.369,6.7374,2732116,0
MAXR.US,D,20190618,000000,6.7175,7.1255,6.618,7.0557,1527967,0
MAXR.US,D,20190619,000000,7.0259,7.5732,7.0113,7.3344,1777140,0
MAXR.US,D,20190620,000000,7.4141,7.6131,7.2548,7.4042,1171456,0
MAXR.US,D,20190621,000000,7.4338,7.6479,7.0856,7.5534,2007994,0
MAXR.US,D,20190624,000000,7.6031,7.9415,7.4836,7.5136,1234906,0
MAXR.US,D,20190625,000000,7.5434,7.6852,7.0374,7.1952,1299635,0
MAXR.US,D,20190626,000000,7.1952,7.3842,7.0856,7.2945,928165,0
MAXR.US,D,20190627,000000,7.3045,7.424,7.1155,7.3942,883047,0
MAXR.US,D,20190628,000000,7.4141,7.812,7.3742,7.7822,1481671,0
MAXR.US,D,20190701,000000,7.8916,8.2003,7.8619,7.8818,1222002,0
MAXR.US,D,20190702,000000,8.071,9.3844,8.001,9.265,8602764,0
MAXR.US,D,20190703,000000,9.2848,9.3745,8.658,9.0362,2614794,0
MAXR.US,D,20190705,000000,9.0561,10.002,9.0063,9.752,3338678,0
MAXR.US,D,20190708,000000,9.762,9.937,9.3994,9.4641,2235000,0
MAXR.US,D,20190709,000000,9.4938,9.513,8.7874,9.076,2559258,0
MAXR.US,D,20190710,000000,9.1557,9.508,8.658,9.3148,1893278,0
MAXR.US,D,20190711,000000,9.3745,9.722,9.1457,9.2551,1361286,0
MAXR.US,D,20190712,000000,9.3048,9.617,9.1357,9.533,1324260,0
MAXR.US,D,20190715,000000,9.612,9.646,8.9167,9.1655,1533417,0
MAXR.US,D,20190716,000000,9.1057,9.1057,8.7674,8.7874,1317174,0
MAXR.US,D,20190717,000000,8.9068,8.9367,8.051,8.3395,2458281,0
MAXR.US,D,20190718,000000,8.2698,8.2698,7.9215,8.1604,1596181,0
MAXR.US,D,20190719,000000,8.1008,8.3793,8.1008,8.1404,978527,0
MAXR.US,D,20190722,000000,8.26,8.2698,7.812,7.8818,1154144,0
MAXR.US,D,20190723,000000,7.9614,8.1504,7.6628,7.6927,1074281,0
MAXR.US,D,20190724,000000,7.8021,8.23,7.6628,8.1903,1548519,0
MAXR.US,D,20190725,000000,8.3295,8.3392,7.643,7.7126,1501897,0
MAXR.US,D,20190726,000000,7.7525,7.8519,7.4637,7.5434,1286687,0
MAXR.US,D,20190729,000000,7.5831,7.7425,7.3144,7.5434,797766,0
MAXR.US,D,20190730,000000,7.4736,8.031,7.2846,7.7623,2226575,0
MAXR.US,D,20190731,000000,7.7425,7.822,7.3144,7.3244,1486443,0
MAXR.US,D,20190801,000000,7.2747,7.4328,6.7274,6.8766,1732927,0
MAXR.US,D,20190802,000000,6.8269,7.3842,6.7771,7.3045,1192838,0
MAXR.US,D,20190805,000000,7.1553,7.1553,6.7473,6.8666,951237,0
MAXR.US,D,20190806,000000,6.8965,7.2149,6.6477,7.1355,1831863,0
MAXR.US,D,20190807,000000,7.2249,8.1304,6.9713,7.9714,3898852,0
MAXR.US,D,20190808,000000,7.9215,8.061,7.7325,7.9115,1505288,0
MAXR.US,D,20190809,000000,7.9115,8.1008,7.4223,7.7822,1969798,0
MAXR.US,D,20190812,000000,7.7425,7.7772,7.3245,7.3742,935778,0
MAXR.US,D,20190813,000000,7.3742,7.4637,7.1255,7.2449,815605,0
MAXR.US,D,20190814,000000,7.0259,7.0757,6.5731,6.5881,1558362,0
MAXR.US,D,20190815,000000,6.5881,6.6976,6.1102,6.2797,1294861,0
MAXR.US,D,20190816,000000,6.2897,6.404,6.0308,6.2897,1907995,0
MAXR.US,D,20190819,000000,6.369,6.618,6.2098,6.4587,869461,0
MAXR.US,D,20190820,000000,6.7076,6.8965,6.5381,6.7671,1108298,0
MAXR.US,D,20190821,000000,6.8169,6.8269,6.5681,6.7473,751867,0
MAXR.US,D,20190822,000000,6.7374,7.1852,6.6876,6.9861,1387647,0
MAXR.US,D,20190823,000000,6.9364,6.9364,6.5233,6.5581,1045962,0
MAXR.US,D,20190826,000000,6.6976,6.8965,6.5381,6.7076,853719,0
MAXR.US,D,20190827,000000,6.7671,6.7871,6.3194,6.4686,874705,0
MAXR.US,D,20190828,000000,6.4686,6.7921,6.2996,6.6477,758304,0
MAXR.US,D,20190829,000000,6.7274,7.0955,6.6976,6.8467,1065736,0
MAXR.US,D,20190830,000000,7.0955,7.1852,6.9264,7.0457,1082008,0
MAXR.US,D,20190903,000000,6.9861,7.3045,6.8467,7.2449,2414546,0
MAXR.US,D,20190904,000000,7.3842,7.4338,6.9064,6.9164,1355971,0
MAXR.US,D,20190905,000000,7.006,7.1455,6.7821,6.8567,1429415,0
MAXR.US,D,20190906,000000,6.8467,7.2149,6.6427,7.0259,1096590,0
MAXR.US,D,20190909,000000,7.0457,7.3144,6.9761,6.996,1063823,0
MAXR.US,D,20190910,000000,7.2249,8.4241,7.1752,8.3395,5439153,0
MAXR.US,D,20190911,000000,8.648,9.4044,8.4589,9.1357,4187616,0
MAXR.US,D,20190912,000000,9.1457,9.658,9.0361,9.593,3343326,0
MAXR.US,D,20190913,000000,9.4445,9.773,9.1157,9.1457,2084100,0
MAXR.US,D,20190916,000000,9.0062,10.202,9.0062,10.072,3802063,0
MAXR.US,D,20190917,000000,9.993,9.993,9.2552,9.285,2155065,0
MAXR.US,D,20190918,000000,9.2552,9.3619,8.777,9.0759,2250855,0
MAXR.US,D,20190919,000000,9.0958,9.563,9.0461,9.1755,1574647,0
MAXR.US,D,20190920,000000,9.1955,9.4984,9.0461,9.0659,3745619,0
MAXR.US,D,20190923,000000,9.0062,9.0759,8.5231,8.5578,2334530,0
MAXR.US,D,20190924,000000,8.5478,8.6376,8.0898,8.0898,1603100,0
MAXR.US,D,20190925,000000,8.0698,8.1893,7.8206,8.0298,1274638,0
MAXR.US,D,20190926,000000,7.98,8.0048,7.6314,7.741,1771147,0
MAXR.US,D,20190927,000000,7.8106,7.9501,7.6114,7.6811,1293458,0
MAXR.US,D,20190930,000000,7.7608,7.7707,7.3025,7.5717,1460067,0
MAXR.US,D,20191001,000000,7.6114,7.7906,7.2975,7.3025,1823261,0
MAXR.US,D,20191002,000000,7.2328,7.4569,7.0584,7.3224,1064501,0
MAXR.US,D,20191003,000000,7.2727,7.6114,7.1931,7.5417,1479437,0
MAXR.US,D,20191004,000000,7.5517,7.7001,7.2727,7.5318,897122,0
MAXR.US,D,20191007,000000,7.5417,8.1693,7.3524,8.1096,2397089,0
MAXR.US,D,20191008,000000,8.0798,8.0798,7.7039,7.8206,1992300,0
MAXR.US,D,20191009,000000,7.9202,8.0198,7.1831,7.4221,2839971,0
MAXR.US,D,20191010,000000,7.4321,7.4718,6.8343,6.8343,3009031,0
MAXR.US,D,20191011,000000,6.9739,7.2128,6.924,7.1133,1390476,0
MAXR.US,D,20191014,000000,7.0634,7.1831,6.7745,7.1333,1086488,0
MAXR.US,D,20191015,000000,7.1333,7.4122,6.934,7.2926,1230316,0
MAXR.US,D,20191016,000000,7.3025,7.7807,7.2727,7.5914,1153859,0
MAXR.US,D,20191017,000000,7.6414,7.9202,7.5318,7.721,939486,0
MAXR.US,D,20191018,000000,7.6911,7.751,7.3474,7.6513,1084890,0
MAXR.US,D,20191021,000000,7.7608,8.003,7.731,7.8605,1244581,0
MAXR.US,D,20191022,000000,7.8605,8.1793,7.5617,8.0898,1095258,0
MAXR.US,D,20191023,000000,8.0898,8.6376,7.9202,8.5678,1550225,0
MAXR.US,D,20191024,000000,8.6077,8.6077,7.711,7.7807,1982757,0
MAXR.US,D,20191025,000000,7.6712,8.1293,7.5814,7.9202,937028,0
MAXR.US,D,20191028,000000,7.9701,8.2141,7.8704,7.9701,839400,0
MAXR.US,D,20191029,000000,7.8704,7.9202,7.6014,7.6513,1052658,0
MAXR.US,D,20191030,000000,7.6114,7.7011,7.3876,7.6214,1031564,0
MAXR.US,D,20191031,000000,7.6314,8.7392,7.5018,8.4582,4044105,0
MAXR.US,D,20191101,000000,8.5379,9.2502,8.3453,8.9165,2319361,0
MAXR.US,D,20191104,000000,9.0461,10.202,8.9763,9.903,5603197,0
MAXR.US,D,20191105,000000,9.903,11.448,9.723,11.049,5947796,0
MAXR.US,D,20191106,000000,11.378,11.378,10.5,11.218,3339299,0
MAXR.US,D,20191107,000000,11.278,11.398,10.819,11.148,1908221,0
MAXR.US,D,20191108,000000,11.069,11.945,10.999,11.756,2418488,0
MAXR.US,D,20191111,000000,11.618,11.865,11.458,11.568,1113429,0
MAXR.US,D,20191112,000000,11.578,12.464,11.468,12.165,2382290,0
MAXR.US,D,20191113,000000,12.045,12.524,11.668,11.815,1805542,0
MAXR.US,D,20191114,000000,11.678,11.718,10.889,11.318,1982905,0
MAXR.US,D,20191115,000000,11.328,11.638,11.153,11.458,1636788,0
MAXR.US,D,20191118,000000,11.508,12.473,11.508,12.065,1941381,0
MAXR.US,D,20191119,000000,12.055,12.273,11.378,11.398,1319100,0
MAXR.US,D,20191120,000000,11.378,11.448,10.909,11.268,1217762,0
MAXR.US,D,20191121,000000,11.398,11.468,10.939,10.959,1126111,0
MAXR.US,D,20191122,000000,11.039,11.478,10.999,11.288,946929,0
MAXR.US,D,20191125,000000,11.358,11.508,10.689,10.749,1781435,0
MAXR.US,D,20191126,000000,10.749,10.949,10.609,10.659,1541479,0
MAXR.US,D,20191127,000000,10.669,10.759,10.256,10.351,975688,0
MAXR.US,D,20191129,000000,10.321,10.56,10.262,10.361,386913,0
MAXR.US,D,20191202,000000,10.48,11.218,10.331,11.099,1479968,0
MAXR.US,D,20191203,000000,10.959,11.428,10.839,11.398,1243833,0
MAXR.US,D,20191204,000000,11.508,11.96,10.834,10.869,1571630,0
MAXR.US,D,20191205,000000,10.909,11.128,10.472,10.55,1191747,0
MAXR.US,D,20191206,000000,10.679,10.939,10.46,10.879,1158667,0
MAXR.US,D,20191209,000000,10.859,11.208,10.859,10.999,839903,0
MAXR.US,D,20191210,000000,10.999,11.278,10.869,11.198,1093086,0
MAXR.US,D,20191211,000000,11.288,11.428,10.57,10.59,1498489,0
MAXR.US,D,20191212,000000,10.659,11.214,10.52,11.189,1324686,0
MAXR.US,D,20191213,000000,11.169,11.886,11.109,11.738,1664436,0
MAXR.US,D,20191216,000000,11.797,12.962,11.767,12.962,3254633,0
MAXR.US,D,20191217,000000,12.893,12.952,12.396,12.625,2100807,0
MAXR.US,D,20191218,000000,12.585,13.032,12.476,12.893,1873011,0
MAXR.US,D,20191219,000000,12.893,13.561,12.863,13.361,2358779,0
MAXR.US,D,20191220,000000,13.391,14.34,13.391,14.01,8622758,0
MAXR.US,D,20191223,000000,14.01,14.37,13.711,13.811,2067842,0
MAXR.US,D,20191224,000000,13.871,13.921,13.481,13.721,692154,0
MAXR.US,D,20191226,000000,13.641,14.589,13.636,14.5,1151252,0
MAXR.US,D,20191227,000000,14.45,14.749,13.921,14.25,1610444,0
MAXR.US,D,20191230,000000,15.427,17.539,15.397,16.444,8826593,0
MAXR.US,D,20191231,000000,15.867,16.434,15.467,15.627,2858567,0
MAXR.US,D,20200102,000000,15.757,16.493,15.637,16.453,2244136,0
MAXR.US,D,20200103,000000,16.434,17.468,16.215,17.389,2497188,0
MAXR.US,D,20200106,000000,17.539,17.629,16.453,17.469,2458348,0
MAXR.US,D,20200107,000000,17.281,17.999,17.102,17.929,1910830,0
MAXR.US,D,20200108,000000,18.468,19.137,17.979,19.017,2959148,0
MAXR.US,D,20200109,000000,19.097,19.409,18.319,18.807,2491262,0
MAXR.US,D,20200110,000000,18.947,20.074,18.598,19.845,2984353,0
MAXR.US,D,20200113,000000,19.944,19.954,18.599,19.427,2760935,0
MAXR.US,D,20200114,000000,19.427,19.874,18.967,19.725,1485601,0
MAXR.US,D,20200115,000000,19.845,20.577,19.835,20.084,2055359,0
MAXR.US,D,20200116,000000,20.193,20.238,19.147,19.476,2060358,0
MAXR.US,D,20200117,000000,19.466,20.203,19.466,20.144,1605094,0
MAXR.US,D,20200121,000000,20.293,21.39,20.293,20.651,1631368,0
MAXR.US,D,20200122,000000,20.651,21.21,20.114,20.253,1323404,0
MAXR.US,D,20200123,000000,20.163,20.223,19.327,20.004,1256054,0
MAXR.US,D,20200124,000000,20.084,20.213,18.847,18.967,1097829,0
MAXR.US,D,20200127,000000,18.079,18.528,16.972,18.299,2231208,0
MAXR.US,D,20200128,000000,18.498,18.867,18.149,18.498,1077739,0
MAXR.US,D,20200129,000000,18.508,18.655,17.032,17.062,1962468,0
MAXR.US,D,20200130,000000,16.752,17.749,16.503,17.042,1787753,0
MAXR.US,D,20200131,000000,17.052,17.23,15.457,15.917,1956469,0
MAXR.US,D,20200203,000000,17.419,18.399,16.284,16.453,3474454,0
MAXR.US,D,20200204,000000,16.962,17.31,16.503,17.152,1736125,0
MAXR.US,D,20200205,000000,17.449,17.639,16.126,16.284,2186735,0
MAXR.US,D,20200206,000000,16.235,16.424,15.857,16.255,1181668,0
MAXR.US,D,20200207,000000,16.185,17.532,15.937,17.379,2745938,0
MAXR.US,D,20200210,000000,17.379,17.914,16.623,17.759,1837464,0
MAXR.US,D,20200211,000000,17.819,19.399,17.779,18.678,2172210,0
MAXR.US,D,20200212,000000,18.847,19.247,18.269,18.937,1795008,0
MAXR.US,D,20200213,000000,18.837,19.137,18.648,18.797,1327762,0
MAXR.US,D,20200214,000000,18.748,19.874,18.418,19.087,1889288,0
MAXR.US,D,20200218,000000,19.047,19.242,17.609,17.769,2918331,0
MAXR.US,D,20200219,000000,17.799,18.129,17.266,17.34,1762788,0
MAXR.US,D,20200220,000000,17.31,17.724,16.752,17.609,1874898,0
MAXR.US,D,20200221,000000,17.489,17.709,16.972,17.211,1422384,0
MAXR.US,D,20200224,000000,16.156,16.912,15.857,16.473,1391997,0
MAXR.US,D,20200225,000000,16.563,16.862,15.107,15.477,1916343,0
MAXR.US,D,20200226,000000,15.417,16.046,15.132,15.227,1338324,0
MAXR.US,D,20200227,000000,14.849,15.587,13.931,14.759,2099414,0
MAXR.US,D,20200228,000000,13.661,15.167,13.561,15.167,1871734,0
MAXR.US,D,20200302,000000,15.217,15.327,13.97,14.719,1943838,0
MAXR.US,D,20200303,000000,14.629,16.852,14.16,15.367,3265974,0
MAXR.US,D,20200304,000000,15.747,17.569,15.207,17.509,2083975,0
MAXR.US,D,20200305,000000,16.992,17.3,15.287,15.457,1834702,0
MAXR.US,D,20200306,000000,14.958,15.122,14.13,14.619,1675406,0
MAXR.US,D,20200309,000000,13.112,13.98,12.466,12.635,2303766,0
MAXR.US,D,20200310,000000,13.461,13.691,12.585,13.421,1590352,0
MAXR.US,D,20200311,000000,12.962,13.122,10.679,11.159,2689277,0
MAXR.US,D,20200312,000000,9.681,10.395,8.3539,9.1924,3456274,0
MAXR.US,D,20200313,000000,10.041,11.059,9.1625,11.059,2697723,0
MAXR.US,D,20200316,000000,9.571,10.111,8.7132,8.8529,2366480,0
MAXR.US,D,20200317,000000,9.0128,9.641,8.3041,9.4319,2594038,0
MAXR.US,D,20200318,000000,8.5437,9.1724,7.6454,8.2841,2521211,0
MAXR.US,D,20200319,000000,8.1943,8.9628,7.7074,8.3739,1739346,0
MAXR.US,D,20200320,000000,8.6834,9.1125,7.4856,7.775,3535454,0
MAXR.US,D,20200323,000000,7.5755,8.2542,7.1663,8.1843,1667604,0
MAXR.US,D,20200324,000000,8.9229,9.402,8.6535,9.3621,2678235,0
MAXR.US,D,20200325,000000,9.521,12.157,9.402,11.329,2828648,0
MAXR.US,D,20200326,000000,11.489,12.117,10.739,11.059,2056291,0
MAXR.US,D,20200327,000000,10.679,11.897,10.171,11.299,1980622,0
MAXR.US,D,20200330,000000,11.139,11.559,10.41,10.849,2206702,0
MAXR.US,D,20200331,000000,10.889,11.099,10.33,10.659,1307305,0
MAXR.US,D,20200401,000000,10.231,10.419,9.1025,9.2721,1468934,0
MAXR.US,D,20200402,000000,9.2223,9.671,9.0078,9.2522,818954,0
MAXR.US,D,20200403,000000,9.1724,9.601,8.7432,9.521,1185434,0
MAXR.US,D,20200406,000000,9.991,10.419,9.741,10.3,1320817,0
MAXR.US,D,20200407,000000,11.009,11.269,10.151,10.32,1544114,0
MAXR.US,D,20200408,000000,10.479,11.249,10.34,11.069,1115983,0
MAXR.US,D,20200409,000000,11.927,12.407,11.139,11.509,1617342,0
MAXR.US,D,20200413,000000,11.249,11.512,10.889,11.189,911033,0
MAXR.US,D,20200414,000000,11.479,11.927,11.139,11.559,1031573,0
MAXR.US,D,20200415,000000,11.369,11.369,10.709,10.899,1001625,0
MAXR.US,D,20200416,000000,10.929,11.229,9.621,9.751,1667119,0
MAXR.US,D,20200417,000000,10.39,10.769,9.991,10.679,1182516,0
MAXR.US,D,20200420,000000,10.32,10.999,10.121,10.799,1019503,0
MAXR.US,D,20200421,000000,10.479,10.814,9.831,9.931,1022250,0
MAXR.US,D,20200422,000000,10.261,10.37,9.991,10.181,870756,0
MAXR.US,D,20200423,000000,10.231,10.669,10.071,10.34,887260,0
MAXR.US,D,20200424,000000,10.36,10.429,9.821,10.051,917227,0
MAXR.US,D,20200427,000000,10.161,11.719,10.091,11.609,1423226,0
MAXR.US,D,20200428,000000,12.067,12.207,11.139,11.827,1483195,0
MAXR.US,D,20200429,000000,12.357,13.053,11.987,12.805,1351143,0
MAXR.US,D,20200430,000000,12.964,12.964,12.277,12.586,1172150,0
MAXR.US,D,20200501,000000,12.227,12.257,10.979,11.369,1605531,0
MAXR.US,D,20200504,000000,10.989,11.529,10.739,10.839,1273136,0
MAXR.US,D,20200505,000000,11.289,11.439,10.689,10.739,1200963,0
MAXR.US,D,20200506,000000,10.839,11.089,10.38,10.419,970160,0
MAXR.US,D,20200507,000000,10.659,10.789,10.261,10.35,1057064,0
MAXR.US,D,20200508,000000,10.649,11.329,10.36,11.269,1251391,0
MAXR.US,D,20200511,000000,11.099,11.758,10.799,11.579,1894496,0
MAXR.US,D,20200512,000000,11.159,11.409,9.951,10.011,4181672,0
MAXR.US,D,20200513,000000,10.021,10.33,8.9529,9.1025,2308101,0
MAXR.US,D,20200514,000000,8.9928,9.781,8.6335,9.2522,1644810,0
MAXR.US,D,20200515,000000,9.0726,9.581,8.9207,9.382,1094446,0
MAXR.US,D,20200518,000000,10.051,10.604,9.821,10.39,1446993,0
MAXR.US,D,20200519,000000,10.38,10.469,9.811,9.831,1136345,0
MAXR.US,D,20200520,000000,10.171,10.303,9.671,9.771,1003131,0
MAXR.US,D,20200521,000000,9.721,10.031,9.521,9.981,1048984,0
MAXR.US,D,20200522,000000,9.981,12.317,9.879,12.127,7592290,0
MAXR.US,D,20200526,000000,12.815,14.313,12.317,14.243,4364537,0
MAXR.US,D,20200527,000000,14.672,15.001,13.713,14.173,2465387,0
MAXR.US,D,20200528,000000,14.223,15.631,13.853,14.752,2913766,0
MAXR.US,D,20200529,000000,14.533,15.116,14.223,15.041,1535198,0
MAXR.US,D,20200601,000000,15.471,16.738,15.401,16.379,2170809,0
MAXR.US,D,20200602,000000,16.558,16.877,15.381,16.11,2031404,0
MAXR.US,D,20200603,000000,16.269,17.495,16.269,16.877,1822695,0
MAXR.US,D,20200604,000000,16.817,17.395,16.05,16.538,1450377,0
MAXR.US,D,20200605,000000,17.555,17.835,16.389,16.588,1653783,0
MAXR.US,D,20200608,000000,17.236,18.295,16.957,18.065,2210724,0
MAXR.US,D,20200609,000000,17.465,18.065,17.156,17.705,1368515,0
MAXR.US,D,20200610,000000,17.665,17.675,16.12,16.439,1639308,0
MAXR.US,D,20200611,000000,15.251,15.681,13.823,13.893,2590714,0
MAXR.US,D,20200612,000000,14.783,15.332,14.303,14.872,1394429,0
MAXR.US,D,20200615,000000,13.983,15.482,13.683,15.292,1317697,0
MAXR.US,D,20200616,000000,16.53,16.63,15.212,15.892,1308046,0
MAXR.US,D,20200617,000000,15.892,15.962,15.302,15.532,1105939,0
MAXR.US,D,20200618,000000,15.282,15.642,14.922,14.992,1055062,0
MAXR.US,D,20200619,000000,15.352,15.752,15.042,15.322,3319163,0
MAXR.US,D,20200622,000000,15.982,16.132,15.482,15.762,1268294,0
MAXR.US,D,20200623,000000,15.992,16.48,15.676,16.431,1298602,0
MAXR.US,D,20200624,000000,16.979,17.598,15.982,17.548,2604996,0
MAXR.US,D,20200625,000000,17.398,19.168,17.278,18.638,3545360,0
MAXR.US,D,20200626,000000,18.478,18.898,17.688,18.368,2502250,0
MAXR.US,D,20200629,000000,18.358,18.978,17.798,18.038,1671940,0
MAXR.US,D,20200630,000000,17.708,18.628,17.538,17.938,1248280,0
MAXR.US,D,20200701,000000,17.928,19.527,17.748,19.248,5095054,0
MAXR.US,D,20200702,000000,19.497,19.747,18.128,18.318,2021486,0
MAXR.US,D,20200706,000000,18.548,18.638,16.411,16.879,3118766,0
MAXR.US,D,20200707,000000,16.59,16.979,16.162,16.202,1086677,0
MAXR.US,D,20200708,000000,16.202,17.019,16.152,16.909,1233677,0
MAXR.US,D,20200709,000000,16.989,17.198,16.261,16.57,1113236,0
MAXR.US,D,20200710,000000,16.58,16.699,15.862,15.972,1276209,0
MAXR.US,D,20200713,000000,16.132,16.337,15.252,15.342,1160135,0
MAXR.US,D,20200714,000000,15.252,15.552,14.932,15.442,1113023,0
MAXR.US,D,20200715,000000,15.862,16.222,15.752,16.052,930097,0
MAXR.US,D,20200716,000000,15.982,16.411,15.582,16.092,881621,0
MAXR.US,D,20200717,000000,16.212,16.659,16.082,16.271,876070,0
MAXR.US,D,20200720,000000,16.431,17.019,16.042,16.61,1159277,0
MAXR.US,D,20200721,000000,16.879,17.029,16.401,16.63,753148,0
MAXR.US,D,20200722,000000,16.61,17.226,16.49,17.139,848686,0
MAXR.US,D,20200723,000000,16.999,17.308,16.252,16.341,896469,0
MAXR.US,D,20200724,000000,16.222,16.49,15.667,16.102,778474,0
MAXR.US,D,20200727,000000,16.152,16.689,15.832,16.56,1181657,0
MAXR.US,D,20200728,000000,16.441,16.989,16.232,16.679,698271,0
MAXR.US,D,20200729,000000,16.779,17.218,16.659,16.979,979165,0
MAXR.US,D,20200730,000000,16.719,18.254,16.5,17.878,1131613,0
MAXR.US,D,20200731,000000,18.078,18.208,17.478,17.768,947958,0
MAXR.US,D,20200803,000000,17.958,19.966,17.758,19.438,2386609,0
MAXR.US,D,20200804,000000,19.258,20.146,19.063,19.817,1373272,0
MAXR.US,D,20200805,000000,19.876,20.725,19.817,20.705,1523662,0
MAXR.US,D,20200806,000000,22.693,25.47,22.283,24.99,5602320,0
MAXR.US,D,20200807,000000,24.84,25.17,23.752,24.71,2073879,0
MAXR.US,D,20200810,000000,25.07,26.129,24.18,24.42,1906334,0
MAXR.US,D,20200811,000000,25.23,25.74,24.41,24.82,1585326,0
MAXR.US,D,20200812,000000,25.28,26.418,25.19,25.909,1831976,0
MAXR.US,D,20200813,000000,25.939,28.086,25.869,27.617,1846556,0
MAXR.US,D,20200814,000000,27.387,27.766,26.259,26.988,1832702,0
MAXR.US,D,20200817,000000,27.147,27.856,26.828,26.938,1060179,0
MAXR.US,D,20200818,000000,27.038,27.167,26.099,26.259,1380686,0
MAXR.US,D,20200819,000000,26.079,27.088,25.994,26.648,818494,0
MAXR.US,D,20200820,000000,26.468,27.267,25.879,26.638,845953,0
MAXR.US,D,20200821,000000,26.249,26.918,26.249,26.788,1174614,0
MAXR.US,D,20200824,000000,27.048,27.707,25.76,26.049,1407581,0
MAXR.US,D,20200825,000000,26.059,26.498,25.82,26.109,727011,0
MAXR.US,D,20200826,000000,26.249,26.259,24.82,25.24,1193545,0
MAXR.US,D,20200827,000000,25.25,25.45,23.023,23.473,1754700,0
MAXR.US,D,20200828,000000,23.572,24.37,23.572,23.762,907497,0
MAXR.US,D,20200831,000000,23.792,23.792,22.693,23.123,1202315,0
MAXR.US,D,20200901,000000,23.313,23.822,22.483,23.502,1204668,0
MAXR.US,D,20200902,000000,24.12,26.009,23.907,25.869,1564648,0
MAXR.US,D,20200903,000000,25.14,25.26,23.273,24.17,1700797,0
MAXR.US,D,20200904,000000,24.14,24.88,22.623,23.632,981437,0
MAXR.US,D,20200908,000000,22.973,23.942,22.643,22.763,891042,0
MAXR.US,D,20200909,000000,23.093,23.373,22.383,23.003,710816,0
MAXR.US,D,20200910,000000,23.153,23.632,22.733,23.063,970152,0
MAXR.US,D,20200911,000000,23.223,23.592,22.663,22.873,978669,0
MAXR.US,D,20200914,000000,23.293,25.441,23.243,25.301,1397454,0
MAXR.US,D,20200915,000000,25.491,26.52,25.211,25.431,1084209,0
MAXR.US,D,20200916,000000,25.511,26.63,25.081,25.93,1179603,0
MAXR.US,D,20200917,000000,25.9,28.218,25.411,27.509,2250042,0
MAXR.US,D,20200918,000000,27.788,30.108,27.269,29.248,4341724,0
MAXR.US,D,20200921,000000,28.618,29.158,27.729,28.058,2025544,0
MAXR.US,D,20200922,000000,28.158,28.173,26.81,27.639,1352742,0
MAXR.US,D,20200923,000000,27.968,28.267,24.696,24.731,1631139,0
MAXR.US,D,20200924,000000,24.251,24.611,23.428,23.672,1403877,0
MAXR.US,D,20200925,000000,23.692,24.841,23.682,24.181,1031073,0
MAXR.US,D,20200928,000000,24.981,25.619,23.932,25.391,1064403,0
MAXR.US,D,20200929,000000,25.631,26.77,25.431,25.95,1118348,0
MAXR.US,D,20200930,000000,25.781,26,24.711,24.921,1030881,0
MAXR.US,D,20201001,000000,25.361,26.95,25.191,26.64,1548505,0
MAXR.US,D,20201002,000000,25.281,26.34,25.14,26.03,1229843,0
MAXR.US,D,20201005,000000,26.22,26.81,25.85,26.34,713646,0
MAXR.US,D,20201006,000000,26.55,28.258,26.38,26.88,1834192,0
MAXR.US,D,20201007,000000,27.679,28.938,27.529,28.668,1280537,0
MAXR.US,D,20201008,000000,28.888,29.328,27.958,28.428,839129,0
MAXR.US,D,20201009,000000,28.578,29.808,28.303,28.758,1229247,0
MAXR.US,D,20201012,000000,29.528,29.638,28.409,28.718,795156,0
MAXR.US,D,20201013,000000,28.568,30.184,28.068,29.778,1232862,0
MAXR.US,D,20201014,000000,29.838,30.517,29.098,29.418,876596,0
MAXR.US,D,20201015,000000,28.928,29.308,27.878,28.548,849022,0
MAXR.US,D,20201016,000000,28.898,30.276,28.868,29.328,759796,0
MAXR.US,D,20201019,000000,29.848,32.395,29.478,31.066,1750327,0
MAXR.US,D,20201020,000000,31.465,31.945,30.607,30.637,979184,0
MAXR.US,D,20201021,000000,30.826,30.944,28.828,29.498,1146036,0
MAXR.US,D,20201022,000000,29.568,30.597,29.438,29.548,1023606,0
MAXR.US,D,20201023,000000,29.938,30.275,29.498,29.918,594813,0
MAXR.US,D,20201026,000000,29.288,29.688,27.549,28.068,1360810,0
MAXR.US,D,20201027,000000,28.108,28.138,26.98,26.99,793060,0
MAXR.US,D,20201028,000000,26.41,26.75,25.411,26.26,1072404,0
MAXR.US,D,20201029,000000,26.53,27.04,26.02,26.6,623751,0
MAXR.US,D,20201030,000000,26.37,26.63,25.291,25.751,999189,0
MAXR.US,D,20201102,000000,26.11,26.83,25.751,26.28,664977,0
MAXR.US,D,20201103,000000,26.87,27.709,26.648,27.459,745487,0
MAXR.US,D,20201104,000000,27.519,27.778,26.67,27.099,687731,0
MAXR.US,D,20201105,000000,27.579,28.548,27.579,28.548,849398,0
MAXR.US,D,20201106,000000,26.15,26.49,21.034,21.543,7054083,0
MAXR.US,D,20201109,000000,22.873,23.123,21.283,21.653,2807989,0
MAXR.US,D,20201110,000000,21.733,23.979,21.333,23.922,1936228,0
MAXR.US,D,20201111,000000,23.982,24.141,22.903,23.692,1572268,0
MAXR.US,D,20201112,000000,23.343,24.002,22.773,23.413,1917330,0
MAXR.US,D,20201113,000000,24.101,25.381,23.852,24.981,1675978,0
MAXR.US,D,20201116,000000,25.401,25.791,24.561,25.141,1036435,0
MAXR.US,D,20201117,000000,25.721,27.978,25.491,27.559,2186633,0
MAXR.US,D,20201118,000000,27.579,28.498,27.004,27.649,1252542,0
MAXR.US,D,20201119,000000,27.479,27.798,26.08,27.748,874210,0
MAXR.US,D,20201120,000000,27.619,28.298,26.72,26.73,1058397,0
MAXR.US,D,20201123,000000,27.369,27.487,26.55,27.239,922182,0
MAXR.US,D,20201124,000000,27.539,27.888,26.7,27.659,1039423,0
MAXR.US,D,20201125,000000,27.389,29.458,27.369,28.468,1662425,0
MAXR.US,D,20201127,000000,28.828,29.408,28.368,28.518,382496,0
MAXR.US,D,20201130,000000,28.688,28.938,27.189,27.788,833855,0
MAXR.US,D,20201201,000000,28.078,28.358,27,27.908,628956,0
MAXR.US,D,20201202,000000,27.419,27.988,26.27,27.778,699676,0
MAXR.US,D,20201203,000000,27.729,28.577,27.559,28.198,542611,0
MAXR.US,D,20201204,000000,28.208,30.826,28.208,30.577,1364655,0
MAXR.US,D,20201207,000000,30.776,32.615,30.528,31.156,1079048,0
MAXR.US,D,20201208,000000,31.226,32.365,31.206,32.335,784723,0
MAXR.US,D,20201209,000000,32.675,34.284,31.475,32.255,1461756,0
MAXR.US,D,20201210,000000,32.035,34.794,31.875,34.604,1267767,0
MAXR.US,D,20201211,000000,34.924,37.762,34.714,36.972,1888784,0
MAXR.US,D,20201214,000000,37.482,37.672,33.814,34.014,1637498,0
MAXR.US,D,20201215,000000,34.363,35.632,34.035,35.352,881051,0
MAXR.US,D,20201216,000000,35.352,35.672,34.663,35.133,992233,0
MAXR.US,D,20201217,000000,35.183,35.782,33.674,34.064,1277888,0
MAXR.US,D,20201218,000000,34.234,35.292,33.284,33.584,2199874,0
MAXR.US,D,20201221,000000,32.624,34.623,32.35,34.064,1019675,0
MAXR.US,D,20201222,000000,34.184,34.443,33.134,33.534,645377,0
MAXR.US,D,20201223,000000,33.824,35.662,33.024,35.282,919035,0
MAXR.US,D,20201224,000000,35.882,36.972,35.133,35.452,606784,0
MAXR.US,D,20201228,000000,35.982,36.582,34.314,34.893,774982,0
MAXR.US,D,20201229,000000,34.863,35.103,33.134,34.383,817951,0
MAXR.US,D,20201230,000000,34.333,35.542,34.269,35.083,388931,0
MAXR.US,D,20201231,000000,35.282,39.511,35.282,38.571,1802294,0
MAXR.US,D,20210104,000000,38.581,38.881,35.672,36.282,1404618,0
MAXR.US,D,20210105,000000,36.282,37.512,36.282,37.312,817636,0
MAXR.US,D,20210106,000000,37.652,41.11,37.652,38.831,1528490,0
MAXR.US,D,20210107,000000,39.121,41.15,39.041,40.39,1129355,0
MAXR.US,D,20210108,000000,40.33,40.42,38.381,38.901,867431,0
MAXR.US,D,20210111,000000,37.742,39.186,37.732,38.821,490388,0
MAXR.US,D,20210112,000000,38.981,39.511,38.061,39.441,575814,0
MAXR.US,D,20210113,000000,39.601,39.94,38.621,38.901,650237,0
MAXR.US,D,20210114,000000,44.179,51.229,43.289,46.537,7490410,0
MAXR.US,D,20210115,000000,46.627,49.915,45.897,48.627,2626468,0
MAXR.US,D,20210119,000000,49.975,55.973,49.475,54.683,3545407,0
MAXR.US,D,20210120,000000,55.273,58.722,53.569,54.793,2806877,0
MAXR.US,D,20210121,000000,51.555,53.494,49.216,51.055,2311893,0
MAXR.US,D,20210122,000000,50.585,50.945,48.124,50.195,1677589,0
MAXR.US,D,20210125,000000,54.243,54.263,49.176,50.125,1386050,0
MAXR.US,D,20210126,000000,50.475,50.705,48.122,48.547,2164911,0
MAXR.US,D,20210127,000000,46.817,47.377,43.469,43.479,3139578,0
MAXR.US,D,20210128,000000,44.549,45.697,43.429,44.159,1695774,0
MAXR.US,D,20210129,000000,44.079,44.339,41.34,41.849,1758348,0
MAXR.US,D,20210201,000000,43.219,44.479,41.879,43.639,1382589,0
MAXR.US,D,20210202,000000,46.177,46.524,43.707,44.069,1331104,0
MAXR.US,D,20210203,000000,44.169,45.667,43.659,45.647,982649,0
MAXR.US,D,20210204,000000,46.657,49.835,46.297,48.886,1544284,0
MAXR.US,D,20210205,000000,49.276,51.735,48.457,51.605,1319764,0
MAXR.US,D,20210208,000000,52.474,52.914,50.195,52.664,1289431,0
MAXR.US,D,20210209,000000,51.975,54.473,51.477,53.494,972590,0
MAXR.US,D,20210210,000000,53.804,54.723,50.625,51.205,1083852,0
MAXR.US,D,20210211,000000,51.485,51.775,48.986,50.115,939522,0
MAXR.US,D,20210212,000000,49.146,50.935,48.549,50.245,698306,0
MAXR.US,D,20210216,000000,50.975,51.515,48.227,49.326,806941,0
MAXR.US,D,20210217,000000,48.457,48.647,45.427,47.227,1313638,0
MAXR.US,D,20210218,000000,45.647,45.807,43.519,44.269,1640821,0
MAXR.US,D,20210219,000000,45.807,49.885,45.597,47.797,1378522,0
MAXR.US,D,20210222,000000,46.637,47.567,46.087,46.127,935636,0
MAXR.US,D,20210223,000000,43.209,46.117,41.14,45.467,1468747,0
MAXR.US,D,20210224,000000,45.227,47.827,44.718,45.577,1209740,0
MAXR.US,D,20210225,000000,47.537,51.245,44.229,44.728,2247825,0
MAXR.US,D,20210226,000000,44.978,48.757,44.049,47.827,1684191,0
MAXR.US,D,20210301,000000,49.975,52.414,48.229,52.095,1217489,0
MAXR.US,D,20210302,000000,51.485,51.745,50.125,50.315,745339,0
MAXR.US,D,20210303,000000,47.287,49.445,45.987,46.507,1262055,0
MAXR.US,D,20210304,000000,46.017,46.366,41.89,43.369,1461896,0
MAXR.US,D,20210305,000000,43.939,43.979,37.562,43.019,1834829,0
MAXR.US,D,20210308,000000,43.979,44.918,41.729,42.099,1010874,0
MAXR.US,D,20210309,000000,43.509,44.464,42.869,44.019,824605,0
MAXR.US,D,20210310,000000,44.519,47.127,44.469,44.758,835763,0
MAXR.US,D,20210311,000000,45.667,46.987,44.828,46.987,819418,0
MAXR.US,D,20210312,000000,46.467,47.727,46.002,46.577,696322,0
MAXR.US,D,20210315,000000,47.427,48.886,47.097,47.827,914696,0
MAXR.US,D,20210316,000000,45.827,47.117,43.503,43.968,1579293,0
MAXR.US,D,20210317,000000,44.398,44.838,42.368,42.778,2276762,0
MAXR.US,D,20210318,000000,40.129,41.039,38.239,38.249,7724197,0
MAXR.US,D,20210319,000000,38.579,38.589,37.06,37.37,3456623,0
MAXR.US,D,20210322,000000,37.949,39.989,37.949,38.909,4082181,0
MAXR.US,D,20210323,000000,38.989,39.039,36.49,36.66,2338334,0
MAXR.US,D,20210324,000000,37.68,37.69,33.551,33.631,2379063,0
MAXR.US,D,20210325,000000,33.531,36.33,32.981,35.88,3668577,0
MAXR.US,D,20210326,000000,36.75,38.559,36.74,37.63,2850549,0
MAXR.US,D,20210329,000000,37.88,39.709,35.78,35.8,1980390,0
MAXR.US,D,20210330,000000,36.05,36.64,35,36.6,1278835,0
MAXR.US,D,20210331,000000,37.06,38.559,36.892,37.81,1543476,0
MAXR.US,D,20210401,000000,38.559,38.839,37.042,38.099,1013501,0
MAXR.US,D,20210405,000000,39.539,40.489,38.149,39.139,1184312,0
MAXR.US,D,20210406,000000,39.039,39.869,37.78,37.91,1004107,0
MAXR.US,D,20210407,000000,37.76,38.539,37.54,37.82,719911,0
MAXR.US,D,20210408,000000,38.079,39.269,37,39.209,985187,0
MAXR.US,D,20210409,000000,38.729,39.569,38.109,38.509,726184,0
MAXR.US,D,20210412,000000,38.029,38.369,36.59,36.67,1270890,0
MAXR.US,D,20210413,000000,36.54,36.99,35.63,36.63,1033284,0
MAXR.US,D,20210414,000000,36.58,38.659,36.58,37.51,853635,0
MAXR.US,D,20210415,000000,38.029,38.289,36.36,37.1,936566,0
MAXR.US,D,20210416,000000,37.6,38.819,36.22,38.309,1293164,0
MAXR.US,D,20210419,000000,38.299,38.719,36.16,36.74,1205815,0
MAXR.US,D,20210420,000000,36.41,36.95,34.66,36.04,1087692,0
MAXR.US,D,20210421,000000,35.57,37.44,34.94,37.42,801359,0
MAXR.US,D,20210422,000000,37.83,39.569,37.53,38.269,1068645,0
MAXR.US,D,20210423,000000,38.439,39.599,38.049,39.359,1726975,0
MAXR.US,D,20210426,000000,39.369,40.619,39.009,40.299,1408598,0
MAXR.US,D,20210427,000000,40.419,41.109,39.789,40.809,873085,0
MAXR.US,D,20210428,000000,40.779,40.799,39.569,40.419,709535,0
MAXR.US,D,20210429,000000,40.489,40.854,39.129,39.339,970862,0
MAXR.US,D,20210430,000000,38.629,39.489,38.239,38.799,1002759,0
MAXR.US,D,20210503,000000,38.949,40.239,38.869,39.219,1400075,0
MAXR.US,D,20210504,000000,34.93,35.11,27.852,29.072,9790948,0
MAXR.US,D,20210505,000000,28.592,28.592,27.502,27.942,1414546,0
MAXR.US,D,20210506,000000,28.092,30.981,27.942,30.522,2681680,0
MAXR.US,D,20210507,000000,30.632,31.841,30.072,31.531,1643837,0
MAXR.US,D,20210510,000000,31.591,31.651,29.342,29.442,1198309,0
MAXR.US,D,20210511,000000,27.792,30.991,27.394,30.991,1272891,0
MAXR.US,D,20210512,000000,30.482,31.311,29.812,29.882,898144,0
MAXR.US,D,20210513,000000,30.022,30.851,28.992,30.112,887604,0
MAXR.US,D,20210514,000000,30.492,31.431,29.992,31.311,669439,0
MAXR.US,D,20210517,000000,30.981,31.261,29.342,30.082,925914,0
MAXR.US,D,20210518,000000,29.212,30.672,29.112,29.542,942046,0
MAXR.US,D,20210519,000000,28.892,29.342,27.822,29.272,1433477,0
MAXR.US,D,20210520,000000,29.562,29.722,28.572,29.592,861920,0
MAXR.US,D,20210521,000000,30.062,30.092,29.332,29.542,706370,0
MAXR.US,D,20210524,000000,30.042,30.182,29.472,29.952,592099,0
MAXR.US,D,20210525,000000,28.952,30.381,28.952,29.812,1148255,0
MAXR.US,D,20210526,000000,30.252,31.301,29.942,31.201,849506,0
MAXR.US,D,20210527,000000,31.491,32.161,30.951,31.981,882274,0
MAXR.US,D,20210528,000000,32.051,32.131,30.842,31.091,530161,0
MAXR.US,D,20210601,000000,31.401,33.141,31.151,32.861,869413,0
MAXR.US,D,20210602,000000,33.011,33.011,31.951,32.681,753686,0
MAXR.US,D,20210603,000000,32.411,33.951,32.191,33.641,913743,0
MAXR.US,D,20210604,000000,33.501,34.44,33.361,34.251,865557,0
MAXR.US,D,20210607,000000,34.43,35.27,34.101,35.13,973607,0
MAXR.US,D,20210608,000000,35.35,36.63,34.83,35.91,722941,0
MAXR.US,D,20210609,000000,36.15,37.1,35.06,35.46,1113198,0
MAXR.US,D,20210610,000000,35.85,36.07,34.52,35.81,1227362,0
MAXR.US,D,20210611,000000,35.99,36.49,35.42,36.13,1024432,0
MAXR.US,D,20210614,000000,36.06,36.75,35.63,36.43,1074606,0
MAXR.US,D,20210615,000000,36.66,36.8,35.77,35.97,756723,0
MAXR.US,D,20210616,000000,36.89,41.84,36.78,39.99,3351423,0
MAXR.US,D,20210617,000000,39.55,41.025,39.44,39.98,1305455,0
MAXR.US,D,20210618,000000,39.25,39.43,37.8101,38.89,2591676,0
MAXR.US,D,20210621,000000,39.14,39.73,37.81,39.45,798769,0
MAXR.US,D,20210622,000000,39.06,39.65,38.81,39.34,683422,0
MAXR.US,D,20210623,000000,39.5,40.88,38.73,40.45,907224,0
MAXR.US,D,20210624,000000,40.94,42.03,40.45,41.15,774119,0
MAXR.US,D,20210625,000000,41.5,42.59,41.2,41.21,1552615,0
MAXR.US,D,20210628,000000,41.15,41.94,40.05,41.29,861386,0
MAXR.US,D,20210629,000000,41.35,42,40.05,40.06,1033323,0
MAXR.US,D,20210630,000000,39.78,40.31,39.38,39.92,804412,0
MAXR.US,D,20210701,000000,40.15,40.75,39.66,40.74,438336,0
MAXR.US,D,20210702,000000,41.05,41.07,39.84,40.01,505794,0
MAXR.US,D,20210706,000000,39.84,39.84,37.71,38.58,929935,0
MAXR.US,D,20210707,000000,38.34,38.72,36.25,37.01,1108694,0
MAXR.US,D,20210708,000000,36,36.58,34.96,35.7,1143392,0
MAXR.US,D,20210709,000000,36.14,36.38,35.4501,35.67,896840,0
MAXR.US,D,20210712,000000,35.96,35.96,34.06,35.21,1404797,0
MAXR.US,D,20210713,000000,34.9,35.74,34.5,35.55,811255,0
MAXR.US,D,20210714,000000,35.99,35.99,33.9,34.07,826253,0
MAXR.US,D,20210715,000000,33.71,34.0816,32.54,33.12,1317195,0
MAXR.US,D,20210716,000000,35.13,36.38,33.55,33.76,2063675,0
MAXR.US,D,20210719,000000,32.3,32.45,28.885,30.78,3066827,0
MAXR.US,D,20210720,000000,31,32.29,29.711,31.94,1740570,0
MAXR.US,D,20210721,000000,32.26,34.325,32.22,34.2,1139730,0
MAXR.US,D,20210722,000000,34.01,34.955,33.5,34.76,947998,0
MAXR.US,D,20210723,000000,35.32,35.32,33.74,34.16,536223,0
MAXR.US,D,20210726,000000,34.19,35.49,34.08,34.92,538662,0
MAXR.US,D,20210727,000000,34.7,34.95,32.82,33.93,687740,0
MAXR.US,D,20210728,000000,34.29,35.45,33.915,34.74,690734,0
MAXR.US,D,20210729,000000,35.5,36.01,34.93,35.03,592540,0
MAXR.US,D,20210730,000000,35.91,37.98,35.58,36.27,1446623,0
MAXR.US,D,20210802,000000,35.5,37.2,35.255,35.64,920613,0
MAXR.US,D,20210803,000000,35.6,35.83,33.88,35.38,813745,0
MAXR.US,D,20210804,000000,34.45,35.43,33.82,34,797721,0
MAXR.US,D,20210805,000000,28.98,31.6,26.98,29.21,5858094,0
MAXR.US,D,20210806,000000,30.1,31.99,29.17,31.57,1876346,0
MAXR.US,D,20210809,000000,31.61,33.035,30.54,32.26,1347885,0
MAXR.US,D,20210810,000000,32.43,32.66,31.01,32.35,786770,0
MAXR.US,D,20210811,000000,32.16,32.42,31.43,32.21,853140,0
MAXR.US,D,20210812,000000,32.29,32.83,31.56,32.17,523890,0
MAXR.US,D,20210813,000000,32.01,32.11,30.251,30.31,878573,0
MAXR.US,D,20210816,000000,30.05,30.34,29.372,29.45,606116,0
MAXR.US,D,20210817,000000,29.01,29.3299,28.32,28.95,723578,0
MAXR.US,D,20210818,000000,28.8,29.54,28.39,28.81,545254,0
MAXR.US,D,20210819,000000,28.22,28.69,27.23,27.34,1197981,0
MAXR.US,D,20210820,000000,27.51,28.03,27.04,27.68,1093868,0
MAXR.US,D,20210823,000000,28.1,29.24,28.1,29.14,715453,0
MAXR.US,D,20210824,000000,29.7,30.78,29.525,30.25,844589,0
MAXR.US,D,20210825,000000,30.04,30.81,29.65,30.42,727207,0
