<TICKER>,<PER>,<DATE>,<TIME>,<OPEN>,<HIGH>,<LOW>,<CLOSE>,<VOL>,<OPENINT>
XFLT.US,D,20170928,000000,7.0406,7.2153,6.9042,7.0076,368103,0
XFLT.US,D,20170929,000000,7.0193,7.02,6.9862,6.9862,30694,0
XFLT.US,D,20171002,000000,6.9931,7.0076,6.9923,7.0076,42998,0
XFLT.US,D,20171003,000000,7.0076,8.6296,7.0076,7.939,138461,0
XFLT.US,D,20171004,000000,7.5931,7.5931,7.3873,7.3873,19861,0
XFLT.US,D,20171005,000000,7.3873,7.9049,7.3873,7.559,32786,0
XFLT.US,D,20171006,000000,7.8009,7.8009,7.559,7.559,37168,0
XFLT.US,D,20171009,000000,7.6352,7.6352,7.4546,7.4546,6059,0
XFLT.US,D,20171010,000000,7.4915,7.698,7.4206,7.5445,54674,0
XFLT.US,D,20171011,000000,7.5658,7.698,7.4206,7.4405,50641,0
XFLT.US,D,20171012,000000,7.5239,7.6279,7.4546,7.6279,4795,0
XFLT.US,D,20171013,000000,7.5869,7.6896,7.5658,7.5931,27649,0
XFLT.US,D,20171016,000000,7.559,7.559,7.4915,7.5086,12313,0
XFLT.US,D,20171017,000000,7.5931,7.6279,7.558,7.6279,40879,0
XFLT.US,D,20171018,000000,7.6627,7.698,7.559,7.559,14457,0
XFLT.US,D,20171019,000000,7.5931,7.5931,7.5239,7.5239,5119,0
XFLT.US,D,20171020,000000,7.5869,7.6627,7.5239,7.5931,18703,0
XFLT.US,D,20171023,000000,7.6352,7.6469,7.5445,7.5445,12760,0
XFLT.US,D,20171024,000000,7.5869,7.6627,7.5508,7.5925,17691,0
XFLT.US,D,20171025,000000,7.5931,7.5931,7.4198,7.4915,18904,0
XFLT.US,D,20171026,000000,7.4798,7.4798,7.4798,7.4798,580,0
XFLT.US,D,20171027,000000,7.464,7.464,7.464,7.464,1542,0
XFLT.US,D,20171030,000000,7.5229,7.5229,7.4363,7.4906,11372,0
XFLT.US,D,20171031,000000,7.4915,7.4915,7.4405,7.4773,26024,0
XFLT.US,D,20171101,000000,7.5931,7.5931,7.3873,7.4845,15371,0
XFLT.US,D,20171102,000000,7.4206,7.559,7.4198,7.4546,3768,0
XFLT.US,D,20171103,000000,7.3873,7.3873,6.9099,6.9931,159070,0
XFLT.US,D,20171106,000000,6.972,7.2478,6.9372,7.1442,89094,0
XFLT.US,D,20171107,000000,7.0406,7.2478,6.9792,7.0076,56429,0
XFLT.US,D,20171108,000000,7.0406,7.1442,7.0136,7.0406,38788,0
XFLT.US,D,20171109,000000,7.1106,7.1106,7.0477,7.11,14487,0
XFLT.US,D,20171110,000000,7.0951,7.1038,7.0768,7.0972,21208,0
XFLT.US,D,20171113,000000,7.0759,7.0821,7.0477,7.062,12648,0
XFLT.US,D,20171114,000000,7.0193,7.0193,6.9667,6.9838,51737,0
XFLT.US,D,20171115,000000,7.0193,7.0547,6.95,6.95,37425,0
XFLT.US,D,20171116,000000,6.95,7.006,6.9363,6.9986,27262,0
XFLT.US,D,20171117,000000,6.985,6.9931,6.985,6.9931,9646,0
XFLT.US,D,20171120,000000,6.9923,7.006,6.95,6.95,23986,0
XFLT.US,D,20171121,000000,6.95,6.9831,6.9428,6.9831,53092,0
XFLT.US,D,20171122,000000,6.9776,6.9776,6.9428,6.9428,23217,0
XFLT.US,D,20171124,000000,6.9735,6.9735,6.9735,6.9735,432,0
XFLT.US,D,20171127,000000,6.9572,6.9572,6.9159,6.9159,11228,0
XFLT.US,D,20171128,000000,6.9287,6.985,6.9287,6.9673,60717,0
XFLT.US,D,20171129,000000,6.9776,6.9776,6.9428,6.9428,40380,0
XFLT.US,D,20171130,000000,6.8805,6.9707,6.873,6.9647,48008,0
XFLT.US,D,20171201,000000,6.9572,6.9698,6.95,6.9508,17412,0
XFLT.US,D,20171204,000000,6.9776,6.9776,6.9287,6.95,18875,0
XFLT.US,D,20171205,000000,6.9363,6.9363,6.5678,6.8458,55102,0
XFLT.US,D,20171206,000000,6.9287,7.0193,6.8862,6.95,46851,0
XFLT.US,D,20171207,000000,6.9428,7.0547,6.8458,6.9159,31994,0
XFLT.US,D,20171208,000000,6.9226,6.9428,6.8948,6.8948,20296,0
XFLT.US,D,20171211,000000,6.9428,6.95,6.8805,6.9093,24144,0
XFLT.US,D,20171212,000000,6.9226,6.9226,6.7715,6.8805,34061,0
XFLT.US,D,20171213,000000,6.8805,6.9064,6.8458,6.8595,10245,0
XFLT.US,D,20171214,000000,6.8595,6.876,6.8168,6.8458,21427,0
XFLT.US,D,20171215,000000,6.8797,6.9363,6.8696,6.9363,10173,0
XFLT.US,D,20171218,000000,6.8948,6.9269,6.8938,6.9226,8976,0
XFLT.US,D,20171219,000000,6.9428,6.964,6.9287,6.9287,5143,0
XFLT.US,D,20171220,000000,6.9776,6.985,6.7817,6.8242,7744,0
XFLT.US,D,20171221,000000,6.8938,6.9085,6.6847,6.6912,44331,0
XFLT.US,D,20171222,000000,6.7145,6.7145,6.6209,6.6418,38505,0
XFLT.US,D,20171226,000000,6.6352,6.6698,6.5859,6.5928,64505,0
XFLT.US,D,20171227,000000,6.6138,6.6138,6.5231,6.5508,117109,0
XFLT.US,D,20171228,000000,6.5508,6.5721,6.4881,6.5721,131941,0
XFLT.US,D,20171229,000000,6.5649,6.6138,6.5439,6.5791,62211,0
XFLT.US,D,20180102,000000,6.5582,6.6138,6.5302,6.6138,34709,0
XFLT.US,D,20180103,000000,6.6352,6.7256,6.6352,6.6912,29514,0
XFLT.US,D,20180104,000000,6.7624,6.789,6.6488,6.7675,27781,0
XFLT.US,D,20180105,000000,6.7739,6.8242,6.7675,6.8168,14446,0
XFLT.US,D,20180108,000000,6.8374,6.9081,6.8031,6.8658,91170,0
XFLT.US,D,20180109,000000,6.8587,6.9085,6.7601,6.8721,187265,0
XFLT.US,D,20180110,000000,6.8658,6.8797,6.8658,6.8658,27382,0
XFLT.US,D,20180111,000000,6.8587,6.8658,6.8105,6.8658,10054,0
XFLT.US,D,20180112,000000,6.893,6.9226,6.8651,6.9153,13955,0
XFLT.US,D,20180116,000000,6.9005,7.0485,6.893,6.9428,39045,0
XFLT.US,D,20180117,000000,6.9287,6.9287,6.7946,6.8234,20689,0
XFLT.US,D,20180118,000000,6.8443,6.902,6.7946,6.8368,8955,0
XFLT.US,D,20180119,000000,6.8368,6.8651,6.7946,6.8234,10162,0
XFLT.US,D,20180122,000000,6.8368,6.8368,6.8089,6.8305,1468,0
XFLT.US,D,20180123,000000,6.8368,7.0348,6.8368,7.006,66995,0
XFLT.US,D,20180124,000000,6.9923,7.1471,6.9428,7.0832,37122,0
XFLT.US,D,20180125,000000,7.0485,7.0754,7.0348,7.062,10258,0
XFLT.US,D,20180126,000000,7.0136,7.0136,6.9287,6.985,36749,0
XFLT.US,D,20180129,000000,6.9923,7.0136,6.9153,6.9226,26670,0
XFLT.US,D,20180130,000000,6.9081,6.9776,6.8161,6.8587,24575,0
XFLT.US,D,20180131,000000,6.8587,6.8587,6.8161,6.8368,10074,0
XFLT.US,D,20180201,000000,6.8234,6.8368,6.8234,6.832,17136,0
XFLT.US,D,20180202,000000,6.8587,6.8587,6.8305,6.8305,9031,0
XFLT.US,D,20180205,000000,6.8714,6.8714,6.6609,6.6959,19139,0
XFLT.US,D,20180206,000000,6.7246,6.8368,6.7152,6.8368,10051,0
XFLT.US,D,20180207,000000,6.8587,6.9287,6.8368,6.8466,24979,0
XFLT.US,D,20180208,000000,6.8443,6.8862,6.8161,6.8362,26116,0
XFLT.US,D,20180209,000000,6.8234,6.8234,6.7946,6.7946,17989,0
XFLT.US,D,20180212,000000,6.8234,6.8466,6.8234,6.8281,26823,0
XFLT.US,D,20180213,000000,6.8234,6.8305,6.7733,6.8089,21759,0
XFLT.US,D,20180214,000000,6.8197,6.879,6.8197,6.879,22235,0
XFLT.US,D,20180215,000000,6.8797,6.8917,6.8651,6.8651,8113,0
XFLT.US,D,20180216,000000,6.893,6.893,6.8581,6.8581,2583,0
XFLT.US,D,20180220,000000,6.8644,6.8651,6.8581,6.8581,5986,0
XFLT.US,D,20180221,000000,6.879,6.879,6.8581,6.8581,9494,0
XFLT.US,D,20180222,000000,6.8507,6.8507,6.8226,6.8257,15984,0
XFLT.US,D,20180223,000000,6.8862,7.0214,6.8751,7.0068,72749,0
XFLT.US,D,20180226,000000,6.9931,6.9931,6.9226,6.9363,12663,0
XFLT.US,D,20180227,000000,6.9572,6.9572,6.9042,6.9153,35460,0
XFLT.US,D,20180228,000000,6.9372,6.9647,6.9081,6.9081,16282,0
XFLT.US,D,20180301,000000,6.9226,6.9226,6.9167,6.9226,11830,0
XFLT.US,D,20180302,000000,6.9081,6.9081,6.8651,6.8714,12047,0
XFLT.US,D,20180305,000000,6.8714,6.95,6.8714,6.95,6848,0
XFLT.US,D,20180306,000000,6.9572,6.9785,6.8862,6.8862,40017,0
XFLT.US,D,20180307,000000,6.9064,6.9081,6.8651,6.8651,27131,0
XFLT.US,D,20180308,000000,6.8714,6.9647,6.8683,6.9085,25586,0
XFLT.US,D,20180309,000000,7.0849,7.0849,6.9081,6.9081,10213,0
XFLT.US,D,20180312,000000,6.9144,6.9363,6.893,6.893,21320,0
XFLT.US,D,20180313,000000,6.9106,6.9363,6.8862,6.8862,15353,0
XFLT.US,D,20180314,000000,6.8998,6.9217,6.8998,6.9217,13652,0
XFLT.US,D,20180315,000000,6.9167,6.9167,6.8426,6.8426,15524,0
XFLT.US,D,20180316,000000,6.8784,6.9034,6.8502,6.8998,23396,0
XFLT.US,D,20180319,000000,6.8852,6.8998,6.8852,6.8971,1330,0
XFLT.US,D,20180320,000000,6.9144,6.9144,6.7924,6.8141,35644,0
XFLT.US,D,20180321,000000,6.8355,6.8364,6.7924,6.7924,39092,0
XFLT.US,D,20180322,000000,6.7354,6.7641,6.7354,6.7617,3787,0
XFLT.US,D,20180323,000000,6.7354,6.7535,6.7354,6.7535,16737,0
XFLT.US,D,20180326,000000,6.764,6.7955,6.7632,6.764,28068,0
XFLT.US,D,20180327,000000,6.764,6.7658,6.7565,6.7565,2658,0
XFLT.US,D,20180328,000000,6.7714,6.7918,6.728,6.7354,45688,0
XFLT.US,D,20180329,000000,6.7428,6.7565,6.7354,6.7564,30143,0
XFLT.US,D,20180402,000000,6.7428,6.7429,6.6566,6.664,105338,0
XFLT.US,D,20180403,000000,6.6495,6.6996,6.6282,6.671,74223,0
XFLT.US,D,20180404,000000,6.714,6.714,6.6137,6.6566,98640,0
XFLT.US,D,20180405,000000,6.728,6.728,6.6851,6.6851,66265,0
XFLT.US,D,20180406,000000,6.7067,6.7107,6.6495,6.6782,44992,0
XFLT.US,D,20180409,000000,6.6851,6.6926,6.664,6.671,64153,0
XFLT.US,D,20180410,000000,6.664,6.6851,6.6425,6.671,42636,0
XFLT.US,D,20180411,000000,6.6851,6.6851,6.6354,6.664,67837,0
XFLT.US,D,20180412,000000,6.671,6.7212,6.671,6.7212,57204,0
XFLT.US,D,20180413,000000,6.7491,6.7491,6.6989,6.6989,40916,0
XFLT.US,D,20180416,000000,6.6628,6.6948,6.6628,6.677,53411,0
XFLT.US,D,20180417,000000,6.677,6.7202,6.6698,6.6698,37832,0
XFLT.US,D,20180418,000000,6.6753,6.6917,6.634,6.6481,84010,0
XFLT.US,D,20180419,000000,6.641,6.6481,6.5907,6.6231,55744,0
XFLT.US,D,20180420,000000,6.6122,6.6481,6.5547,6.6051,54122,0
XFLT.US,D,20180423,000000,6.6196,6.6268,6.5406,6.5979,107316,0
XFLT.US,D,20180424,000000,6.5691,6.6268,6.5547,6.5691,75525,0
XFLT.US,D,20180425,000000,6.5619,6.5691,6.5116,6.5332,94158,0
XFLT.US,D,20180426,000000,6.5619,6.5907,6.5477,6.5477,59583,0
XFLT.US,D,20180427,000000,6.5547,6.579,6.5043,6.5406,127798,0
XFLT.US,D,20180430,000000,6.5477,6.5835,6.5406,6.5406,68252,0
XFLT.US,D,20180501,000000,6.541,6.5685,6.5332,6.5477,17889,0
XFLT.US,D,20180502,000000,6.5691,6.5835,6.5477,6.5739,15296,0
XFLT.US,D,20180503,000000,6.5761,6.677,6.5619,6.6707,80845,0
XFLT.US,D,20180504,000000,6.7348,6.7348,6.6629,6.6698,20210,0
XFLT.US,D,20180507,000000,6.6989,6.6989,6.6621,6.677,13903,0
XFLT.US,D,20180508,000000,6.677,6.6917,6.677,6.6837,19957,0
XFLT.US,D,20180509,000000,6.6917,6.6917,6.6778,6.685,3919,0
XFLT.US,D,20180510,000000,6.6797,6.9153,6.6797,6.7202,97688,0
XFLT.US,D,20180511,000000,6.7133,6.7133,6.6816,6.6843,30205,0
XFLT.US,D,20180514,000000,6.7055,6.7127,6.6761,6.6938,32838,0
XFLT.US,D,20180515,000000,6.7055,6.7192,6.673,6.6982,21060,0
XFLT.US,D,20180516,000000,6.6981,6.6981,6.6787,6.6837,19944,0
XFLT.US,D,20180517,000000,6.7055,6.7055,6.6837,6.6911,7095,0
XFLT.US,D,20180518,000000,6.7055,6.7197,6.6837,6.6982,36486,0
XFLT.US,D,20180521,000000,6.7197,6.7419,6.6911,6.7055,24029,0
XFLT.US,D,20180522,000000,6.7007,6.7197,6.6918,6.7127,19224,0
XFLT.US,D,20180523,000000,6.7197,6.7197,6.7055,6.7163,11025,0
XFLT.US,D,20180524,000000,6.7122,6.7335,6.7055,6.7335,11529,0
XFLT.US,D,20180525,000000,6.7419,6.7489,6.7011,6.727,18879,0
XFLT.US,D,20180529,000000,6.727,6.7344,6.7088,6.7127,14317,0
XFLT.US,D,20180530,000000,6.7197,6.7558,6.7197,6.7344,32637,0
XFLT.US,D,20180531,000000,6.7344,6.7709,6.7088,6.7088,22903,0
XFLT.US,D,20180601,000000,6.7127,6.7197,6.6982,6.6982,31649,0
XFLT.US,D,20180604,000000,6.7127,6.7344,6.6837,6.6837,43277,0
XFLT.US,D,20180605,000000,6.6911,6.7055,6.6838,6.7055,15777,0
XFLT.US,D,20180606,000000,6.6911,6.7127,6.6911,6.7127,25605,0
XFLT.US,D,20180607,000000,6.6911,6.7489,6.6911,6.7489,12024,0
XFLT.US,D,20180608,000000,6.6982,6.742,6.6982,6.7344,33887,0
XFLT.US,D,20180611,000000,6.7636,6.778,6.6982,6.778,25183,0
XFLT.US,D,20180612,000000,6.7636,6.7636,6.7503,6.7558,25751,0
XFLT.US,D,20180613,000000,6.7419,6.7551,6.7385,6.7489,12796,0
XFLT.US,D,20180614,000000,6.7553,6.763,6.7228,6.7228,21892,0
XFLT.US,D,20180615,000000,6.7263,6.7263,6.7119,6.7119,4512,0
XFLT.US,D,20180618,000000,6.6898,6.697,6.6825,6.6898,20368,0
XFLT.US,D,20180619,000000,6.6898,6.7043,6.6716,6.6898,15771,0
XFLT.US,D,20180620,000000,6.697,6.697,6.6532,6.6532,12241,0
XFLT.US,D,20180621,000000,6.675,6.6825,6.675,6.6825,4645,0
XFLT.US,D,20180622,000000,6.6677,6.6898,6.6676,6.675,26126,0
XFLT.US,D,20180625,000000,6.675,6.6824,6.6677,6.6817,13678,0
XFLT.US,D,20180626,000000,6.6677,6.675,6.6677,6.675,11899,0
XFLT.US,D,20180627,000000,6.675,6.6825,6.6677,6.675,12449,0
XFLT.US,D,20180628,000000,6.6677,6.6898,6.6655,6.6655,12560,0
XFLT.US,D,20180629,000000,6.675,6.6825,6.6698,6.6804,9882,0
XFLT.US,D,20180702,000000,6.6734,6.6935,6.6734,6.6825,11711,0
XFLT.US,D,20180703,000000,6.6604,6.6927,6.6604,6.6825,11693,0
XFLT.US,D,20180705,000000,6.675,6.7119,6.675,6.697,12793,0
XFLT.US,D,20180706,000000,6.7119,6.7481,6.697,6.741,166301,0
XFLT.US,D,20180709,000000,6.7847,6.844,6.763,6.7993,487376,0
XFLT.US,D,20180710,000000,6.8068,6.8944,6.8068,6.8723,221038,0
XFLT.US,D,20180711,000000,6.8723,7.8765,6.8581,7.0919,142270,0
XFLT.US,D,20180712,000000,7.0406,7.0532,6.9379,6.9603,114012,0
XFLT.US,D,20180713,000000,6.9823,6.9897,6.925,6.9823,72704,0
XFLT.US,D,20180716,000000,6.953,6.9896,6.953,6.953,76928,0
XFLT.US,D,20180717,000000,7.0334,7.0334,6.9673,7.0112,139621,0
XFLT.US,D,20180718,000000,7.0919,7.0919,6.9455,7.0041,112647,0
XFLT.US,D,20180719,000000,7.0112,7.0477,6.9455,7.0112,81048,0
XFLT.US,D,20180720,000000,6.9896,7.0334,6.9896,7.0186,35107,0
XFLT.US,D,20180723,000000,7.0193,7.0406,6.9896,7.0112,54266,0
XFLT.US,D,20180724,000000,7.0186,7.0919,6.9747,7.0627,57856,0
XFLT.US,D,20180725,000000,7.0627,7.084,7.0465,7.0775,11815,0
XFLT.US,D,20180726,000000,7.0554,7.2011,7.0554,7.1804,47759,0
XFLT.US,D,20180727,000000,7.1503,7.2752,7.1503,7.2598,39583,0
XFLT.US,D,20180730,000000,7.2752,7.5073,7.2233,7.4875,67021,0
XFLT.US,D,20180731,000000,7.4875,7.4949,7.3028,7.3627,128570,0
XFLT.US,D,20180801,000000,7.347,7.3749,7.3111,7.3179,38573,0
XFLT.US,D,20180802,000000,7.2972,7.347,7.2972,7.3179,42444,0
XFLT.US,D,20180803,000000,7.3111,7.3111,7.2521,7.2752,33172,0
XFLT.US,D,20180806,000000,7.4206,7.4206,7.2443,7.3255,31568,0
XFLT.US,D,20180807,000000,7.3249,7.866,7.3111,7.3179,57026,0
XFLT.US,D,20180808,000000,7.3185,7.3185,7.2972,7.2972,44883,0
XFLT.US,D,20180809,000000,7.3851,7.3851,7.2752,7.3179,68076,0
XFLT.US,D,20180810,000000,7.3094,7.3851,7.3094,7.3851,31759,0
XFLT.US,D,20180813,000000,7.3851,7.3851,7.3324,7.345,44701,0
XFLT.US,D,20180814,000000,7.3627,7.3851,7.285,7.3111,30019,0
XFLT.US,D,20180815,000000,7.3255,7.3995,7.3255,7.3526,14443,0
XFLT.US,D,20180816,000000,7.3634,7.3772,7.3324,7.3324,19689,0
XFLT.US,D,20180817,000000,7.347,7.347,7.3255,7.3425,25452,0
XFLT.US,D,20180820,000000,7.3627,7.3741,7.347,7.3627,11058,0
XFLT.US,D,20180821,000000,7.3627,7.3851,7.3179,7.3627,33876,0
XFLT.US,D,20180822,000000,7.428,7.428,7.3772,7.3772,16591,0
XFLT.US,D,20180823,000000,7.3697,7.3977,7.3627,7.3851,37321,0
XFLT.US,D,20180824,000000,7.3324,7.3851,7.3324,7.3851,11388,0
XFLT.US,D,20180827,000000,7.4212,7.4212,7.3627,7.3705,16886,0
XFLT.US,D,20180828,000000,7.3043,7.347,7.3043,7.3111,25766,0
XFLT.US,D,20180829,000000,7.2591,7.3772,7.2591,7.3705,21983,0
XFLT.US,D,20180830,000000,7.3705,7.4212,7.3255,7.3394,77134,0
XFLT.US,D,20180831,000000,7.2898,7.3627,7.2898,7.3394,33304,0
XFLT.US,D,20180904,000000,7.2743,7.3255,7.2669,7.2669,37988,0
XFLT.US,D,20180905,000000,7.2591,7.2889,7.2591,7.2669,7804,0
XFLT.US,D,20180906,000000,7.2669,7.3043,7.2591,7.2743,19503,0
XFLT.US,D,20180907,000000,7.2591,7.2743,7.2436,7.2436,7301,0
XFLT.US,D,20180910,000000,7.2436,7.2898,7.2436,7.2898,9511,0
XFLT.US,D,20180911,000000,7.2515,7.3111,7.2515,7.2972,15148,0
XFLT.US,D,20180912,000000,7.2436,7.2819,7.2159,7.2819,18245,0
XFLT.US,D,20180913,000000,7.2515,7.3255,7.2436,7.2819,54128,0
XFLT.US,D,20180914,000000,7.3401,7.3401,7.3043,7.3043,20801,0
XFLT.US,D,20180917,000000,7.2743,7.3179,7.2743,7.3135,8640,0
XFLT.US,D,20180918,000000,7.2898,7.3043,7.2889,7.3043,9199,0
XFLT.US,D,20180919,000000,7.2898,7.3111,7.2363,7.2436,14587,0
XFLT.US,D,20180920,000000,7.2515,7.2811,7.2293,7.2293,23632,0
XFLT.US,D,20180921,000000,7.2153,7.2898,7.2153,7.243,10029,0
XFLT.US,D,20180924,000000,7.2436,7.2718,7.2436,7.2598,2478,0
XFLT.US,D,20180925,000000,7.2682,7.2819,7.2628,7.2819,11897,0
XFLT.US,D,20180926,000000,7.2669,7.2743,7.2515,7.2515,27793,0
XFLT.US,D,20180927,000000,7.2819,7.2819,7.2293,7.2363,22142,0
XFLT.US,D,20180928,000000,7.2363,7.2743,7.2363,7.2669,1529,0
XFLT.US,D,20181001,000000,7.2669,7.3043,7.2628,7.2898,23021,0
XFLT.US,D,20181002,000000,7.2743,7.3035,7.2669,7.2898,22414,0
XFLT.US,D,20181003,000000,7.2743,7.4138,7.2743,7.3049,87254,0
XFLT.US,D,20181004,000000,7.2898,7.3324,7.2293,7.2293,14487,0
XFLT.US,D,20181005,000000,7.2669,7.3185,7.2167,7.2286,12071,0
XFLT.US,D,20181008,000000,7.2669,7.2669,7.1929,7.1996,25499,0
XFLT.US,D,20181009,000000,7.2153,7.2153,7.1781,7.1781,20772,0
XFLT.US,D,20181010,000000,7.2153,7.4138,7.2071,7.2293,57898,0
XFLT.US,D,20181011,000000,7.3255,7.3255,7.0888,7.1479,41013,0
XFLT.US,D,20181012,000000,7.1409,7.2233,7.1409,7.2233,11320,0
XFLT.US,D,20181015,000000,7.2233,7.2371,7.2159,7.2159,27432,0
XFLT.US,D,20181016,000000,7.2233,7.2371,7.1781,7.1781,21971,0
XFLT.US,D,20181017,000000,7.2293,7.2293,7.1628,7.1781,10842,0
XFLT.US,D,20181018,000000,7.1704,7.1929,7.1552,7.1739,6651,0
XFLT.US,D,20181019,000000,7.1781,7.2003,7.1559,7.1559,5554,0
XFLT.US,D,20181022,000000,7.1704,7.1965,7.1704,7.1763,11863,0
XFLT.US,D,20181023,000000,7.1704,7.1718,7.0955,7.0955,21447,0
XFLT.US,D,20181024,000000,7.1182,7.1255,7.0955,7.1255,9850,0
XFLT.US,D,20181025,000000,7.1029,7.1029,6.9839,6.9915,62788,0
XFLT.US,D,20181026,000000,6.9963,6.9963,6.8265,6.8715,58931,0
XFLT.US,D,20181029,000000,6.881,6.8907,6.8268,6.8568,36666,0
XFLT.US,D,20181030,000000,6.8568,6.8661,6.737,6.7744,28101,0
XFLT.US,D,20181031,000000,6.8042,6.8794,6.7971,6.8417,41736,0
XFLT.US,D,20181101,000000,6.8568,6.8679,6.7971,6.8344,21103,0
XFLT.US,D,20181102,000000,6.7971,6.8794,6.7971,6.8794,33420,0
XFLT.US,D,20181105,000000,6.8922,6.9082,6.8922,6.894,7834,0
XFLT.US,D,20181106,000000,6.909,6.9537,6.8979,6.909,13928,0
XFLT.US,D,20181107,000000,6.9434,6.9434,6.8568,6.8568,25760,0
XFLT.US,D,20181108,000000,6.8344,6.8344,6.8268,6.8327,50019,0
XFLT.US,D,20181109,000000,6.8344,6.8344,6.812,6.8193,12711,0
XFLT.US,D,20181112,000000,6.8193,6.8193,6.8043,6.812,17160,0
XFLT.US,D,20181113,000000,6.8077,6.8083,6.7971,6.7971,45990,0
XFLT.US,D,20181114,000000,6.8195,6.8572,6.7816,6.7971,26420,0
XFLT.US,D,20181115,000000,6.7971,6.8166,6.7066,6.7066,17303,0
XFLT.US,D,20181116,000000,6.7594,6.7667,6.6992,6.7594,18606,0
XFLT.US,D,20181119,000000,6.7896,6.7896,6.7579,6.7579,8793,0
XFLT.US,D,20181120,000000,6.7816,6.7971,6.6691,6.6992,47274,0
XFLT.US,D,20181121,000000,6.6992,6.7366,6.4431,6.5936,98420,0
XFLT.US,D,20181123,000000,6.6312,6.6312,6.5974,6.5974,6141,0
XFLT.US,D,20181126,000000,6.5861,6.6917,6.5486,6.5486,101345,0
XFLT.US,D,20181127,000000,6.5032,6.6089,6.5032,6.5258,49028,0
XFLT.US,D,20181128,000000,6.5112,6.5357,6.3755,6.3755,51398,0
XFLT.US,D,20181129,000000,6.4057,6.4695,6.3981,6.4658,27114,0
XFLT.US,D,20181130,000000,6.4584,6.4799,6.2927,6.3453,73519,0
XFLT.US,D,20181203,000000,6.3531,6.406,6.3531,6.3829,16494,0
XFLT.US,D,20181204,000000,6.3677,6.3981,6.3453,6.3903,64703,0
XFLT.US,D,20181206,000000,6.383,6.383,6.3303,6.3677,49686,0
XFLT.US,D,20181207,000000,6.3303,6.4806,6.285,6.4658,69463,0
XFLT.US,D,20181210,000000,6.4129,6.4565,6.3903,6.3958,34217,0
XFLT.US,D,20181211,000000,6.3981,6.413,6.3379,6.338,31716,0
XFLT.US,D,20181212,000000,6.3903,6.3903,6.3453,6.3493,29848,0
XFLT.US,D,20181213,000000,6.346,6.3604,6.285,6.3604,38810,0
XFLT.US,D,20181214,000000,6.4062,6.4134,6.2692,6.2692,59284,0
XFLT.US,D,20181217,000000,6.3301,6.3377,6.2086,6.2236,71189,0
XFLT.US,D,20181218,000000,6.186,6.2236,6.186,6.2086,49900,0
XFLT.US,D,20181219,000000,6.239,6.2616,6.1631,6.2009,51423,0
XFLT.US,D,20181220,000000,6.1706,6.2169,5.9656,6.072,67742,0
XFLT.US,D,20181221,000000,6.072,6.0917,5.5484,5.5484,94991,0
XFLT.US,D,20181224,000000,5.419,5.5401,5.2829,5.4041,41491,0
XFLT.US,D,20181226,000000,5.4269,5.593,5.3966,5.5409,117630,0
XFLT.US,D,20181227,000000,5.5559,5.5635,5.3357,5.5257,282646,0
XFLT.US,D,20181228,000000,5.5409,5.6951,5.518,5.5784,187033,0
XFLT.US,D,20181231,000000,5.662,5.6859,5.5257,5.5484,97214,0
XFLT.US,D,20190102,000000,5.5786,5.753,5.5786,5.7457,39174,0
XFLT.US,D,20190103,000000,5.7457,5.8521,5.716,5.844,49204,0
XFLT.US,D,20190104,000000,5.92,5.9808,5.8292,5.9581,86785,0
XFLT.US,D,20190107,000000,5.9808,6.0418,5.8871,6.0189,48300,0
XFLT.US,D,20190108,000000,6.0731,6.0948,5.9961,6.0642,26029,0
XFLT.US,D,20190109,000000,6.1023,6.1023,6.0418,6.0738,84040,0
XFLT.US,D,20190110,000000,6.072,6.1327,6.072,6.1023,13977,0
XFLT.US,D,20190111,000000,6.072,6.2923,6.0339,6.201,65100,0
XFLT.US,D,20190114,000000,6.201,6.201,6.0479,6.1934,66947,0
XFLT.US,D,20190115,000000,6.1941,6.3772,6.1935,6.3772,10686,0
XFLT.US,D,20190116,000000,6.4384,6.5915,6.3158,6.4612,69423,0
XFLT.US,D,20190117,000000,6.5303,6.5353,6.3953,6.469,19864,0
XFLT.US,D,20190118,000000,6.5147,6.5227,6.354,6.446,25083,0
XFLT.US,D,20190122,000000,6.5831,6.5831,6.385,6.3924,24786,0
XFLT.US,D,20190123,000000,6.3081,6.4535,6.3081,6.4307,40362,0
XFLT.US,D,20190124,000000,6.4328,6.4633,6.4139,6.4535,22434,0
XFLT.US,D,20190125,000000,6.4535,6.4612,6.4307,6.4307,9431,0
XFLT.US,D,20190128,000000,6.423,6.423,6.385,6.4,5405,0
XFLT.US,D,20190129,000000,6.4,6.4078,6.3887,6.4077,14420,0
XFLT.US,D,20190130,000000,6.446,6.5303,6.446,6.5114,37832,0
XFLT.US,D,20190131,000000,6.5837,6.5837,6.3772,6.4,40313,0
XFLT.US,D,20190201,000000,6.4,6.4307,6.4,6.4307,13173,0
XFLT.US,D,20190204,000000,6.469,6.469,6.437,6.4564,8401,0
XFLT.US,D,20190205,000000,6.5073,6.5073,6.4384,6.4611,9212,0
XFLT.US,D,20190206,000000,6.4689,6.4766,6.4613,6.4728,18841,0
XFLT.US,D,20190207,000000,6.446,6.4766,6.4307,6.4307,11623,0
XFLT.US,D,20190208,000000,6.4498,6.469,6.4498,6.4546,5618,0
XFLT.US,D,20190211,000000,6.4918,6.4918,6.469,6.469,6324,0
XFLT.US,D,20190212,000000,6.4307,6.6986,6.4307,6.6335,37266,0
XFLT.US,D,20190213,000000,6.7366,6.7366,6.6272,6.6603,18523,0
XFLT.US,D,20190214,000000,6.7144,6.7144,6.5135,6.5135,30479,0
XFLT.US,D,20190215,000000,6.5224,6.5967,6.5061,6.5061,19650,0
XFLT.US,D,20190219,000000,6.5833,6.5833,6.4829,6.4902,16137,0
XFLT.US,D,20190220,000000,6.4984,6.5061,6.4751,6.4829,34995,0
XFLT.US,D,20190221,000000,6.5041,6.5041,6.4787,6.4881,5110,0
XFLT.US,D,20190222,000000,6.512,6.5446,6.4984,6.5216,45649,0
XFLT.US,D,20190225,000000,6.5216,6.5678,6.4984,6.4984,46406,0
XFLT.US,D,20190226,000000,6.5446,6.6063,6.51,6.5754,35618,0
XFLT.US,D,20190227,000000,6.6216,6.6526,6.5833,6.6526,9722,0
XFLT.US,D,20190228,000000,6.6853,6.6853,6.6359,6.6551,4347,0
XFLT.US,D,20190301,000000,6.7066,6.7066,6.6375,6.6681,5911,0
XFLT.US,D,20190304,000000,6.7144,6.7144,6.6603,6.6621,22269,0
XFLT.US,D,20190305,000000,6.6139,6.6374,6.6139,6.6294,25076,0
XFLT.US,D,20190306,000000,6.6627,6.6681,6.6294,6.6374,12561,0
XFLT.US,D,20190307,000000,6.6913,6.6913,6.6374,6.6479,11133,0
XFLT.US,D,20190308,000000,6.6527,6.6587,6.6526,6.6575,6216,0
XFLT.US,D,20190311,000000,6.6681,6.6681,6.6294,6.6294,18244,0
XFLT.US,D,20190312,000000,6.6603,6.6913,6.6603,6.6843,23774,0
XFLT.US,D,20190313,000000,6.69,6.7144,6.6835,6.6835,21187,0
XFLT.US,D,20190314,000000,6.7224,6.7302,6.6757,6.6914,11983,0
XFLT.US,D,20190315,000000,6.6835,6.6991,6.6757,6.6991,46680,0
XFLT.US,D,20190318,000000,6.7034,6.7456,6.7034,6.7456,2451,0
XFLT.US,D,20190319,000000,6.7692,6.7771,6.7692,6.7693,39806,0
XFLT.US,D,20190320,000000,6.8313,6.8313,6.7068,6.7606,20023,0
XFLT.US,D,20190321,000000,6.7662,6.8102,6.7651,6.8082,17001,0
XFLT.US,D,20190322,000000,6.847,6.847,6.8082,6.8082,51849,0
XFLT.US,D,20190325,000000,6.8003,6.8082,6.7147,6.7554,20207,0
XFLT.US,D,20190326,000000,6.7846,6.7846,6.6914,6.7147,12116,0
XFLT.US,D,20190327,000000,6.7692,6.7692,6.6914,6.7125,13240,0
XFLT.US,D,20190328,000000,6.7846,6.7921,6.7409,6.7554,5880,0
XFLT.US,D,20190329,000000,6.7655,6.7655,6.6919,6.7536,7466,0
XFLT.US,D,20190401,000000,6.7068,6.7536,6.6914,6.6914,18526,0
XFLT.US,D,20190402,000000,6.7692,6.7692,6.6769,6.7692,6994,0
XFLT.US,D,20190403,000000,6.8313,6.8392,6.7692,6.7921,7716,0
XFLT.US,D,20190404,000000,6.847,6.847,6.7692,6.7771,58735,0
XFLT.US,D,20190405,000000,6.8082,6.8082,6.7921,6.8018,17041,0
XFLT.US,D,20190408,000000,6.8003,6.847,6.7907,6.7921,16278,0
XFLT.US,D,20190409,000000,6.847,6.847,6.7846,6.7907,4558,0
XFLT.US,D,20190410,000000,6.7692,6.8082,6.7348,6.8082,7455,0
XFLT.US,D,20190411,000000,6.847,6.847,6.7456,6.7921,45115,0
XFLT.US,D,20190412,000000,6.7921,6.8003,6.7692,6.7692,13398,0
XFLT.US,D,20190415,000000,6.7923,6.8161,6.7843,6.8005,11510,0
XFLT.US,D,20190416,000000,6.8241,6.8945,6.8241,6.8631,22643,0
XFLT.US,D,20190417,000000,6.8593,6.8692,6.8285,6.8368,5089,0
XFLT.US,D,20190418,000000,6.7535,6.915,6.7345,6.7454,79318,0
XFLT.US,D,20190422,000000,6.8161,6.8319,6.7535,6.7535,36406,0
XFLT.US,D,20190423,000000,6.7847,6.8161,6.7298,6.7298,21395,0
XFLT.US,D,20190424,000000,6.7454,6.7847,6.6944,6.7222,32430,0
XFLT.US,D,20190425,000000,6.7222,6.8241,6.6908,6.7138,19581,0
XFLT.US,D,20190426,000000,6.7692,6.7847,6.7063,6.7195,17245,0
XFLT.US,D,20190429,000000,6.7375,6.7454,6.6986,6.6986,25984,0
XFLT.US,D,20190430,000000,6.7222,6.9808,6.7142,6.7613,14374,0
XFLT.US,D,20190501,000000,6.7063,6.8005,6.7063,6.7847,44151,0
XFLT.US,D,20190502,000000,6.8553,6.8945,6.7923,6.8398,27535,0
XFLT.US,D,20190503,000000,6.9025,6.9808,6.8398,6.8477,13814,0
XFLT.US,D,20190506,000000,6.8734,6.8963,6.8667,6.8963,8807,0
XFLT.US,D,20190507,000000,6.9703,6.9703,6.8241,6.8631,41466,0
XFLT.US,D,20190508,000000,6.8319,6.9025,6.7923,6.8398,58679,0
XFLT.US,D,20190509,000000,6.8161,6.8625,6.7923,6.8625,11599,0
XFLT.US,D,20190510,000000,6.8631,7.0192,6.8241,6.8241,38635,0
XFLT.US,D,20190513,000000,6.9468,6.9477,6.7554,6.8059,23112,0
XFLT.US,D,20190514,000000,6.8162,6.8797,6.8063,6.8557,12004,0
XFLT.US,D,20190515,000000,6.84,7.4173,6.8333,7.2343,666659,0
XFLT.US,D,20190516,000000,7.2749,7.4569,7.2591,7.346,155655,0
XFLT.US,D,20190517,000000,7.346,7.3538,7.2749,7.2749,120761,0
XFLT.US,D,20190520,000000,7.3538,7.3538,7.2671,7.2749,67501,0
XFLT.US,D,20190521,000000,7.2431,7.3145,7.2431,7.3103,54283,0
XFLT.US,D,20190522,000000,7.3064,7.3223,7.2431,7.2808,70821,0
XFLT.US,D,20190523,000000,7.3855,7.4013,7.2591,7.2749,411506,0
XFLT.US,D,20190524,000000,7.3384,7.5119,7.1957,7.3145,390529,0
XFLT.US,D,20190528,000000,7.3855,7.4333,7.3538,7.3934,88073,0
XFLT.US,D,20190529,000000,7.3855,7.3934,7.3384,7.346,74688,0
XFLT.US,D,20190530,000000,7.3934,7.5119,7.3384,7.3538,63999,0
XFLT.US,D,20190531,000000,7.3659,7.3934,7.2664,7.3538,40429,0
XFLT.US,D,20190603,000000,7.3538,7.5044,7.3538,7.4249,62723,0
XFLT.US,D,20190604,000000,7.4725,7.5119,7.4249,7.4333,112594,0
XFLT.US,D,20190605,000000,7.4725,7.5437,7.4333,7.5119,59940,0
XFLT.US,D,20190606,000000,7.5516,7.5911,7.4517,7.5911,72673,0
XFLT.US,D,20190607,000000,7.5911,7.631,7.4432,7.52,61511,0
XFLT.US,D,20190610,000000,7.5911,7.6271,7.4725,7.4725,69866,0
XFLT.US,D,20190611,000000,7.631,7.6543,7.4646,7.5119,137687,0
XFLT.US,D,20190612,000000,7.5044,7.5748,7.4725,7.5119,126399,0
XFLT.US,D,20190613,000000,7.5119,7.5748,7.4725,7.5119,74053,0
XFLT.US,D,20190614,000000,7.5201,7.6073,7.485,7.5201,50917,0
XFLT.US,D,20190617,000000,7.5679,7.5679,7.4242,7.4642,128752,0
XFLT.US,D,20190618,000000,7.5041,7.56,7.4326,7.4963,75266,0
XFLT.US,D,20190619,000000,7.56,7.5679,7.5051,7.56,37545,0
XFLT.US,D,20190620,000000,7.6399,7.6399,7.4404,7.4482,69620,0
XFLT.US,D,20190621,000000,7.472,7.4721,7.3927,7.4164,40667,0
XFLT.US,D,20190624,000000,7.4164,7.4404,7.3422,7.3608,105614,0
XFLT.US,D,20190625,000000,7.3608,7.3846,7.1539,7.1695,166003,0
XFLT.US,D,20190626,000000,7.1776,7.3527,7.1776,7.2808,58693,0
XFLT.US,D,20190627,000000,7.2891,7.3927,7.2495,7.3368,50229,0
XFLT.US,D,20190628,000000,7.3846,7.3927,7.3049,7.3131,30484,0
XFLT.US,D,20190701,000000,7.4482,7.4721,7.4069,7.4721,87628,0
XFLT.US,D,20190702,000000,7.5281,7.5281,7.4482,7.4565,63204,0
XFLT.US,D,20190703,000000,7.4882,7.4882,7.4086,7.4086,34073,0
XFLT.US,D,20190705,000000,7.4164,7.4482,7.4004,7.4326,47867,0
XFLT.US,D,20190708,000000,7.5119,7.5679,7.4721,7.5679,142978,0
XFLT.US,D,20190709,000000,7.5679,7.5679,7.4642,7.5281,32329,0
XFLT.US,D,20190710,000000,7.5281,7.5679,7.4882,7.5679,42292,0
XFLT.US,D,20190711,000000,7.5439,7.56,7.4803,7.4882,47054,0
XFLT.US,D,20190712,000000,7.56,7.5917,7.4721,7.4803,99920,0
XFLT.US,D,20190715,000000,7.5362,7.6487,7.5045,7.6487,54721,0
XFLT.US,D,20190716,000000,7.6167,7.6167,7.5284,7.5362,53530,0
XFLT.US,D,20190717,000000,7.5362,7.5765,7.5362,7.5765,21495,0
XFLT.US,D,20190718,000000,7.5605,7.5617,7.5045,7.5045,32036,0
XFLT.US,D,20190719,000000,7.5686,7.5686,7.4721,7.4721,44013,0
XFLT.US,D,20190722,000000,7.4159,7.5121,7.4,7.4159,58525,0
XFLT.US,D,20190723,000000,7.4642,7.4803,7.3839,7.3839,24896,0
XFLT.US,D,20190724,000000,7.36,7.4564,7.36,7.4,30332,0
XFLT.US,D,20190725,000000,7.5045,7.5045,7.3516,7.3516,54968,0
XFLT.US,D,20190726,000000,7.3516,7.4065,7.3276,7.3357,37293,0
XFLT.US,D,20190729,000000,7.3357,7.3677,7.3196,7.3357,36055,0
XFLT.US,D,20190730,000000,7.3757,7.4234,7.3196,7.3757,20375,0
XFLT.US,D,20190731,000000,7.3757,7.3757,7.2634,7.3196,101955,0
XFLT.US,D,20190801,000000,7.4081,7.4642,7.3516,7.4564,117490,0
XFLT.US,D,20190802,000000,7.5045,7.5045,7.4564,7.5045,28427,0
XFLT.US,D,20190805,000000,7.4642,7.5444,7.3757,7.4564,58225,0
XFLT.US,D,20190806,000000,7.424,7.4456,7.4,7.437,42845,0
XFLT.US,D,20190807,000000,7.44,7.5284,7.424,7.5284,38877,0
XFLT.US,D,20190808,000000,7.3677,7.5045,7.3455,7.3677,55734,0
XFLT.US,D,20190809,000000,7.424,7.424,7.3677,7.4159,42099,0
XFLT.US,D,20190812,000000,7.424,7.44,7.3922,7.4,30695,0
XFLT.US,D,20190813,000000,7.4,7.4721,7.4,7.4721,38307,0
XFLT.US,D,20190814,000000,7.4641,7.5013,7.3191,7.4479,50844,0
XFLT.US,D,20190815,000000,7.5612,7.5612,7.3833,7.4397,21703,0
XFLT.US,D,20190816,000000,7.3751,7.4793,7.359,7.3833,24668,0
XFLT.US,D,20190819,000000,7.359,7.3862,7.3432,7.3751,34546,0
XFLT.US,D,20190820,000000,7.3995,7.4641,7.351,7.4157,89192,0
XFLT.US,D,20190821,000000,7.4237,7.4237,7.359,7.3914,38409,0
XFLT.US,D,20190822,000000,7.3995,7.5205,7.3995,7.5205,84565,0
XFLT.US,D,20190823,000000,7.4562,7.4562,7.3833,7.3833,13681,0
XFLT.US,D,20190826,000000,7.3679,7.3995,7.3185,7.3347,23244,0
XFLT.US,D,20190827,000000,7.359,7.359,7.2781,7.2781,40517,0
XFLT.US,D,20190828,000000,7.2863,7.3266,7.2619,7.2698,69266,0
XFLT.US,D,20190829,000000,7.2944,7.3995,7.2698,7.2863,52249,0
XFLT.US,D,20190830,000000,7.2863,7.3185,7.2698,7.2698,53590,0
XFLT.US,D,20190903,000000,7.3426,7.364,7.2698,7.2781,59927,0
XFLT.US,D,20190904,000000,7.2781,7.3174,7.2136,7.2421,79472,0
XFLT.US,D,20190905,000000,7.2214,7.3185,7.2214,7.2619,90193,0
XFLT.US,D,20190906,000000,7.3347,7.3411,7.2559,7.2698,97814,0
XFLT.US,D,20190909,000000,7.2536,7.3426,7.2461,7.2781,22915,0
XFLT.US,D,20190910,000000,7.3024,7.3207,7.2619,7.2698,20526,0
XFLT.US,D,20190911,000000,7.2619,7.3145,7.2619,7.2781,25872,0
XFLT.US,D,20190912,000000,7.3024,7.3426,7.2781,7.3266,34232,0
XFLT.US,D,20190913,000000,7.3511,7.3592,7.2953,7.3022,50900,0
XFLT.US,D,20190916,000000,7.3022,7.3592,7.2941,7.3184,48299,0
XFLT.US,D,20190917,000000,7.3022,7.3511,7.2531,7.2941,35771,0
XFLT.US,D,20190918,000000,7.2941,7.4083,7.2941,7.3266,14165,0
XFLT.US,D,20190919,000000,7.2941,7.3592,7.2777,7.2859,54040,0
XFLT.US,D,20190920,000000,7.2531,7.3373,7.2369,7.3022,28053,0
XFLT.US,D,20190923,000000,7.3022,7.3572,7.2656,7.3348,72070,0
XFLT.US,D,20190924,000000,7.3184,7.3184,7.2448,7.3103,42364,0
XFLT.US,D,20190925,000000,7.3103,7.3348,7.2287,7.2369,37243,0
XFLT.US,D,20190926,000000,7.2695,7.2778,7.2207,7.2287,11005,0
XFLT.US,D,20190927,000000,7.2287,7.3022,7.2207,7.2287,32462,0
XFLT.US,D,20190930,000000,7.2615,7.2941,7.2287,7.2941,18070,0
XFLT.US,D,20191001,000000,7.2369,7.2941,7.1718,7.2045,66567,0
XFLT.US,D,20191002,000000,7.2369,7.2524,7.1065,7.1473,53564,0
XFLT.US,D,20191003,000000,7.0984,7.2531,7.0984,7.2448,46708,0
XFLT.US,D,20191004,000000,7.2287,7.2531,7.1391,7.2531,110725,0
XFLT.US,D,20191007,000000,7.2448,7.4083,7.2127,7.3428,121608,0
XFLT.US,D,20191008,000000,7.2531,7.3348,7.2127,7.2495,88615,0
XFLT.US,D,20191009,000000,7.3103,7.3166,7.2257,7.2448,37931,0
XFLT.US,D,20191010,000000,7.2448,7.2859,7.2448,7.2736,28532,0
XFLT.US,D,20191011,000000,7.2943,7.3353,7.2778,7.3107,42664,0
XFLT.US,D,20191014,000000,7.3107,7.3846,7.3025,7.3025,28961,0
XFLT.US,D,20191015,000000,7.2778,7.3434,7.2366,7.253,25604,0
XFLT.US,D,20191016,000000,7.2286,7.2695,7.2041,7.2041,35046,0
XFLT.US,D,20191017,000000,7.2943,7.2965,7.0806,7.1546,84432,0
XFLT.US,D,20191018,000000,7.1216,7.1349,6.9903,7.0806,77091,0
XFLT.US,D,20191021,000000,7.0642,7.1053,7.0642,7.0806,37549,0
XFLT.US,D,20191022,000000,7.0806,7.0888,6.9411,6.9821,78078,0
XFLT.US,D,20191023,000000,6.9493,7.3025,6.9246,7.1627,547657,0
XFLT.US,D,20191024,000000,7.1874,7.2493,7.1382,7.1464,102712,0
XFLT.US,D,20191025,000000,7.1627,7.2041,7.1382,7.1874,71550,0
XFLT.US,D,20191028,000000,7.2614,7.434,7.2286,7.327,395407,0
XFLT.US,D,20191029,000000,7.3679,7.4667,7.36,7.3846,251109,0
XFLT.US,D,20191030,000000,7.3928,7.4747,7.3353,7.3353,120066,0
XFLT.US,D,20191031,000000,7.36,7.45,7.327,7.3928,109557,0
XFLT.US,D,20191101,000000,7.3846,7.4174,7.327,7.327,87359,0
XFLT.US,D,20191104,000000,7.36,7.4359,7.3434,7.3762,142321,0
XFLT.US,D,20191105,000000,7.3846,7.3846,7.2366,7.2778,141829,0
XFLT.US,D,20191106,000000,7.2778,7.3427,7.2614,7.2614,28368,0
XFLT.US,D,20191107,000000,7.3107,7.3107,7.2614,7.3107,40825,0
XFLT.US,D,20191108,000000,7.3107,7.3374,7.286,7.2943,18686,0
XFLT.US,D,20191111,000000,7.2614,7.3679,7.2614,7.3434,52069,0
XFLT.US,D,20191112,000000,7.3107,7.3529,7.3107,7.3107,25570,0
XFLT.US,D,20191113,000000,7.3107,7.3928,7.3107,7.3353,38875,0
XFLT.US,D,20191114,000000,7.4099,7.4099,7.2939,7.3269,92220,0
XFLT.US,D,20191115,000000,6.8137,7.1199,6.789,7.0834,643044,0
XFLT.US,D,20191118,000000,7.0869,7.1448,6.9131,6.9131,198752,0
XFLT.US,D,20191119,000000,6.9542,6.9627,6.9089,6.9542,130492,0
XFLT.US,D,20191120,000000,6.9793,6.9799,6.9131,6.9131,55587,0
XFLT.US,D,20191121,000000,6.9542,6.9793,6.9131,6.9793,103201,0
XFLT.US,D,20191122,000000,7.0123,7.0123,6.9214,6.9214,44359,0
XFLT.US,D,20191125,000000,6.9214,7.0123,6.9131,6.9131,83899,0
XFLT.US,D,20191126,000000,6.9131,6.9294,6.8884,6.8884,81901,0
XFLT.US,D,20191127,000000,6.8884,6.8963,6.8802,6.8884,111581,0
XFLT.US,D,20191129,000000,6.9047,6.9047,6.8802,6.8884,24790,0
XFLT.US,D,20191202,000000,6.9047,6.9047,6.8802,6.8884,104762,0
XFLT.US,D,20191203,000000,6.9047,6.9047,6.7639,6.8802,166049,0
XFLT.US,D,20191204,000000,6.8802,7.1199,6.8633,6.9958,130328,0
XFLT.US,D,20191205,000000,6.9958,7.0374,6.8054,6.9214,304218,0
XFLT.US,D,20191206,000000,6.8884,6.9542,6.8716,6.9542,68743,0
XFLT.US,D,20191209,000000,6.9542,6.9581,6.8716,6.8884,112177,0
XFLT.US,D,20191210,000000,6.9047,6.9294,6.789,6.8054,129661,0
XFLT.US,D,20191211,000000,6.8633,6.8633,6.7061,6.7061,96936,0
XFLT.US,D,20191212,000000,6.7639,6.7639,6.6233,6.6396,174427,0
XFLT.US,D,20191213,000000,6.6841,6.6924,6.6507,6.6757,72487,0
XFLT.US,D,20191216,000000,6.6924,6.7676,6.6841,6.7342,120240,0
XFLT.US,D,20191217,000000,6.7427,6.7845,6.7007,6.7342,165391,0
XFLT.US,D,20191218,000000,6.7762,6.7842,6.7007,6.7259,90454,0
XFLT.US,D,20191219,000000,6.709,6.755,6.709,6.7259,128858,0
XFLT.US,D,20191220,000000,6.6924,6.7814,6.6924,6.7342,164885,0
XFLT.US,D,20191223,000000,6.7259,6.751,6.6841,6.6841,180608,0
XFLT.US,D,20191224,000000,6.7007,6.7417,6.6924,6.7078,105691,0
XFLT.US,D,20191226,000000,6.709,6.7134,6.6841,6.6924,166807,0
XFLT.US,D,20191227,000000,6.7007,6.7122,6.6841,6.6966,554959,0
XFLT.US,D,20191230,000000,6.7175,6.7457,6.6924,6.709,115344,0
XFLT.US,D,20191231,000000,6.709,6.7845,6.6841,6.7593,140840,0
XFLT.US,D,20200102,000000,6.7676,6.8512,6.7676,6.8428,78883,0
XFLT.US,D,20200103,000000,6.8263,6.8428,6.7845,6.8177,77067,0
XFLT.US,D,20200106,000000,6.7259,6.8762,6.7259,6.8762,77769,0
XFLT.US,D,20200107,000000,6.8762,6.8928,6.8346,6.8428,111863,0
XFLT.US,D,20200108,000000,6.8596,6.8928,6.8512,6.8679,106257,0
XFLT.US,D,20200109,000000,6.8845,6.9096,6.8428,6.8428,150982,0
XFLT.US,D,20200110,000000,6.8346,6.8679,6.8093,6.8263,139131,0
XFLT.US,D,20200113,000000,6.8512,6.8512,6.7985,6.8093,195982,0
XFLT.US,D,20200114,000000,6.8093,6.8596,6.7925,6.801,115956,0
XFLT.US,D,20200115,000000,6.8626,6.888,6.8114,6.8796,92974,0
XFLT.US,D,20200116,000000,6.8963,6.9217,6.871,6.9047,89962,0
XFLT.US,D,20200117,000000,6.9217,6.9469,6.909,6.9132,93612,0
XFLT.US,D,20200121,000000,6.93,6.9805,6.9132,6.9132,153595,0
XFLT.US,D,20200122,000000,6.9469,6.9975,6.93,6.9805,64713,0
XFLT.US,D,20200123,000000,6.9638,6.9975,6.9638,6.9722,71650,0
XFLT.US,D,20200124,000000,6.9975,7.0228,6.9383,6.9383,94054,0
XFLT.US,D,20200127,000000,6.9469,6.9805,6.9132,6.9383,170992,0
XFLT.US,D,20200128,000000,6.9805,6.9883,6.9469,6.9638,46411,0
XFLT.US,D,20200129,000000,6.9553,6.9891,6.9553,6.9553,55584,0
XFLT.US,D,20200130,000000,6.9383,6.9553,6.9217,6.9217,57679,0
XFLT.US,D,20200131,000000,6.9132,6.9799,6.9132,6.9469,47157,0
XFLT.US,D,20200203,000000,7.0059,7.0143,6.93,6.9722,94846,0
XFLT.US,D,20200204,000000,6.9975,7.0136,6.93,6.9638,137949,0
XFLT.US,D,20200205,000000,6.9638,6.9764,6.9469,6.9469,126527,0
XFLT.US,D,20200206,000000,6.9469,7.0312,6.9383,7.0059,198318,0
XFLT.US,D,20200207,000000,7.0144,7.0735,6.9383,6.9638,139367,0
XFLT.US,D,20200210,000000,7.0395,7.0579,6.9553,6.9638,123591,0
XFLT.US,D,20200211,000000,7.0228,7.0395,6.9805,7.0395,198123,0
XFLT.US,D,20200212,000000,7.048,7.2293,6.9975,7.0395,665191,0
XFLT.US,D,20200213,000000,7.0651,7.0814,6.9891,7.0144,241747,0
XFLT.US,D,20200214,000000,6.9891,7.0463,6.9722,6.9805,141679,0
XFLT.US,D,20200218,000000,7.0342,7.0681,7.0087,7.0427,210224,0
XFLT.US,D,20200219,000000,7.0767,7.0767,7.0171,7.0597,84231,0
XFLT.US,D,20200220,000000,7.0512,7.0681,6.9918,7.0342,161605,0
XFLT.US,D,20200221,000000,7.0597,7.0681,6.9745,7.0087,556320,0
XFLT.US,D,20200224,000000,6.9578,7.0258,6.9321,7.0171,412269,0
XFLT.US,D,20200225,000000,7.0597,7.0597,6.8981,6.9832,433759,0
XFLT.US,D,20200226,000000,6.9832,7.0258,6.9152,6.9493,228243,0
XFLT.US,D,20200227,000000,6.8981,6.9745,6.7706,6.8299,242396,0
XFLT.US,D,20200228,000000,6.8044,6.8216,6.541,6.5495,214700,0
XFLT.US,D,20200302,000000,6.5495,6.7448,6.1921,6.2941,501933,0
XFLT.US,D,20200303,000000,6.3792,6.5069,6.3368,6.4813,289847,0
XFLT.US,D,20200304,000000,6.5495,6.9109,6.5495,6.8044,152684,0
XFLT.US,D,20200305,000000,6.9152,6.9152,6.5151,6.5151,166586,0
XFLT.US,D,20200306,000000,6.3283,6.4475,6.1413,6.2261,236208,0
XFLT.US,D,20200309,000000,6.0221,6.0221,5.6307,5.7242,262120,0
XFLT.US,D,20200310,000000,5.9536,5.9796,5.7498,5.8605,109968,0
XFLT.US,D,20200311,000000,5.7242,5.7839,5.5457,5.5457,75066,0
XFLT.US,D,20200312,000000,5.265,5.316,4.7036,5.0524,364498,0
XFLT.US,D,20200313,000000,5.1288,5.5714,5.0524,5.1628,271120,0
XFLT.US,D,20200316,000000,4.6356,4.8654,4.5165,4.6356,266492,0
XFLT.US,D,20200317,000000,4.6102,4.6356,4.4235,4.5589,197096,0
XFLT.US,D,20200318,000000,4.2274,4.2527,3.4448,3.5299,450303,0
XFLT.US,D,20200319,000000,3.4108,3.8656,3.1215,3.8105,270214,0
XFLT.US,D,20200320,000000,3.904,4.3952,3.904,4.0998,113867,0
XFLT.US,D,20200323,000000,4.1592,4.6613,3.5299,4.4569,331512,0
XFLT.US,D,20200324,000000,4.4741,4.6187,3.2661,3.4662,407214,0
XFLT.US,D,20200325,000000,3.4875,4.2105,3.4707,3.5811,253391,0
XFLT.US,D,20200326,000000,3.5385,4.212,3.5385,3.8958,294555,0
XFLT.US,D,20200327,000000,3.5128,4.4996,3.5044,4.4146,453259,0
XFLT.US,D,20200330,000000,4.3124,4.3295,3.9723,3.9807,121693,0
XFLT.US,D,20200331,000000,3.819,3.9288,3.6659,3.819,183995,0
XFLT.US,D,20200401,000000,3.7425,3.9296,3.5299,3.7766,187838,0
XFLT.US,D,20200402,000000,3.8277,3.8277,3.6997,3.802,192198,0
XFLT.US,D,20200403,000000,3.6915,3.8277,3.5299,3.6319,184984,0
XFLT.US,D,20200406,000000,3.5811,3.7766,3.5811,3.7166,95085,0
XFLT.US,D,20200407,000000,3.6319,3.8704,3.6319,3.819,119534,0
XFLT.US,D,20200408,000000,3.802,4.0742,3.802,3.9467,104217,0
XFLT.US,D,20200409,000000,4.0998,4.3211,4.0487,4.1167,112540,0
XFLT.US,D,20200413,000000,4.2954,4.2954,4.0486,4.0828,177548,0
XFLT.US,D,20200414,000000,4.0828,4.2076,3.9968,4.0397,280421,0
XFLT.US,D,20200415,000000,3.9968,4.028,3.7189,3.764,353508,0
XFLT.US,D,20200416,000000,3.7297,3.8531,3.7124,3.7985,62111,0
XFLT.US,D,20200417,000000,3.9019,3.9534,3.7813,3.8415,79956,0
XFLT.US,D,20200420,000000,3.8673,3.9351,3.7726,3.8114,164455,0
XFLT.US,D,20200421,000000,3.7467,3.833,3.7209,3.7812,55206,0
XFLT.US,D,20200422,000000,3.919,3.919,3.8013,3.8503,75538,0
XFLT.US,D,20200423,000000,3.876,3.9318,3.8071,3.8244,55299,0
XFLT.US,D,20200424,000000,3.8589,3.8673,3.816,3.816,56777,0
XFLT.US,D,20200427,000000,3.8673,3.9968,3.7812,3.9968,137783,0
XFLT.US,D,20200428,000000,4.0054,4.0568,3.9534,4.0568,177649,0
XFLT.US,D,20200429,000000,4.0828,4.2549,4.0718,4.1429,254180,0
XFLT.US,D,20200430,000000,4.3067,4.3067,4.1344,4.1947,160672,0
XFLT.US,D,20200501,000000,4.2636,4.2636,4.0915,4.1517,108934,0
XFLT.US,D,20200504,000000,4.1172,4.2121,3.9534,4.1172,149257,0
XFLT.US,D,20200505,000000,4.1258,4.2121,4.1172,4.1258,147432,0
XFLT.US,D,20200506,000000,4.0828,4.1689,4.0828,4.1517,118757,0
XFLT.US,D,20200507,000000,4.1086,4.1774,4.1086,4.1344,36755,0
XFLT.US,D,20200508,000000,4.1,4.1774,4.1,4.1689,64177,0
XFLT.US,D,20200511,000000,4.1602,4.2,4.143,4.1602,80209,0
XFLT.US,D,20200512,000000,4.1774,4.2033,4.1774,4.1774,81485,0
XFLT.US,D,20200513,000000,4.2291,4.2291,4.1429,4.1602,182882,0
XFLT.US,D,20200514,000000,4.134,4.1429,3.9685,4.0905,186102,0
XFLT.US,D,20200515,000000,4.1253,4.1253,4.038,4.0818,53902,0
XFLT.US,D,20200518,000000,4.0818,4.1776,4.0818,4.1081,95574,0
XFLT.US,D,20200519,000000,4.1253,4.1865,4.1082,4.1865,45271,0
XFLT.US,D,20200520,000000,4.2213,4.2562,4.1776,4.195,38176,0
XFLT.US,D,20200521,000000,4.23,4.2683,4.2126,4.2476,88940,0
XFLT.US,D,20200522,000000,4.2562,4.2562,4.1776,4.2388,37811,0
XFLT.US,D,20200526,000000,4.3608,4.3608,4.2305,4.2909,58328,0
XFLT.US,D,20200527,000000,4.3522,4.3522,4.2562,4.3435,50047,0
XFLT.US,D,20200528,000000,4.4132,4.4132,4.3348,4.3608,124326,0
XFLT.US,D,20200529,000000,4.3522,4.387,4.3435,4.3522,95637,0
XFLT.US,D,20200601,000000,4.3781,4.5092,4.3522,4.4743,103556,0
XFLT.US,D,20200602,000000,4.5092,4.5352,4.4655,4.4917,76691,0
XFLT.US,D,20200603,000000,4.4917,4.7009,4.4917,4.6662,143397,0
XFLT.US,D,20200604,000000,4.7097,4.884,4.6749,4.7358,108116,0
XFLT.US,D,20200605,000000,4.9712,5.0587,4.7882,4.797,162011,0
XFLT.US,D,20200608,000000,5.0062,5.0062,4.8231,4.9888,218067,0
XFLT.US,D,20200609,000000,5.0149,5.0149,4.9567,4.9974,41031,0
XFLT.US,D,20200610,000000,4.9888,5.0072,4.954,4.9888,31210,0
XFLT.US,D,20200611,000000,4.884,4.884,4.6356,4.6572,140728,0
XFLT.US,D,20200612,000000,4.6662,4.8058,4.6619,4.7271,107319,0
XFLT.US,D,20200615,000000,4.7625,4.7625,4.6477,4.7095,44187,0
XFLT.US,D,20200616,000000,4.7625,4.8905,4.7625,4.8242,49372,0
XFLT.US,D,20200617,000000,4.8242,4.9007,4.8155,4.8242,39648,0
XFLT.US,D,20200618,000000,4.7625,4.8594,4.7625,4.8506,26824,0
XFLT.US,D,20200619,000000,4.8443,4.8948,4.7625,4.8155,71173,0
XFLT.US,D,20200622,000000,4.8242,4.849,4.7888,4.7888,22248,0
XFLT.US,D,20200623,000000,4.8155,4.8858,4.8065,4.8816,35492,0
XFLT.US,D,20200624,000000,4.9124,4.9124,4.7977,4.8685,67116,0
XFLT.US,D,20200625,000000,4.8685,4.8685,4.8242,4.8594,75854,0
XFLT.US,D,20200626,000000,4.7625,4.9564,4.7625,4.8948,108628,0
XFLT.US,D,20200629,000000,4.9565,5.0094,4.9211,4.983,50527,0
XFLT.US,D,20200630,000000,4.9476,5.0535,4.9476,5.0182,38721,0
XFLT.US,D,20200701,000000,5.0711,5.1595,5.0182,5.1595,77789,0
XFLT.US,D,20200702,000000,5.1684,5.2035,5.1152,5.1858,62620,0
XFLT.US,D,20200706,000000,5.2387,5.318,5.1595,5.2476,150525,0
XFLT.US,D,20200707,000000,5.2476,5.9973,5.1946,5.7767,424427,0
XFLT.US,D,20200708,000000,5.6092,5.6444,5.3622,5.4063,170250,0
XFLT.US,D,20200709,000000,5.4239,5.4591,5.1858,5.2563,67733,0
XFLT.US,D,20200710,000000,5.2563,5.3885,5.243,5.3268,58570,0
XFLT.US,D,20200713,000000,5.318,5.3621,5.2388,5.3357,73417,0
XFLT.US,D,20200714,000000,5.2554,5.3502,5.1976,5.3267,42955,0
XFLT.US,D,20200715,000000,5.2911,5.3447,5.2556,5.3001,56580,0
XFLT.US,D,20200716,000000,5.3536,5.3714,5.3178,5.3447,29825,0
XFLT.US,D,20200717,000000,5.3447,5.3714,5.3143,5.3447,32565,0
XFLT.US,D,20200720,000000,5.309,5.3623,5.2824,5.309,41117,0
XFLT.US,D,20200721,000000,5.309,5.3623,5.309,5.3447,21017,0
XFLT.US,D,20200722,000000,5.3623,5.4004,5.3596,5.3714,16552,0
XFLT.US,D,20200723,000000,5.3588,5.3804,5.309,5.3267,11514,0
XFLT.US,D,20200724,000000,5.309,5.4783,5.3001,5.3553,36416,0
XFLT.US,D,20200727,000000,5.3447,5.3623,5.3267,5.3267,15180,0
XFLT.US,D,20200728,000000,5.3447,5.3447,5.3357,5.3447,17009,0
XFLT.US,D,20200729,000000,5.3178,5.4426,5.3178,5.4426,32609,0
XFLT.US,D,20200730,000000,5.4605,5.4605,5.2644,5.3178,85944,0
XFLT.US,D,20200731,000000,5.3309,5.3309,5.2734,5.3178,43534,0
XFLT.US,D,20200803,000000,5.3357,5.3623,5.3128,5.3267,65287,0
XFLT.US,D,20200804,000000,5.2911,5.3623,5.2824,5.3445,118928,0
XFLT.US,D,20200805,000000,5.3357,5.3623,5.3284,5.3536,56172,0
XFLT.US,D,20200806,000000,5.3447,5.3623,5.3267,5.3447,48521,0
XFLT.US,D,20200807,000000,5.4161,5.4161,5.3357,5.34,23629,0
XFLT.US,D,20200810,000000,5.3447,5.4249,5.3357,5.4161,84295,0
XFLT.US,D,20200811,000000,5.4514,5.4605,5.3623,5.3623,53191,0
XFLT.US,D,20200812,000000,5.3447,5.4111,5.3447,5.3891,30799,0
XFLT.US,D,20200813,000000,5.407,5.4161,5.3804,5.398,51986,0
XFLT.US,D,20200814,000000,5.3623,5.4249,5.3623,5.4072,33175,0
XFLT.US,D,20200817,000000,5.407,5.4791,5.389,5.443,93064,0
XFLT.US,D,20200818,000000,5.4162,5.4294,5.362,5.407,49826,0
XFLT.US,D,20200819,000000,5.407,5.4251,5.3969,5.407,29359,0
XFLT.US,D,20200820,000000,5.407,5.4251,5.362,5.3979,27719,0
XFLT.US,D,20200821,000000,5.3979,5.461,5.3621,5.3979,41937,0
XFLT.US,D,20200824,000000,5.407,5.434,5.3721,5.3889,34564,0
XFLT.US,D,20200825,000000,5.4251,5.4251,5.3259,5.3889,53973,0
XFLT.US,D,20200826,000000,5.4251,5.434,5.3889,5.407,75455,0
XFLT.US,D,20200827,000000,5.4251,5.4251,5.3801,5.3801,46890,0
XFLT.US,D,20200828,000000,5.4162,5.4251,5.4052,5.4162,26016,0
XFLT.US,D,20200831,000000,5.434,5.434,5.4162,5.4251,26746,0
XFLT.US,D,20200901,000000,5.461,5.4881,5.4341,5.4654,35585,0
XFLT.US,D,20200902,000000,5.434,5.4791,5.434,5.47,45425,0
XFLT.US,D,20200903,000000,5.4881,5.4969,5.3979,5.407,58148,0
XFLT.US,D,20200904,000000,5.3979,5.4251,5.371,5.4002,55725,0
XFLT.US,D,20200908,000000,5.3979,5.4881,5.3979,5.488,39074,0
XFLT.US,D,20200909,000000,5.4791,5.5239,5.47,5.496,63727,0
XFLT.US,D,20200910,000000,5.5327,5.5327,5.4791,5.5327,61545,0
XFLT.US,D,20200911,000000,5.5239,5.5327,5.4969,5.5239,54300,0
XFLT.US,D,20200914,000000,5.5693,5.6604,5.542,5.5603,42019,0
XFLT.US,D,20200915,000000,5.5693,5.5693,5.5059,5.5328,40139,0
XFLT.US,D,20200916,000000,5.5693,5.5693,5.4786,5.5148,58502,0
XFLT.US,D,20200917,000000,5.5239,5.5239,5.4877,5.4967,20360,0
XFLT.US,D,20200918,000000,5.4967,5.5148,5.4966,5.4967,13370,0
XFLT.US,D,20200921,000000,5.4877,5.5059,5.4331,5.4345,41385,0
XFLT.US,D,20200922,000000,5.4695,5.4695,5.4058,5.424,24119,0
XFLT.US,D,20200923,000000,5.4786,5.4786,5.3058,5.3604,96282,0
XFLT.US,D,20200924,000000,5.3786,5.4058,5.3474,5.4058,30611,0
XFLT.US,D,20200925,000000,5.4331,5.4331,5.3511,5.4038,43872,0
XFLT.US,D,20200928,000000,5.3695,5.4877,5.3695,5.4331,41392,0
XFLT.US,D,20200929,000000,5.4786,5.4786,5.4331,5.4377,26283,0
XFLT.US,D,20200930,000000,5.4512,5.5059,5.3875,5.4421,86988,0
XFLT.US,D,20201001,000000,5.4695,5.4967,5.4604,5.4877,47717,0
XFLT.US,D,20201002,000000,5.542,5.7964,5.4786,5.6873,277032,0
XFLT.US,D,20201005,000000,5.751,6.3688,5.751,5.9691,167711,0
XFLT.US,D,20201006,000000,5.9964,6.2667,5.9964,6.0237,77615,0
XFLT.US,D,20201007,000000,6.2055,6.2508,6.06,6.1233,93012,0
XFLT.US,D,20201008,000000,6.0871,6.3051,6.0871,6.2362,78934,0
XFLT.US,D,20201009,000000,6.1962,6.2444,6.06,6.06,81445,0
XFLT.US,D,20201012,000000,6.0418,6.3461,6.0418,6.3143,113359,0
XFLT.US,D,20201013,000000,6.3416,6.4052,6.2508,6.4052,45303,0
XFLT.US,D,20201014,000000,6.3804,6.5182,6.3804,6.4723,45987,0
XFLT.US,D,20201015,000000,6.4448,6.5091,6.3804,6.4095,50511,0
XFLT.US,D,20201016,000000,6.4171,6.5182,6.4017,6.408,33713,0
XFLT.US,D,20201019,000000,6.3713,6.5182,6.261,6.2931,95671,0
XFLT.US,D,20201020,000000,6.2335,6.3529,6.2335,6.2977,30034,0
XFLT.US,D,20201021,000000,6.2977,6.4264,6.2977,6.3621,50572,0
XFLT.US,D,20201022,000000,6.4631,6.6948,6.4264,6.5182,252521,0
XFLT.US,D,20201023,000000,6.6465,6.6465,6.4814,6.5182,94631,0
XFLT.US,D,20201026,000000,6.6099,6.6282,6.5091,6.5364,101892,0
XFLT.US,D,20201027,000000,6.6375,6.6926,6.5549,6.5639,66853,0
XFLT.US,D,20201028,000000,6.4631,6.5162,6.3345,6.3896,122321,0
XFLT.US,D,20201029,000000,6.4264,6.5182,6.3621,6.408,50621,0
XFLT.US,D,20201030,000000,6.4448,6.6926,6.4264,6.6007,206369,0
XFLT.US,D,20201102,000000,6.7568,6.7739,6.5182,6.6559,153353,0
XFLT.US,D,20201103,000000,6.6649,6.7842,6.587,6.6926,76513,0
XFLT.US,D,20201104,000000,6.6465,6.835,6.5639,6.7018,70706,0
XFLT.US,D,20201105,000000,6.7476,7.0046,6.6282,6.8301,133985,0
XFLT.US,D,20201106,000000,6.7934,6.8944,6.4539,6.4998,119474,0
XFLT.US,D,20201109,000000,6.6099,6.7476,6.5186,6.5639,110623,0
XFLT.US,D,20201110,000000,6.6007,6.7476,6.5749,6.6926,55358,0
XFLT.US,D,20201111,000000,6.7476,6.9961,6.6559,6.821,123229,0
XFLT.US,D,20201112,000000,6.8301,6.9405,6.7476,6.8762,85272,0
XFLT.US,D,20201113,000000,6.8853,7.0195,6.8762,6.968,115926,0
XFLT.US,D,20201116,000000,6.9985,7.1098,6.9427,7.0264,80047,0
XFLT.US,D,20201117,000000,7.045,7.045,6.8225,6.8503,113619,0
XFLT.US,D,20201118,000000,6.8503,6.9106,6.7298,6.8037,59117,0
XFLT.US,D,20201119,000000,6.7298,6.993,6.7204,6.9522,64718,0
XFLT.US,D,20201120,000000,6.8595,7.1376,6.8595,6.9522,66727,0
XFLT.US,D,20201123,000000,6.8965,7.0913,6.8965,7.017,103114,0
XFLT.US,D,20201124,000000,7.082,7.0913,6.7668,6.8037,197726,0
XFLT.US,D,20201125,000000,6.7763,6.9249,6.7204,6.8408,58778,0
XFLT.US,D,20201127,000000,6.8595,6.8874,6.8225,6.8503,24234,0
XFLT.US,D,20201130,000000,6.8595,6.9151,6.8408,6.8595,68372,0
XFLT.US,D,20201201,000000,6.9336,6.9968,6.8317,6.98,78988,0
XFLT.US,D,20201202,000000,6.9522,7.1837,6.9522,7.1284,96079,0
XFLT.US,D,20201203,000000,7.1098,7.2437,7.0264,7.045,72921,0
XFLT.US,D,20201204,000000,7.017,7.2281,6.9252,6.9708,89571,0
XFLT.US,D,20201207,000000,7.0079,7.1189,6.9522,6.9894,136002,0
XFLT.US,D,20201208,000000,7.0357,7.0727,6.9522,7.0264,91092,0
XFLT.US,D,20201209,000000,7.0357,7.045,6.9522,6.9894,68166,0
XFLT.US,D,20201210,000000,7.0079,7.1562,6.9831,7.082,177655,0
XFLT.US,D,20201211,000000,7.0913,7.0913,6.9336,6.9753,154472,0
XFLT.US,D,20201214,000000,7.0765,7.17,6.9922,7.0765,108897,0
XFLT.US,D,20201215,000000,7.1139,7.3012,7.0687,7.1981,206882,0
XFLT.US,D,20201216,000000,7.2264,7.2446,7.1139,7.1981,102110,0
XFLT.US,D,20201217,000000,7.1796,7.3012,7.1606,7.2543,74228,0
XFLT.US,D,20201218,000000,7.2917,7.3479,7.1233,7.2356,81384,0
XFLT.US,D,20201221,000000,7.1889,7.2448,7.0952,7.1701,55894,0
XFLT.US,D,20201222,000000,7.2074,7.4697,7.1606,7.4323,133545,0
XFLT.US,D,20201223,000000,7.4883,7.8159,7.4041,7.4883,306022,0
XFLT.US,D,20201224,000000,7.5819,7.6307,7.3012,7.3665,124215,0
XFLT.US,D,20201228,000000,7.3949,7.3949,7.2543,7.2824,161896,0
XFLT.US,D,20201229,000000,7.3012,7.3665,7.1139,7.1606,147130,0
XFLT.US,D,20201230,000000,7.1139,7.2214,6.9736,7.0203,191750,0
XFLT.US,D,20201231,000000,7.039,7.1138,6.7864,7.0203,139161,0
XFLT.US,D,20210104,000000,7.0203,7.1326,6.88,6.9641,230560,0
XFLT.US,D,20210105,000000,7.0203,7.3854,7.0203,7.2074,202961,0
XFLT.US,D,20210106,000000,7.2824,7.4133,7.2074,7.3198,219833,0
XFLT.US,D,20210107,000000,7.2824,7.4415,7.2731,7.2731,101643,0
XFLT.US,D,20210108,000000,7.4508,7.4508,7.2731,7.3665,94853,0
XFLT.US,D,20210111,000000,7.3665,7.3949,7.2356,7.3198,141561,0
XFLT.US,D,20210112,000000,7.2543,7.4697,7.2543,7.4323,104886,0
XFLT.US,D,20210113,000000,7.3949,7.5399,7.3949,7.5258,48281,0
XFLT.US,D,20210114,000000,7.5665,7.5665,7.4342,7.5287,68452,0
XFLT.US,D,20210115,000000,7.4624,7.5381,7.4161,7.4624,70766,0
XFLT.US,D,20210119,000000,7.5474,7.5569,7.4624,7.5569,86488,0
XFLT.US,D,20210120,000000,7.5758,7.6515,7.5474,7.6137,99267,0
XFLT.US,D,20210121,000000,7.6137,7.6703,7.5758,7.6042,77196,0
XFLT.US,D,20210122,000000,7.5853,7.6988,7.4815,7.6703,138029,0
XFLT.US,D,20210125,000000,7.6515,7.6515,7.3114,7.453,245136,0
XFLT.US,D,20210126,000000,7.453,7.5381,7.2451,7.3492,151094,0
XFLT.US,D,20210127,000000,7.3773,7.4766,7.2735,7.4342,87198,0
XFLT.US,D,20210128,000000,7.387,7.5569,7.368,7.4909,48332,0
XFLT.US,D,20210129,000000,7.4909,7.5095,7.3207,7.3586,66672,0
XFLT.US,D,20210201,000000,7.4152,7.6515,7.368,7.6515,84052,0
XFLT.US,D,20210202,000000,7.5665,7.7742,7.5578,7.661,133755,0
XFLT.US,D,20210203,000000,7.5665,7.6295,7.4624,7.5665,128626,0
XFLT.US,D,20210204,000000,7.5569,7.7931,7.5569,7.6891,77663,0
XFLT.US,D,20210205,000000,7.7553,7.9254,7.6891,7.9159,116591,0
XFLT.US,D,20210208,000000,7.9726,7.9914,7.746,7.8309,157182,0
XFLT.US,D,20210209,000000,7.7365,8.1237,7.7365,7.897,469195,0
XFLT.US,D,20210210,000000,8.1048,8.1616,7.9347,8.0292,171031,0
XFLT.US,D,20210211,000000,8.0766,8.171,8.067,8.0766,98704,0
XFLT.US,D,20210212,000000,8.2465,8.2655,8.0766,8.1616,163291,0
XFLT.US,D,20210216,000000,8.231,8.4311,8.1739,8.2502,327076,0
XFLT.US,D,20210217,000000,8.2882,8.3073,8.2406,8.2596,203092,0
XFLT.US,D,20210218,000000,8.2787,8.4026,8.0215,8.1167,198281,0
XFLT.US,D,20210219,000000,8.1167,8.2691,8.1167,8.2215,93162,0
XFLT.US,D,20210222,000000,8.355,8.6978,8.3101,8.5263,206365,0
XFLT.US,D,20210223,000000,8.5645,8.674,8.231,8.6407,182592,0
XFLT.US,D,20210224,000000,8.7169,8.7412,8.6407,8.6788,85181,0
XFLT.US,D,20210225,000000,7.8691,8.0977,7.8595,7.9071,1128082,0
XFLT.US,D,20210226,000000,7.9547,8.0977,7.9167,8.0024,263798,0
XFLT.US,D,20210301,000000,8.2882,8.3168,8.1644,8.231,371462,0
XFLT.US,D,20210302,000000,8.2406,8.2406,8.1358,8.1358,202426,0
XFLT.US,D,20210303,000000,8.2024,8.2691,8.1358,8.1453,145981,0
XFLT.US,D,20210304,000000,8.1547,8.1835,8.0691,8.1453,134773,0
XFLT.US,D,20210305,000000,8.1929,8.212,8.1289,8.1929,213719,0
XFLT.US,D,20210308,000000,8.212,8.3263,8.1929,8.2691,201128,0
XFLT.US,D,20210309,000000,8.2787,8.3834,8.2406,8.3358,140270,0
XFLT.US,D,20210310,000000,8.4787,8.655,8.3645,8.6216,376325,0
XFLT.US,D,20210311,000000,8.6407,8.755,8.574,8.7169,325842,0
XFLT.US,D,20210312,000000,8.7264,8.917,8.7169,8.8598,332441,0
XFLT.US,D,20210315,000000,8.8435,8.93,8.8242,8.901,129537,0
XFLT.US,D,20210316,000000,8.9107,8.978,8.8435,8.8723,142633,0
XFLT.US,D,20210317,000000,8.9203,9.1026,8.8531,8.9683,199900,0
XFLT.US,D,20210318,000000,9.0643,9.0643,8.7091,8.7858,180479,0
XFLT.US,D,20210319,000000,8.8146,8.8813,8.7475,8.834,108562,0
XFLT.US,D,20210322,000000,8.9107,8.9107,8.7858,8.7956,107866,0
XFLT.US,D,20210323,000000,8.7762,8.8242,8.6323,8.661,157939,0
XFLT.US,D,20210324,000000,8.7282,8.8723,8.5266,8.6034,138409,0
XFLT.US,D,20210325,000000,8.5746,8.6419,8.5362,8.613,91078,0
XFLT.US,D,20210326,000000,8.613,8.8531,8.6034,8.8146,106194,0
XFLT.US,D,20210329,000000,8.8146,8.8723,8.7666,8.8242,104599,0
XFLT.US,D,20210330,000000,8.7571,8.834,8.6419,8.7186,97717,0
XFLT.US,D,20210331,000000,8.6899,8.8242,8.661,8.7186,80765,0
XFLT.US,D,20210401,000000,8.7379,8.8242,8.5746,8.7571,122194,0
XFLT.US,D,20210405,000000,8.7666,8.834,8.7571,8.8146,132004,0
XFLT.US,D,20210406,000000,8.7956,8.8088,8.661,8.661,159727,0
XFLT.US,D,20210407,000000,8.8051,8.8146,8.6899,8.7858,113547,0
XFLT.US,D,20210408,000000,8.7858,8.7956,8.6995,8.7475,97094,0
XFLT.US,D,20210409,000000,8.7858,8.7858,8.6803,8.7475,109965,0
XFLT.US,D,20210412,000000,8.7475,8.8146,8.7091,8.8146,119733,0
XFLT.US,D,20210413,000000,8.8146,8.8242,8.709,8.7475,169039,0
XFLT.US,D,20210414,000000,8.7117,8.8471,8.6342,8.6729,105892,0
XFLT.US,D,20210415,000000,8.702,8.7117,8.6342,8.6536,106553,0
XFLT.US,D,20210416,000000,8.6342,8.6342,8.3923,8.4212,306513,0
XFLT.US,D,20210419,000000,8.46,8.5172,8.3342,8.4212,196380,0
XFLT.US,D,20210420,000000,8.4116,8.4639,8.2761,8.3535,136666,0
XFLT.US,D,20210421,000000,8.4019,8.4986,8.3633,8.46,107944,0
XFLT.US,D,20210422,000000,8.5182,8.5182,8.3244,8.3728,172371,0
XFLT.US,D,20210423,000000,8.4116,8.5083,8.3535,8.3825,78332,0
XFLT.US,D,20210426,000000,8.3825,8.4211,8.3244,8.3728,147409,0
XFLT.US,D,20210427,000000,8.3728,8.3728,8.2761,8.2954,176525,0
XFLT.US,D,20210428,000000,8.2374,8.3724,7.6953,8.2082,713007,0
XFLT.US,D,20210429,000000,8.247,8.4502,8.2374,8.4502,130206,0
XFLT.US,D,20210430,000000,8.431,8.6923,8.4019,8.6729,140188,0
XFLT.US,D,20210503,000000,8.7117,8.7117,8.4986,8.4986,181963,0
XFLT.US,D,20210504,000000,8.431,8.6245,8.4116,8.5182,150846,0
XFLT.US,D,20210505,000000,8.6149,8.702,8.5577,8.6536,186479,0
XFLT.US,D,20210506,000000,8.6923,8.702,8.4794,8.5858,224836,0
XFLT.US,D,20210507,000000,8.5762,8.7103,8.4981,8.5182,144362,0
XFLT.US,D,20210510,000000,8.6052,8.702,8.46,8.5182,269935,0
XFLT.US,D,20210511,000000,8.6342,8.6439,8.5182,8.6342,116792,0
XFLT.US,D,20210512,000000,8.547,8.6443,8.3728,8.3728,110687,0
XFLT.US,D,20210513,000000,8.3728,8.6149,8.3728,8.4696,141679,0
XFLT.US,D,20210514,000000,8.6923,8.6923,8.4212,8.4212,249432,0
XFLT.US,D,20210517,000000,8.3851,8.5804,8.3656,8.3851,148966,0
XFLT.US,D,20210518,000000,8.3949,8.5608,8.3851,8.473,66836,0
XFLT.US,D,20210519,000000,8.473,8.473,8.3851,8.3949,81801,0
XFLT.US,D,20210520,000000,8.3949,8.6487,8.3851,8.4827,100111,0
XFLT.US,D,20210521,000000,8.4144,8.5217,8.3656,8.3656,115157,0
XFLT.US,D,20210524,000000,8.3656,8.639,8.2973,8.3803,111777,0
XFLT.US,D,20210525,000000,8.4827,8.5511,8.3754,8.3949,108486,0
XFLT.US,D,20210526,000000,8.3754,8.4827,8.3266,8.4827,126245,0
XFLT.US,D,20210527,000000,8.4047,8.4926,8.3266,8.4144,154816,0
XFLT.US,D,20210528,000000,8.3851,8.5414,8.3559,8.4242,118811,0
XFLT.US,D,20210601,000000,8.4632,8.7561,8.4535,8.717,352128,0
XFLT.US,D,20210602,000000,8.6975,8.7658,8.5902,8.7366,275183,0
XFLT.US,D,20210603,000000,8.7464,8.8831,8.6878,8.8343,313786,0
XFLT.US,D,20210604,000000,8.9025,8.9317,8.8049,8.8343,168012,0
XFLT.US,D,20210607,000000,8.9317,8.9317,8.678,8.7366,297944,0
XFLT.US,D,20210608,000000,8.7854,8.8831,8.6975,8.7854,212678,0
XFLT.US,D,20210609,000000,8.7561,8.9143,8.7366,8.7755,215953,0
XFLT.US,D,20210610,000000,8.7755,8.8537,8.7267,8.7755,125326,0
XFLT.US,D,20210611,000000,8.7854,8.8537,8.7366,8.8049,146691,0
XFLT.US,D,20210614,000000,8.9653,9.1916,8.8571,9.113,944245,0
XFLT.US,D,20210615,000000,9.1326,9.2015,9.0538,9.1522,327742,0
XFLT.US,D,20210616,000000,9.1622,9.2507,9.1228,9.231,244868,0
XFLT.US,D,20210617,000000,9.2212,9.2507,9.0145,9.0736,242258,0
XFLT.US,D,20210618,000000,9.0736,9.1326,9.0538,9.0736,110489,0
XFLT.US,D,20210621,000000,9.1522,9.2507,9.0637,9.1622,220618,0
XFLT.US,D,20210622,000000,9.113,9.2507,9.0834,9.103,92045,0
XFLT.US,D,20210623,000000,9.0736,9.2305,9.0538,9.1916,135489,0
XFLT.US,D,20210624,000000,9.1916,9.2605,9.103,9.1916,109066,0
XFLT.US,D,20210625,000000,9.1522,9.1824,8.8571,8.9358,239311,0
XFLT.US,D,20210628,000000,8.9259,9.1912,8.8669,9.0834,456915,0
XFLT.US,D,20210629,000000,9.3196,9.3196,9.113,9.2015,545143,0
XFLT.US,D,20210630,000000,9.2212,9.3983,9.1622,9.3983,366220,0
XFLT.US,D,20210701,000000,9.4473,9.537,9.3491,9.487,307334,0
XFLT.US,D,20210702,000000,9.487,9.605,9.3491,9.4374,304652,0
XFLT.US,D,20210706,000000,9.507,9.664,9.4473,9.615,313760,0
XFLT.US,D,20210707,000000,9.565,9.693,9.1424,9.487,399068,0
XFLT.US,D,20210708,000000,9.3885,9.3885,9.0538,9.103,394563,0
XFLT.US,D,20210709,000000,9.1818,9.1818,9.0345,9.103,223185,0
XFLT.US,D,20210712,000000,9.0637,9.3589,9.044,9.2212,268504,0
XFLT.US,D,20210713,000000,9.2114,9.3688,9.1622,9.2212,116518,0
XFLT.US,D,20210714,000000,9.1944,9.2589,9.125,9.1547,116378,0
XFLT.US,D,20210715,000000,9.125,9.1737,9.0952,9.0952,103947,0
XFLT.US,D,20210716,000000,9.115,9.1661,8.9464,8.9563,157266,0
XFLT.US,D,20210719,000000,8.9266,8.9663,8.8275,8.8869,234356,0
XFLT.US,D,20210720,000000,8.9068,9.0258,8.5199,9.0258,374653,0
XFLT.US,D,20210721,000000,8.3315,8.7381,8.2819,8.6786,3266072,0
XFLT.US,D,20210722,000000,8.7282,8.7282,8.639,8.6885,200841,0
XFLT.US,D,20210723,000000,8.7183,8.7183,8.5695,8.5993,271137,0
XFLT.US,D,20210726,000000,8.6786,8.7282,8.6204,8.6885,328904,0
XFLT.US,D,20210727,000000,8.7282,8.7282,8.5299,8.629,292989,0
XFLT.US,D,20210728,000000,8.629,8.7778,8.6193,8.7778,144472,0
XFLT.US,D,20210729,000000,8.7778,8.9266,8.7481,8.8274,174219,0
XFLT.US,D,20210730,000000,8.8472,8.8787,8.7381,8.8572,191610,0
XFLT.US,D,20210802,000000,8.9266,8.9762,8.8472,8.9167,153125,0
XFLT.US,D,20210803,000000,8.9365,9.0258,8.877,8.8869,213170,0
XFLT.US,D,20210804,000000,8.877,8.9091,8.8324,8.8869,134065,0
XFLT.US,D,20210805,000000,8.9068,8.9563,8.8869,8.9167,73777,0
XFLT.US,D,20210806,000000,8.9663,9.0456,8.877,8.9266,132056,0
XFLT.US,D,20210809,000000,8.9266,9.0258,8.9068,9.0159,177840,0
XFLT.US,D,20210810,000000,9.0258,9.0258,8.877,8.9663,129992,0
XFLT.US,D,20210811,000000,9.0059,9.0258,8.9464,8.9663,93460,0
XFLT.US,D,20210812,000000,9.0059,9.0555,8.9365,9.0258,170651,0
XFLT.US,D,20210813,000000,9.0258,9.0258,8.877,8.877,226803,0
XFLT.US,D,20210816,000000,8.88,9.1,8.88,8.99,182599,0
XFLT.US,D,20210817,000000,8.99,9.02,8.82,8.84,285332,0
XFLT.US,D,20210818,000000,8.89,9,8.8,8.91,115240,0
XFLT.US,D,20210819,000000,8.86,8.91,8.68,8.73,167114,0
XFLT.US,D,20210820,000000,8.72,8.92,8.6801,8.86,193390,0
XFLT.US,D,20210823,000000,8.94,8.99,8.82,8.84,258131,0
XFLT.US,D,20210824,000000,8.84,8.92,8.81,8.84,158601,0
XFLT.US,D,20210825,000000,8.84,8.9,8.79,8.84,193273,0
