<TICKER>,<PER>,<DATE>,<TIME>,<OPEN>,<HIGH>,<LOW>,<CLOSE>,<VOL>,<OPENINT>
TCO0.DE,D,20210219,000000,2.658,2.7885,2.658,2.7885,3727,0
TCO0.DE,D,20210222,000000,2.6585,2.785,2.6,2.785,13102,0
TCO0.DE,D,20210223,000000,2.562,2.7925,2.562,2.7925,6552,0
TCO0.DE,D,20210224,000000,2.692,2.8115,2.66,2.8115,17984,0
TCO0.DE,D,20210225,000000,2.68,2.798,2.631,2.798,10766,0
TCO0.DE,D,20210226,000000,2.624,2.721,2.624,2.721,6975,0
TCO0.DE,D,20210301,000000,2.66,2.77,2.57,2.77,12193,0
TCO0.DE,D,20210302,000000,2.62,2.66,2.58,2.66,24916,0
TCO0.DE,D,20210303,000000,2.64,2.65,2.58,2.636,21845,0
TCO0.DE,D,20210304,000000,2.6,2.68,2.5305,2.68,23594,0
TCO0.DE,D,20210305,000000,2.57,2.65,2.538,2.65,15904,0
TCO0.DE,D,20210308,000000,2.63,2.673,2.6,2.673,22596,0
TCO0.DE,D,20210309,000000,2.64,2.651,2.64,2.651,12130,0
TCO0.DE,D,20210310,000000,2.77,2.77,2.77,2.77,12000,0
TCO0.DE,D,20210311,000000,2.63,2.671,2.6,2.671,21841,0
TCO0.DE,D,20210312,000000,2.61,2.669,2.5905,2.669,16354,0
TCO0.DE,D,20210315,000000,2.64,2.77,2.6155,2.77,23431,0
TCO0.DE,D,20210316,000000,2.63,2.81,2.62,2.81,32646,0
TCO0.DE,D,20210317,000000,2.7,2.785,2.64,2.785,32935,0
TCO0.DE,D,20210318,000000,2.69,2.7395,2.677,2.7395,27217,0
TCO0.DE,D,20210319,000000,2.67,2.72,2.67,2.695,23535,0
TCO0.DE,D,20210322,000000,2.7,2.715,2.68,2.705,14918,0
TCO0.DE,D,20210323,000000,2.7195,2.72,2.6805,2.692,3526,0
TCO0.DE,D,20210324,000000,2.6645,2.68,2.6645,2.6715,9290,0
TCO0.DE,D,20210325,000000,2.69,2.71,2.68,2.685,21708,0
TCO0.DE,D,20210326,000000,2.652,2.71,2.65,2.6875,20600,0
TCO0.DE,D,20210329,000000,2.7195,2.72,2.7,2.7,26402,0
TCO0.DE,D,20210330,000000,2.73,2.74,2.6855,2.6855,21633,0
TCO0.DE,D,20210331,000000,2.7,2.76,2.7,2.7245,950,0
TCO0.DE,D,20210401,000000,2.72,2.74,2.72,2.7305,12720,0
TCO0.DE,D,20210406,000000,2.75,2.75,2.67,2.706,28599,0
TCO0.DE,D,20210407,000000,2.7,2.71,2.7,2.71,2214,0
TCO0.DE,D,20210408,000000,2.7395,2.77,2.7395,2.7625,8380,0
TCO0.DE,D,20210409,000000,2.748,2.75,2.736,2.7405,2404,0
TCO0.DE,D,20210412,000000,2.76,2.76,2.7,2.7355,6710,0
TCO0.DE,D,20210413,000000,2.71,2.735,2.6905,2.735,20871,0
TCO0.DE,D,20210414,000000,2.64,2.67,2.6,2.663,90248,0
TCO0.DE,D,20210415,000000,2.65,2.6505,2.62,2.6505,117530,0
TCO0.DE,D,20210416,000000,2.62,2.7155,2.62,2.7155,5630,0
TCO0.DE,D,20210419,000000,2.68,2.7435,2.68,2.7435,1624,0
TCO0.DE,D,20210420,000000,2.76,2.76,2.6725,2.6725,11700,0
TCO0.DE,D,20210421,000000,2.69,2.69,2.68,2.69,6386,0
TCO0.DE,D,20210422,000000,2.66,2.666,2.65,2.666,1489,0
TCO0.DE,D,20210423,000000,2.6205,2.63,2.598,2.615,27939,0
TCO0.DE,D,20210426,000000,2.6,2.62,2.6,2.61,12731,0
TCO0.DE,D,20210427,000000,2.6,2.61,2.59,2.601,26340,0
TCO0.DE,D,20210428,000000,2.595,2.595,2.55,2.58,9577,0
TCO0.DE,D,20210429,000000,2.58,2.581,2.531,2.5555,14463,0
TCO0.DE,D,20210430,000000,2.532,2.5665,2.529,2.5475,6155,0
TCO0.DE,D,20210503,000000,2.6,2.65,2.565,2.565,1857,0
TCO0.DE,D,20210504,000000,2.6,2.625,2.6,2.604,7185,0
TCO0.DE,D,20210505,000000,2.625,2.625,2.6,2.6135,30732,0
TCO0.DE,D,20210506,000000,2.636,2.636,2.6235,2.6235,1000,0
TCO0.DE,D,20210507,000000,2.65,2.655,2.6315,2.6315,9122,0
TCO0.DE,D,20210510,000000,2.66,2.682,2.66,2.665,21073,0
TCO0.DE,D,20210511,000000,2.66,2.662,2.619,2.6415,35791,0
TCO0.DE,D,20210512,000000,2.63,2.6655,2.627,2.649,60650,0
TCO0.DE,D,20210513,000000,2.6325,2.6455,2.6,2.639,110922,0
TCO0.DE,D,20210514,000000,2.662,2.715,2.662,2.67,3976,0
TCO0.DE,D,20210517,000000,2.723,2.74,2.67,2.7145,12909,0
TCO0.DE,D,20210518,000000,2.749,2.759,2.6795,2.6795,8275,0
TCO0.DE,D,20210519,000000,2.7255,2.7255,2.685,2.6925,17079,0
TCO0.DE,D,20210520,000000,2.6815,2.6815,2.602,2.65,29040,0
TCO0.DE,D,20210521,000000,2.6665,2.6665,2.647,2.647,14264,0
TCO0.DE,D,20210525,000000,2.657,2.657,2.606,2.63,42650,0
TCO0.DE,D,20210526,000000,2.648,2.652,2.642,2.652,27647,0
TCO0.DE,D,20210527,000000,2.6365,2.643,2.62,2.6345,14266,0
TCO0.DE,D,20210528,000000,2.63,2.6465,2.63,2.63,11556,0
TCO0.DE,D,20210531,000000,2.6485,2.736,2.6485,2.7135,1797,0
TCO0.DE,D,20210601,000000,2.645,2.654,2.6215,2.654,36468,0
TCO0.DE,D,20210602,000000,2.6595,2.6595,2.647,2.6555,25000,0
TCO0.DE,D,20210603,000000,2.658,2.668,2.656,2.668,5080,0
TCO0.DE,D,20210604,000000,2.658,2.6655,2.65,2.6655,5913,0
TCO0.DE,D,20210607,000000,2.6545,2.669,2.627,2.669,15691,0
TCO0.DE,D,20210608,000000,2.625,2.6685,2.625,2.6405,3971,0
TCO0.DE,D,20210609,000000,2.664,2.664,2.616,2.6485,21158,0
TCO0.DE,D,20210610,000000,2.686,2.703,2.686,2.703,20,0
TCO0.DE,D,20210611,000000,2.692,2.72,2.685,2.685,7392,0
TCO0.DE,D,20210614,000000,2.72,2.7465,2.7025,2.717,5397,0
TCO0.DE,D,20210615,000000,2.736,2.7375,2.725,2.725,19800,0
TCO0.DE,D,20210616,000000,2.713,2.713,2.713,2.713,0,0
TCO0.DE,D,20210617,000000,2.738,2.738,2.688,2.711,634,0
TCO0.DE,D,20210618,000000,2.7285,2.7285,2.6345,2.6345,73245,0
TCO0.DE,D,20210621,000000,2.655,2.675,2.655,2.6615,24052,0
TCO0.DE,D,20210622,000000,2.6375,2.669,2.6375,2.6615,16207,0
TCO0.DE,D,20210623,000000,2.6695,2.6695,2.6375,2.654,11218,0
TCO0.DE,D,20210624,000000,2.664,2.664,2.61,2.629,11965,0
TCO0.DE,D,20210625,000000,2.64,2.6555,2.6305,2.6555,23254,0
TCO0.DE,D,20210628,000000,2.6555,2.66,2.61,2.61,21136,0
TCO0.DE,D,20210629,000000,2.6375,2.648,2.6345,2.6415,88100,0
TCO0.DE,D,20210630,000000,2.6395,2.68,2.61,2.68,1725,0
TCO0.DE,D,20210701,000000,2.6495,2.6495,2.5885,2.6485,27100,0
TCO0.DE,D,20210702,000000,2.646,2.656,2.625,2.65,11500,0
TCO0.DE,D,20210705,000000,2.683,2.695,2.651,2.695,4170,0
TCO0.DE,D,20210706,000000,2.705,2.7525,2.705,2.745,28387,0
TCO0.DE,D,20210707,000000,2.7155,2.78,2.7155,2.74,950,0
TCO0.DE,D,20210708,000000,2.78,2.79,2.718,2.7395,5098,0
TCO0.DE,D,20210709,000000,2.778,2.807,2.77,2.77,1200,0
TCO0.DE,D,20210712,000000,2.82,2.82,2.7535,2.7535,293,0
TCO0.DE,D,20210713,000000,2.78,2.816,2.78,2.805,6345,0
TCO0.DE,D,20210714,000000,2.815,2.815,2.761,2.761,3964,0
TCO0.DE,D,20210715,000000,2.76,2.7925,2.75,2.774,3328,0
TCO0.DE,D,20210716,000000,2.7685,2.77,2.7655,2.77,2799,0
TCO0.DE,D,20210719,000000,2.736,2.736,2.676,2.7,3250,0
TCO0.DE,D,20210720,000000,2.668,2.6995,2.668,2.682,24587,0
TCO0.DE,D,20210721,000000,2.705,2.7065,2.705,2.7065,100,0
TCO0.DE,D,20210722,000000,2.7265,2.7265,2.7265,2.7265,0,0
TCO0.DE,D,20210723,000000,2.7355,2.748,2.7355,2.748,4400,0
TCO0.DE,D,20210726,000000,2.72,2.76,2.72,2.727,8193,0
TCO0.DE,D,20210727,000000,2.76,2.76,2.7405,2.7405,1004,0
TCO0.DE,D,20210728,000000,2.76,2.78,2.7395,2.7635,3290,0
TCO0.DE,D,20210729,000000,2.7175,2.767,2.71,2.759,8500,0
TCO0.DE,D,20210730,000000,2.7755,2.785,2.7755,2.785,5002,0
TCO0.DE,D,20210802,000000,2.777,2.777,2.7125,2.7415,13469,0
TCO0.DE,D,20210803,000000,2.7795,2.791,2.735,2.735,13666,0
TCO0.DE,D,20210804,000000,2.7885,2.7885,2.7695,2.7695,11881,0
TCO0.DE,D,20210805,000000,2.784,2.784,2.729,2.771,2113,0
TCO0.DE,D,20210806,000000,2.7865,2.7865,2.761,2.761,8280,0
TCO0.DE,D,20210809,000000,2.78,2.807,2.78,2.7855,28179,0
TCO0.DE,D,20210810,000000,2.764,2.813,2.764,2.803,4657,0
TCO0.DE,D,20210811,000000,2.8355,2.8455,2.8245,2.8245,6450,0
TCO0.DE,D,20210812,000000,2.85,2.8875,2.8205,2.8205,3621,0
TCO0.DE,D,20210813,000000,2.8895,2.89,2.838,2.856,9120,0
TCO0.DE,D,20210816,000000,2.859,2.859,2.8315,2.845,9393,0
TCO0.DE,D,20210817,000000,2.86,2.9,2.86,2.875,5024,0
TCO0.DE,D,20210818,000000,2.887,2.9,2.8705,2.8785,1101,0
TCO0.DE,D,20210819,000000,2.847,2.884,2.847,2.872,12251,0
TCO0.DE,D,20210820,000000,2.9,2.92,2.8675,2.92,15758,0
TCO0.DE,D,20210823,000000,2.945,2.98,2.935,2.98,17057,0
TCO0.DE,D,20210824,000000,2.975,2.975,2.94,2.945,2824,0
