<TICKER>,<PER>,<DATE>,<TIME>,<OPEN>,<HIGH>,<LOW>,<CLOSE>,<VOL>,<OPENINT>
TQIR.DE,D,20070102,000000,0.878668,0.878668,0.878668,0.878668,0,0
TQIR.DE,D,20070103,000000,0.878668,0.878668,0.878668,0.878668,0,0
TQIR.DE,D,20070104,000000,0.878668,0.878668,0.878668,0.878668,0,0
TQIR.DE,D,20070105,000000,0.860736,0.860736,0.860736,0.860736,1000,0
TQIR.DE,D,20070108,000000,0.860736,0.860736,0.860736,0.860736,0,0
TQIR.DE,D,20070109,000000,0.860736,0.860736,0.860736,0.860736,0,0
TQIR.DE,D,20070110,000000,0.905566,0.905566,0.905566,0.905566,2000,0
TQIR.DE,D,20070115,000000,0.878668,0.878668,0.878668,0.878668,0,0
TQIR.DE,D,20070116,000000,0.878668,0.878668,0.878668,0.878668,0,0
TQIR.DE,D,20070117,000000,0.905566,0.905566,0.905566,0.905566,900,0
TQIR.DE,D,20070118,000000,0.914532,0.914532,0.914532,0.914532,1700,0
TQIR.DE,D,20070119,000000,0.914532,0.914532,0.914532,0.914532,0,0
TQIR.DE,D,20070122,000000,0.919015,0.919015,0.910049,0.910049,4500,0
TQIR.DE,D,20070123,000000,0.910049,0.910049,0.910049,0.910049,0,0
TQIR.DE,D,20070124,000000,0.910049,0.910049,0.910049,0.910049,0,0
TQIR.DE,D,20070125,000000,0.910049,0.910049,0.910049,0.910049,0,0
TQIR.DE,D,20070126,000000,0.910049,0.910049,0.910049,0.910049,0,0
TQIR.DE,D,20070129,000000,0.910049,0.910049,0.910049,0.910049,0,0
TQIR.DE,D,20070130,000000,0.842804,0.842804,0.842804,0.842804,1100,0
TQIR.DE,D,20070131,000000,0.842804,0.842804,0.842804,0.842804,0,0
TQIR.DE,D,20070201,000000,0.842804,0.842804,0.842804,0.842804,0,0
TQIR.DE,D,20070202,000000,0.842804,0.842804,0.842804,0.842804,0,0
TQIR.DE,D,20070205,000000,0.842804,0.842804,0.842804,0.842804,0,0
TQIR.DE,D,20070206,000000,0.847287,0.847287,0.829355,0.829355,3000,0
TQIR.DE,D,20070207,000000,0.829355,0.829355,0.829355,0.829355,0,0
TQIR.DE,D,20070208,000000,0.829355,0.829355,0.829355,0.829355,0,0
TQIR.DE,D,20070209,000000,0.829355,0.829355,0.829355,0.829355,0,0
TQIR.DE,D,20070212,000000,0.829355,0.829355,0.829355,0.829355,0,0
TQIR.DE,D,20070213,000000,0.829355,0.829355,0.829355,0.829355,0,0
TQIR.DE,D,20070214,000000,0.829355,0.829355,0.829355,0.829355,0,0
TQIR.DE,D,20070215,000000,0.829355,0.829355,0.829355,0.829355,0,0
TQIR.DE,D,20070216,000000,0.910049,0.910049,0.910049,0.910049,5000,0
TQIR.DE,D,20070219,000000,0.910049,0.910049,0.910049,0.910049,0,0
TQIR.DE,D,20070220,000000,0.910049,0.910049,0.910049,0.910049,0,0
TQIR.DE,D,20070221,000000,0.910049,0.910049,0.910049,0.910049,0,0
TQIR.DE,D,20070222,000000,0.910049,0.910049,0.910049,0.910049,0,0
TQIR.DE,D,20070226,000000,0.892117,0.892117,0.892117,0.892117,0,0
TQIR.DE,D,20070227,000000,0.892117,0.892117,0.892117,0.892117,0,0
TQIR.DE,D,20070228,000000,0.883151,0.883151,0.883151,0.883151,1500,0
TQIR.DE,D,20070301,000000,0.874185,0.874185,0.874185,0.874185,2000,0
TQIR.DE,D,20070302,000000,0.874185,0.874185,0.85177,0.85177,2200,0
TQIR.DE,D,20070305,000000,0.85177,0.85177,0.85177,0.85177,2000,0
TQIR.DE,D,20070306,000000,0.85177,0.85177,0.85177,0.85177,0,0
TQIR.DE,D,20070307,000000,0.833838,0.833838,0.833838,0.833838,5067,0
TQIR.DE,D,20070308,000000,0.833838,0.833838,0.833838,0.833838,0,0
TQIR.DE,D,20070309,000000,0.833838,0.833838,0.833838,0.833838,1600,0
TQIR.DE,D,20070312,000000,0.833838,0.833838,0.833838,0.833838,0,0
TQIR.DE,D,20070313,000000,0.833838,0.833838,0.833838,0.833838,0,0
TQIR.DE,D,20070314,000000,0.833838,0.833838,0.833838,0.833838,0,0
TQIR.DE,D,20070315,000000,0.833838,0.833838,0.833838,0.833838,0,0
TQIR.DE,D,20070316,000000,0.820389,0.820389,0.820389,0.820389,380,0
TQIR.DE,D,20070319,000000,0.820389,0.820389,0.820389,0.820389,0,0
TQIR.DE,D,20070320,000000,0.820389,0.820389,0.820389,0.820389,0,0
TQIR.DE,D,20070321,000000,0.820389,0.820389,0.820389,0.820389,0,0
TQIR.DE,D,20070322,000000,0.811423,0.811423,0.811423,0.811423,479,0
TQIR.DE,D,20070323,000000,0.811423,0.811423,0.811423,0.811423,0,0
TQIR.DE,D,20070326,000000,0.811423,0.811423,0.811423,0.811423,0,0
TQIR.DE,D,20070327,000000,0.811423,0.811423,0.811423,0.811423,0,0
TQIR.DE,D,20070328,000000,0.811423,0.811423,0.811423,0.811423,0,0
TQIR.DE,D,20070329,000000,0.811423,0.811423,0.811423,0.811423,0,0
TQIR.DE,D,20070330,000000,0.811423,0.811423,0.811423,0.811423,0,0
TQIR.DE,D,20070402,000000,0.887634,0.887634,0.887634,0.887634,6000,0
TQIR.DE,D,20070403,000000,0.887634,0.887634,0.887634,0.887634,0,0
TQIR.DE,D,20070404,000000,0.887634,0.887634,0.887634,0.887634,0,0
TQIR.DE,D,20070405,000000,0.887634,0.887634,0.887634,0.887634,0,0
TQIR.DE,D,20070410,000000,0.887634,0.887634,0.887634,0.887634,0,0
TQIR.DE,D,20070411,000000,0.874185,0.874185,0.874185,0.874185,3031,0
TQIR.DE,D,20070412,000000,0.874185,0.874185,0.874185,0.874185,0,0
TQIR.DE,D,20070413,000000,0.842804,0.842804,0.842804,0.842804,175,0
TQIR.DE,D,20070416,000000,0.842804,0.842804,0.842804,0.842804,0,0
TQIR.DE,D,20070417,000000,0.842804,0.842804,0.842804,0.842804,0,0
TQIR.DE,D,20070418,000000,0.842804,0.842804,0.842804,0.842804,0,0
TQIR.DE,D,20070419,000000,0.842804,0.842804,0.842804,0.842804,0,0
TQIR.DE,D,20070420,000000,0.842804,0.842804,0.842804,0.842804,0,0
TQIR.DE,D,20070423,000000,0.887162,0.887162,0.887162,0.887162,4000,0
TQIR.DE,D,20070424,000000,0.86279,0.86279,0.86279,0.86279,2500,0
TQIR.DE,D,20070425,000000,0.86279,0.86279,0.86279,0.86279,0,0
TQIR.DE,D,20070426,000000,0.86279,0.86279,0.86279,0.86279,0,0
TQIR.DE,D,20070427,000000,0.86279,0.86279,0.86279,0.86279,0,0
TQIR.DE,D,20070430,000000,0.86279,0.86279,0.86279,0.86279,0,0
TQIR.DE,D,20070502,000000,0.877413,0.877413,0.877413,0.877413,11100,0
TQIR.DE,D,20070503,000000,0.867664,0.867664,0.86279,0.86279,6640,0
TQIR.DE,D,20070504,000000,0.86279,0.86279,0.86279,0.86279,0,0
TQIR.DE,D,20070507,000000,0.823793,0.823793,0.823793,0.823793,890,0
TQIR.DE,D,20070508,000000,0.823793,0.823793,0.823793,0.823793,0,0
TQIR.DE,D,20070509,000000,0.823793,0.823793,0.823793,0.823793,0,0
TQIR.DE,D,20070510,000000,0.823793,0.823793,0.823793,0.823793,0,0
TQIR.DE,D,20070511,000000,0.823793,0.823793,0.823793,0.823793,0,0
TQIR.DE,D,20070514,000000,0.823793,0.823793,0.823793,0.823793,0,0
TQIR.DE,D,20070515,000000,0.823793,0.823793,0.823793,0.823793,0,0
TQIR.DE,D,20070516,000000,0.823793,0.823793,0.823793,0.823793,0,0
TQIR.DE,D,20070517,000000,0.823793,0.823793,0.823793,0.823793,0,0
TQIR.DE,D,20070518,000000,0.823793,0.823793,0.823793,0.823793,0,0
TQIR.DE,D,20070521,000000,0.828668,0.828668,0.828668,0.828668,1900,0
TQIR.DE,D,20070522,000000,0.833542,0.833542,0.833542,0.833542,6000,0
TQIR.DE,D,20070523,000000,0.833542,0.833542,0.833542,0.833542,0,0
TQIR.DE,D,20070524,000000,0.833542,0.833542,0.833542,0.833542,0,0
TQIR.DE,D,20070525,000000,0.833542,0.833542,0.833542,0.833542,0,0
TQIR.DE,D,20070528,000000,0.833542,0.833542,0.833542,0.833542,0,0
TQIR.DE,D,20070529,000000,0.833542,0.833542,0.833542,0.833542,0,0
TQIR.DE,D,20070530,000000,0.833542,0.833542,0.833542,0.833542,0,0
TQIR.DE,D,20070531,000000,0.828668,0.828668,0.818919,0.818919,10000,0
TQIR.DE,D,20070601,000000,0.828668,0.828668,0.828668,0.828668,6600,0
TQIR.DE,D,20070604,000000,0.838417,0.838417,0.838417,0.838417,6600,0
TQIR.DE,D,20070605,000000,0.838417,0.838417,0.838417,0.838417,0,0
TQIR.DE,D,20070606,000000,0.838417,0.838417,0.838417,0.838417,0,0
TQIR.DE,D,20070607,000000,0.794546,0.818919,0.765299,0.818919,19569,0
TQIR.DE,D,20070608,000000,0.80917,0.814044,0.804295,0.804295,8200,0
TQIR.DE,D,20070611,000000,0.799421,0.799421,0.799421,0.799421,3000,0
TQIR.DE,D,20070612,000000,0.799421,0.799421,0.799421,0.799421,3500,0
TQIR.DE,D,20070613,000000,0.784797,0.789672,0.784797,0.789672,8700,0
TQIR.DE,D,20070614,000000,0.794546,0.818919,0.794546,0.814044,7620,0
TQIR.DE,D,20070615,000000,0.828668,0.828668,0.823793,0.823793,12000,0
TQIR.DE,D,20070618,000000,0.823793,0.823793,0.823793,0.823793,0,0
TQIR.DE,D,20070619,000000,0.823793,0.823793,0.823793,0.823793,0,0
TQIR.DE,D,20070620,000000,0.823793,0.823793,0.823793,0.823793,0,0
TQIR.DE,D,20070621,000000,0.80917,0.80917,0.80917,0.80917,10000,0
TQIR.DE,D,20070622,000000,0.80917,0.823793,0.80917,0.823793,3020,0
TQIR.DE,D,20070625,000000,0.804295,0.804295,0.804295,0.804295,7000,0
TQIR.DE,D,20070628,000000,0.80917,0.80917,0.80917,0.80917,200,0
TQIR.DE,D,20070629,000000,0.80917,0.80917,0.80917,0.80917,0,0
TQIR.DE,D,20070702,000000,0.80917,0.80917,0.80917,0.80917,0,0
TQIR.DE,D,20070703,000000,0.80917,0.80917,0.80917,0.80917,0,0
TQIR.DE,D,20070704,000000,0.80917,0.80917,0.80917,0.80917,0,0
TQIR.DE,D,20070705,000000,0.80917,0.80917,0.80917,0.80917,0,0
TQIR.DE,D,20070706,000000,0.80917,0.80917,0.80917,0.80917,0,0
TQIR.DE,D,20070709,000000,0.80917,0.80917,0.80917,0.80917,0,0
TQIR.DE,D,20070710,000000,0.80917,0.80917,0.80917,0.80917,0,0
TQIR.DE,D,20070711,000000,0.779923,0.779923,0.779923,0.779923,3000,0
TQIR.DE,D,20070712,000000,0.779923,0.779923,0.779923,0.779923,0,0
TQIR.DE,D,20070713,000000,0.779923,0.779923,0.779923,0.779923,0,0
TQIR.DE,D,20070716,000000,0.779923,0.779923,0.779923,0.779923,0,0
TQIR.DE,D,20070717,000000,0.779923,0.779923,0.779923,0.779923,0,0
TQIR.DE,D,20070718,000000,0.779923,0.779923,0.779923,0.779923,0,0
TQIR.DE,D,20070719,000000,0.838417,0.838417,0.838417,0.838417,1650,0
TQIR.DE,D,20070720,000000,0.838417,0.838417,0.838417,0.838417,0,0
TQIR.DE,D,20070723,000000,0.838417,0.838417,0.838417,0.838417,0,0
TQIR.DE,D,20070724,000000,0.838417,0.838417,0.838417,0.838417,0,0
TQIR.DE,D,20070725,000000,0.838417,0.838417,0.838417,0.838417,0,0
TQIR.DE,D,20070726,000000,0.779923,0.779923,0.779923,0.779923,500,0
TQIR.DE,D,20070727,000000,0.779923,0.779923,0.779923,0.779923,0,0
TQIR.DE,D,20070730,000000,0.779923,0.779923,0.779923,0.779923,0,0
TQIR.DE,D,20070731,000000,0.779923,0.779923,0.779923,0.779923,3500,0
TQIR.DE,D,20070801,000000,0.779923,0.779923,0.779923,0.779923,0,0
TQIR.DE,D,20070802,000000,0.779923,0.779923,0.779923,0.779923,0,0
TQIR.DE,D,20070803,000000,0.779923,0.779923,0.779923,0.779923,0,0
TQIR.DE,D,20070806,000000,0.75555,0.75555,0.750676,0.750676,5000,0
TQIR.DE,D,20070807,000000,0.750676,0.750676,0.750676,0.750676,0,0
TQIR.DE,D,20070808,000000,0.760425,0.760425,0.760425,0.760425,3500,0
TQIR.DE,D,20070809,000000,0.760425,0.760425,0.760425,0.760425,0,0
TQIR.DE,D,20070810,000000,0.745801,0.745801,0.740927,0.740927,3500,0
TQIR.DE,D,20070813,000000,0.740927,0.740927,0.740927,0.740927,0,0
TQIR.DE,D,20070814,000000,0.740927,0.740927,0.740927,0.740927,0,0
TQIR.DE,D,20070815,000000,0.740927,0.740927,0.740927,0.740927,0,0
TQIR.DE,D,20070816,000000,0.711679,0.711679,0.706805,0.706805,11000,0
TQIR.DE,D,20070817,000000,0.706805,0.706805,0.706805,0.706805,0,0
TQIR.DE,D,20070820,000000,0.706805,0.706805,0.706805,0.706805,0,0
TQIR.DE,D,20070821,000000,0.706805,0.706805,0.706805,0.706805,0,0
TQIR.DE,D,20070822,000000,0.706805,0.706805,0.706805,0.706805,0,0
TQIR.DE,D,20070823,000000,0.706805,0.706805,0.706805,0.706805,0,0
TQIR.DE,D,20070824,000000,0.706805,0.706805,0.706805,0.706805,0,0
TQIR.DE,D,20070827,000000,0.706805,0.706805,0.706805,0.706805,0,0
TQIR.DE,D,20070828,000000,0.706805,0.706805,0.706805,0.706805,0,0
TQIR.DE,D,20070829,000000,0.706805,0.706805,0.706805,0.706805,0,0
TQIR.DE,D,20070830,000000,0.706805,0.706805,0.706805,0.706805,0,0
TQIR.DE,D,20070831,000000,0.706805,0.706805,0.706805,0.706805,0,0
TQIR.DE,D,20070903,000000,0.706805,0.706805,0.706805,0.706805,0,0
TQIR.DE,D,20070904,000000,0.706805,0.706805,0.706805,0.706805,0,0
TQIR.DE,D,20070905,000000,0.706805,0.706805,0.706805,0.706805,0,0
TQIR.DE,D,20070906,000000,0.706805,0.706805,0.706805,0.706805,0,0
TQIR.DE,D,20070907,000000,0.706805,0.706805,0.706805,0.706805,0,0
TQIR.DE,D,20070910,000000,0.706805,0.706805,0.706805,0.706805,0,0
TQIR.DE,D,20070911,000000,0.706805,0.706805,0.706805,0.706805,0,0
TQIR.DE,D,20070912,000000,0.706805,0.706805,0.706805,0.706805,0,0
TQIR.DE,D,20070913,000000,0.838417,0.838417,0.838417,0.838417,1000,0
TQIR.DE,D,20070914,000000,0.867664,0.867664,0.867664,0.867664,40,0
TQIR.DE,D,20070917,000000,0.848166,0.848166,0.848166,0.848166,1000,0
TQIR.DE,D,20070918,000000,0.848166,0.848166,0.848166,0.848166,0,0
TQIR.DE,D,20070919,000000,0.848166,0.848166,0.848166,0.848166,0,0
TQIR.DE,D,20070920,000000,0.848166,0.848166,0.848166,0.848166,0,0
TQIR.DE,D,20070921,000000,0.848166,0.848166,0.828668,0.828668,400,0
TQIR.DE,D,20070924,000000,0.828668,0.828668,0.828668,0.828668,0,0
TQIR.DE,D,20070925,000000,0.828668,0.828668,0.828668,0.828668,0,0
TQIR.DE,D,20070926,000000,0.828668,0.828668,0.828668,0.828668,0,0
TQIR.DE,D,20070927,000000,0.828668,0.828668,0.828668,0.828668,0,0
TQIR.DE,D,20070928,000000,0.828668,0.828668,0.828668,0.828668,0,0
TQIR.DE,D,20071001,000000,0.828668,0.828668,0.828668,0.828668,0,0
TQIR.DE,D,20071002,000000,0.828668,0.828668,0.828668,0.828668,0,0
TQIR.DE,D,20071003,000000,0.818919,0.818919,0.818919,0.818919,1800,0
TQIR.DE,D,20071004,000000,0.818919,0.818919,0.818919,0.818919,0,0
TQIR.DE,D,20071005,000000,0.818919,0.818919,0.818919,0.818919,0,0
TQIR.DE,D,20071008,000000,0.818919,0.818919,0.818919,0.818919,0,0
TQIR.DE,D,20071009,000000,0.814044,0.814044,0.794546,0.794546,1350,0
TQIR.DE,D,20071010,000000,0.818919,0.818919,0.818919,0.818919,2000,0
TQIR.DE,D,20071011,000000,0.818919,0.818919,0.818919,0.818919,0,0
TQIR.DE,D,20071012,000000,0.818919,0.818919,0.818919,0.818919,0,0
TQIR.DE,D,20071015,000000,0.823793,0.823793,0.823793,0.823793,2500,0
TQIR.DE,D,20071016,000000,0.828668,0.828668,0.828668,0.828668,1600,0
TQIR.DE,D,20071017,000000,0.828668,0.828668,0.828668,0.828668,0,0
TQIR.DE,D,20071018,000000,0.828668,0.828668,0.828668,0.828668,0,0
TQIR.DE,D,20071019,000000,0.828668,0.828668,0.828668,0.828668,0,0
TQIR.DE,D,20071022,000000,0.833542,0.833542,0.833542,0.833542,1000,0
TQIR.DE,D,20071023,000000,0.833542,0.833542,0.833542,0.833542,0,0
TQIR.DE,D,20071024,000000,0.833542,0.833542,0.833542,0.833542,0,0
TQIR.DE,D,20071025,000000,0.838417,0.85304,0.838417,0.85304,7000,0
TQIR.DE,D,20071026,000000,0.882288,0.882288,0.882288,0.882288,1000,0
TQIR.DE,D,20071029,000000,0.882288,0.882288,0.882288,0.882288,0,0
TQIR.DE,D,20071030,000000,0.877413,0.877413,0.877413,0.877413,750,0
TQIR.DE,D,20071031,000000,0.877413,0.877413,0.877413,0.877413,0,0
TQIR.DE,D,20071101,000000,0.877413,0.877413,0.877413,0.877413,0,0
TQIR.DE,D,20071102,000000,0.877413,0.877413,0.877413,0.877413,0,0
TQIR.DE,D,20071105,000000,0.877413,0.877413,0.877413,0.877413,0,0
TQIR.DE,D,20071106,000000,0.877413,0.877413,0.877413,0.877413,0,0
TQIR.DE,D,20071107,000000,0.877413,0.877413,0.877413,0.877413,556,0
TQIR.DE,D,20071108,000000,0.877413,0.877413,0.877413,0.877413,0,0
TQIR.DE,D,20071109,000000,0.877413,0.877413,0.877413,0.877413,0,0
TQIR.DE,D,20071112,000000,0.877413,0.877413,0.877413,0.877413,0,0
TQIR.DE,D,20071113,000000,0.877413,0.877413,0.877413,0.877413,0,0
TQIR.DE,D,20071114,000000,0.877413,0.877413,0.877413,0.877413,0,0
TQIR.DE,D,20071115,000000,0.877413,0.877413,0.877413,0.877413,0,0
TQIR.DE,D,20071116,000000,0.833542,0.833542,0.833542,0.833542,600,0
TQIR.DE,D,20071119,000000,0.85304,0.85304,0.85304,0.85304,750,0
TQIR.DE,D,20071120,000000,0.85304,0.85304,0.85304,0.85304,0,0
TQIR.DE,D,20071121,000000,0.85304,0.85304,0.85304,0.85304,0,0
TQIR.DE,D,20071122,000000,0.85304,0.85304,0.85304,0.85304,0,0
TQIR.DE,D,20071123,000000,0.85304,0.85304,0.85304,0.85304,0,0
TQIR.DE,D,20071126,000000,0.85304,0.85304,0.85304,0.85304,0,0
TQIR.DE,D,20071127,000000,0.85304,0.85304,0.85304,0.85304,0,0
TQIR.DE,D,20071128,000000,0.85304,0.85304,0.85304,0.85304,0,0
TQIR.DE,D,20071129,000000,0.85304,0.85304,0.85304,0.85304,0,0
TQIR.DE,D,20071130,000000,0.85304,0.85304,0.85304,0.85304,0,0
TQIR.DE,D,20071203,000000,0.85304,0.85304,0.85304,0.85304,0,0
TQIR.DE,D,20071204,000000,0.85304,0.85304,0.85304,0.85304,0,0
TQIR.DE,D,20071205,000000,0.85304,0.85304,0.85304,0.85304,0,0
TQIR.DE,D,20071206,000000,0.85304,0.85304,0.85304,0.85304,0,0
TQIR.DE,D,20071207,000000,0.85304,0.85304,0.85304,0.85304,0,0
TQIR.DE,D,20071210,000000,0.85304,0.85304,0.85304,0.85304,0,0
TQIR.DE,D,20071211,000000,0.85304,0.85304,0.85304,0.85304,0,0
TQIR.DE,D,20071212,000000,0.85304,0.85304,0.85304,0.85304,0,0
TQIR.DE,D,20071213,000000,0.85304,0.85304,0.85304,0.85304,0,0
TQIR.DE,D,20071214,000000,0.85304,0.85304,0.85304,0.85304,0,0
TQIR.DE,D,20071217,000000,0.85304,0.85304,0.85304,0.85304,0,0
TQIR.DE,D,20071218,000000,0.85304,0.85304,0.85304,0.85304,0,0
TQIR.DE,D,20071219,000000,0.85304,0.85304,0.85304,0.85304,0,0
TQIR.DE,D,20071220,000000,0.85304,0.85304,0.85304,0.85304,0,0
TQIR.DE,D,20071221,000000,0.85304,0.85304,0.85304,0.85304,0,0
TQIR.DE,D,20071227,000000,0.80917,0.80917,0.80917,0.80917,12500,0
TQIR.DE,D,20071228,000000,0.80917,0.80917,0.80917,0.80917,12500,0
TQIR.DE,D,20080102,000000,0.80917,0.80917,0.80917,0.80917,0,0
TQIR.DE,D,20080103,000000,0.80917,0.80917,0.80917,0.80917,0,0
TQIR.DE,D,20080104,000000,0.80917,0.80917,0.80917,0.80917,0,0
TQIR.DE,D,20080107,000000,0.80917,0.80917,0.80917,0.80917,0,0
TQIR.DE,D,20080108,000000,0.80917,0.80917,0.80917,0.80917,0,0
TQIR.DE,D,20080109,000000,0.80917,0.80917,0.80917,0.80917,0,0
TQIR.DE,D,20080110,000000,0.789672,0.789672,0.789672,0.789672,500,0
TQIR.DE,D,20080111,000000,0.789672,0.789672,0.789672,0.789672,500,0
TQIR.DE,D,20080114,000000,0.789672,0.789672,0.789672,0.789672,0,0
TQIR.DE,D,20080115,000000,0.789672,0.789672,0.789672,0.789672,0,0
TQIR.DE,D,20080116,000000,0.789672,0.789672,0.789672,0.789672,0,0
TQIR.DE,D,20080117,000000,0.789672,0.789672,0.789672,0.789672,0,0
TQIR.DE,D,20080118,000000,0.789672,0.789672,0.789672,0.789672,0,0
TQIR.DE,D,20080121,000000,0.789672,0.789672,0.789672,0.789672,0,0
TQIR.DE,D,20080122,000000,0.706805,0.706805,0.706805,0.706805,1750,0
TQIR.DE,D,20080123,000000,0.721429,0.721429,0.721429,0.721429,1750,0
TQIR.DE,D,20080124,000000,0.721429,0.721429,0.721429,0.721429,1750,0
TQIR.DE,D,20080125,000000,0.721429,0.721429,0.721429,0.721429,0,0
TQIR.DE,D,20080128,000000,0.721429,0.721429,0.721429,0.721429,0,0
TQIR.DE,D,20080129,000000,0.721429,0.721429,0.721429,0.721429,0,0
TQIR.DE,D,20080130,000000,0.721429,0.721429,0.721429,0.721429,0,0
TQIR.DE,D,20080131,000000,0.721429,0.721429,0.721429,0.721429,0,0
TQIR.DE,D,20080201,000000,0.721429,0.721429,0.721429,0.721429,0,0
TQIR.DE,D,20080204,000000,0.721429,0.721429,0.721429,0.721429,0,0
TQIR.DE,D,20080205,000000,0.721429,0.721429,0.721429,0.721429,0,0
TQIR.DE,D,20080206,000000,0.721429,0.721429,0.721429,0.721429,0,0
TQIR.DE,D,20080207,000000,0.721429,0.721429,0.721429,0.721429,0,0
TQIR.DE,D,20080208,000000,0.740927,0.740927,0.740927,0.740927,2000,0
TQIR.DE,D,20080211,000000,0.740927,0.740927,0.740927,0.740927,2000,0
TQIR.DE,D,20080212,000000,0.736052,0.736052,0.721429,0.731178,23500,0
TQIR.DE,D,20080213,000000,0.731178,0.731178,0.731178,0.731178,23500,0
TQIR.DE,D,20080214,000000,0.731178,0.731178,0.731178,0.731178,0,0
TQIR.DE,D,20080215,000000,0.716554,0.716554,0.692181,0.692181,11000,0
TQIR.DE,D,20080218,000000,0.672683,0.692181,0.672683,0.692181,2000,0
TQIR.DE,D,20080219,000000,0.662934,0.677558,0.662934,0.677558,11250,0
TQIR.DE,D,20080220,000000,0.65806,0.65806,0.65806,0.65806,1000,0
TQIR.DE,D,20080221,000000,0.65806,0.65806,0.65806,0.65806,1000,0
TQIR.DE,D,20080222,000000,0.638562,0.667809,0.638562,0.667809,1800,0
TQIR.DE,D,20080225,000000,0.667809,0.667809,0.667809,0.667809,400,0
TQIR.DE,D,20080226,000000,0.648311,0.648311,0.648311,0.648311,10000,0
TQIR.DE,D,20080227,000000,0.648311,0.648311,0.648311,0.648311,10000,0
TQIR.DE,D,20080229,000000,0.633687,0.633687,0.623938,0.623938,1500,0
TQIR.DE,D,20080303,000000,0.623938,0.623938,0.599566,0.614189,15100,0
TQIR.DE,D,20080304,000000,0.599566,0.599566,0.599566,0.599566,400,0
TQIR.DE,D,20080305,000000,0.589817,0.589817,0.589817,0.589817,4300,0
TQIR.DE,D,20080306,000000,0.614189,0.614189,0.614189,0.614189,1500,0
TQIR.DE,D,20080307,000000,0.580068,0.580068,0.541071,0.555695,44800,0
TQIR.DE,D,20080310,000000,0.555695,0.555695,0.555695,0.555695,44800,0
TQIR.DE,D,20080311,000000,0.536197,0.536197,0.536197,0.536197,3500,0
TQIR.DE,D,20080313,000000,0.541071,0.541071,0.541071,0.541071,450,0
TQIR.DE,D,20080317,000000,0.531322,0.531322,0.50695,0.50695,4587,0
TQIR.DE,D,20080318,000000,0.492326,0.492326,0.477703,0.477703,9902,0
TQIR.DE,D,20080319,000000,0.502075,0.502075,0.472828,0.472828,33350,0
TQIR.DE,D,20080320,000000,0.467954,0.467954,0.467954,0.467954,300,0
TQIR.DE,D,20080325,000000,0.502075,0.502075,0.497201,0.497201,20000,0
TQIR.DE,D,20080326,000000,0.516699,0.516699,0.516699,0.516699,98,0
TQIR.DE,D,20080327,000000,0.536197,0.536197,0.536197,0.536197,800,0
TQIR.DE,D,20080331,000000,0.511824,0.511824,0.50695,0.50695,10000,0
TQIR.DE,D,20080401,000000,0.526448,0.526448,0.526448,0.526448,18000,0
TQIR.DE,D,20080403,000000,0.560569,0.565444,0.560569,0.565444,5000,0
TQIR.DE,D,20080404,000000,0.570318,0.570318,0.570318,0.570318,97220,0
TQIR.DE,D,20080410,000000,0.570318,0.570318,0.570318,0.570318,12000,0
TQIR.DE,D,20080411,000000,0.594691,0.594691,0.594691,0.594691,1500,0
TQIR.DE,D,20080417,000000,0.541071,0.541071,0.541071,0.541071,15000,0
TQIR.DE,D,20080418,000000,0.516699,0.516699,0.516699,0.516699,14500,0
TQIR.DE,D,20080421,000000,0.554558,0.554558,0.554558,0.554558,5000,0
TQIR.DE,D,20080422,000000,0.554558,0.554558,0.554558,0.554558,5000,0
TQIR.DE,D,20080423,000000,0.586552,0.586552,0.586552,0.586552,10002,0
TQIR.DE,D,20080430,000000,0.55989,0.55989,0.55989,0.55989,5000,0
TQIR.DE,D,20080506,000000,0.55989,0.55989,0.55989,0.55989,1500,0
TQIR.DE,D,20080508,000000,0.570555,0.570555,0.570555,0.570555,2000,0
TQIR.DE,D,20080509,000000,0.55989,0.55989,0.55989,0.55989,150,0
TQIR.DE,D,20080526,000000,0.602549,0.602549,0.602549,0.602549,30000,0
TQIR.DE,D,20080527,000000,0.623878,0.623878,0.623878,0.623878,500,0
TQIR.DE,D,20080612,000000,0.618546,0.618546,0.618546,0.618546,5000,0
TQIR.DE,D,20080616,000000,0.565223,0.565223,0.565223,0.565223,2000,0
TQIR.DE,D,20080620,000000,0.570555,0.570555,0.570555,0.570555,290,0
TQIR.DE,D,20080701,000000,0.543893,0.543893,0.543893,0.543893,1000,0
TQIR.DE,D,20080703,000000,0.554558,0.554558,0.554558,0.554558,3000,0
TQIR.DE,D,20080715,000000,0.506567,0.506567,0.506567,0.506567,10000,0
TQIR.DE,D,20080722,000000,0.469241,0.469241,0.469241,0.469241,1150,0
TQIR.DE,D,20080730,000000,0.469241,0.469241,0.469241,0.469241,20000,0
TQIR.DE,D,20080814,000000,0.485238,0.485238,0.485238,0.485238,2000,0
TQIR.DE,D,20080818,000000,0.506567,0.506567,0.506567,0.506567,400,0
TQIR.DE,D,20080821,000000,0.447912,0.453245,0.447912,0.453245,4750,0
TQIR.DE,D,20080822,000000,0.447912,0.447912,0.447912,0.447912,9750,0
TQIR.DE,D,20080929,000000,0.447912,0.447912,0.447912,0.447912,0,0
TQIR.DE,D,20081006,000000,0.447912,0.447912,0.447912,0.447912,0,0
TQIR.DE,D,20081007,000000,0.335934,0.335934,0.335934,0.335934,34998,0
TQIR.DE,D,20081009,000000,0.32527,0.32527,0.32527,0.32527,2000,0
TQIR.DE,D,20081015,000000,0.346599,0.346599,0.346599,0.346599,3000,0
TQIR.DE,D,20081020,000000,0.37326,0.37326,0.37326,0.37326,5000,0
TQIR.DE,D,20081028,000000,0.335934,0.335934,0.335934,0.335934,9000,0
TQIR.DE,D,20081029,000000,0.335934,0.335934,0.335934,0.335934,5000,0
TQIR.DE,D,20081104,000000,0.357263,0.357263,0.357263,0.357263,5000,0
TQIR.DE,D,20081105,000000,0.426583,0.426583,0.426583,0.426583,1000,0
TQIR.DE,D,20081110,000000,0.383925,0.383925,0.383925,0.383925,4000,0
TQIR.DE,D,20081111,000000,0.410586,0.410586,0.410586,0.410586,5207,0
TQIR.DE,D,20081119,000000,0.399922,0.399922,0.399922,0.399922,110,0
TQIR.DE,D,20081218,000000,0.37326,0.37326,0.37326,0.37326,2000,0
TQIR.DE,D,20081230,000000,0.383925,0.383925,0.383925,0.383925,3980,0
TQIR.DE,D,20090317,000000,0.346599,0.346599,0.346599,0.346599,1500,0
TQIR.DE,D,20090324,000000,0.330602,0.330602,0.330602,0.330602,300,0
TQIR.DE,D,20090327,000000,0.394589,0.394589,0.394589,0.394589,5000,0
TQIR.DE,D,20090330,000000,0.394589,0.394589,0.389257,0.389257,60000,0
TQIR.DE,D,20090331,000000,0.394589,0.394589,0.394589,0.394589,25000,0
TQIR.DE,D,20090402,000000,0.426583,0.426583,0.426583,0.426583,150,0
TQIR.DE,D,20090408,000000,0.410586,0.410586,0.410586,0.410586,2000,0
TQIR.DE,D,20090427,000000,0.393792,0.393792,0.393792,0.393792,3300,0
TQIR.DE,D,20090428,000000,0.399583,0.399583,0.399583,0.399583,600,0
TQIR.DE,D,20090608,000000,0.399583,0.399583,0.399583,0.399583,700,0
TQIR.DE,D,20090907,000000,0.49224,0.49224,0.49224,0.49224,0,0
TQIR.DE,D,20090918,000000,0.509613,0.509613,0.509613,0.509613,1500,0
TQIR.DE,D,20090925,000000,0.509613,0.509613,0.509613,0.509613,1000,0
TQIR.DE,D,20091130,000000,0.445912,0.445912,0.445912,0.445912,10000,0
TQIR.DE,D,20100118,000000,0.445912,0.445912,0.445912,0.445912,1500,0
TQIR.DE,D,20100202,000000,0.503822,0.503822,0.503822,0.503822,1500,0
TQIR.DE,D,20100217,000000,0.509613,0.509613,0.509613,0.509613,10000,0
TQIR.DE,D,20100218,000000,0.503822,0.503822,0.503822,0.503822,5600,0
TQIR.DE,D,20100222,000000,0.498031,0.498031,0.498031,0.498031,1200,0
TQIR.DE,D,20100224,000000,0.463285,0.474867,0.463285,0.474867,3800,0
TQIR.DE,D,20100225,000000,0.463285,0.463285,0.457494,0.457494,16500,0
TQIR.DE,D,20100226,000000,0.454598,0.454598,0.454598,0.454598,1500,0
TQIR.DE,D,20100302,000000,0.463285,0.463285,0.463285,0.463285,1000,0
TQIR.DE,D,20100303,000000,0.463285,0.463285,0.463285,0.463285,2500,0
TQIR.DE,D,20100304,000000,0.509613,0.509613,0.509613,0.509613,1000,0
TQIR.DE,D,20100305,000000,0.457494,0.469076,0.457494,0.463285,1600,0
TQIR.DE,D,20100308,000000,0.480658,0.480658,0.458073,0.477763,16200,0
TQIR.DE,D,20100309,000000,0.467918,0.467918,0.467918,0.467918,7300,0
TQIR.DE,D,20100312,000000,0.483554,0.483554,0.483554,0.483554,1560,0
TQIR.DE,D,20100322,000000,0.483554,0.483554,0.483554,0.483554,2400,0
TQIR.DE,D,20100323,000000,0.486449,0.486449,0.486449,0.486449,1500,0
TQIR.DE,D,20100324,000000,0.474867,0.474867,0.474867,0.474867,5200,0
TQIR.DE,D,20100329,000000,0.483554,0.483554,0.483554,0.483554,4000,0
TQIR.DE,D,20100330,000000,0.486449,0.486449,0.486449,0.486449,2900,0
TQIR.DE,D,20100331,000000,0.471392,0.471392,0.471392,0.471392,4400,0
TQIR.DE,D,20100427,000000,0.502664,0.502664,0.502664,0.502664,3000,0
TQIR.DE,D,20100430,000000,0.503822,0.503822,0.503822,0.503822,15725,0
TQIR.DE,D,20100504,000000,0.498031,0.498031,0.498031,0.498031,8000,0
TQIR.DE,D,20100506,000000,0.465022,0.465022,0.465022,0.465022,500,0
TQIR.DE,D,20100507,000000,0.462706,0.463285,0.449386,0.451703,31800,0
TQIR.DE,D,20100510,000000,0.469076,0.469076,0.469076,0.469076,170,0
TQIR.DE,D,20100511,000000,0.49224,0.49224,0.49224,0.49224,175,0
TQIR.DE,D,20100512,000000,0.503822,0.503822,0.503822,0.503822,2005,0
TQIR.DE,D,20100514,000000,0.499189,0.499189,0.483554,0.483554,13000,0
TQIR.DE,D,20100517,000000,0.491082,0.491082,0.491082,0.491082,60000,0
TQIR.DE,D,20100519,000000,0.486449,0.486449,0.486449,0.486449,1000,0
TQIR.DE,D,20100527,000000,0.472711,0.472711,0.472711,0.472711,5773,0
TQIR.DE,D,20100531,000000,0.471462,0.471462,0.471462,0.471462,2903,0
TQIR.DE,D,20100609,000000,0.45148,0.45148,0.45148,0.45148,4900,0
TQIR.DE,D,20100621,000000,0.493318,0.493318,0.493318,0.493318,3200,0
TQIR.DE,D,20100622,000000,0.487074,0.487074,0.487074,0.487074,2000,0
TQIR.DE,D,20100624,000000,0.487074,0.487074,0.487074,0.487074,14000,0
TQIR.DE,D,20100629,000000,0.480829,0.480829,0.480829,0.480829,15000,0
TQIR.DE,D,20100630,000000,0.46834,0.46834,0.46834,0.46834,4000,0
TQIR.DE,D,20100706,000000,0.470213,0.470213,0.470213,0.470213,800,0
TQIR.DE,D,20100714,000000,0.447109,0.447109,0.447109,0.447109,1000,0
TQIR.DE,D,20100728,000000,0.499563,0.499563,0.499563,0.499563,4130,0
TQIR.DE,D,20100730,000000,0.497065,0.497065,0.497065,0.497065,1500,0
TQIR.DE,D,20100813,000000,0.53703,0.53703,0.53703,0.53703,6000,0
TQIR.DE,D,20100908,000000,0.535157,0.535157,0.535157,0.535157,6000,0
TQIR.DE,D,20100916,000000,0.515174,0.515174,0.515174,0.515174,10000,0
TQIR.DE,D,20101019,000000,0.546397,0.546397,0.546397,0.546397,1200,0
TQIR.DE,D,20101021,000000,0.555763,0.568253,0.555763,0.568253,10000,0
TQIR.DE,D,20101022,000000,0.558886,0.558886,0.558886,0.558886,200,0
TQIR.DE,D,20101115,000000,0.519545,0.519545,0.519545,0.519545,1000,0
TQIR.DE,D,20101116,000000,0.530785,0.530785,0.530785,0.530785,650,0
TQIR.DE,D,20101123,000000,0.521419,0.521419,0.521419,0.521419,3547,0
TQIR.DE,D,20101124,000000,0.508305,0.508305,0.508305,0.508305,11853,0
TQIR.DE,D,20101217,000000,0.515798,0.515798,0.515798,0.515798,680,0
TQIR.DE,D,20101223,000000,0.513925,0.513925,0.513925,0.513925,11600,0
TQIR.DE,D,20110117,000000,0.521419,0.521419,0.521419,0.521419,1000,0
TQIR.DE,D,20110127,000000,0.543274,0.543274,0.543274,0.543274,5000,0
TQIR.DE,D,20110210,000000,0.538279,0.538279,0.538279,0.538279,1200,0
TQIR.DE,D,20110211,000000,0.543274,0.543274,0.543274,0.543274,200,0
TQIR.DE,D,20110225,000000,0.568253,0.568253,0.568253,0.568253,5000,0
TQIR.DE,D,20110228,000000,0.580742,0.580742,0.580742,0.580742,5000,0
TQIR.DE,D,20110301,000000,0.621331,0.621331,0.621331,0.621331,2000,0
TQIR.DE,D,20110302,000000,0.596353,0.596353,0.596353,0.596353,14000,0
TQIR.DE,D,20110308,000000,0.618209,0.618209,0.618209,0.618209,6700,0
TQIR.DE,D,20110309,000000,0.615711,0.615711,0.615711,0.615711,3159,0
TQIR.DE,D,20110311,000000,0.623829,0.623829,0.623829,0.623829,1000,0
TQIR.DE,D,20110314,000000,0.618209,0.618209,0.618209,0.618209,11000,0
TQIR.DE,D,20110316,000000,0.607593,0.607593,0.607593,0.607593,1000,0
TQIR.DE,D,20110324,000000,0.583864,0.583864,0.583864,0.583864,800,0
TQIR.DE,D,20110330,000000,0.608218,0.608218,0.608218,0.608218,5000,0
TQIR.DE,D,20110401,000000,0.596977,0.596977,0.596977,0.596977,8150,0
TQIR.DE,D,20110404,000000,0.603222,0.608218,0.603222,0.608218,2,0
TQIR.DE,D,20110405,000000,0.574497,0.574497,0.574497,0.574497,330,0
TQIR.DE,D,20110408,000000,0.597602,0.597602,0.597602,0.597602,11035,0
TQIR.DE,D,20110420,000000,0.565299,0.565299,0.565299,0.565299,10000,0
TQIR.DE,D,20110426,000000,0.576067,0.576067,0.576067,0.576067,13240,0
TQIR.DE,D,20110427,000000,0.578759,0.578759,0.578759,0.578759,1390,0
TQIR.DE,D,20110504,000000,0.592218,0.592218,0.592218,0.592218,3500,0
TQIR.DE,D,20110509,000000,0.584815,0.584815,0.584815,0.584815,600,0
TQIR.DE,D,20110518,000000,0.582123,0.582123,0.582123,0.582123,1500,0
TQIR.DE,D,20110527,000000,0.566645,0.566645,0.566645,0.566645,650,0
TQIR.DE,D,20110606,000000,0.559242,0.559242,0.559242,0.559242,4000,0
TQIR.DE,D,20110607,000000,0.572702,0.572702,0.572702,0.572702,650,0
TQIR.DE,D,20110628,000000,0.516845,0.516845,0.516845,0.516845,2500,0
TQIR.DE,D,20110705,000000,0.543091,0.543091,0.534342,0.534342,4000,0
TQIR.DE,D,20110706,000000,0.524921,0.524921,0.524921,0.524921,6000,0
TQIR.DE,D,20110707,000000,0.517518,0.517518,0.517518,0.517518,1000,0
TQIR.DE,D,20110708,000000,0.506077,0.506077,0.504731,0.504731,1700,0
TQIR.DE,D,20110711,000000,0.492618,0.492618,0.492618,0.492618,4000,0
TQIR.DE,D,20110712,000000,0.471083,0.471083,0.471083,0.471083,10000,0
TQIR.DE,D,20110715,000000,0.507423,0.507423,0.507423,0.507423,2000,0
TQIR.DE,D,20110720,000000,0.498002,0.498002,0.498002,0.498002,4000,0
TQIR.DE,D,20110721,000000,0.512807,0.512807,0.512807,0.512807,5000,0
TQIR.DE,D,20110725,000000,0.512807,0.512807,0.512807,0.512807,339604,0
TQIR.DE,D,20110727,000000,0.496656,0.496656,0.496656,0.496656,500,0
TQIR.DE,D,20110801,000000,0.491272,0.491272,0.491272,0.491272,3500,0
TQIR.DE,D,20110804,000000,0.484542,0.484542,0.477812,0.477812,11000,0
TQIR.DE,D,20110805,000000,0.464353,0.464353,0.464353,0.464353,15000,0
TQIR.DE,D,20110810,000000,0.489253,0.489253,0.489253,0.489253,0,0
TQIR.DE,D,20110812,000000,0.483869,0.483869,0.483869,0.483869,0,0
TQIR.DE,D,20110816,000000,0.491945,0.491945,0.491945,0.491945,5000,0
TQIR.DE,D,20110822,000000,0.502712,0.502712,0.502712,0.502712,8000,0
TQIR.DE,D,20110825,000000,0.486561,0.486561,0.486561,0.486561,200,0
TQIR.DE,D,20110830,000000,0.489253,0.489253,0.489253,0.489253,1903,0
TQIR.DE,D,20110831,000000,0.509442,0.509442,0.509442,0.509442,1350,0
TQIR.DE,D,20110907,000000,0.491272,0.491272,0.491272,0.491272,1500,0
TQIR.DE,D,20110908,000000,0.489926,0.489926,0.489926,0.489926,4000,0
TQIR.DE,D,20110913,000000,0.451566,0.451566,0.451566,0.451566,3000,0
TQIR.DE,D,20110914,000000,0.448874,0.448874,0.448874,0.448874,1000,0
TQIR.DE,D,20110916,000000,0.471083,0.471083,0.471083,0.471083,3000,0
TQIR.DE,D,20110922,000000,0.457623,0.457623,0.448874,0.448874,850,0
TQIR.DE,D,20110923,000000,0.438107,0.438107,0.438107,0.438107,5000,0
TQIR.DE,D,20110930,000000,0.498002,0.498002,0.498002,0.498002,175,0
TQIR.DE,D,20111004,000000,0.487907,0.487907,0.487907,0.487907,250,0
TQIR.DE,D,20111010,000000,0.490599,0.490599,0.490599,0.490599,990,0
TQIR.DE,D,20111019,000000,0.460988,0.460988,0.460988,0.460988,100,0
TQIR.DE,D,20111031,000000,0.479831,0.479831,0.479831,0.479831,0,0
TQIR.DE,D,20111116,000000,0.487907,0.487907,0.487907,0.487907,500,0
TQIR.DE,D,20111121,000000,0.484542,0.484542,0.484542,0.484542,5000,0
TQIR.DE,D,20111201,000000,0.477812,0.477812,0.477812,0.477812,4000,0
TQIR.DE,D,20120106,000000,0.473774,0.473774,0.473774,0.473774,560,0
TQIR.DE,D,20120118,000000,0.474447,0.474447,0.474447,0.474447,1000,0
TQIR.DE,D,20120125,000000,0.439453,0.439453,0.439453,0.439453,1000,0
TQIR.DE,D,20120126,000000,0.437434,0.437434,0.437434,0.437434,11000,0
TQIR.DE,D,20120302,000000,0.471083,0.471083,0.471083,0.471083,3000,0
TQIR.DE,D,20120306,000000,0.468391,0.468391,0.468391,0.468391,6112,0
TQIR.DE,D,20120312,000000,0.468391,0.47512,0.468391,0.47512,0,0
TQIR.DE,D,20120313,000000,0.461661,0.461661,0.461661,0.461661,5000,0
TQIR.DE,D,20120402,000000,0.491272,0.491272,0.491272,0.491272,6000,0
TQIR.DE,D,20120524,000000,0.421505,0.421505,0.421505,0.421505,6000,0
TQIR.DE,D,20120607,000000,0.385169,0.385169,0.385169,0.385169,250,0
TQIR.DE,D,20120611,000000,0.418598,0.418598,0.418598,0.418598,951,0
TQIR.DE,D,20120619,000000,0.395343,0.395343,0.395343,0.395343,700,0
TQIR.DE,D,20120716,000000,0.449848,0.449848,0.449848,0.449848,50,0
TQIR.DE,D,20120723,000000,0.382989,0.383715,0.382989,0.383715,15250,0
TQIR.DE,D,20120907,000000,0.497086,0.497086,0.497086,0.497086,6000,0
TQIR.DE,D,20120917,000000,0.497812,0.497812,0.497812,0.497812,10000,0
TQIR.DE,D,20121001,000000,0.497812,0.497812,0.442581,0.442581,0,0
TQIR.DE,D,20121214,000000,0.497812,0.497812,0.442581,0.442581,0,0
TQIR.DE,D,20130104,000000,0.447668,0.447668,0.447668,0.447668,1150,0
TQIR.DE,D,20130107,000000,0.457842,0.457842,0.457842,0.457842,800,0
TQIR.DE,D,20130110,000000,0.480371,0.480371,0.480371,0.480371,8500,0
TQIR.DE,D,20130111,000000,0.457842,0.457842,0.457842,0.457842,1000,0
TQIR.DE,D,20130114,000000,0.472377,0.482551,0.472377,0.482551,2707,0
TQIR.DE,D,20130115,000000,0.486911,0.486911,0.486911,0.486911,5793,0
TQIR.DE,D,20130122,000000,0.443307,0.443307,0.443307,0.443307,1000,0
TQIR.DE,D,20130208,000000,0.425139,0.425139,0.425139,0.425139,10000,0
TQIR.DE,D,20130214,000000,0.399703,0.399703,0.399703,0.399703,9900,0
TQIR.DE,D,20130215,000000,0.39607,0.39607,0.39607,0.39607,5246,0
TQIR.DE,D,20130226,000000,0.370634,0.370634,0.370634,0.370634,10000,0
TQIR.DE,D,20130228,000000,0.357553,0.363367,0.357553,0.363367,11500,0
TQIR.DE,D,20130304,000000,0.465109,0.465109,0.465109,0.465109,1000,0
TQIR.DE,D,20130327,000000,0.349559,0.349559,0.349559,0.349559,10000,0
TQIR.DE,D,20130328,000000,0.399703,0.399703,0.399703,0.399703,1250,0
TQIR.DE,D,20130513,000000,0.406635,0.415876,0.406635,0.415876,20000,0
TQIR.DE,D,20130611,000000,0.342713,0.342713,0.342713,0.342713,5000,0
TQIR.DE,D,20130705,000000,0.315758,0.315758,0.314988,0.314988,14000,0
TQIR.DE,D,20130708,000000,0.311907,0.312677,0.311907,0.312677,15000,0
TQIR.DE,D,20130812,000000,0.368128,0.368128,0.368128,0.368128,3500,0
TQIR.DE,D,20130816,000000,0.231042,0.231042,0.231042,0.231042,1650,0
TQIR.DE,D,20130830,000000,0.318068,0.318068,0.318068,0.318068,1000,0
TQIR.DE,D,20130919,000000,0.361966,0.361966,0.361966,0.361966,5000,0
TQIR.DE,D,20130920,000000,0.358886,0.360426,0.358886,0.360426,36850,0
TQIR.DE,D,20130926,000000,0.371208,0.371208,0.371208,0.371208,11000,0
TQIR.DE,D,20131010,000000,0.400474,0.402784,0.400474,0.402784,15000,0
TQIR.DE,D,20131021,000000,0.446682,0.446682,0.446682,0.446682,400,0
TQIR.DE,D,20131107,000000,0.292654,0.292654,0.292654,0.292654,100,0
TQIR.DE,D,20140127,000000,0.476718,0.476718,0.476718,0.476718,16100,0
TQIR.DE,D,20140213,000000,0.522926,0.522926,0.522926,0.522926,2000,0
TQIR.DE,D,20140219,000000,0.523696,0.523696,0.523696,0.523696,1704,0
TQIR.DE,D,20140307,000000,0.485189,0.485189,0.485189,0.485189,2200,0
TQIR.DE,D,20140326,000000,0.485189,0.485189,0.485189,0.485189,1745,0
TQIR.DE,D,20140331,000000,0.487499,0.487499,0.487499,0.487499,2000,0
TQIR.DE,D,20140411,000000,0.554502,0.554502,0.5468,0.5468,4000,0
TQIR.DE,D,20140502,000000,0.57911,0.57911,0.57911,0.57911,8000,0
TQIR.DE,D,20140604,000000,0.583916,0.583916,0.583916,0.583916,1000,0
TQIR.DE,D,20140605,000000,0.576707,0.576707,0.576707,0.576707,3601,0
TQIR.DE,D,20140606,000000,0.581513,0.607145,0.581513,0.607145,48670,0
TQIR.DE,D,20140609,000000,0.608747,0.608747,0.608747,0.608747,1781,0
TQIR.DE,D,20140616,000000,0.600737,0.600737,0.600737,0.600737,4096,0
TQIR.DE,D,20140627,000000,0.596732,0.596732,0.596732,0.596732,150,0
TQIR.DE,D,20140728,000000,0.575105,0.575105,0.575105,0.575105,12000,0
TQIR.DE,D,20140806,000000,0.520639,0.520639,0.520639,0.520639,5000,0
TQIR.DE,D,20140807,000000,0.520639,0.520639,0.520639,0.520639,1500,0
TQIR.DE,D,20140820,000000,0.524644,0.524644,0.524644,0.524644,5000,0
TQIR.DE,D,20140821,000000,0.532653,0.532653,0.532653,0.532653,5000,0
TQIR.DE,D,20140915,000000,0.569499,0.569499,0.569499,0.569499,290,0
TQIR.DE,D,20140925,000000,0.584717,0.584717,0.584717,0.584717,9999,0
TQIR.DE,D,20140929,000000,0.569499,0.569499,0.569499,0.569499,1000,0
TQIR.DE,D,20141008,000000,0.545469,0.545469,0.536658,0.536658,5500,0
TQIR.DE,D,20141014,000000,0.510226,0.510226,0.510226,0.510226,180,0
TQIR.DE,D,20141023,000000,0.524644,0.524644,0.524644,0.524644,39200,0
TQIR.DE,D,20141031,000000,0.536658,0.536658,0.536658,0.536658,22000,0
TQIR.DE,D,20141119,000000,0.572702,0.572702,0.572702,0.572702,10999,0
TQIR.DE,D,20141120,000000,0.544668,0.544668,0.544668,0.544668,4786,0
TQIR.DE,D,20141203,000000,0.568698,0.568698,0.568698,0.568698,86,0
TQIR.DE,D,20150128,000000,0.638383,0.638383,0.638383,0.638383,1492,0
TQIR.DE,D,20150129,000000,0.661612,0.661612,0.661612,0.661612,8,0
TQIR.DE,D,20150210,000000,0.589523,0.589523,0.589523,0.589523,2500,0
TQIR.DE,D,20150226,000000,0.696855,0.696855,0.696855,0.696855,700,0
TQIR.DE,D,20150316,000000,0.720884,0.728894,0.720884,0.728894,4350,0
TQIR.DE,D,20150325,000000,0.704865,0.704865,0.704865,0.704865,1200,0
TQIR.DE,D,20150407,000000,0.704865,0.704865,0.704865,0.704865,4100,0
TQIR.DE,D,20150422,000000,0.690447,0.690447,0.690447,0.690447,3100,0
TQIR.DE,D,20150504,000000,0.696855,0.696855,0.696855,0.696855,60000,0
TQIR.DE,D,20150522,000000,0.728093,0.728093,0.728093,0.728093,500,0
TQIR.DE,D,20150602,000000,0.728894,0.728894,0.728894,0.728894,9500,0
TQIR.DE,D,20150608,000000,0.728894,0.728894,0.728894,0.728894,665,0
TQIR.DE,D,20150619,000000,0.752924,0.752924,0.752924,0.752924,6100,0
TQIR.DE,D,20150703,000000,0.761587,0.761587,0.761587,0.761587,2709,0
TQIR.DE,D,20150727,000000,0.806144,0.806144,0.773139,0.773139,240,0
TQIR.DE,D,20150818,000000,0.788816,0.797893,0.78304,0.797893,3000,0
TQIR.DE,D,20150928,000000,0.772314,0.772314,0.772314,0.772314,600,0
TQIR.DE,D,20150929,000000,0.738484,0.738484,0.738484,0.738484,2029,0
TQIR.DE,D,20151005,000000,0.734358,0.734358,0.734358,0.734358,600,0
TQIR.DE,D,20151008,000000,0.754986,0.754986,0.754986,0.754986,740,0
TQIR.DE,D,20151023,000000,0.766538,0.766538,0.766538,0.766538,460,0
TQIR.DE,D,20151028,000000,0.750861,0.750861,0.750861,0.750861,3000,0
TQIR.DE,D,20151030,000000,0.841624,0.841624,0.841624,0.841624,11500,0
TQIR.DE,D,20151110,000000,0.854826,0.854826,0.854826,0.854826,1150,0
TQIR.DE,D,20151120,000000,0.858127,0.858127,0.858127,0.858127,4000,0
TQIR.DE,D,20151124,000000,0.833373,0.833373,0.833373,0.833373,400,0
TQIR.DE,D,20151126,000000,0.866378,0.866378,0.866378,0.866378,6601,0
TQIR.DE,D,20160104,000000,0.750036,0.750036,0.750036,0.750036,3300,0
TQIR.DE,D,20160107,000000,0.726932,0.726932,0.726932,0.726932,1000,0
TQIR.DE,D,20160108,000000,0.763238,0.773964,0.726932,0.726932,48300,0
TQIR.DE,D,20160111,000000,0.740959,0.740959,0.740959,0.740959,4995,0
TQIR.DE,D,20160112,000000,0.727757,0.74261,0.717031,0.717031,3500,0
TQIR.DE,D,20160115,000000,0.651021,0.651021,0.651021,0.651021,2235,0
TQIR.DE,D,20160125,000000,0.686501,0.686501,0.686501,0.686501,600,0
TQIR.DE,D,20160128,000000,0.660097,0.660097,0.660097,0.660097,3000,0
TQIR.DE,D,20160202,000000,0.701353,0.701353,0.701353,0.701353,999,0
TQIR.DE,D,20160311,000000,0.568509,0.568509,0.568509,0.568509,999,0
TQIR.DE,D,20160330,000000,0.577585,0.577585,0.577585,0.577585,800,0
TQIR.DE,D,20160517,000000,0.577585,0.581711,0.577585,0.581711,8999,0
TQIR.DE,D,20160523,000000,0.548706,0.548706,0.548706,0.548706,350,0
TQIR.DE,D,20160607,000000,0.581711,0.581711,0.581711,0.581711,3000,0
TQIR.DE,D,20160617,000000,0.536329,0.536329,0.523127,0.523127,10299,0
TQIR.DE,D,20160623,000000,0.556335,0.556335,0.556335,0.556335,10000,0
TQIR.DE,D,20160912,000000,0.517521,0.517521,0.517521,0.517521,400,0
TQIR.DE,D,20160927,000000,0.527871,0.527871,0.527871,0.527871,1400,0
TQIR.DE,D,20161006,000000,0.522696,0.522696,0.514933,0.514933,2000,0
TQIR.DE,D,20161103,000000,0.555472,0.555472,0.546847,0.546847,2000,0
TQIR.DE,D,20161109,000000,0.520971,0.520971,0.520971,0.520971,8770,0
TQIR.DE,D,20161122,000000,0.491645,0.491645,0.489057,0.489057,4000,0
TQIR.DE,D,20161201,000000,0.505445,0.505445,0.505445,0.505445,50,0
TQIR.DE,D,20161202,000000,0.506308,0.506308,0.506308,0.506308,50,0
TQIR.DE,D,20161206,000000,0.495095,0.495095,0.495095,0.495095,2000,0
TQIR.DE,D,20161207,000000,0.511483,0.511483,0.511483,0.511483,2000,0
TQIR.DE,D,20161208,000000,0.539084,0.539084,0.530459,0.530459,7000,0
TQIR.DE,D,20170102,000000,0.603774,0.603774,0.603774,0.603774,300,0
TQIR.DE,D,20170103,000000,0.600324,0.600324,0.600324,0.600324,300,0
TQIR.DE,D,20170124,000000,0.590836,0.590836,0.590836,0.590836,10000,0
TQIR.DE,D,20170201,000000,0.569273,0.569273,0.569273,0.569273,300,0
TQIR.DE,D,20170216,000000,0.558922,0.558922,0.558922,0.558922,300,0
TQIR.DE,D,20170217,000000,0.552022,0.552022,0.552022,0.552022,2000,0
TQIR.DE,D,20170220,000000,0.556335,0.556335,0.556335,0.556335,2300,0
TQIR.DE,D,20170221,000000,0.550297,0.550297,0.550297,0.550297,10000,0
TQIR.DE,D,20170228,000000,0.541672,0.543397,0.541672,0.543397,10000,0
TQIR.DE,D,20170301,000000,0.550297,0.550297,0.550297,0.550297,100,0
TQIR.DE,D,20170306,000000,0.552022,0.552022,0.552022,0.552022,2500,0
TQIR.DE,D,20170307,000000,0.549434,0.549434,0.549434,0.549434,3000,0
TQIR.DE,D,20170313,000000,0.546847,0.560647,0.546847,0.560647,10600,0
TQIR.DE,D,20170320,000000,0.569273,0.569273,0.569273,0.569273,8000,0
TQIR.DE,D,20170321,000000,0.574448,0.574448,0.567548,0.567548,400,0
TQIR.DE,D,20170327,000000,0.591699,0.591699,0.590836,0.590836,8000,0
TQIR.DE,D,20170328,000000,0.590836,0.590836,0.590836,0.590836,8000,0
TQIR.DE,D,20170403,000000,0.595149,0.596011,0.57531,0.57531,1600,0
TQIR.DE,D,20170404,000000,0.569273,0.569273,0.569273,0.569273,1600,0
TQIR.DE,D,20170405,000000,0.569273,0.57186,0.569273,0.57186,440,0
TQIR.DE,D,20170410,000000,0.570135,0.570135,0.55806,0.563235,9700,0
TQIR.DE,D,20170411,000000,0.553747,0.553747,0.553747,0.553747,3000,0
TQIR.DE,D,20170421,000000,0.552022,0.553747,0.552022,0.553747,129542,0
TQIR.DE,D,20170424,000000,0.569273,0.57531,0.569273,0.57531,7900,0
TQIR.DE,D,20170425,000000,0.577898,0.577898,0.577898,0.577898,1000,0
TQIR.DE,D,20170426,000000,0.578761,0.578761,0.577036,0.577036,3100,0
TQIR.DE,D,20170504,000000,0.602049,0.602049,0.598599,0.598599,600,0
TQIR.DE,D,20170505,000000,0.613262,0.628788,0.613262,0.628788,7400,0
TQIR.DE,D,20170508,000000,0.6193,0.62275,0.6193,0.62275,600,0
TQIR.DE,D,20170509,000000,0.625337,0.633963,0.625337,0.633963,600,0
TQIR.DE,D,20170510,000000,0.620162,0.620162,0.620162,0.620162,2600,0
TQIR.DE,D,20170511,000000,0.623612,0.623612,0.623612,0.623612,1390,0
TQIR.DE,D,20170515,000000,0.634825,0.640001,0.630513,0.637413,4090,0
TQIR.DE,D,20170516,000000,0.648626,0.648626,0.648626,0.648626,1300,0
TQIR.DE,D,20170519,000000,0.62275,0.62275,0.62275,0.62275,20740,0
TQIR.DE,D,20170523,000000,0.6193,0.6193,0.6193,0.6193,20920,0
TQIR.DE,D,20170530,000000,0.592561,0.592561,0.592561,0.592561,21450,0
TQIR.DE,D,20170602,000000,0.598599,0.598599,0.598599,0.598599,100,0
TQIR.DE,D,20170612,000000,0.577036,0.595149,0.577036,0.595149,2100,0
TQIR.DE,D,20170621,000000,0.593801,0.593801,0.593801,0.593801,2000,0
TQIR.DE,D,20170626,000000,0.58931,0.58931,0.58931,0.58931,46,0
TQIR.DE,D,20170627,000000,0.579428,0.579428,0.579428,0.579428,4651,0
TQIR.DE,D,20170707,000000,0.579428,0.579428,0.579428,0.579428,0,0
TQIR.DE,D,20170710,000000,0.568648,0.572241,0.568648,0.568648,100,0
TQIR.DE,D,20170711,000000,0.567749,0.567749,0.567749,0.567749,0,0
TQIR.DE,D,20170712,000000,0.579428,0.579428,0.579428,0.579428,0,0
TQIR.DE,D,20170713,000000,0.592005,0.592005,0.592005,0.592005,0,0
TQIR.DE,D,20170714,000000,0.592903,0.592903,0.592903,0.592903,5000,0
TQIR.DE,D,20170717,000000,0.580326,0.581225,0.580326,0.581225,360,0
TQIR.DE,D,20170718,000000,0.586615,0.586615,0.584818,0.584818,100,0
TQIR.DE,D,20170719,000000,0.593801,0.593801,0.593801,0.593801,0,0
TQIR.DE,D,20170720,000000,0.58392,0.58392,0.58392,0.58392,0,0
TQIR.DE,D,20170721,000000,0.575835,0.579428,0.575835,0.579428,200,0
TQIR.DE,D,20170726,000000,0.618056,0.618056,0.61626,0.61626,200,0
TQIR.DE,D,20170727,000000,0.617158,0.617158,0.617158,0.617158,0,0
TQIR.DE,D,20170728,000000,0.611768,0.611768,0.611768,0.611768,0,0
TQIR.DE,D,20170731,000000,0.624345,0.624345,0.622548,0.624345,2000,0
TQIR.DE,D,20170801,000000,0.627938,0.627938,0.622548,0.622548,100,0
TQIR.DE,D,20170802,000000,0.625243,0.62704,0.625243,0.62704,100,0
TQIR.DE,D,20170803,000000,0.623446,0.623446,0.623446,0.623446,0,0
TQIR.DE,D,20170804,000000,0.631531,0.631531,0.631531,0.631531,0,0
TQIR.DE,D,20170807,000000,0.645007,0.646803,0.640515,0.640515,800,0
TQIR.DE,D,20170808,000000,0.62704,0.627938,0.62704,0.627938,800,0
TQIR.DE,D,20170809,000000,0.626141,0.626141,0.626141,0.626141,0,0
TQIR.DE,D,20170810,000000,0.615361,0.615361,0.615361,0.615361,0,0
TQIR.DE,D,20170811,000000,0.608175,0.608175,0.608175,0.608175,0,0
TQIR.DE,D,20170814,000000,0.612666,0.612666,0.612666,0.612666,0,0
TQIR.DE,D,20170816,000000,0.619853,0.619853,0.619853,0.619853,0,0
TQIR.DE,D,20170817,000000,0.609971,0.609971,0.609971,0.609971,0,0
TQIR.DE,D,20170818,000000,0.607276,0.607276,0.602785,0.603683,2000,0
TQIR.DE,D,20170821,000000,0.595598,0.595598,0.595598,0.595598,0,0
TQIR.DE,D,20170822,000000,0.599191,0.599191,0.596496,0.596496,200,0
TQIR.DE,D,20170824,000000,0.587513,0.587513,0.587513,0.587513,0,0
TQIR.DE,D,20170825,000000,0.587513,0.587513,0.587513,0.587513,0,0
TQIR.DE,D,20170828,000000,0.595598,0.595598,0.585716,0.588411,600,0
TQIR.DE,D,20170829,000000,0.574936,0.574936,0.574936,0.574936,0,0
TQIR.DE,D,20170830,000000,0.574936,0.574936,0.574936,0.574936,0,0
TQIR.DE,D,20170831,000000,0.584818,0.584818,0.584818,0.584818,0,0
TQIR.DE,D,20170901,000000,0.585716,0.585716,0.577631,0.577631,200,0
TQIR.DE,D,20170904,000000,0.568648,0.568648,0.568648,0.568648,0,0
TQIR.DE,D,20170905,000000,0.566851,0.566851,0.566851,0.566851,0,0
TQIR.DE,D,20170906,000000,0.563258,0.563258,0.563258,0.563258,0,0
TQIR.DE,D,20170907,000000,0.565953,0.565953,0.565953,0.565953,0,0
TQIR.DE,D,20170908,000000,0.574038,0.574038,0.568648,0.568648,200,0
TQIR.DE,D,20170911,000000,0.576733,0.576733,0.565054,0.573139,4200,0
TQIR.DE,D,20170912,000000,0.58392,0.58392,0.574038,0.574936,2000,0
TQIR.DE,D,20170913,000000,0.568648,0.568648,0.568648,0.568648,0,0
TQIR.DE,D,20170914,000000,0.565953,0.565953,0.565953,0.565953,0,0
TQIR.DE,D,20170915,000000,0.567749,0.567749,0.567749,0.567749,0,0
TQIR.DE,D,20170920,000000,0.581225,0.581225,0.581225,0.581225,1000,0
TQIR.DE,D,20170921,000000,0.583021,0.583021,0.583021,0.583021,0,0
TQIR.DE,D,20170922,000000,0.579428,0.579428,0.579428,0.579428,0,0
TQIR.DE,D,20170925,000000,0.57853,0.57853,0.57853,0.57853,20000,0
TQIR.DE,D,20170927,000000,0.591106,0.591106,0.57853,0.584818,14000,0
TQIR.DE,D,20170928,000000,0.574936,0.574936,0.574936,0.574936,0,0
TQIR.DE,D,20170929,000000,0.573139,0.573139,0.573139,0.573139,0,0
TQIR.DE,D,20171002,000000,0.570444,0.574038,0.565953,0.566851,5200,0
TQIR.DE,D,20171004,000000,0.563258,0.563258,0.555173,0.556071,4000,0
TQIR.DE,D,20171005,000000,0.561461,0.561461,0.561461,0.561461,0,0
TQIR.DE,D,20171006,000000,0.552478,0.552478,0.552478,0.552478,10000,0
TQIR.DE,D,20171009,000000,0.551579,0.551579,0.551579,0.551579,0,0
TQIR.DE,D,20171010,000000,0.547088,0.547088,0.547088,0.547088,0,0
TQIR.DE,D,20171011,000000,0.558766,0.559664,0.558766,0.559664,15000,0
TQIR.DE,D,20171012,000000,0.548884,0.548884,0.548884,0.548884,0,0
TQIR.DE,D,20171016,000000,0.555173,0.555173,0.555173,0.555173,0,0
TQIR.DE,D,20171017,000000,0.556071,0.556071,0.556071,0.556071,0,0
TQIR.DE,D,20171018,000000,0.559664,0.559664,0.552478,0.554274,8000,0
TQIR.DE,D,20171019,000000,0.562359,0.562359,0.556969,0.556969,4000,0
TQIR.DE,D,20171020,000000,0.565953,0.565953,0.565953,0.565953,0,0
TQIR.DE,D,20171023,000000,0.565953,0.565953,0.565953,0.565953,0,0
TQIR.DE,D,20171024,000000,0.559664,0.559664,0.559664,0.559664,0,0
TQIR.DE,D,20171025,000000,0.553376,0.553376,0.553376,0.553376,0,0
TQIR.DE,D,20171026,000000,0.549783,0.549783,0.549783,0.549783,0,0
TQIR.DE,D,20171027,000000,0.552478,0.552478,0.539003,0.539901,18000,0
TQIR.DE,D,20171030,000000,0.547986,0.547986,0.546189,0.546189,15000,0
TQIR.DE,D,20171101,000000,0.558766,0.558766,0.553376,0.555173,8000,0
TQIR.DE,D,20171102,000000,0.562359,0.562359,0.562359,0.562359,0,0
TQIR.DE,D,20171103,000000,0.558766,0.558766,0.558766,0.558766,0,0
TQIR.DE,D,20171106,000000,0.556969,0.556969,0.555173,0.555173,1000,0
TQIR.DE,D,20171107,000000,0.549783,0.549783,0.544393,0.549783,40000,0
TQIR.DE,D,20171108,000000,0.550681,0.550681,0.536308,0.538104,79800,0
TQIR.DE,D,20171109,000000,0.538104,0.538104,0.530019,0.530019,2351,0
TQIR.DE,D,20171110,000000,0.526426,0.540799,0.526426,0.540799,20000,0
TQIR.DE,D,20171113,000000,0.512053,0.513849,0.506663,0.506663,10000,0
TQIR.DE,D,20171114,000000,0.498577,0.498577,0.485102,0.491391,41952,0
TQIR.DE,D,20171115,000000,0.494086,0.504866,0.494086,0.504866,10000,0
TQIR.DE,D,20171116,000000,0.511154,0.512053,0.507561,0.507561,20000,0
TQIR.DE,D,20171117,000000,0.498577,0.498577,0.498577,0.498577,0,0
TQIR.DE,D,20171120,000000,0.503967,0.503967,0.503967,0.503967,0,0
TQIR.DE,D,20171121,000000,0.507561,0.507561,0.500374,0.500374,2000,0
TQIR.DE,D,20171122,000000,0.512053,0.512053,0.506663,0.506663,4000,0
TQIR.DE,D,20171123,000000,0.534511,0.538104,0.534511,0.537206,23600,0
TQIR.DE,D,20171124,000000,0.538104,0.538104,0.538104,0.538104,0,0
TQIR.DE,D,20171127,000000,0.527324,0.527324,0.527324,0.527324,0,0
TQIR.DE,D,20171128,000000,0.518341,0.518341,0.518341,0.518341,0,0
TQIR.DE,D,20171129,000000,0.512053,0.513849,0.512053,0.513849,10000,0
TQIR.DE,D,20171130,000000,0.515646,0.515646,0.515646,0.515646,0,0
TQIR.DE,D,20171201,000000,0.516544,0.520138,0.514748,0.514748,3000,0
TQIR.DE,D,20171204,000000,0.526426,0.526426,0.517443,0.517443,8000,0
TQIR.DE,D,20171205,000000,0.527773,0.527773,0.527773,0.527773,0,0
TQIR.DE,D,20171206,000000,0.530918,0.544393,0.530918,0.544393,11146,0
TQIR.DE,D,20171207,000000,0.556071,0.556969,0.556071,0.556969,5000,0
TQIR.DE,D,20171208,000000,0.561461,0.563258,0.561461,0.563258,5000,0
TQIR.DE,D,20171212,000000,0.566851,0.566851,0.566851,0.566851,3000,0
TQIR.DE,D,20171213,000000,0.544393,0.544393,0.544393,0.544393,8000,0
TQIR.DE,D,20171218,000000,0.549783,0.549783,0.549783,0.549783,10000,0
TQIR.DE,D,20171219,000000,0.552478,0.552478,0.539901,0.539901,16400,0
TQIR.DE,D,20171221,000000,0.549783,0.549783,0.549783,0.549783,2000,0
TQIR.DE,D,20171227,000000,0.543494,0.547986,0.543494,0.547986,4400,0
TQIR.DE,D,20171229,000000,0.538104,0.538104,0.538104,0.538104,0,0
TQIR.DE,D,20180102,000000,0.539003,0.54583,0.533074,0.533972,22025,0
TQIR.DE,D,20180103,000000,0.542596,0.542596,0.534511,0.534511,8000,0
TQIR.DE,D,20180104,000000,0.542776,0.552118,0.542776,0.546189,61996,0
TQIR.DE,D,20180105,000000,0.554454,0.555712,0.544393,0.544393,58000,0
TQIR.DE,D,20180108,000000,0.555173,0.574038,0.555173,0.574038,70331,0
TQIR.DE,D,20180109,000000,0.5726,0.5726,0.5726,0.5726,5000,0
TQIR.DE,D,20180110,000000,0.567749,0.567749,0.563258,0.563258,16625,0
TQIR.DE,D,20180111,000000,0.563258,0.563258,0.563258,0.563258,30000,0
TQIR.DE,D,20180112,000000,0.563976,0.563976,0.562359,0.562359,105000,0
TQIR.DE,D,20180115,000000,0.56182,0.562,0.56182,0.562,15000,0
TQIR.DE,D,20180116,000000,0.565953,0.565953,0.565953,0.565953,10000,0
TQIR.DE,D,20180118,000000,0.554274,0.554274,0.548884,0.548884,11700,0
TQIR.DE,D,20180119,000000,0.555891,0.556969,0.555891,0.556969,170000,0
TQIR.DE,D,20180122,000000,0.559485,0.559844,0.554095,0.554095,50000,0
TQIR.DE,D,20180223,000000,0.556251,0.558766,0.556071,0.558766,177290,0
TQIR.DE,D,20180227,000000,0.561461,0.561461,0.561461,0.561461,30000,0
TQIR.DE,D,20180301,000000,0.565953,0.568648,0.565953,0.568648,210192,0
TQIR.DE,D,20180305,000000,0.574936,0.574936,0.568648,0.568648,50055,0
TQIR.DE,D,20180306,000000,0.592903,0.612666,0.584818,0.606917,282771,0
TQIR.DE,D,20180307,000000,0.618955,0.618955,0.618955,0.618955,10000,0
TQIR.DE,D,20180308,000000,0.628836,0.628836,0.628836,0.628836,2300,0
TQIR.DE,D,20180309,000000,0.643929,0.645007,0.639616,0.645007,11250,0
TQIR.DE,D,20180312,000000,0.646803,0.646803,0.646803,0.646803,4999,0
TQIR.DE,D,20180313,000000,0.630992,0.630992,0.630992,0.630992,132,0
TQIR.DE,D,20180315,000000,0.619853,0.619853,0.618056,0.618056,7700,0
TQIR.DE,D,20180319,000000,0.623806,0.628118,0.623806,0.628118,3000,0
TQIR.DE,D,20180322,000000,0.618595,0.618595,0.618595,0.618595,0,0
TQIR.DE,D,20180323,000000,0.603324,0.603324,0.603324,0.603324,0,0
TQIR.DE,D,20180327,000000,0.596856,0.596856,0.592903,0.592903,11800,0
TQIR.DE,D,20180404,000000,0.587513,0.587513,0.587513,0.587513,2000,0
TQIR.DE,D,20180409,000000,0.645186,0.655787,0.645186,0.655787,10001,0
TQIR.DE,D,20180410,000000,0.679143,0.679143,0.679143,0.679143,29000,0
TQIR.DE,D,20180412,000000,0.653451,0.660817,0.653451,0.660817,3000,0
TQIR.DE,D,20180417,000000,0.660638,0.660638,0.660638,0.660638,10000,0
TQIR.DE,D,20180418,000000,0.660278,0.660278,0.660278,0.660278,20000,0
TQIR.DE,D,20180420,000000,0.681838,0.681838,0.681838,0.681838,9000,0
TQIR.DE,D,20180424,000000,0.674652,0.674652,0.674652,0.674652,38888,0
TQIR.DE,D,20180426,000000,0.649678,0.649678,0.649678,0.649678,4200,0
TQIR.DE,D,20180427,000000,0.63782,0.63782,0.63782,0.63782,3500,0
TQIR.DE,D,20180504,000000,0.669262,0.669262,0.669262,0.669262,10000,0
TQIR.DE,D,20180507,000000,0.676448,0.676448,0.653631,0.653631,20000,0
TQIR.DE,D,20180508,000000,0.655787,0.655787,0.653631,0.653631,20000,0
TQIR.DE,D,20180509,000000,0.653631,0.653631,0.653631,0.653631,0,0
TQIR.DE,D,20180510,000000,0.658482,0.658482,0.658482,0.658482,0,0
TQIR.DE,D,20180516,000000,0.614463,0.623087,0.61087,0.623087,20000,0
TQIR.DE,D,20180522,000000,0.574218,0.574218,0.574218,0.574218,1000,0
TQIR.DE,D,20180528,000000,0.576913,0.576913,0.576733,0.576733,30,0
TQIR.DE,D,20180529,000000,0.573678,0.573678,0.573678,0.573678,0,0
TQIR.DE,D,20180530,000000,0.573678,0.573678,0.573678,0.573678,0,0
TQIR.DE,D,20180531,000000,0.542416,0.542416,0.542416,0.542416,3000,0
TQIR.DE,D,20180606,000000,0.534511,0.534511,0.534511,0.534511,3500,0
TQIR.DE,D,20180608,000000,0.534511,0.534511,0.534511,0.534511,3600,0
TQIR.DE,D,20180611,000000,0.539003,0.539003,0.539003,0.539003,25,0
TQIR.DE,D,20180621,000000,0.536649,0.536649,0.536649,0.536649,3800,0
TQIR.DE,D,20180626,000000,0.527234,0.527234,0.527234,0.527234,10000,0
TQIR.DE,D,20180627,000000,0.531,0.531,0.531,0.531,69103,0
TQIR.DE,D,20180629,000000,0.52441,0.52441,0.52441,0.52441,15000,0
TQIR.DE,D,20180704,000000,0.534201,0.534201,0.533824,0.533824,56000,0
TQIR.DE,D,20180705,000000,0.545499,0.545499,0.545499,0.545499,2000,0
TQIR.DE,D,20180712,000000,0.50558,0.50558,0.50558,0.50558,10000,0
TQIR.DE,D,20180713,000000,0.498989,0.498989,0.498989,0.498989,3800,0
TQIR.DE,D,20180716,000000,0.498989,0.498989,0.498989,0.498989,3500,0
TQIR.DE,D,20180717,000000,0.500872,0.500872,0.500872,0.500872,4818,0
TQIR.DE,D,20180730,000000,0.540227,0.540227,0.540227,0.540227,20000,0
TQIR.DE,D,20180731,000000,0.539473,0.539473,0.535331,0.539097,48573,0
TQIR.DE,D,20180801,000000,0.532883,0.532883,0.529117,0.529117,110400,0
TQIR.DE,D,20180802,000000,0.52987,0.52987,0.526481,0.526481,16900,0
TQIR.DE,D,20180803,000000,0.520644,0.523468,0.520644,0.523468,14000,0
TQIR.DE,D,20180806,000000,0.515183,0.520832,0.515183,0.520832,5000,0
TQIR.DE,D,20180807,000000,0.519514,0.525163,0.517631,0.517631,28800,0
TQIR.DE,D,20180808,000000,0.517631,0.517631,0.516124,0.516124,15000,0
TQIR.DE,D,20180809,000000,0.514053,0.514053,0.514053,0.514053,15000,0
TQIR.DE,D,20180814,000000,0.506898,0.508969,0.506898,0.508969,2000,0
TQIR.DE,D,20180821,000000,0.504827,0.504827,0.504827,0.504827,20000,0
TQIR.DE,D,20180823,000000,0.505203,0.505203,0.492776,0.492776,55263,0
TQIR.DE,D,20180824,000000,0.496165,0.496165,0.494282,0.494282,110991,0
TQIR.DE,D,20180827,000000,0.493905,0.493905,0.493905,0.493905,3000,0
TQIR.DE,D,20180828,000000,0.48788,0.489386,0.48788,0.489386,23120,0
TQIR.DE,D,20180829,000000,0.481101,0.481478,0.480724,0.481478,44550,0
TQIR.DE,D,20180831,000000,0.456434,0.456434,0.451068,0.451068,54149,0
TQIR.DE,D,20180903,000000,0.452291,0.452291,0.452291,0.452291,11000,0
TQIR.DE,D,20180904,000000,0.449749,0.449749,0.445324,0.445324,4210,0
TQIR.DE,D,20180905,000000,0.440429,0.44476,0.434403,0.43591,48906,0
TQIR.DE,D,20180906,000000,0.437698,0.441559,0.437604,0.438169,18875,0
TQIR.DE,D,20180907,000000,0.441653,0.445607,0.440805,0.445607,18904,0
TQIR.DE,D,20180912,000000,0.450785,0.450785,0.447772,0.447772,45379,0
TQIR.DE,D,20180913,000000,0.447772,0.448149,0.44749,0.448149,93060,0
TQIR.DE,D,20180917,000000,0.458129,0.464154,0.458129,0.464154,170323,0
TQIR.DE,D,20180918,000000,0.465849,0.465849,0.465849,0.465849,5379,0
TQIR.DE,D,20180919,000000,0.480913,0.480913,0.473004,0.473004,35434,0
TQIR.DE,D,20180921,000000,0.47677,0.47677,0.473569,0.473569,8665,0
TQIR.DE,D,20180924,000000,0.472816,0.472816,0.472816,0.472816,3500,0
TQIR.DE,D,20180925,000000,0.469521,0.469521,0.460671,0.460671,39827,0
TQIR.DE,D,20180926,000000,0.455022,0.455022,0.452856,0.452856,82966,0
TQIR.DE,D,20180927,000000,0.446548,0.446548,0.446548,0.446548,350,0
TQIR.DE,D,20180928,000000,0.444665,0.444665,0.444665,0.444665,10000,0
TQIR.DE,D,20181001,000000,0.417927,0.417927,0.417927,0.417927,10000,0
TQIR.DE,D,20181002,000000,0.40211,0.40211,0.392789,0.399286,31108,0
TQIR.DE,D,20181004,000000,0.396367,0.407665,0.396367,0.407665,2600,0
TQIR.DE,D,20181008,000000,0.404746,0.405876,0.39825,0.39825,237033,0
TQIR.DE,D,20181009,000000,0.399191,0.399191,0.393448,0.393448,37622,0
TQIR.DE,D,20181010,000000,0.419057,0.419057,0.418963,0.418963,19288,0
TQIR.DE,D,20181012,000000,0.405311,0.405311,0.405311,0.405311,3000,0
TQIR.DE,D,20181016,000000,0.41482,0.41482,0.41482,0.41482,12170,0
TQIR.DE,D,20181017,000000,0.423105,0.423105,0.423105,0.423105,5000,0
TQIR.DE,D,20181018,000000,0.425553,0.425553,0.425553,0.425553,1000,0
TQIR.DE,D,20181019,000000,0.406723,0.406723,0.406723,0.406723,5000,0
TQIR.DE,D,20181022,000000,0.412843,0.412843,0.412843,0.412843,1000,0
TQIR.DE,D,20181025,000000,0.395049,0.395049,0.395049,0.395049,25,0
TQIR.DE,D,20181029,000000,0.400792,0.400792,0.400792,0.400792,1000,0
TQIR.DE,D,20181031,000000,0.414255,0.416421,0.414255,0.416421,35638,0
TQIR.DE,D,20181101,000000,0.4248,0.4248,0.4248,0.4248,5000,0
TQIR.DE,D,20181102,000000,0.438452,0.438452,0.438452,0.438452,1,0
TQIR.DE,D,20181106,000000,0.430543,0.430543,0.430543,0.430543,4266,0
TQIR.DE,D,20181108,000000,0.432897,0.432897,0.432897,0.432897,3093,0
TQIR.DE,D,20181109,000000,0.42367,0.42367,0.42367,0.42367,0,0
TQIR.DE,D,20181112,000000,0.43977,0.440146,0.434968,0.434968,31745,0
TQIR.DE,D,20181114,000000,0.415291,0.419151,0.415291,0.419057,51618,0
TQIR.DE,D,20181115,000000,0.422352,0.422352,0.422352,0.422352,3690,0
TQIR.DE,D,20181122,000000,0.434591,0.43478,0.434591,0.43478,32930,0
TQIR.DE,D,20181123,000000,0.439676,0.443441,0.439676,0.443441,60000,0
TQIR.DE,D,20181126,000000,0.453986,0.453986,0.453045,0.453045,6495,0
TQIR.DE,D,20181127,000000,0.470745,0.470745,0.470745,0.470745,100000,0
TQIR.DE,D,20181128,000000,0.451915,0.451915,0.451915,0.451915,0,0
TQIR.DE,D,20181129,000000,0.451915,0.451915,0.451915,0.451915,0,0
TQIR.DE,D,20181130,000000,0.455304,0.455681,0.451915,0.451915,31250,0
TQIR.DE,D,20181203,000000,0.437793,0.437793,0.437793,0.437793,0,0
TQIR.DE,D,20181204,000000,0.467826,0.467826,0.451915,0.451915,600,0
TQIR.DE,D,20181205,000000,0.451915,0.451915,0.451915,0.451915,0,0
TQIR.DE,D,20181206,000000,0.450973,0.450973,0.447207,0.447207,27470,0
TQIR.DE,D,20181210,000000,0.446078,0.446078,0.444571,0.444571,9000,0
TQIR.DE,D,20181218,000000,0.442594,0.442594,0.442594,0.442594,28314,0
TQIR.DE,D,20181219,000000,0.437604,0.437604,0.437604,0.437604,15000,0
TQIR.DE,D,20181228,000000,0.397968,0.397968,0.397968,0.397968,1000,0
TQIR.DE,D,20190111,000000,0.40597,0.40597,0.40597,0.40597,250,0
TQIR.DE,D,20190114,000000,0.40823,0.40823,0.40823,0.40823,4000,0
TQIR.DE,D,20190118,000000,0.392601,0.392601,0.392601,0.392601,10000,0
TQIR.DE,D,20190121,000000,0.390718,0.390718,0.390718,0.390718,7500,0
TQIR.DE,D,20190122,000000,0.377537,0.377537,0.369535,0.371418,23332,0
TQIR.DE,D,20190123,000000,0.368028,0.37443,0.367934,0.37443,17436,0
TQIR.DE,D,20190125,000000,0.367934,0.367934,0.367934,0.367934,3000,0
TQIR.DE,D,20190128,000000,0.382433,0.382433,0.382433,0.382433,10000,0
TQIR.DE,D,20190131,000000,0.390718,0.390718,0.390718,0.390718,15000,0
TQIR.DE,D,20190213,000000,0.397309,0.397309,0.397309,0.397309,15000,0
TQIR.DE,D,20190221,000000,0.434121,0.434121,0.434121,0.434121,4000,0
TQIR.DE,D,20190222,000000,0.444289,0.448149,0.444289,0.448149,8000,0
TQIR.DE,D,20190225,000000,0.460294,0.460294,0.453515,0.453515,1749,0
TQIR.DE,D,20190228,000000,0.446078,0.446078,0.446078,0.446078,2000,0
TQIR.DE,D,20190304,000000,0.445607,0.445607,0.445607,0.445607,1250,0
TQIR.DE,D,20190307,000000,0.473946,0.473946,0.473946,0.473946,10000,0
TQIR.DE,D,20190308,000000,0.46246,0.464343,0.46246,0.464343,1000,0
TQIR.DE,D,20190311,000000,0.465943,0.466885,0.461989,0.461989,6000,0
TQIR.DE,D,20190312,000000,0.444665,0.444665,0.439676,0.439676,13000,0
TQIR.DE,D,20190314,000000,0.445984,0.445984,0.445984,0.445984,5000,0
TQIR.DE,D,20190315,000000,0.450785,0.450785,0.450785,0.450785,3000,0
TQIR.DE,D,20190319,000000,0.458882,0.458882,0.458788,0.458788,25000,0
TQIR.DE,D,20190326,000000,0.443441,0.443441,0.443441,0.443441,7000,0
TQIR.DE,D,20190329,000000,0.455493,0.46133,0.455493,0.46133,100050,0
TQIR.DE,D,20190402,000000,0.458129,0.458129,0.458129,0.458129,619,0
TQIR.DE,D,20190405,000000,0.470274,0.470274,0.470274,0.470274,10000,0
TQIR.DE,D,20190408,000000,0.465472,0.468014,0.465472,0.468014,30000,0
TQIR.DE,D,20190409,000000,0.462271,0.462271,0.462271,0.462271,3000,0
TQIR.DE,D,20190424,000000,0.432426,0.432426,0.432426,0.432426,10000,0
TQIR.DE,D,20190426,000000,0.431861,0.431861,0.431861,0.431861,2000,0
TQIR.DE,D,20190507,000000,0.431108,0.431108,0.431108,0.431108,10000,0
TQIR.DE,D,20190515,000000,0.398909,0.398909,0.396461,0.396461,5000,0
TQIR.DE,D,20190516,000000,0.405782,0.405782,0.405782,0.405782,2000,0
TQIR.DE,D,20190522,000000,0.410489,0.410489,0.410489,0.410489,2000,0
TQIR.DE,D,20190619,000000,0.445324,0.446548,0.443065,0.445324,400000,0
TQIR.DE,D,20190620,000000,0.4425,0.4425,0.4425,0.4425,10000,0
TQIR.DE,D,20190624,000000,0.4646,0.4647,0.4646,0.4647,31870,0
TQIR.DE,D,20190626,000000,0.4537,0.454,0.4535,0.454,20000,0
TQIR.DE,D,20190729,000000,0.4915,0.4915,0.4915,0.4915,1881,0
TQIR.DE,D,20190806,000000,0.456,0.456,0.4553,0.4553,14610,0
TQIR.DE,D,20190813,000000,0.4228,0.4228,0.4228,0.4228,1650,0
TQIR.DE,D,20190814,000000,0.415,0.415,0.415,0.415,26945,0
TQIR.DE,D,20190816,000000,0.412,0.4167,0.412,0.4167,31000,0
TQIR.DE,D,20190822,000000,0.4381,0.4381,0.4381,0.4381,23280,0
TQIR.DE,D,20190902,000000,0.463,0.463,0.463,0.463,5000,0
TQIR.DE,D,20190911,000000,0.4852,0.4852,0.4852,0.4852,1000,0
TQIR.DE,D,20190930,000000,0.5016,0.5016,0.5014,0.5014,20000,0
TQIR.DE,D,20191001,000000,0.5062,0.5062,0.5062,0.5062,2000,0
TQIR.DE,D,20191002,000000,0.4848,0.4848,0.4848,0.4848,1700,0
TQIR.DE,D,20191010,000000,0.5134,0.5134,0.5134,0.5134,100,0
TQIR.DE,D,20191011,000000,0.5118,0.5118,0.5118,0.5118,100,0
TQIR.DE,D,20191016,000000,0.524,0.524,0.524,0.524,5000,0
TQIR.DE,D,20191106,000000,0.521,0.521,0.521,0.521,7750,0
TQIR.DE,D,20191111,000000,0.5358,0.5358,0.5228,0.5228,767,0
TQIR.DE,D,20191119,000000,0.5434,0.5434,0.5434,0.5434,10000,0
TQIR.DE,D,20191121,000000,0.5576,0.5702,0.5574,0.5702,30000,0
TQIR.DE,D,20191125,000000,0.5748,0.5748,0.5748,0.5748,3000,0
TQIR.DE,D,20191126,000000,0.58,0.58,0.572,0.572,44888,0
TQIR.DE,D,20191205,000000,0.5198,0.5198,0.5198,0.5198,27160,0
TQIR.DE,D,20191216,000000,0.537,0.537,0.537,0.537,3000,0
TQIR.DE,D,20191230,000000,0.5472,0.5472,0.5472,0.5472,0,0
TQIR.DE,D,20200106,000000,0.5462,0.5462,0.5388,0.5388,3599,0
TQIR.DE,D,20200107,000000,0.5308,0.5308,0.5308,0.5308,4000,0
TQIR.DE,D,20200110,000000,0.5106,0.5124,0.5106,0.5124,767,0
TQIR.DE,D,20200120,000000,0.506,0.506,0.4959,0.4959,55000,0
TQIR.DE,D,20200127,000000,0.492,0.492,0.492,0.492,10000,0
TQIR.DE,D,20200214,000000,0.5138,0.5178,0.5112,0.5112,20000,0
TQIR.DE,D,20200218,000000,0.5144,0.5144,0.5046,0.5046,2000,0
TQIR.DE,D,20200221,000000,0.5372,0.5372,0.5372,0.5372,8000,0
TQIR.DE,D,20200303,000000,0.4992,0.4992,0.4992,0.4992,2000,0
TQIR.DE,D,20200306,000000,0.4448,0.4448,0.4448,0.4448,2000,0
TQIR.DE,D,20200310,000000,0.4146,0.4146,0.4146,0.4146,2000,0
TQIR.DE,D,20200313,000000,0.3609,0.3609,0.3609,0.3609,1,0
TQIR.DE,D,20200408,000000,0.3816,0.3816,0.3816,0.3816,20000,0
TQIR.DE,D,20200414,000000,0.37,0.37,0.37,0.37,2500,0
TQIR.DE,D,20200513,000000,0.3639,0.3639,0.3639,0.3639,1500,0
TQIR.DE,D,20200514,000000,0.36,0.36,0.36,0.36,6000,0
TQIR.DE,D,20200526,000000,0.3485,0.3485,0.3485,0.3485,500,0
TQIR.DE,D,20200610,000000,0.3923,0.3923,0.3923,0.3923,500,0
TQIR.DE,D,20200611,000000,0.3609,0.3609,0.3609,0.3609,7500,0
TQIR.DE,D,20200612,000000,0.3648,0.3648,0.3648,0.3648,6202,0
TQIR.DE,D,20200623,000000,0.38,0.38,0.38,0.38,0,0
TQIR.DE,D,20200708,000000,0.3498,0.355,0.3496,0.3496,770808,0
TQIR.DE,D,20200709,000000,0.3464,0.3464,0.3464,0.3464,10000,0
TQIR.DE,D,20200714,000000,0.3587,0.3587,0.3587,0.3587,10000,0
TQIR.DE,D,20200716,000000,0.3705,0.3705,0.3705,0.3705,4999,0
TQIR.DE,D,20200730,000000,0.3528,0.3528,0.3528,0.3528,4500,0
TQIR.DE,D,20200813,000000,0.3718,0.3718,0.3718,0.3718,3000,0
TQIR.DE,D,20200826,000000,0.3873,0.3873,0.3786,0.3786,20000,0
TQIR.DE,D,20200827,000000,0.3872,0.4053,0.3872,0.3993,10489,0
TQIR.DE,D,20200828,000000,0.4101,0.4118,0.4009,0.4009,42803,0
TQIR.DE,D,20200831,000000,0.4059,0.4059,0.4046,0.4046,9000,0
TQIR.DE,D,20200901,000000,0.3942,0.4036,0.3942,0.4036,900,0
TQIR.DE,D,20200902,000000,0.4036,0.4036,0.4036,0.4036,0,0
TQIR.DE,D,20200903,000000,0.3943,0.4036,0.3942,0.4036,10000,0
TQIR.DE,D,20200904,000000,0.395,0.4036,0.395,0.4036,9500,0
TQIR.DE,D,20200907,000000,0.3846,0.3846,0.3846,0.3846,5000,0
TQIR.DE,D,20200908,000000,0.3846,0.3846,0.3791,0.3791,15698,0
TQIR.DE,D,20200909,000000,0.3942,0.3942,0.3942,0.3942,1000,0
TQIR.DE,D,20201008,000000,0.3674,0.3674,0.3639,0.3639,53890,0
TQIR.DE,D,20201009,000000,0.3651,0.3651,0.3651,0.3651,120000,0
TQIR.DE,D,20201012,000000,0.3626,0.3626,0.3538,0.3626,10004,0
TQIR.DE,D,20201013,000000,0.354,0.354,0.354,0.354,13,0
TQIR.DE,D,20201014,000000,0.354,0.354,0.354,0.354,182,0
TQIR.DE,D,20201015,000000,0.352,0.352,0.345,0.345,10088,0
TQIR.DE,D,20201022,000000,0.344,0.344,0.338,0.338,540,0
TQIR.DE,D,20201023,000000,0.337,0.337,0.335,0.335,261,0
TQIR.DE,D,20201026,000000,0.334,0.334,0.3333,0.334,460,0
TQIR.DE,D,20201027,000000,0.328,0.3324,0.324,0.324,25660,0
TQIR.DE,D,20201028,000000,0.318,0.318,0.31,0.31,2000,0
TQIR.DE,D,20201029,000000,0.306,0.31,0.306,0.31,2900,0
TQIR.DE,D,20201105,000000,0.3282,0.3339,0.3282,0.3282,3000,0
TQIR.DE,D,20201112,000000,0.34,0.34,0.34,0.34,400000,0
TQIR.DE,D,20201116,000000,0.3572,0.3705,0.3572,0.3705,40000,0
TQIR.DE,D,20201119,000000,0.37,0.38,0.37,0.3705,7000,0
TQIR.DE,D,20201120,000000,0.3705,0.3705,0.3705,0.3705,0,0
TQIR.DE,D,20201123,000000,0.3757,0.3757,0.3705,0.3705,15000,0
TQIR.DE,D,20201125,000000,0.4,0.4016,0.4,0.4,4749,0
TQIR.DE,D,20201126,000000,0.4151,0.4151,0.4151,0.4151,6000,0
TQIR.DE,D,20201127,000000,0.422,0.43,0.422,0.43,13000,0
TQIR.DE,D,20201202,000000,0.4116,0.4116,0.411,0.411,4,0
TQIR.DE,D,20201214,000000,0.4186,0.4186,0.4186,0.4186,2000,0
TQIR.DE,D,20201217,000000,0.4316,0.4316,0.4316,0.4316,700,0
TQIR.DE,D,20201218,000000,0.43,0.43,0.43,0.43,4,0
TQIR.DE,D,20201223,000000,0.4234,0.4234,0.4234,0.4234,2000,0
TQIR.DE,D,20201228,000000,0.432,0.432,0.432,0.432,85500,0
TQIR.DE,D,20201230,000000,0.438,0.438,0.438,0.438,2000,0
TQIR.DE,D,20210104,000000,0.4289,0.4289,0.4289,0.4289,1000,0
TQIR.DE,D,20210105,000000,0.4274,0.4274,0.4274,0.4274,1000,0
TQIR.DE,D,20210106,000000,0.438,0.444,0.438,0.444,1448,0
TQIR.DE,D,20210111,000000,0.4343,0.4343,0.4343,0.4343,15000,0
TQIR.DE,D,20210112,000000,0.424,0.424,0.424,0.424,30,0
TQIR.DE,D,20210114,000000,0.4149,0.4149,0.4149,0.4149,450,0
TQIR.DE,D,20210118,000000,0.4006,0.4006,0.4006,0.4006,750,0
TQIR.DE,D,20210201,000000,0.3981,0.3982,0.3981,0.3982,7500,0
TQIR.DE,D,20210208,000000,0.4224,0.4224,0.4224,0.4224,7500,0
TQIR.DE,D,20210209,000000,0.4291,0.4291,0.4291,0.4291,2000,0
TQIR.DE,D,20210210,000000,0.4352,0.4352,0.4352,0.4352,3211,0
TQIR.DE,D,20210212,000000,0.4252,0.4337,0.4242,0.4242,14998,0
TQIR.DE,D,20210215,000000,0.4324,0.4324,0.4324,0.4324,690,0
TQIR.DE,D,20210216,000000,0.4321,0.4331,0.4321,0.4331,55000,0
TQIR.DE,D,20210217,000000,0.4214,0.4296,0.4214,0.4296,4000,0
TQIR.DE,D,20210218,000000,0.4214,0.4214,0.4214,0.4214,998,0
TQIR.DE,D,20210219,000000,0.416,0.416,0.416,0.416,3903,0
TQIR.DE,D,20210224,000000,0.4423,0.4631,0.4423,0.4608,11000,0
TQIR.DE,D,20210225,000000,0.4563,0.4563,0.4409,0.4409,21550,0
TQIR.DE,D,20210226,000000,0.4385,0.4385,0.4385,0.4385,15000,0
TQIR.DE,D,20210301,000000,0.4443,0.4443,0.4443,0.4443,500,0
TQIR.DE,D,20210302,000000,0.445,0.445,0.445,0.445,15000,0
TQIR.DE,D,20210303,000000,0.438,0.438,0.438,0.438,15000,0
TQIR.DE,D,20210305,000000,0.4469,0.4469,0.4469,0.4469,225,0
TQIR.DE,D,20210308,000000,0.447,0.447,0.447,0.447,15000,0
TQIR.DE,D,20210311,000000,0.4754,0.482,0.4754,0.4754,5500,0
TQIR.DE,D,20210312,000000,0.4845,0.4845,0.4845,0.4845,34000,0
TQIR.DE,D,20210315,000000,0.4836,0.4836,0.4835,0.4835,3000,0
TQIR.DE,D,20210318,000000,0.506,0.506,0.506,0.506,2000,0
TQIR.DE,D,20210319,000000,0.4732,0.4732,0.4732,0.4732,4500,0
TQIR.DE,D,20210324,000000,0.463,0.463,0.463,0.463,15000,0
TQIR.DE,D,20210325,000000,0.4697,0.4699,0.4694,0.4699,40000,0
TQIR.DE,D,20210326,000000,0.475,0.475,0.475,0.475,2000,0
TQIR.DE,D,20210329,000000,0.4842,0.4957,0.4842,0.4957,4019,0
TQIR.DE,D,20210409,000000,0.4723,0.4723,0.47,0.471,140639,0
TQIR.DE,D,20210412,000000,0.4729,0.4746,0.4729,0.4746,160,0
TQIR.DE,D,20210419,000000,0.4766,0.4766,0.4766,0.4766,40,0
TQIR.DE,D,20210421,000000,0.4697,0.4697,0.4697,0.4697,1,0
TQIR.DE,D,20210426,000000,0.483,0.483,0.483,0.483,1000,0
TQIR.DE,D,20210427,000000,0.473,0.473,0.473,0.473,10,0
TQIR.DE,D,20210503,000000,0.4858,0.4858,0.4858,0.4858,4126,0
TQIR.DE,D,20210506,000000,0.465,0.4654,0.465,0.465,10500,0
TQIR.DE,D,20210512,000000,0.4609,0.4609,0.4609,0.4609,8000,0
TQIR.DE,D,20210513,000000,0.461,0.461,0.461,0.461,2000,0
TQIR.DE,D,20210517,000000,0.4794,0.4794,0.4794,0.4794,15000,0
TQIR.DE,D,20210518,000000,0.4789,0.4789,0.47,0.47,52000,0
TQIR.DE,D,20210520,000000,0.4571,0.4571,0.455,0.455,100000,0
TQIR.DE,D,20210526,000000,0.4766,0.4766,0.4766,0.4766,5000,0
TQIR.DE,D,20210611,000000,0.4848,0.4935,0.4848,0.4935,500,0
TQIR.DE,D,20210614,000000,0.4905,0.4905,0.4905,0.4905,500,0
TQIR.DE,D,20210714,000000,0.432,0.432,0.432,0.432,26800,0
TQIR.DE,D,20210716,000000,0.43,0.43,0.4249,0.4249,7680,0
TQIR.DE,D,20210719,000000,0.412,0.412,0.412,0.412,2500,0
TQIR.DE,D,20210721,000000,0.404,0.404,0.404,0.404,5,0
TQIR.DE,D,20210723,000000,0.404,0.404,0.398,0.398,1979,0
TQIR.DE,D,20210727,000000,0.397,0.397,0.392,0.392,5400,0
TQIR.DE,D,20210802,000000,0.4,0.402,0.3945,0.402,1509336,0
TQIR.DE,D,20210806,000000,0.408,0.408,0.4026,0.408,19500,0
TQIR.DE,D,20210809,000000,0.3994,0.3994,0.3994,0.3994,2000,0
TQIR.DE,D,20210812,000000,0.409,0.409,0.409,0.409,1,0
TQIR.DE,D,20210817,000000,0.399,0.399,0.399,0.399,5000,0
TQIR.DE,D,20210820,000000,0.3958,0.3958,0.3958,0.3958,10000,0
