<TICKER>,<PER>,<DATE>,<TIME>,<OPEN>,<HIGH>,<LOW>,<CLOSE>,<VOL>,<OPENINT>
TTO.DE,D,20070102,000000,0.913128,0.913128,0.913128,0.913128,0,0
TTO.DE,D,20070103,000000,0.913128,0.913128,0.913128,0.913128,0,0
TTO.DE,D,20070104,000000,0.913128,0.913128,0.913128,0.913128,0,0
TTO.DE,D,20070105,000000,0.913128,0.913128,0.913128,0.913128,0,0
TTO.DE,D,20070108,000000,1.116045,1.116045,1.116045,1.116045,70,0
TTO.DE,D,20070109,000000,1.102517,1.102517,1.102517,1.102517,145,0
TTO.DE,D,20070110,000000,0.994295,0.994295,0.994295,0.994295,100,0
TTO.DE,D,20070115,000000,0.994295,0.994295,0.994295,0.994295,0,0
TTO.DE,D,20070116,000000,0.994295,0.994295,0.994295,0.994295,0,0
TTO.DE,D,20070117,000000,0.994295,0.994295,0.994295,0.994295,0,0
TTO.DE,D,20070118,000000,0.994295,0.994295,0.994295,0.994295,0,0
TTO.DE,D,20070119,000000,0.994295,0.994295,0.994295,0.994295,0,0
TTO.DE,D,20070122,000000,0.994295,0.994295,0.994295,0.994295,30,0
TTO.DE,D,20070123,000000,0.994295,0.994295,0.994295,0.994295,0,0
TTO.DE,D,20070124,000000,0.994295,0.994295,0.994295,0.994295,0,0
TTO.DE,D,20070125,000000,0.994295,0.994295,0.994295,0.994295,0,0
TTO.DE,D,20070126,000000,0.994295,0.994295,0.994295,0.994295,125,0
TTO.DE,D,20070129,000000,0.994295,0.994295,0.994295,0.994295,0,0
TTO.DE,D,20070130,000000,0.994295,0.994295,0.994295,0.994295,0,0
TTO.DE,D,20070131,000000,0.994295,0.994295,0.994295,0.994295,0,0
TTO.DE,D,20070201,000000,1.278379,1.278379,1.278379,1.278379,192,0
TTO.DE,D,20070202,000000,1.278379,1.278379,1.278379,1.278379,0,0
TTO.DE,D,20070205,000000,1.278379,1.278379,1.278379,1.278379,0,0
TTO.DE,D,20070206,000000,1.278379,1.278379,1.278379,1.278379,0,0
TTO.DE,D,20070207,000000,1.278379,1.278379,1.278379,1.278379,0,0
TTO.DE,D,20070208,000000,1.278379,1.278379,1.278379,1.278379,0,0
TTO.DE,D,20070209,000000,1.278379,1.278379,1.278379,1.278379,0,0
TTO.DE,D,20070212,000000,1.278379,1.278379,1.278379,1.278379,0,0
TTO.DE,D,20070213,000000,1.278379,1.278379,1.278379,1.278379,0,0
TTO.DE,D,20070214,000000,1.278379,1.278379,1.278379,1.278379,0,0
TTO.DE,D,20070215,000000,1.278379,1.278379,1.278379,1.278379,0,0
TTO.DE,D,20070216,000000,1.278379,1.278379,1.278379,1.278379,0,0
TTO.DE,D,20070219,000000,1.278379,1.278379,1.278379,1.278379,0,0
TTO.DE,D,20070220,000000,1.278379,1.278379,1.278379,1.278379,0,0
TTO.DE,D,20070221,000000,1.278379,1.278379,1.278379,1.278379,0,0
TTO.DE,D,20070222,000000,1.278379,1.278379,1.278379,1.278379,0,0
TTO.DE,D,20070226,000000,1.278379,1.278379,1.278379,1.278379,0,0
TTO.DE,D,20070227,000000,1.278379,1.278379,1.278379,1.278379,0,0
TTO.DE,D,20070228,000000,1.278379,1.278379,1.278379,1.278379,0,0
TTO.DE,D,20070301,000000,1.278379,1.278379,1.278379,1.278379,0,0
TTO.DE,D,20070302,000000,1.278379,1.278379,1.278379,1.278379,0,0
TTO.DE,D,20070305,000000,1.278379,1.278379,1.278379,1.278379,0,0
TTO.DE,D,20070306,000000,1.278379,1.278379,1.278379,1.278379,0,0
TTO.DE,D,20070307,000000,1.278379,1.278379,1.278379,1.278379,0,0
TTO.DE,D,20070308,000000,1.278379,1.278379,1.278379,1.278379,0,0
TTO.DE,D,20070309,000000,1.278379,1.278379,1.278379,1.278379,0,0
TTO.DE,D,20070312,000000,1.278379,1.278379,1.278379,1.278379,0,0
TTO.DE,D,20070313,000000,1.278379,1.278379,1.278379,1.278379,0,0
TTO.DE,D,20070314,000000,1.278379,1.278379,1.278379,1.278379,0,0
TTO.DE,D,20070315,000000,1.278379,1.278379,1.278379,1.278379,0,0
TTO.DE,D,20070316,000000,1.278379,1.278379,1.278379,1.278379,0,0
TTO.DE,D,20070319,000000,1.278379,1.278379,1.278379,1.278379,0,0
TTO.DE,D,20070320,000000,1.278379,1.278379,1.278379,1.278379,0,0
TTO.DE,D,20070321,000000,1.278379,1.278379,1.278379,1.278379,0,0
TTO.DE,D,20070322,000000,1.278379,1.278379,1.278379,1.278379,0,0
TTO.DE,D,20070323,000000,1.278379,1.278379,1.278379,1.278379,0,0
TTO.DE,D,20070326,000000,0.980767,0.980767,0.980767,0.980767,10,0
TTO.DE,D,20070327,000000,0.980767,0.980767,0.980767,0.980767,0,0
TTO.DE,D,20070328,000000,0.980767,0.980767,0.980767,0.980767,0,0
TTO.DE,D,20070329,000000,0.980767,0.980767,0.980767,0.980767,0,0
TTO.DE,D,20070330,000000,0.980767,0.980767,0.980767,0.980767,0,0
TTO.DE,D,20070402,000000,0.980767,0.980767,0.980767,0.980767,0,0
TTO.DE,D,20070403,000000,0.980767,0.980767,0.980767,0.980767,0,0
TTO.DE,D,20070404,000000,0.980767,0.980767,0.980767,0.980767,0,0
TTO.DE,D,20070405,000000,0.980767,0.980767,0.980767,0.980767,0,0
TTO.DE,D,20070410,000000,0.980767,0.980767,0.980767,0.980767,0,0
TTO.DE,D,20070411,000000,0.980767,0.980767,0.980767,0.980767,0,0
TTO.DE,D,20070412,000000,0.980767,0.980767,0.980767,0.980767,0,0
TTO.DE,D,20070413,000000,0.980767,0.980767,0.980767,0.980767,0,0
TTO.DE,D,20070416,000000,0.980767,0.980767,0.980767,0.980767,0,0
TTO.DE,D,20070417,000000,0.980767,0.980767,0.980767,0.980767,0,0
TTO.DE,D,20070418,000000,0.980767,0.980767,0.980767,0.980767,0,0
TTO.DE,D,20070419,000000,0.980767,0.980767,0.980767,0.980767,0,0
TTO.DE,D,20070420,000000,0.980767,0.980767,0.980767,0.980767,0,0
TTO.DE,D,20070423,000000,0.913128,0.913128,0.913128,0.913128,139,0
TTO.DE,D,20070424,000000,0.913128,0.913128,0.913128,0.913128,0,0
TTO.DE,D,20070425,000000,0.913128,0.913128,0.913128,0.913128,0,0
TTO.DE,D,20070426,000000,0.913128,0.913128,0.913128,0.913128,0,0
TTO.DE,D,20070427,000000,0.913128,0.913128,0.913128,0.913128,0,0
TTO.DE,D,20070430,000000,0.913128,0.913128,0.913128,0.913128,0,0
TTO.DE,D,20070502,000000,0.913128,0.913128,0.913128,0.913128,0,0
TTO.DE,D,20070503,000000,0.913128,0.913128,0.913128,0.913128,0,0
TTO.DE,D,20070504,000000,0.913128,0.913128,0.913128,0.913128,0,0
TTO.DE,D,20070507,000000,0.913128,0.913128,0.913128,0.913128,0,0
TTO.DE,D,20070508,000000,1.001059,1.001059,1.001059,1.001059,350,0
TTO.DE,D,20070509,000000,1.001059,1.001059,1.001059,1.001059,0,0
TTO.DE,D,20070510,000000,1.001059,1.001059,1.001059,1.001059,0,0
TTO.DE,D,20070511,000000,1.001059,1.001059,1.001059,1.001059,0,0
TTO.DE,D,20070514,000000,1.001059,1.001059,1.001059,1.001059,0,0
TTO.DE,D,20070515,000000,1.001059,1.001059,1.001059,1.001059,0,0
TTO.DE,D,20070516,000000,1.001059,1.001059,1.001059,1.001059,0,0
TTO.DE,D,20070517,000000,1.001059,1.001059,1.001059,1.001059,0,0
TTO.DE,D,20070518,000000,1.001059,1.001059,1.001059,1.001059,0,0
TTO.DE,D,20070521,000000,1.001059,1.001059,1.001059,1.001059,0,0
TTO.DE,D,20070522,000000,1.048406,1.048406,1.048406,1.048406,450,0
TTO.DE,D,20070523,000000,1.048406,1.048406,1.048406,1.048406,0,0
TTO.DE,D,20070524,000000,1.048406,1.048406,1.048406,1.048406,0,0
TTO.DE,D,20070525,000000,0.886072,0.886072,0.886072,0.886072,160,0
TTO.DE,D,20070529,000000,0.886072,0.886072,0.886072,0.886072,0,0
TTO.DE,D,20070530,000000,0.886072,0.886072,0.886072,0.886072,0,0
TTO.DE,D,20070531,000000,0.886072,0.886072,0.886072,0.886072,0,0
TTO.DE,D,20070601,000000,0.886072,0.886072,0.886072,0.886072,0,0
TTO.DE,D,20070604,000000,0.886072,0.886072,0.886072,0.886072,0,0
TTO.DE,D,20070605,000000,0.886072,0.886072,0.886072,0.886072,0,0
TTO.DE,D,20070606,000000,0.886072,0.886072,0.886072,0.886072,0,0
TTO.DE,D,20070607,000000,0.886072,0.886072,0.886072,0.886072,0,0
TTO.DE,D,20070608,000000,0.886072,0.886072,0.886072,0.886072,0,0
TTO.DE,D,20070611,000000,0.886072,0.886072,0.886072,0.886072,0,0
TTO.DE,D,20070612,000000,1.116045,1.116045,1.116045,1.116045,500,0
TTO.DE,D,20070613,000000,1.116045,1.116045,1.116045,1.116045,0,0
TTO.DE,D,20070614,000000,1.116045,1.116045,1.116045,1.116045,0,0
TTO.DE,D,20070615,000000,1.116045,1.116045,1.116045,1.116045,0,0
TTO.DE,D,20070618,000000,1.116045,1.116045,1.116045,1.116045,0,0
TTO.DE,D,20070619,000000,1.116045,1.116045,1.116045,1.116045,0,0
TTO.DE,D,20070620,000000,1.116045,1.116045,1.116045,1.116045,0,0
TTO.DE,D,20070621,000000,1.116045,1.116045,1.116045,1.116045,0,0
TTO.DE,D,20070622,000000,1.116045,1.116045,1.116045,1.116045,0,0
TTO.DE,D,20070625,000000,1.116045,1.116045,1.116045,1.116045,0,0
TTO.DE,D,20070628,000000,0.77785,0.77785,0.77785,0.77785,0,0
TTO.DE,D,20070629,000000,0.77785,0.77785,0.77785,0.77785,0,0
TTO.DE,D,20070702,000000,0.77785,0.77785,0.77785,0.77785,0,0
TTO.DE,D,20070703,000000,0.77785,0.77785,0.77785,0.77785,0,0
TTO.DE,D,20070704,000000,0.77785,0.77785,0.77785,0.77785,0,0
TTO.DE,D,20070705,000000,0.77785,0.77785,0.77785,0.77785,0,0
TTO.DE,D,20070706,000000,0.77785,0.77785,0.77785,0.77785,0,0
TTO.DE,D,20070709,000000,1.014587,1.014587,1.014587,1.014587,3,0
TTO.DE,D,20070710,000000,1.014587,1.014587,1.014587,1.014587,0,0
TTO.DE,D,20070711,000000,1.014587,1.014587,1.014587,1.014587,0,0
TTO.DE,D,20070712,000000,1.014587,1.014587,1.014587,1.014587,0,0
TTO.DE,D,20070713,000000,1.014587,1.014587,1.014587,1.014587,0,0
TTO.DE,D,20070716,000000,1.014587,1.014587,1.014587,1.014587,0,0
TTO.DE,D,20070717,000000,1.014587,1.014587,1.014587,1.014587,0,0
TTO.DE,D,20070718,000000,1.014587,1.014587,1.014587,1.014587,0,0
TTO.DE,D,20070719,000000,1.014587,1.014587,1.014587,1.014587,0,0
TTO.DE,D,20070720,000000,1.014587,1.014587,1.014587,1.014587,0,0
TTO.DE,D,20070723,000000,1.014587,1.014587,1.014587,1.014587,0,0
TTO.DE,D,20070724,000000,1.014587,1.014587,1.014587,1.014587,0,0
TTO.DE,D,20070725,000000,1.014587,1.014587,1.014587,1.014587,0,0
TTO.DE,D,20070726,000000,1.014587,1.014587,1.014587,1.014587,0,0
TTO.DE,D,20070727,000000,1.014587,1.014587,1.014587,1.014587,0,0
TTO.DE,D,20070730,000000,1.014587,1.014587,1.014587,1.014587,0,0
TTO.DE,D,20070731,000000,1.014587,1.014587,1.014587,1.014587,0,0
TTO.DE,D,20070801,000000,1.014587,1.014587,1.014587,1.014587,0,0
TTO.DE,D,20070802,000000,1.014587,1.014587,1.014587,1.014587,0,0
TTO.DE,D,20070803,000000,1.014587,1.014587,1.014587,1.014587,0,0
TTO.DE,D,20070806,000000,1.014587,1.014587,1.014587,1.014587,0,0
TTO.DE,D,20070807,000000,1.014587,1.014587,1.014587,1.014587,0,0
TTO.DE,D,20070808,000000,1.014587,1.014587,1.014587,1.014587,0,0
TTO.DE,D,20070809,000000,1.014587,1.014587,1.014587,1.014587,0,0
TTO.DE,D,20070810,000000,1.014587,1.014587,1.014587,1.014587,0,0
TTO.DE,D,20070813,000000,1.014587,1.014587,1.014587,1.014587,0,0
TTO.DE,D,20070814,000000,1.014587,1.014587,1.014587,1.014587,0,0
TTO.DE,D,20070815,000000,1.014587,1.014587,1.014587,1.014587,0,0
TTO.DE,D,20070816,000000,1.014587,1.014587,1.014587,1.014587,0,0
TTO.DE,D,20070817,000000,1.014587,1.014587,1.014587,1.014587,0,0
TTO.DE,D,20070820,000000,1.049572,1.049572,1.049572,1.049572,0,0
TTO.DE,D,20070821,000000,1.049572,1.049572,1.049572,1.049572,0,0
TTO.DE,D,20070822,000000,1.049572,1.049572,1.049572,1.049572,0,0
TTO.DE,D,20070823,000000,1.049572,1.049572,1.049572,1.049572,0,0
TTO.DE,D,20070824,000000,1.049572,1.049572,1.049572,1.049572,0,0
TTO.DE,D,20070827,000000,1.049572,1.049572,1.049572,1.049572,0,0
TTO.DE,D,20070828,000000,1.049572,1.049572,1.049572,1.049572,0,0
TTO.DE,D,20070829,000000,1.049572,1.049572,1.049572,1.049572,0,0
TTO.DE,D,20070830,000000,1.049572,1.049572,1.049572,1.049572,0,0
TTO.DE,D,20070831,000000,1.049572,1.049572,1.049572,1.049572,0,0
TTO.DE,D,20070903,000000,1.049572,1.049572,1.049572,1.049572,0,0
TTO.DE,D,20070904,000000,1.049572,1.049572,1.049572,1.049572,0,0
TTO.DE,D,20070905,000000,1.049572,1.049572,1.049572,1.049572,0,0
TTO.DE,D,20070906,000000,1.049572,1.049572,1.049572,1.049572,0,0
TTO.DE,D,20070907,000000,1.049572,1.049572,1.049572,1.049572,0,0
TTO.DE,D,20070910,000000,1.049572,1.049572,1.049572,1.049572,0,0
TTO.DE,D,20070911,000000,1.049572,1.049572,1.049572,1.049572,0,0
TTO.DE,D,20070912,000000,1.049572,1.049572,1.049572,1.049572,0,0
TTO.DE,D,20070913,000000,1.049572,1.049572,1.049572,1.049572,0,0
TTO.DE,D,20070914,000000,0.944615,0.944615,0.944615,0.944615,100,0
TTO.DE,D,20070917,000000,0.944615,0.944615,0.944615,0.944615,300,0
TTO.DE,D,20070918,000000,0.944615,0.944615,0.944615,0.944615,0,0
TTO.DE,D,20070919,000000,0.944615,0.944615,0.944615,0.944615,0,0
TTO.DE,D,20070920,000000,0.944615,0.944615,0.944615,0.944615,0,0
TTO.DE,D,20070921,000000,0.944615,0.944615,0.944615,0.944615,0,0
TTO.DE,D,20070924,000000,0.944615,0.944615,0.944615,0.944615,0,0
TTO.DE,D,20070925,000000,0.944615,0.944615,0.944615,0.944615,0,0
TTO.DE,D,20070926,000000,0.944615,0.944615,0.944615,0.944615,0,0
TTO.DE,D,20070927,000000,0.944615,0.944615,0.944615,0.944615,0,0
TTO.DE,D,20070928,000000,0.944615,0.944615,0.944615,0.944615,0,0
TTO.DE,D,20071001,000000,0.944615,0.944615,0.944615,0.944615,0,0
TTO.DE,D,20071002,000000,0.944615,0.944615,0.944615,0.944615,0,0
TTO.DE,D,20071003,000000,0.944615,0.944615,0.944615,0.944615,0,0
TTO.DE,D,20071004,000000,0.944615,0.944615,0.944615,0.944615,0,0
TTO.DE,D,20071005,000000,0.944615,0.944615,0.944615,0.944615,0,0
TTO.DE,D,20071008,000000,0.944615,0.944615,0.944615,0.944615,0,0
TTO.DE,D,20071009,000000,0.902632,0.902632,0.902632,0.902632,1000,0
TTO.DE,D,20071010,000000,0.629743,0.629743,0.629743,0.629743,50,0
TTO.DE,D,20071011,000000,0.629743,0.629743,0.629743,0.629743,0,0
TTO.DE,D,20071012,000000,0.629743,0.629743,0.629743,0.629743,0,0
TTO.DE,D,20071015,000000,0.629743,0.629743,0.629743,0.629743,0,0
TTO.DE,D,20071016,000000,0.629743,0.629743,0.629743,0.629743,0,0
TTO.DE,D,20071017,000000,0.629743,0.629743,0.629743,0.629743,0,0
TTO.DE,D,20071018,000000,0.629743,0.629743,0.629743,0.629743,0,0
TTO.DE,D,20071019,000000,0.629743,0.629743,0.629743,0.629743,0,0
TTO.DE,D,20071022,000000,0.895635,0.895635,0.895635,0.895635,400,0
TTO.DE,D,20071023,000000,0.895635,0.895635,0.895635,0.895635,0,0
TTO.DE,D,20071024,000000,0.895635,0.895635,0.895635,0.895635,0,0
TTO.DE,D,20071025,000000,0.895635,0.895635,0.895635,0.895635,0,0
TTO.DE,D,20071026,000000,0.895635,0.895635,0.895635,0.895635,0,0
TTO.DE,D,20071029,000000,0.895635,0.895635,0.895635,0.895635,0,0
TTO.DE,D,20071030,000000,0.895635,0.895635,0.895635,0.895635,0,0
TTO.DE,D,20071031,000000,0.895635,0.895635,0.895635,0.895635,0,0
TTO.DE,D,20071101,000000,0.895635,0.895635,0.895635,0.895635,0,0
TTO.DE,D,20071102,000000,0.895635,0.895635,0.895635,0.895635,0,0
TTO.DE,D,20071105,000000,0.895635,0.895635,0.895635,0.895635,0,0
TTO.DE,D,20071106,000000,0.895635,0.895635,0.895635,0.895635,0,0
TTO.DE,D,20071107,000000,0.895635,0.895635,0.895635,0.895635,0,0
TTO.DE,D,20071108,000000,0.895635,0.895635,0.895635,0.895635,0,0
TTO.DE,D,20071109,000000,0.895635,0.895635,0.895635,0.895635,0,0
TTO.DE,D,20071112,000000,0.895635,0.895635,0.895635,0.895635,0,0
TTO.DE,D,20071113,000000,0.895635,0.895635,0.895635,0.895635,0,0
TTO.DE,D,20071114,000000,0.895635,0.895635,0.895635,0.895635,0,0
TTO.DE,D,20071115,000000,0.895635,0.895635,0.895635,0.895635,0,0
TTO.DE,D,20071116,000000,0.895635,0.895635,0.895635,0.895635,0,0
TTO.DE,D,20071119,000000,0.895635,0.895635,0.895635,0.895635,0,0
TTO.DE,D,20071120,000000,0.895635,0.895635,0.895635,0.895635,0,0
TTO.DE,D,20071121,000000,0.895635,0.895635,0.895635,0.895635,0,0
TTO.DE,D,20071122,000000,0.895635,0.895635,0.895635,0.895635,0,0
TTO.DE,D,20071123,000000,0.895635,0.895635,0.895635,0.895635,0,0
TTO.DE,D,20071126,000000,0.895635,0.895635,0.895635,0.895635,0,0
TTO.DE,D,20071127,000000,0.895635,0.895635,0.895635,0.895635,0,0
TTO.DE,D,20071128,000000,0.895635,0.895635,0.895635,0.895635,0,0
TTO.DE,D,20071129,000000,0.895635,0.895635,0.895635,0.895635,0,0
TTO.DE,D,20071130,000000,0.895635,0.895635,0.895635,0.895635,0,0
TTO.DE,D,20071203,000000,0.895635,0.895635,0.895635,0.895635,0,0
TTO.DE,D,20071204,000000,0.895635,0.895635,0.895635,0.895635,0,0
TTO.DE,D,20071205,000000,0.895635,0.895635,0.895635,0.895635,0,0
TTO.DE,D,20071206,000000,0.846655,0.846655,0.846655,0.846655,1000,0
TTO.DE,D,20071207,000000,0.846655,0.846655,0.846655,0.846655,1000,0
TTO.DE,D,20071210,000000,0.846655,0.846655,0.846655,0.846655,0,0
TTO.DE,D,20071211,000000,0.846655,0.846655,0.846655,0.846655,0,0
TTO.DE,D,20071212,000000,0.846655,0.846655,0.846655,0.846655,0,0
TTO.DE,D,20071213,000000,0.846655,0.846655,0.846655,0.846655,0,0
TTO.DE,D,20071214,000000,0.650735,0.650735,0.650735,0.650735,100,0
TTO.DE,D,20071217,000000,0.650735,0.650735,0.650735,0.650735,100,0
TTO.DE,D,20071218,000000,0.650735,0.650735,0.650735,0.650735,0,0
TTO.DE,D,20071219,000000,0.650735,0.650735,0.650735,0.650735,0,0
TTO.DE,D,20071220,000000,0.650735,0.650735,0.650735,0.650735,0,0
TTO.DE,D,20071221,000000,0.650735,0.650735,0.650735,0.650735,0,0
TTO.DE,D,20071227,000000,0.650735,0.650735,0.650735,0.650735,0,0
TTO.DE,D,20071228,000000,0.650735,0.650735,0.650735,0.650735,0,0
TTO.DE,D,20080102,000000,0.650735,0.650735,0.650735,0.650735,0,0
TTO.DE,D,20080103,000000,0.650735,0.650735,0.650735,0.650735,0,0
TTO.DE,D,20080104,000000,0.650735,0.650735,0.650735,0.650735,0,0
TTO.DE,D,20080107,000000,0.650735,0.650735,0.650735,0.650735,0,0
TTO.DE,D,20080108,000000,0.650735,0.650735,0.650735,0.650735,0,0
TTO.DE,D,20080109,000000,0.650735,0.650735,0.650735,0.650735,0,0
TTO.DE,D,20080110,000000,0.650735,0.650735,0.650735,0.650735,0,0
TTO.DE,D,20080111,000000,0.650735,0.650735,0.650735,0.650735,0,0
TTO.DE,D,20080114,000000,0.650735,0.650735,0.650735,0.650735,0,0
TTO.DE,D,20080115,000000,0.650735,0.650735,0.650735,0.650735,0,0
TTO.DE,D,20080116,000000,0.650735,0.650735,0.650735,0.650735,0,0
TTO.DE,D,20080117,000000,0.650735,0.650735,0.650735,0.650735,0,0
TTO.DE,D,20080118,000000,0.650735,0.650735,0.650735,0.650735,0,0
TTO.DE,D,20080121,000000,0.650735,0.650735,0.650735,0.650735,0,0
TTO.DE,D,20080122,000000,0.650735,0.650735,0.650735,0.650735,0,0
TTO.DE,D,20080123,000000,0.650735,0.650735,0.650735,0.650735,0,0
TTO.DE,D,20080124,000000,0.650735,0.650735,0.650735,0.650735,0,0
TTO.DE,D,20080125,000000,0.650735,0.650735,0.650735,0.650735,0,0
TTO.DE,D,20080128,000000,0.650735,0.650735,0.650735,0.650735,0,0
TTO.DE,D,20080129,000000,0.650735,0.650735,0.650735,0.650735,0,0
TTO.DE,D,20080130,000000,0.650735,0.650735,0.650735,0.650735,0,0
TTO.DE,D,20080131,000000,0.650735,0.650735,0.650735,0.650735,0,0
TTO.DE,D,20080201,000000,0.650735,0.650735,0.650735,0.650735,0,0
TTO.DE,D,20080204,000000,0.650735,0.650735,0.650735,0.650735,0,0
TTO.DE,D,20080205,000000,0.650735,0.650735,0.650735,0.650735,0,0
TTO.DE,D,20080206,000000,0.650735,0.650735,0.650735,0.650735,0,0
TTO.DE,D,20080207,000000,0.650735,0.650735,0.650735,0.650735,0,0
TTO.DE,D,20080208,000000,0.650735,0.650735,0.650735,0.650735,0,0
TTO.DE,D,20080211,000000,0.650735,0.650735,0.650735,0.650735,0,0
TTO.DE,D,20080212,000000,0.650735,0.650735,0.650735,0.650735,0,0
TTO.DE,D,20080213,000000,0.650735,0.650735,0.650735,0.650735,0,0
TTO.DE,D,20080214,000000,0.650735,0.650735,0.650735,0.650735,0,0
TTO.DE,D,20080215,000000,0.650735,0.650735,0.650735,0.650735,0,0
TTO.DE,D,20080218,000000,0.650735,0.650735,0.650735,0.650735,0,0
TTO.DE,D,20080219,000000,0.650735,0.650735,0.650735,0.650735,0,0
TTO.DE,D,20080220,000000,0.650735,0.650735,0.650735,0.650735,0,0
TTO.DE,D,20080221,000000,0.650735,0.650735,0.650735,0.650735,0,0
TTO.DE,D,20080222,000000,0.650735,0.650735,0.650735,0.650735,0,0
TTO.DE,D,20080225,000000,0.762689,0.762689,0.762689,0.762689,1300,0
TTO.DE,D,20080226,000000,0.762689,0.762689,0.762689,0.762689,1300,0
TTO.DE,D,20080227,000000,0.762689,0.762689,0.762689,0.762689,0,0
TTO.DE,D,20080303,000000,0.762689,0.762689,0.762689,0.762689,0,0
TTO.DE,D,20080304,000000,0.762689,0.762689,0.762689,0.762689,0,0
TTO.DE,D,20080305,000000,0.762689,0.762689,0.762689,0.762689,0,0
TTO.DE,D,20080306,000000,0.762689,0.762689,0.762689,0.762689,0,0
TTO.DE,D,20080307,000000,0.762689,0.762689,0.762689,0.762689,0,0
TTO.DE,D,20080310,000000,0.762689,0.762689,0.762689,0.762689,0,0
TTO.DE,D,20080311,000000,0.762689,0.762689,0.762689,0.762689,0,0
TTO.DE,D,20080312,000000,0.762689,0.762689,0.762689,0.762689,0,0
TTO.DE,D,20080313,000000,0.762689,0.762689,0.762689,0.762689,0,0
TTO.DE,D,20080314,000000,0.762689,0.762689,0.762689,0.762689,0,0
TTO.DE,D,20080318,000000,0.762689,0.762689,0.762689,0.762689,0,0
TTO.DE,D,20080319,000000,0.762689,0.762689,0.762689,0.762689,0,0
TTO.DE,D,20080320,000000,0.762689,0.762689,0.762689,0.762689,0,0
TTO.DE,D,20080325,000000,0.762689,0.762689,0.762689,0.762689,0,0
TTO.DE,D,20080326,000000,0.762689,0.762689,0.762689,0.762689,0,0
TTO.DE,D,20080327,000000,0.762689,0.762689,0.762689,0.762689,0,0
TTO.DE,D,20080328,000000,0.762689,0.762689,0.762689,0.762689,0,0
TTO.DE,D,20080331,000000,0.762689,0.762689,0.762689,0.762689,0,0
TTO.DE,D,20080401,000000,0.762689,0.762689,0.762689,0.762689,0,0
TTO.DE,D,20080402,000000,0.762689,0.762689,0.762689,0.762689,0,0
TTO.DE,D,20080403,000000,0.762689,0.762689,0.762689,0.762689,0,0
TTO.DE,D,20080404,000000,0.762689,0.762689,0.762689,0.762689,0,0
TTO.DE,D,20080407,000000,0.762689,0.762689,0.762689,0.762689,0,0
TTO.DE,D,20080408,000000,0.762689,0.762689,0.762689,0.762689,0,0
TTO.DE,D,20080409,000000,0.762689,0.762689,0.762689,0.762689,0,0
TTO.DE,D,20080411,000000,0.762689,0.762689,0.762689,0.762689,0,0
TTO.DE,D,20080414,000000,0.762689,0.762689,0.762689,0.762689,0,0
TTO.DE,D,20080415,000000,0.762689,0.762689,0.762689,0.762689,0,0
TTO.DE,D,20080416,000000,0.762689,0.762689,0.762689,0.762689,0,0
TTO.DE,D,20080417,000000,0.762689,0.762689,0.762689,0.762689,0,0
TTO.DE,D,20080418,000000,0.762689,0.762689,0.762689,0.762689,0,0
TTO.DE,D,20080421,000000,0.762689,0.762689,0.762689,0.762689,0,0
TTO.DE,D,20080422,000000,0.762689,0.762689,0.762689,0.762689,0,0
TTO.DE,D,20080423,000000,0.762689,0.762689,0.762689,0.762689,0,0
TTO.DE,D,20080424,000000,0.762689,0.762689,0.762689,0.762689,0,0
TTO.DE,D,20080425,000000,0.762689,0.762689,0.762689,0.762689,0,0
TTO.DE,D,20080428,000000,0.762689,0.762689,0.762689,0.762689,0,0
TTO.DE,D,20080429,000000,0.762689,0.762689,0.762689,0.762689,0,0
TTO.DE,D,20080430,000000,0.762689,0.762689,0.762689,0.762689,0,0
TTO.DE,D,20080502,000000,0.762689,0.762689,0.762689,0.762689,0,0
TTO.DE,D,20080505,000000,0.762689,0.762689,0.762689,0.762689,0,0
TTO.DE,D,20080506,000000,0.629743,0.629743,0.629743,0.629743,40,0
TTO.DE,D,20080507,000000,0.629743,0.629743,0.629743,0.629743,40,0
TTO.DE,D,20080508,000000,0.629743,0.629743,0.629743,0.629743,0,0
TTO.DE,D,20080512,000000,0.629743,0.629743,0.629743,0.629743,0,0
TTO.DE,D,20080514,000000,0.629743,0.629743,0.629743,0.629743,0,0
TTO.DE,D,20080515,000000,0.629743,0.629743,0.629743,0.629743,0,0
TTO.DE,D,20080516,000000,0.629743,0.629743,0.629743,0.629743,0,0
TTO.DE,D,20080519,000000,0.629743,0.629743,0.629743,0.629743,0,0
TTO.DE,D,20080520,000000,0.629743,0.629743,0.629743,0.629743,0,0
TTO.DE,D,20080521,000000,0.629743,0.629743,0.629743,0.629743,0,0
TTO.DE,D,20080522,000000,0.629743,0.629743,0.629743,0.629743,0,0
TTO.DE,D,20080523,000000,0.629743,0.629743,0.629743,0.629743,0,0
TTO.DE,D,20080526,000000,0.629743,0.629743,0.629743,0.629743,0,0
TTO.DE,D,20080527,000000,0.629743,0.629743,0.629743,0.629743,0,0
TTO.DE,D,20080528,000000,0.629743,0.629743,0.629743,0.629743,0,0
TTO.DE,D,20080529,000000,0.629743,0.629743,0.629743,0.629743,0,0
TTO.DE,D,20080602,000000,0.629743,0.629743,0.629743,0.629743,0,0
TTO.DE,D,20080603,000000,0.629743,0.629743,0.629743,0.629743,0,0
TTO.DE,D,20080604,000000,0.629743,0.629743,0.629743,0.629743,0,0
TTO.DE,D,20080605,000000,0.629743,0.629743,0.629743,0.629743,0,0
TTO.DE,D,20080606,000000,0.629743,0.629743,0.629743,0.629743,0,0
TTO.DE,D,20080609,000000,0.629743,0.629743,0.629743,0.629743,0,0
TTO.DE,D,20080610,000000,0.629743,0.629743,0.629743,0.629743,0,0
TTO.DE,D,20080611,000000,0.629743,0.629743,0.629743,0.629743,0,0
TTO.DE,D,20080612,000000,0.629743,0.629743,0.629743,0.629743,0,0
TTO.DE,D,20080613,000000,0.629743,0.629743,0.629743,0.629743,0,0
TTO.DE,D,20080616,000000,0.629743,0.629743,0.629743,0.629743,0,0
TTO.DE,D,20080617,000000,0.629743,0.629743,0.629743,0.629743,0,0
TTO.DE,D,20080618,000000,0.629743,0.629743,0.629743,0.629743,0,0
TTO.DE,D,20080620,000000,0.699715,0.699715,0.699715,0.699715,115,0
TTO.DE,D,20080623,000000,0.699715,0.699715,0.699715,0.699715,115,0
TTO.DE,D,20080624,000000,0.699715,0.699715,0.699715,0.699715,0,0
TTO.DE,D,20080626,000000,0.699715,0.699715,0.699715,0.699715,0,0
TTO.DE,D,20080630,000000,0.699715,0.699715,0.699715,0.699715,0,0
TTO.DE,D,20080701,000000,0.699715,0.699715,0.699715,0.699715,0,0
TTO.DE,D,20080702,000000,0.699715,0.699715,0.699715,0.699715,0,0
TTO.DE,D,20080703,000000,0.699715,0.699715,0.699715,0.699715,0,0
TTO.DE,D,20080704,000000,0.699715,0.699715,0.699715,0.699715,0,0
TTO.DE,D,20080707,000000,0.699715,0.699715,0.699715,0.699715,0,0
TTO.DE,D,20080708,000000,0.699715,0.699715,0.699715,0.699715,0,0
TTO.DE,D,20080709,000000,0.699715,0.699715,0.699715,0.699715,0,0
TTO.DE,D,20080710,000000,0.699715,0.699715,0.699715,0.699715,0,0
TTO.DE,D,20080711,000000,0.699715,0.699715,0.699715,0.699715,0,0
TTO.DE,D,20080714,000000,0.664729,0.664729,0.664729,0.664729,50,0
TTO.DE,D,20080715,000000,0.664729,0.664729,0.664729,0.664729,50,0
TTO.DE,D,20080716,000000,0.664729,0.664729,0.664729,0.664729,0,0
TTO.DE,D,20080717,000000,0.664729,0.664729,0.664729,0.664729,0,0
TTO.DE,D,20080718,000000,0.664729,0.664729,0.664729,0.664729,0,0
TTO.DE,D,20080721,000000,0.664729,0.664729,0.664729,0.664729,0,0
TTO.DE,D,20080722,000000,0.664729,0.664729,0.664729,0.664729,0,0
TTO.DE,D,20080723,000000,0.664729,0.664729,0.664729,0.664729,0,0
TTO.DE,D,20080724,000000,0.664729,0.664729,0.664729,0.664729,0,0
TTO.DE,D,20080725,000000,0.664729,0.664729,0.664729,0.664729,0,0
TTO.DE,D,20080728,000000,0.664729,0.664729,0.664729,0.664729,0,0
TTO.DE,D,20080729,000000,0.664729,0.664729,0.664729,0.664729,0,0
TTO.DE,D,20080730,000000,0.664729,0.664729,0.664729,0.664729,0,0
TTO.DE,D,20080731,000000,0.664729,0.664729,0.664729,0.664729,0,0
TTO.DE,D,20080801,000000,0.664729,0.664729,0.664729,0.664729,0,0
TTO.DE,D,20080804,000000,0.664729,0.664729,0.664729,0.664729,0,0
TTO.DE,D,20080805,000000,0.664729,0.664729,0.664729,0.664729,0,0
TTO.DE,D,20080806,000000,0.664729,0.664729,0.664729,0.664729,0,0
TTO.DE,D,20080807,000000,0.664729,0.664729,0.664729,0.664729,0,0
TTO.DE,D,20080808,000000,0.664729,0.664729,0.664729,0.664729,0,0
TTO.DE,D,20080811,000000,0.664729,0.664729,0.664729,0.664729,0,0
TTO.DE,D,20080812,000000,0.664729,0.664729,0.664729,0.664729,0,0
TTO.DE,D,20080813,000000,0.664729,0.664729,0.664729,0.664729,0,0
TTO.DE,D,20080814,000000,0.664729,0.664729,0.664729,0.664729,0,0
TTO.DE,D,20080815,000000,0.552775,0.552775,0.552775,0.552775,200,0
TTO.DE,D,20080818,000000,0.552775,0.552775,0.552775,0.552775,200,0
TTO.DE,D,20080819,000000,0.552775,0.552775,0.552775,0.552775,0,0
TTO.DE,D,20080820,000000,0.552775,0.552775,0.552775,0.552775,0,0
TTO.DE,D,20080821,000000,0.552775,0.552775,0.552775,0.552775,0,0
TTO.DE,D,20080825,000000,0.590124,0.590124,0.590124,0.590124,0,0
TTO.DE,D,20080826,000000,0.590124,0.590124,0.590124,0.590124,0,0
TTO.DE,D,20080827,000000,0.590124,0.590124,0.590124,0.590124,0,0
TTO.DE,D,20080828,000000,0.590124,0.590124,0.590124,0.590124,0,0
TTO.DE,D,20080829,000000,0.590124,0.590124,0.590124,0.590124,0,0
TTO.DE,D,20080901,000000,0.590124,0.590124,0.590124,0.590124,0,0
TTO.DE,D,20080902,000000,0.590124,0.590124,0.590124,0.590124,0,0
TTO.DE,D,20080903,000000,0.590124,0.590124,0.590124,0.590124,0,0
TTO.DE,D,20080904,000000,0.590124,0.590124,0.590124,0.590124,0,0
TTO.DE,D,20080905,000000,0.590124,0.590124,0.590124,0.590124,0,0
TTO.DE,D,20080908,000000,0.590124,0.590124,0.590124,0.590124,0,0
TTO.DE,D,20080909,000000,0.590124,0.590124,0.590124,0.590124,0,0
TTO.DE,D,20080910,000000,0.590124,0.590124,0.590124,0.590124,0,0
TTO.DE,D,20080911,000000,0.590124,0.590124,0.590124,0.590124,0,0
TTO.DE,D,20080912,000000,0.590124,0.590124,0.590124,0.590124,0,0
TTO.DE,D,20080915,000000,0.590124,0.590124,0.590124,0.590124,0,0
TTO.DE,D,20080916,000000,0.590124,0.590124,0.590124,0.590124,0,0
TTO.DE,D,20080917,000000,0.590124,0.590124,0.590124,0.590124,0,0
TTO.DE,D,20080918,000000,0.590124,0.590124,0.590124,0.590124,0,0
TTO.DE,D,20080919,000000,0.590124,0.590124,0.590124,0.590124,0,0
TTO.DE,D,20080923,000000,0.590124,0.590124,0.590124,0.590124,0,0
TTO.DE,D,20080924,000000,0.590124,0.590124,0.590124,0.590124,0,0
TTO.DE,D,20080925,000000,0.590124,0.590124,0.590124,0.590124,0,0
TTO.DE,D,20080926,000000,0.590124,0.590124,0.590124,0.590124,0,0
TTO.DE,D,20080929,000000,0.590124,0.590124,0.590124,0.590124,0,0
TTO.DE,D,20080930,000000,0.590124,0.590124,0.590124,0.590124,0,0
TTO.DE,D,20081001,000000,0.590124,0.590124,0.590124,0.590124,0,0
TTO.DE,D,20081002,000000,0.590124,0.590124,0.590124,0.590124,0,0
TTO.DE,D,20081003,000000,0.590124,0.590124,0.590124,0.590124,0,0
TTO.DE,D,20081006,000000,0.590124,0.590124,0.590124,0.590124,0,0
TTO.DE,D,20081007,000000,0.590124,0.590124,0.590124,0.590124,0,0
TTO.DE,D,20081008,000000,0.590124,0.590124,0.590124,0.590124,0,0
TTO.DE,D,20081009,000000,0.590124,0.590124,0.590124,0.590124,0,0
TTO.DE,D,20081010,000000,0.590124,0.590124,0.590124,0.590124,0,0
TTO.DE,D,20081013,000000,0.590124,0.590124,0.590124,0.590124,0,0
TTO.DE,D,20081014,000000,0.590124,0.590124,0.590124,0.590124,0,0
TTO.DE,D,20081016,000000,0.590124,0.590124,0.590124,0.590124,0,0
TTO.DE,D,20081017,000000,0.590124,0.590124,0.590124,0.590124,0,0
TTO.DE,D,20081021,000000,0.590124,0.590124,0.590124,0.590124,0,0
TTO.DE,D,20081022,000000,0.590124,0.590124,0.590124,0.590124,0,0
TTO.DE,D,20081023,000000,0.590124,0.590124,0.590124,0.590124,0,0
TTO.DE,D,20081024,000000,0.590124,0.590124,0.590124,0.590124,0,0
TTO.DE,D,20081027,000000,0.590124,0.590124,0.590124,0.590124,0,0
TTO.DE,D,20081028,000000,0.590124,0.590124,0.590124,0.590124,0,0
TTO.DE,D,20081029,000000,0.590124,0.590124,0.590124,0.590124,0,0
TTO.DE,D,20081030,000000,0.590124,0.590124,0.590124,0.590124,0,0
TTO.DE,D,20081031,000000,0.590124,0.590124,0.590124,0.590124,0,0
TTO.DE,D,20081103,000000,0.590124,0.590124,0.590124,0.590124,0,0
TTO.DE,D,20081104,000000,0.590124,0.590124,0.590124,0.590124,0,0
TTO.DE,D,20081105,000000,0.590124,0.590124,0.590124,0.590124,0,0
TTO.DE,D,20081106,000000,0.590124,0.590124,0.590124,0.590124,0,0
TTO.DE,D,20081107,000000,0.590124,0.590124,0.590124,0.590124,0,0
TTO.DE,D,20081110,000000,0.590124,0.590124,0.590124,0.590124,0,0
TTO.DE,D,20081111,000000,0.590124,0.590124,0.590124,0.590124,0,0
TTO.DE,D,20081112,000000,0.590124,0.590124,0.590124,0.590124,0,0
TTO.DE,D,20081113,000000,0.590124,0.590124,0.590124,0.590124,0,0
TTO.DE,D,20081114,000000,0.590124,0.590124,0.590124,0.590124,0,0
TTO.DE,D,20081117,000000,0.590124,0.590124,0.590124,0.590124,0,0
TTO.DE,D,20081118,000000,0.590124,0.590124,0.590124,0.590124,0,0
TTO.DE,D,20081119,000000,0.590124,0.590124,0.590124,0.590124,0,0
TTO.DE,D,20081120,000000,0.590124,0.590124,0.590124,0.590124,0,0
TTO.DE,D,20081121,000000,0.590124,0.590124,0.590124,0.590124,0,0
TTO.DE,D,20081124,000000,0.590124,0.590124,0.590124,0.590124,0,0
TTO.DE,D,20081127,000000,0.590124,0.590124,0.590124,0.590124,0,0
TTO.DE,D,20081128,000000,0.590124,0.590124,0.590124,0.590124,0,0
TTO.DE,D,20081201,000000,0.590124,0.590124,0.590124,0.590124,0,0
TTO.DE,D,20081202,000000,0.590124,0.590124,0.590124,0.590124,0,0
TTO.DE,D,20081203,000000,0.590124,0.590124,0.590124,0.590124,0,0
TTO.DE,D,20081205,000000,0.590124,0.590124,0.590124,0.590124,0,0
TTO.DE,D,20081208,000000,0.590124,0.590124,0.590124,0.590124,0,0
TTO.DE,D,20081209,000000,0.590124,0.590124,0.590124,0.590124,0,0
TTO.DE,D,20081210,000000,0.448196,0.448196,0.448196,0.448196,1000,0
TTO.DE,D,20081211,000000,0.448196,0.448196,0.448196,0.448196,1000,0
TTO.DE,D,20081212,000000,0.448196,0.448196,0.448196,0.448196,0,0
TTO.DE,D,20081215,000000,0.448196,0.448196,0.448196,0.448196,30,0
TTO.DE,D,20081216,000000,0.448196,0.448196,0.448196,0.448196,3970,0
TTO.DE,D,20081217,000000,0.448196,0.448196,0.448196,0.448196,3970,0
TTO.DE,D,20081218,000000,0.448196,0.448196,0.448196,0.448196,0,0
TTO.DE,D,20081219,000000,0.448196,0.448196,0.448196,0.448196,0,0
TTO.DE,D,20081222,000000,0.448196,0.448196,0.448196,0.448196,0,0
TTO.DE,D,20081223,000000,0.448196,0.448196,0.448196,0.448196,0,0
TTO.DE,D,20081229,000000,0.448196,0.448196,0.448196,0.448196,0,0
TTO.DE,D,20081230,000000,0.448196,0.448196,0.448196,0.448196,0,0
TTO.DE,D,20090102,000000,0.448196,0.448196,0.448196,0.448196,0,0
TTO.DE,D,20090105,000000,0.448196,0.448196,0.448196,0.448196,0,0
TTO.DE,D,20090106,000000,0.448196,0.448196,0.448196,0.448196,0,0
TTO.DE,D,20090107,000000,0.448196,0.448196,0.448196,0.448196,0,0
TTO.DE,D,20090108,000000,0.448196,0.448196,0.448196,0.448196,0,0
TTO.DE,D,20090109,000000,0.448196,0.448196,0.448196,0.448196,0,0
TTO.DE,D,20090112,000000,0.448196,0.448196,0.448196,0.448196,0,0
TTO.DE,D,20090113,000000,0.448196,0.448196,0.448196,0.448196,0,0
TTO.DE,D,20090114,000000,0.448196,0.448196,0.448196,0.448196,0,0
TTO.DE,D,20090115,000000,0.448196,0.448196,0.448196,0.448196,0,0
TTO.DE,D,20090116,000000,0.448196,0.448196,0.448196,0.448196,0,0
TTO.DE,D,20090120,000000,0.448196,0.448196,0.448196,0.448196,0,0
TTO.DE,D,20090121,000000,0.448196,0.448196,0.448196,0.448196,0,0
TTO.DE,D,20090122,000000,0.448196,0.448196,0.448196,0.448196,0,0
TTO.DE,D,20090123,000000,0.448196,0.448196,0.448196,0.448196,0,0
TTO.DE,D,20090126,000000,0.448196,0.448196,0.448196,0.448196,0,0
TTO.DE,D,20090127,000000,0.448196,0.448196,0.448196,0.448196,0,0
TTO.DE,D,20090128,000000,0.448196,0.448196,0.448196,0.448196,0,0
TTO.DE,D,20090129,000000,0.448196,0.448196,0.448196,0.448196,0,0
TTO.DE,D,20090130,000000,0.448196,0.448196,0.448196,0.448196,0,0
TTO.DE,D,20090202,000000,0.448196,0.448196,0.448196,0.448196,0,0
TTO.DE,D,20090203,000000,0.448196,0.448196,0.448196,0.448196,0,0
TTO.DE,D,20090204,000000,0.448196,0.448196,0.448196,0.448196,0,0
TTO.DE,D,20090205,000000,0.448196,0.448196,0.448196,0.448196,0,0
TTO.DE,D,20090206,000000,0.448196,0.448196,0.448196,0.448196,0,0
TTO.DE,D,20090209,000000,0.448196,0.448196,0.448196,0.448196,0,0
TTO.DE,D,20090210,000000,0.448196,0.448196,0.448196,0.448196,0,0
TTO.DE,D,20090211,000000,0.448196,0.448196,0.448196,0.448196,0,0
TTO.DE,D,20090212,000000,0.448196,0.448196,0.448196,0.448196,0,0
TTO.DE,D,20090213,000000,0.448196,0.448196,0.448196,0.448196,0,0
TTO.DE,D,20090216,000000,0.448196,0.448196,0.448196,0.448196,0,0
TTO.DE,D,20090217,000000,0.448196,0.448196,0.448196,0.448196,0,0
TTO.DE,D,20090218,000000,0.448196,0.448196,0.448196,0.448196,0,0
TTO.DE,D,20090219,000000,0.448196,0.448196,0.448196,0.448196,0,0
TTO.DE,D,20090220,000000,0.448196,0.448196,0.448196,0.448196,0,0
TTO.DE,D,20090223,000000,0.448196,0.448196,0.448196,0.448196,0,0
TTO.DE,D,20090224,000000,0.448196,0.448196,0.448196,0.448196,0,0
TTO.DE,D,20090225,000000,0.448196,0.448196,0.448196,0.448196,0,0
TTO.DE,D,20090226,000000,0.448196,0.448196,0.448196,0.448196,0,0
TTO.DE,D,20090302,000000,0.448196,0.448196,0.448196,0.448196,0,0
TTO.DE,D,20090303,000000,0.448196,0.448196,0.448196,0.448196,0,0
TTO.DE,D,20090304,000000,0.448196,0.448196,0.448196,0.448196,0,0
TTO.DE,D,20090306,000000,0.448196,0.448196,0.448196,0.448196,0,0
TTO.DE,D,20090309,000000,0.448196,0.448196,0.448196,0.448196,0,0
TTO.DE,D,20090310,000000,0.448196,0.448196,0.448196,0.448196,0,0
TTO.DE,D,20090311,000000,0.448196,0.448196,0.448196,0.448196,0,0
TTO.DE,D,20090312,000000,0.448196,0.448196,0.448196,0.448196,0,0
TTO.DE,D,20090313,000000,0.448196,0.448196,0.448196,0.448196,0,0
TTO.DE,D,20090316,000000,0.448196,0.448196,0.448196,0.448196,0,0
TTO.DE,D,20090317,000000,0.448196,0.448196,0.448196,0.448196,0,0
TTO.DE,D,20090318,000000,0.448196,0.448196,0.448196,0.448196,0,0
TTO.DE,D,20090319,000000,0.448196,0.448196,0.448196,0.448196,0,0
TTO.DE,D,20090320,000000,0.448196,0.448196,0.448196,0.448196,0,0
TTO.DE,D,20090323,000000,0.448196,0.448196,0.448196,0.448196,0,0
TTO.DE,D,20090324,000000,0.448196,0.448196,0.448196,0.448196,0,0
TTO.DE,D,20090326,000000,0.448196,0.448196,0.448196,0.448196,0,0
TTO.DE,D,20090327,000000,0.448196,0.448196,0.448196,0.448196,0,0
TTO.DE,D,20090330,000000,0.448196,0.448196,0.448196,0.448196,0,0
TTO.DE,D,20090401,000000,0.448196,0.448196,0.448196,0.448196,0,0
TTO.DE,D,20090402,000000,0.448196,0.448196,0.448196,0.448196,0,0
TTO.DE,D,20090403,000000,0.448196,0.448196,0.448196,0.448196,0,0
TTO.DE,D,20090406,000000,0.448196,0.448196,0.448196,0.448196,0,0
TTO.DE,D,20090407,000000,0.448196,0.448196,0.448196,0.448196,0,0
TTO.DE,D,20090408,000000,0.448196,0.448196,0.448196,0.448196,0,0
TTO.DE,D,20090409,000000,0.448196,0.448196,0.448196,0.448196,0,0
TTO.DE,D,20090414,000000,0.448196,0.448196,0.448196,0.448196,0,0
TTO.DE,D,20090415,000000,0.448196,0.448196,0.448196,0.448196,0,0
TTO.DE,D,20090416,000000,0.448196,0.448196,0.448196,0.448196,0,0
TTO.DE,D,20090417,000000,0.448196,0.448196,0.448196,0.448196,0,0
TTO.DE,D,20090420,000000,0.448196,0.448196,0.448196,0.448196,0,0
TTO.DE,D,20090421,000000,0.448196,0.448196,0.448196,0.448196,0,0
TTO.DE,D,20090422,000000,0.448196,0.448196,0.448196,0.448196,0,0
TTO.DE,D,20090423,000000,0.448196,0.448196,0.448196,0.448196,0,0
TTO.DE,D,20090424,000000,0.448196,0.448196,0.448196,0.448196,0,0
TTO.DE,D,20090427,000000,0.448196,0.448196,0.448196,0.448196,0,0
TTO.DE,D,20090428,000000,0.448196,0.448196,0.448196,0.448196,0,0
TTO.DE,D,20090429,000000,0.448196,0.448196,0.448196,0.448196,0,0
TTO.DE,D,20090430,000000,0.448196,0.448196,0.448196,0.448196,0,0
TTO.DE,D,20090504,000000,0.448196,0.448196,0.448196,0.448196,0,0
TTO.DE,D,20090505,000000,0.448196,0.448196,0.448196,0.448196,0,0
TTO.DE,D,20090506,000000,0.448196,0.448196,0.448196,0.448196,0,0
TTO.DE,D,20090507,000000,0.448196,0.448196,0.448196,0.448196,0,0
TTO.DE,D,20090508,000000,0.448196,0.448196,0.448196,0.448196,0,0
TTO.DE,D,20090511,000000,0.448196,0.448196,0.448196,0.448196,0,0
TTO.DE,D,20090512,000000,0.448196,0.448196,0.448196,0.448196,0,0
TTO.DE,D,20090513,000000,0.448196,0.448196,0.448196,0.448196,0,0
TTO.DE,D,20090514,000000,0.448196,0.448196,0.448196,0.448196,0,0
TTO.DE,D,20090515,000000,0.448196,0.448196,0.448196,0.448196,0,0
TTO.DE,D,20090518,000000,0.448196,0.448196,0.448196,0.448196,0,0
TTO.DE,D,20090520,000000,0.448196,0.448196,0.448196,0.448196,0,0
TTO.DE,D,20090521,000000,0.448196,0.448196,0.448196,0.448196,0,0
TTO.DE,D,20090522,000000,0.448196,0.448196,0.448196,0.448196,0,0
TTO.DE,D,20090525,000000,0.448196,0.448196,0.448196,0.448196,0,0
TTO.DE,D,20090526,000000,0.448196,0.448196,0.448196,0.448196,0,0
TTO.DE,D,20090527,000000,0.448196,0.448196,0.448196,0.448196,0,0
TTO.DE,D,20090528,000000,0.448196,0.448196,0.448196,0.448196,0,0
TTO.DE,D,20090529,000000,0.448196,0.448196,0.448196,0.448196,0,0
TTO.DE,D,20090601,000000,0.448196,0.448196,0.448196,0.448196,0,0
TTO.DE,D,20090602,000000,0.448196,0.448196,0.448196,0.448196,0,0
TTO.DE,D,20090603,000000,0.448196,0.448196,0.448196,0.448196,0,0
TTO.DE,D,20090604,000000,0.448196,0.448196,0.448196,0.448196,0,0
TTO.DE,D,20090605,000000,0.448196,0.448196,0.448196,0.448196,0,0
TTO.DE,D,20090824,000000,0.488941,0.488941,0.488941,0.488941,0,0
TTO.DE,D,20090825,000000,0.383004,0.383004,0.383004,0.383004,0,0
TTO.DE,D,20090826,000000,0.383004,0.383004,0.383004,0.383004,0,0
TTO.DE,D,20090827,000000,0.391153,0.391153,0.391153,0.391153,0,0
TTO.DE,D,20090828,000000,0.423749,0.423749,0.423749,0.423749,0,0
TTO.DE,D,20090831,000000,0.391153,0.391153,0.391153,0.391153,0,0
TTO.DE,D,20090902,000000,0.4156,0.4156,0.4156,0.4156,0,0
TTO.DE,D,20090903,000000,0.399302,0.399302,0.399302,0.399302,0,0
TTO.DE,D,20090904,000000,0.399302,0.399302,0.399302,0.399302,0,0
TTO.DE,D,20090909,000000,0.399302,0.399302,0.399302,0.399302,0,0
TTO.DE,D,20090910,000000,0.391153,0.391153,0.391153,0.391153,0,0
TTO.DE,D,20090911,000000,0.383004,0.383004,0.383004,0.383004,0,0
TTO.DE,D,20090915,000000,0.383004,0.383004,0.383004,0.383004,0,0
TTO.DE,D,20090916,000000,0.383004,0.383004,0.383004,0.383004,0,0
TTO.DE,D,20090918,000000,0.407451,0.407451,0.407451,0.407451,0,0
TTO.DE,D,20090921,000000,0.407451,0.407451,0.407451,0.407451,0,0
TTO.DE,D,20090925,000000,0.391153,0.391153,0.391153,0.391153,0,0
TTO.DE,D,20090928,000000,0.4156,0.4156,0.4156,0.4156,0,0
TTO.DE,D,20090930,000000,0.383004,0.383004,0.383004,0.383004,0,0
TTO.DE,D,20091002,000000,0.383004,0.383004,0.383004,0.383004,0,0
TTO.DE,D,20091006,000000,0.423749,0.423749,0.423749,0.423749,0,0
TTO.DE,D,20091007,000000,0.407451,0.407451,0.407451,0.407451,0,0
TTO.DE,D,20091008,000000,0.407451,0.407451,0.407451,0.407451,0,0
TTO.DE,D,20091009,000000,0.391153,0.391153,0.391153,0.391153,0,0
TTO.DE,D,20091014,000000,0.391153,0.391153,0.391153,0.391153,0,0
TTO.DE,D,20091015,000000,0.391153,0.391153,0.391153,0.391153,0,0
TTO.DE,D,20091016,000000,0.391153,0.391153,0.391153,0.391153,30,0
TTO.DE,D,20091019,000000,0.391153,0.391153,0.391153,0.391153,30,0
TTO.DE,D,20091020,000000,0.383004,0.383004,0.383004,0.383004,0,0
TTO.DE,D,20091022,000000,0.383004,0.383004,0.383004,0.383004,0,0
TTO.DE,D,20091026,000000,0.383004,0.383004,0.383004,0.383004,0,0
TTO.DE,D,20091027,000000,0.383004,0.383004,0.383004,0.383004,0,0
TTO.DE,D,20091028,000000,0.383004,0.383004,0.383004,0.383004,0,0
TTO.DE,D,20091029,000000,0.374855,0.374855,0.374855,0.374855,0,0
TTO.DE,D,20091102,000000,0.374855,0.374855,0.374855,0.374855,0,0
TTO.DE,D,20091109,000000,0.374855,0.374855,0.374855,0.374855,0,0
TTO.DE,D,20091110,000000,0.391153,0.391153,0.391153,0.391153,0,0
TTO.DE,D,20091117,000000,0.391153,0.391153,0.391153,0.391153,0,0
TTO.DE,D,20091118,000000,0.391153,0.391153,0.391153,0.391153,0,0
TTO.DE,D,20091119,000000,0.407451,0.407451,0.407451,0.407451,0,0
TTO.DE,D,20091124,000000,0.399302,0.399302,0.399302,0.399302,0,0
TTO.DE,D,20091125,000000,0.399302,0.399302,0.399302,0.399302,0,0
TTO.DE,D,20091126,000000,0.399302,0.399302,0.399302,0.399302,0,0
TTO.DE,D,20091130,000000,0.399302,0.399302,0.399302,0.399302,0,0
TTO.DE,D,20091201,000000,0.399302,0.399302,0.399302,0.399302,0,0
TTO.DE,D,20091203,000000,0.4156,0.4156,0.4156,0.4156,0,0
TTO.DE,D,20091215,000000,0.448196,0.448196,0.448196,0.448196,0,0
TTO.DE,D,20091221,000000,0.448196,0.448196,0.448196,0.448196,0,0
TTO.DE,D,20091222,000000,0.448196,0.448196,0.448196,0.448196,0,0
TTO.DE,D,20091223,000000,0.448196,0.448196,0.448196,0.448196,75,0
TTO.DE,D,20091224,000000,0.448196,0.448196,0.448196,0.448196,75,0
TTO.DE,D,20091228,000000,0.448196,0.448196,0.448196,0.448196,145,0
TTO.DE,D,20091229,000000,0.448196,0.448196,0.448196,0.448196,145,0
TTO.DE,D,20091231,000000,0.448196,0.448196,0.448196,0.448196,0,0
TTO.DE,D,20100104,000000,0.435972,0.435972,0.435972,0.435972,0,0
TTO.DE,D,20100105,000000,0.435972,0.435972,0.435972,0.435972,0,0
TTO.DE,D,20100106,000000,0.461234,0.461234,0.461234,0.461234,0,0
TTO.DE,D,20100107,000000,0.462049,0.462049,0.462049,0.462049,0,0
TTO.DE,D,20100111,000000,0.462049,0.462049,0.462049,0.462049,0,0
TTO.DE,D,20100115,000000,0.460419,0.460419,0.460419,0.460419,0,0
TTO.DE,D,20100118,000000,0.461234,0.461234,0.461234,0.461234,0,0
TTO.DE,D,20100120,000000,0.461234,0.461234,0.461234,0.461234,0,0
TTO.DE,D,20100121,000000,0.462049,0.462049,0.462049,0.462049,0,0
TTO.DE,D,20100127,000000,0.440047,0.440047,0.440047,0.440047,0,0
TTO.DE,D,20100128,000000,0.461234,0.461234,0.461234,0.461234,0,0
TTO.DE,D,20100129,000000,0.462049,0.462049,0.462049,0.462049,0,0
TTO.DE,D,20100202,000000,0.462049,0.462049,0.462049,0.462049,0,0
TTO.DE,D,20100203,000000,0.449826,0.449826,0.449826,0.449826,0,0
TTO.DE,D,20100204,000000,0.449826,0.449826,0.449826,0.449826,0,0
TTO.DE,D,20100205,000000,0.45064,0.45064,0.45064,0.45064,0,0
TTO.DE,D,20100210,000000,0.461234,0.461234,0.461234,0.461234,0,0
TTO.DE,D,20100211,000000,0.45064,0.45064,0.45064,0.45064,0,0
TTO.DE,D,20100212,000000,0.451455,0.451455,0.451455,0.451455,0,0
TTO.DE,D,20100216,000000,0.45064,0.45064,0.45064,0.45064,0,0
TTO.DE,D,20100217,000000,0.45064,0.45064,0.45064,0.45064,0,0
TTO.DE,D,20100222,000000,0.45227,0.45227,0.45227,0.45227,0,0
TTO.DE,D,20100224,000000,0.458789,0.458789,0.458789,0.458789,0,0
TTO.DE,D,20100225,000000,0.45064,0.45064,0.45064,0.45064,0,0
TTO.DE,D,20100226,000000,0.451455,0.451455,0.451455,0.451455,0,0
TTO.DE,D,20100303,000000,0.451455,0.451455,0.451455,0.451455,0,0
TTO.DE,D,20100304,000000,0.45064,0.45064,0.45064,0.45064,0,0
TTO.DE,D,20100305,000000,0.447381,0.447381,0.447381,0.447381,0,0
TTO.DE,D,20100309,000000,0.440047,0.440047,0.440047,0.440047,0,0
TTO.DE,D,20100310,000000,0.436787,0.436787,0.436787,0.436787,0,0
TTO.DE,D,20100316,000000,0.448196,0.448196,0.448196,0.448196,0,0
TTO.DE,D,20100318,000000,0.432713,0.432713,0.432713,0.432713,0,0
TTO.DE,D,20100322,000000,0.432713,0.432713,0.432713,0.432713,0,0
TTO.DE,D,20100324,000000,0.432713,0.432713,0.432713,0.432713,0,0
TTO.DE,D,20100325,000000,0.432713,0.432713,0.432713,0.432713,0,0
TTO.DE,D,20100326,000000,0.432713,0.432713,0.432713,0.432713,0,0
TTO.DE,D,20100331,000000,0.433528,0.433528,0.433528,0.433528,0,0
TTO.DE,D,20100407,000000,0.433528,0.433528,0.433528,0.433528,0,0
TTO.DE,D,20100408,000000,0.433528,0.433528,0.433528,0.433528,0,0
TTO.DE,D,20100409,000000,0.433528,0.433528,0.433528,0.433528,0,0
TTO.DE,D,20100413,000000,0.431898,0.431898,0.431898,0.431898,0,0
TTO.DE,D,20100415,000000,0.431898,0.431898,0.431898,0.431898,0,0
TTO.DE,D,20100416,000000,0.431898,0.431898,0.431898,0.431898,0,0
TTO.DE,D,20100419,000000,0.432713,0.432713,0.432713,0.432713,0,0
TTO.DE,D,20100420,000000,0.473458,0.473458,0.473458,0.473458,0,0
TTO.DE,D,20100423,000000,0.474273,0.474273,0.474273,0.474273,0,0
TTO.DE,D,20100427,000000,0.473458,0.473458,0.473458,0.473458,0,0
TTO.DE,D,20100429,000000,0.514203,0.514203,0.514203,0.514203,0,0
TTO.DE,D,20100504,000000,0.471828,0.471828,0.471828,0.471828,0,0
TTO.DE,D,20100507,000000,0.451455,0.451455,0.451455,0.451455,0,0
TTO.DE,D,20100510,000000,0.426193,0.426193,0.426193,0.426193,0,0
TTO.DE,D,20100512,000000,0.436787,0.436787,0.436787,0.436787,0,0
TTO.DE,D,20100517,000000,0.423749,0.423749,0.423749,0.423749,0,0
TTO.DE,D,20100518,000000,0.409081,0.409081,0.409081,0.409081,0,0
TTO.DE,D,20100519,000000,0.423749,0.423749,0.423749,0.423749,0,0
TTO.DE,D,20100524,000000,0.4156,0.4156,0.4156,0.4156,0,0
TTO.DE,D,20100527,000000,0.409081,0.409081,0.409081,0.409081,0,0
TTO.DE,D,20100601,000000,0.408266,0.408266,0.408266,0.408266,0,0
TTO.DE,D,20100602,000000,0.408266,0.408266,0.408266,0.408266,0,0
TTO.DE,D,20100603,000000,0.396042,0.396042,0.396042,0.396042,0,0
TTO.DE,D,20100607,000000,0.396042,0.396042,0.396042,0.396042,0,0
TTO.DE,D,20100609,000000,0.396042,0.396042,0.396042,0.396042,0,0
TTO.DE,D,20100610,000000,0.396042,0.396042,0.396042,0.396042,0,0
TTO.DE,D,20100611,000000,0.396042,0.396042,0.396042,0.396042,0,0
TTO.DE,D,20100614,000000,0.396042,0.396042,0.396042,0.396042,0,0
TTO.DE,D,20100615,000000,0.400931,0.400931,0.400931,0.400931,0,0
TTO.DE,D,20100618,000000,0.400931,0.400931,0.400931,0.400931,0,0
TTO.DE,D,20100622,000000,0.405006,0.405006,0.405006,0.405006,0,0
TTO.DE,D,20100624,000000,0.403376,0.403376,0.403376,0.403376,0,0
TTO.DE,D,20100625,000000,0.448196,0.448196,0.448196,0.448196,0,0
TTO.DE,D,20100920,000000,0.431898,0.431898,0.431898,0.431898,0,0
TTO.DE,D,20101101,000000,0.448196,0.448196,0.448196,0.448196,0,0
TTO.DE,D,20101102,000000,0.431898,0.431898,0.431898,0.431898,0,0
TTO.DE,D,20101103,000000,0.423749,0.423749,0.423749,0.423749,0,0
TTO.DE,D,20101104,000000,0.422119,0.422119,0.422119,0.422119,0,0
TTO.DE,D,20101105,000000,0.449011,0.449011,0.449011,0.449011,2000,0
TTO.DE,D,20101118,000000,0.480792,0.480792,0.480792,0.480792,3050,0
TTO.DE,D,20110218,000000,0.449011,0.449011,0.449011,0.449011,240,0
TTO.DE,D,20110509,000000,0.293365,0.293365,0.293365,0.293365,900,0
TTO.DE,D,20181008,000000,3.341096,3.422586,3.3085,3.3085,14444,0
TTO.DE,D,20181009,000000,3.373692,3.569268,3.259606,3.569268,22350,0
TTO.DE,D,20181010,000000,3.455182,3.520374,3.406288,3.520374,9000,0
TTO.DE,D,20181011,000000,3.438884,3.47148,3.259606,3.47148,22390,0
TTO.DE,D,20181012,000000,3.406288,3.520374,3.406288,3.520374,17000,0
TTO.DE,D,20181015,000000,3.455182,3.47148,3.341096,3.406288,9800,0
TTO.DE,D,20181016,000000,3.341096,3.520374,3.275904,3.406288,20698,0
TTO.DE,D,20181017,000000,3.47148,3.536672,3.422586,3.504076,10250,0
TTO.DE,D,20181018,000000,3.438884,3.47148,3.292202,3.373692,24485,0
TTO.DE,D,20181019,000000,3.406288,3.55297,3.292202,3.55297,18570,0
TTO.DE,D,20181022,000000,3.438884,3.455182,3.373692,3.455182,18000,0
TTO.DE,D,20181023,000000,3.373692,3.373692,3.194413,3.194413,7650,0
TTO.DE,D,20181024,000000,3.292202,3.292202,3.178115,3.22701,3700,0
TTO.DE,D,20181025,000000,3.275904,3.275904,3.210712,3.210712,2500,0
TTO.DE,D,20181026,000000,3.161817,3.178115,3.112923,3.178115,1002,0
TTO.DE,D,20181029,000000,3.161817,3.178115,3.145519,3.178115,500,0
TTO.DE,D,20181030,000000,3.178115,3.22701,3.096625,3.178115,2442,0
TTO.DE,D,20181031,000000,3.178115,3.178115,3.096625,3.178115,2500,0
TTO.DE,D,20181101,000000,3.178115,3.210712,3.145519,3.210712,1000,0
TTO.DE,D,20181102,000000,3.161817,3.324798,3.161817,3.324798,6900,0
TTO.DE,D,20181105,000000,3.161817,3.243308,3.096625,3.178115,553,0
TTO.DE,D,20181106,000000,3.243308,3.243308,3.178115,3.210712,2500,0
TTO.DE,D,20181107,000000,3.161817,3.259606,3.129221,3.210712,5713,0
TTO.DE,D,20181108,000000,3.243308,3.243308,3.243308,3.243308,0,0
TTO.DE,D,20181109,000000,3.129221,3.161817,3.129221,3.161817,1700,0
TTO.DE,D,20181112,000000,3.22701,3.22701,3.178115,3.178115,404,0
TTO.DE,D,20181113,000000,3.129221,3.259606,3.112923,3.178115,3400,0
TTO.DE,D,20181114,000000,3.112923,3.145519,3.096625,3.145519,500,0
TTO.DE,D,20181115,000000,3.112923,3.194413,3.112923,3.194413,2700,0
TTO.DE,D,20181116,000000,3.145519,3.259606,3.112923,3.178115,11325,0
TTO.DE,D,20181119,000000,3.161817,3.161817,3.161817,3.161817,0,0
TTO.DE,D,20181120,000000,3.096625,3.112923,3.047731,3.112923,4281,0
TTO.DE,D,20181121,000000,3.161817,3.161817,3.096625,3.096625,313,0
TTO.DE,D,20181122,000000,3.096625,3.096625,3.096625,3.096625,0,0
TTO.DE,D,20181123,000000,3.145519,3.194413,3.145519,3.194413,150,0
TTO.DE,D,20181126,000000,3.112923,3.112923,3.112923,3.112923,0,0
TTO.DE,D,20181127,000000,3.047731,3.096625,3.031433,3.096625,650,0
TTO.DE,D,20181128,000000,3.096625,3.096625,3.096625,3.096625,0,0
TTO.DE,D,20181129,000000,3.015135,3.015135,2.656579,2.819559,21428,0
TTO.DE,D,20181130,000000,2.901049,2.901049,2.640281,2.721771,27518,0
TTO.DE,D,20181203,000000,2.770665,2.786963,2.689175,2.721771,5000,0
TTO.DE,D,20181204,000000,2.689175,2.754367,2.689175,2.721771,3100,0
TTO.DE,D,20181205,000000,2.770665,2.786963,2.738069,2.738069,3000,0
TTO.DE,D,20181206,000000,2.689175,2.835857,2.640281,2.835857,13000,0
TTO.DE,D,20181207,000000,2.738069,2.738069,2.738069,2.738069,209,0
TTO.DE,D,20181210,000000,2.721771,2.754367,2.721771,2.754367,433,0
TTO.DE,D,20181211,000000,2.656579,3.064029,2.656579,2.852155,8500,0
TTO.DE,D,20181212,000000,2.868453,2.868453,2.770665,2.819559,10100,0
TTO.DE,D,20181213,000000,2.786963,2.852155,2.786963,2.852155,1000,0
TTO.DE,D,20181214,000000,2.852155,2.852155,2.852155,2.852155,2000,0
TTO.DE,D,20181217,000000,2.868453,2.868453,2.868453,2.868453,0,0
TTO.DE,D,20181218,000000,2.770665,2.852155,2.770665,2.819559,3002,0
TTO.DE,D,20181219,000000,2.770665,2.835857,2.526194,2.623983,8576,0
TTO.DE,D,20181220,000000,2.672877,2.689175,2.607684,2.607684,3550,0
TTO.DE,D,20181221,000000,2.526194,2.803261,2.461002,2.607684,6157,0
TTO.DE,D,20181227,000000,2.672877,2.689175,2.607684,2.656579,9618,0
TTO.DE,D,20181228,000000,2.607684,2.607684,2.526194,2.542492,2100,0
TTO.DE,D,20190102,000000,2.607684,2.689175,2.607684,2.689175,2180,0
TTO.DE,D,20190103,000000,2.689175,2.689175,2.689175,2.689175,365,0
TTO.DE,D,20190104,000000,2.754367,2.835857,2.623983,2.803261,6483,0
TTO.DE,D,20190107,000000,2.803261,2.803261,2.803261,2.803261,0,0
TTO.DE,D,20190108,000000,2.803261,2.803261,2.803261,2.803261,0,0
TTO.DE,D,20190109,000000,2.884751,2.901049,2.884751,2.884751,1000,0
TTO.DE,D,20190110,000000,2.884751,3.422586,2.884751,3.259606,17882,0
TTO.DE,D,20190111,000000,3.341096,3.373692,3.178115,3.178115,6782,0
TTO.DE,D,20190114,000000,3.161817,3.22701,3.161817,3.22701,5700,0
TTO.DE,D,20190115,000000,3.178115,3.22701,3.178115,3.22701,1516,0
TTO.DE,D,20190116,000000,3.112923,3.161817,3.112923,3.161817,1000,0
TTO.DE,D,20190117,000000,3.145519,3.145519,3.145519,3.145519,0,0
TTO.DE,D,20190118,000000,3.096625,3.112923,3.096625,3.112923,50,0
TTO.DE,D,20190121,000000,3.096625,3.145519,3.096625,3.145519,1500,0
TTO.DE,D,20190122,000000,3.096625,3.145519,3.096625,3.145519,6000,0
TTO.DE,D,20190123,000000,3.096625,3.129221,3.064029,3.129221,1000,0
TTO.DE,D,20190124,000000,3.096625,3.096625,3.096625,3.096625,0,0
TTO.DE,D,20190125,000000,3.064029,3.064029,2.966241,3.015135,9557,0
TTO.DE,D,20190128,000000,3.080327,3.096625,3.015135,3.015135,272,0
TTO.DE,D,20190129,000000,3.015135,3.015135,3.015135,3.015135,0,0
TTO.DE,D,20190130,000000,3.112923,3.112923,2.933645,3.015135,5486,0
TTO.DE,D,20190131,000000,2.966241,2.966241,2.901049,2.901049,5174,0
TTO.DE,D,20190201,000000,2.917347,2.917347,2.917347,2.917347,0,0
TTO.DE,D,20190204,000000,2.998837,3.015135,2.998837,3.015135,1353,0
TTO.DE,D,20190205,000000,2.982539,3.178115,2.982539,3.178115,6420,0
TTO.DE,D,20190206,000000,3.259606,3.373692,3.161817,3.178115,2544,0
TTO.DE,D,20190207,000000,3.080327,3.080327,2.901049,2.933645,2195,0
TTO.DE,D,20190208,000000,2.933645,2.933645,2.933645,2.933645,0,0
TTO.DE,D,20190211,000000,2.852155,3.194413,2.721771,3.161817,11996,0
TTO.DE,D,20190212,000000,3.161817,3.161817,3.161817,3.161817,0,0
TTO.DE,D,20190213,000000,3.080327,3.129221,3.080327,3.129221,2000,0
TTO.DE,D,20190214,000000,3.080327,3.3085,3.080327,3.178115,14640,0
TTO.DE,D,20190215,000000,3.22701,3.22701,3.22701,3.22701,0,0
TTO.DE,D,20190218,000000,3.3085,3.47148,3.3085,3.341096,8587,0
TTO.DE,D,20190219,000000,3.324798,3.324798,3.080327,3.210712,9648,0
TTO.DE,D,20190220,000000,3.275904,3.275904,3.243308,3.243308,2885,0
TTO.DE,D,20190221,000000,3.259606,3.259606,3.22701,3.22701,417,0
TTO.DE,D,20190222,000000,3.22701,3.22701,3.22701,3.22701,0,0
TTO.DE,D,20190225,000000,3.210712,3.210712,3.080327,3.145519,1330,0
TTO.DE,D,20190226,000000,3.194413,3.194413,3.194413,3.194413,0,0
TTO.DE,D,20190227,000000,3.422586,3.422586,3.357394,3.357394,8789,0
TTO.DE,D,20190228,000000,3.357394,3.618162,3.357394,3.504076,10870,0
TTO.DE,D,20190301,000000,3.55297,3.55297,3.3085,3.357394,5019,0
TTO.DE,D,20190304,000000,3.357394,3.357394,3.357394,3.357394,0,0
TTO.DE,D,20190305,000000,3.38999,3.504076,3.357394,3.357394,1112,0
TTO.DE,D,20190306,000000,3.3085,3.357394,3.292202,3.357394,3185,0
TTO.DE,D,20190307,000000,3.341096,3.341096,3.341096,3.341096,0,0
TTO.DE,D,20190308,000000,3.341096,3.341096,3.275904,3.341096,1934,0
TTO.DE,D,20190311,000000,3.438884,3.438884,3.38999,3.38999,54,0
TTO.DE,D,20190312,000000,3.38999,3.487778,3.38999,3.422586,1115,0
TTO.DE,D,20190313,000000,3.341096,3.504076,3.259606,3.438884,26095,0
TTO.DE,D,20190314,000000,3.487778,3.55297,3.487778,3.504076,7370,0
TTO.DE,D,20190315,000000,3.55297,3.63446,3.55297,3.569268,9625,0
TTO.DE,D,20190318,000000,3.618162,3.667056,3.585566,3.618162,22800,0
TTO.DE,D,20190319,000000,3.63446,3.650758,3.601864,3.601864,1903,0
TTO.DE,D,20190320,000000,3.3085,3.683354,3.3085,3.63446,52105,0
TTO.DE,D,20190321,000000,3.55297,3.699652,3.55297,3.699652,845,0
TTO.DE,D,20190322,000000,3.699652,3.699652,3.63446,3.63446,1653,0
TTO.DE,D,20190325,000000,3.63446,3.699652,3.585566,3.601864,3515,0
TTO.DE,D,20190326,000000,3.63446,3.683354,3.601864,3.667056,3146,0
TTO.DE,D,20190327,000000,3.683354,3.911527,3.667056,3.732248,10850,0
TTO.DE,D,20190328,000000,3.732248,3.732248,3.585566,3.683354,1676,0
TTO.DE,D,20190329,000000,3.683354,3.683354,3.683354,3.683354,0,0
TTO.DE,D,20190401,000000,3.667056,3.667056,3.601864,3.63446,3195,0
TTO.DE,D,20190402,000000,3.650758,3.650758,3.601864,3.618162,6000,0
TTO.DE,D,20190403,000000,3.764844,3.764844,3.650758,3.667056,2005,0
TTO.DE,D,20190404,000000,3.683354,3.683354,3.683354,3.683354,433,0
TTO.DE,D,20190405,000000,3.63446,3.667056,3.618162,3.618162,2116,0
TTO.DE,D,20190408,000000,3.650758,3.667056,3.618162,3.618162,2350,0
TTO.DE,D,20190409,000000,3.63446,3.650758,3.618162,3.618162,9310,0
TTO.DE,D,20190410,000000,3.650758,3.650758,3.585566,3.618162,2910,0
TTO.DE,D,20190411,000000,3.650758,3.650758,3.618162,3.618162,500,0
TTO.DE,D,20190412,000000,3.650758,3.650758,3.55297,3.601864,1022,0
TTO.DE,D,20190415,000000,3.601864,3.601864,3.601864,3.601864,0,0
TTO.DE,D,20190416,000000,3.650758,3.650758,3.601864,3.601864,80,0
TTO.DE,D,20190417,000000,3.650758,3.667056,3.585566,3.650758,2474,0
TTO.DE,D,20190418,000000,3.55297,3.650758,3.55297,3.601864,1245,0
TTO.DE,D,20190423,000000,3.55297,3.618162,3.520374,3.569268,2405,0
TTO.DE,D,20190424,000000,3.487778,3.63446,3.487778,3.585566,1293,0
TTO.DE,D,20190425,000000,3.487778,3.585566,3.487778,3.585566,112,0
TTO.DE,D,20190426,000000,3.536672,3.536672,3.536672,3.536672,0,0
TTO.DE,D,20190429,000000,3.569268,3.569268,3.569268,3.569268,0,0
TTO.DE,D,20190430,000000,3.618162,3.618162,3.618162,3.618162,0,0
TTO.DE,D,20190502,000000,3.618162,3.71595,3.618162,3.71595,760,0
TTO.DE,D,20190503,000000,3.618162,3.748546,3.585566,3.667056,2280,0
TTO.DE,D,20190506,000000,3.585566,3.585566,3.422586,3.455182,7455,0
TTO.DE,D,20190507,000000,3.504076,3.504076,3.341096,3.38999,638,0
TTO.DE,D,20190508,000000,3.3085,3.422586,3.292202,3.357394,1050,0
TTO.DE,D,20190509,000000,3.275904,3.357394,3.275904,3.357394,900,0
TTO.DE,D,20190510,000000,3.275904,3.38999,3.259606,3.38999,5123,0
TTO.DE,D,20190513,000000,3.4739,3.4739,3.38999,3.440336,655,0
TTO.DE,D,20190514,000000,3.4739,3.4739,3.38999,3.440336,1500,0
TTO.DE,D,20190515,000000,3.373208,3.4739,3.289297,3.440336,1580,0
TTO.DE,D,20190516,000000,3.38999,3.440336,3.356426,3.406772,3950,0
TTO.DE,D,20190517,000000,3.457118,3.457118,3.171822,3.440336,5996,0
TTO.DE,D,20190520,000000,3.373208,3.373208,3.373208,3.373208,175,0
TTO.DE,D,20190521,000000,3.306079,3.38999,3.255733,3.322861,2762,0
TTO.DE,D,20190522,000000,3.356426,3.356426,3.356426,3.356426,0,0
TTO.DE,D,20190523,000000,3.356426,3.356426,3.356426,3.356426,0,0
TTO.DE,D,20190524,000000,3.356426,3.356426,3.356426,3.356426,0,0
TTO.DE,D,20190527,000000,3.440336,3.440336,3.356426,3.373208,750,0
TTO.DE,D,20190528,000000,3.289297,3.289297,3.272515,3.272515,4346,0
TTO.DE,D,20190529,000000,3.238951,3.238951,3.238951,3.238951,0,0
TTO.DE,D,20190530,000000,3.222169,3.222169,3.222169,3.222169,0,0
TTO.DE,D,20190531,000000,3.205386,3.272515,3.121476,3.222169,3100,0
TTO.DE,D,20190603,000000,3.121476,3.15504,3.121476,3.15504,500,0
TTO.DE,D,20190604,000000,3.222169,3.222169,3.222169,3.222169,1000,0
TTO.DE,D,20190605,000000,3.692068,3.9438,2.567666,2.701923,113115,0
TTO.DE,D,20190606,000000,2.752269,2.769051,2.584448,2.651576,17621,0
TTO.DE,D,20190607,000000,2.668358,2.68514,2.466973,2.534101,14645,0
TTO.DE,D,20190611,000000,2.618012,2.618012,2.383062,2.450191,3613,0
TTO.DE,D,20190612,000000,2.500537,2.500537,2.315934,2.36628,4225,0
TTO.DE,D,20190613,000000,2.282369,2.433409,2.282369,2.383062,10390,0
TTO.DE,D,20190614,000000,2.315934,2.349498,2.215241,2.282369,3404,0
TTO.DE,D,20190617,000000,2.265587,2.265587,2.265587,2.265587,0,0
TTO.DE,D,20190618,000000,2.466973,2.517319,2.349498,2.517319,12451,0
TTO.DE,D,20190619,000000,2.517319,2.517319,2.349498,2.483755,9050,0
TTO.DE,D,20190620,000000,2.466973,2.618012,2.450191,2.534101,5706,0
TTO.DE,D,20190621,000000,2.450191,2.517319,2.450191,2.483755,3000,0
TTO.DE,D,20190624,000000,2.450191,2.450191,2.450191,2.450191,1,0
TTO.DE,D,20190625,000000,2.450191,2.500537,2.450191,2.483755,1470,0
TTO.DE,D,20190626,000000,2.500537,2.500537,2.483755,2.483755,100,0
TTO.DE,D,20190627,000000,2.483755,2.483755,2.483755,2.483755,0,0
TTO.DE,D,20190628,000000,2.483755,2.483755,2.483755,2.483755,0,0
TTO.DE,D,20190701,000000,2.483755,2.483755,2.483755,2.483755,0,0
TTO.DE,D,20190702,000000,2.466973,2.466973,2.399844,2.399844,800,0
TTO.DE,D,20190703,000000,2.399844,2.450191,2.399844,2.450191,150,0
TTO.DE,D,20190704,000000,2.534101,2.534101,2.332716,2.433409,6150,0
TTO.DE,D,20190705,000000,2.500537,2.500537,2.450191,2.450191,3089,0
TTO.DE,D,20190708,000000,2.450191,2.450191,2.450191,2.450191,0,0
TTO.DE,D,20190709,000000,2.399844,2.483755,2.399844,2.416626,3000,0
TTO.DE,D,20190710,000000,2.433409,2.433409,2.433409,2.433409,0,0
TTO.DE,D,20190711,000000,2.416626,2.416626,2.416626,2.416626,0,0
TTO.DE,D,20190712,000000,2.383062,2.383062,2.383062,2.383062,0,0
TTO.DE,D,20190715,000000,2.349498,2.349498,2.332716,2.332716,1000,0
TTO.DE,D,20190716,000000,2.332716,2.332716,2.332716,2.332716,0,0
TTO.DE,D,20190717,000000,2.349498,2.349498,2.315934,2.315934,188,0
TTO.DE,D,20190718,000000,2.349498,2.399844,2.349498,2.399844,2501,0
TTO.DE,D,20190719,000000,2.399844,2.399844,2.399844,2.399844,0,0
TTO.DE,D,20190722,000000,2.399844,2.399844,2.399844,2.399844,0,0
TTO.DE,D,20190723,000000,2.399844,2.399844,2.399844,2.399844,0,0
TTO.DE,D,20190724,000000,2.399844,2.399844,2.399844,2.399844,0,0
TTO.DE,D,20190725,000000,2.399844,2.399844,2.399844,2.399844,0,0
TTO.DE,D,20190726,000000,2.299152,2.332716,2.299152,2.332716,500,0
TTO.DE,D,20190729,000000,2.282369,2.416626,2.282369,2.332716,1500,0
TTO.DE,D,20190730,000000,2.265587,2.332716,2.265587,2.282369,6446,0
TTO.DE,D,20190731,000000,2.299152,2.36628,2.299152,2.315934,2251,0
TTO.DE,D,20190801,000000,2.315934,2.315934,2.315934,2.315934,0,0
TTO.DE,D,20190802,000000,2.36628,2.36628,2.36628,2.36628,970,0
TTO.DE,D,20190805,000000,2.332716,2.332716,2.332716,2.332716,0,0
TTO.DE,D,20190806,000000,2.332716,2.332716,2.332716,2.332716,0,0
TTO.DE,D,20190807,000000,2.332716,2.332716,2.332716,2.332716,0,0
TTO.DE,D,20190808,000000,2.332716,2.332716,2.332716,2.332716,0,0
TTO.DE,D,20190809,000000,2.349498,2.36628,2.349498,2.36628,473,0
TTO.DE,D,20190812,000000,2.282369,2.315934,2.282369,2.315934,23,0
TTO.DE,D,20190813,000000,2.265587,2.265587,2.198459,2.215241,2150,0
TTO.DE,D,20190814,000000,2.248805,2.248805,2.215241,2.215241,570,0
TTO.DE,D,20190815,000000,2.148112,2.181677,2.097766,2.181677,10501,0
TTO.DE,D,20190816,000000,2.13133,2.265587,2.13133,2.265587,2503,0
TTO.DE,D,20190819,000000,2.198459,2.232023,2.198459,2.232023,43,0
TTO.DE,D,20190820,000000,2.265587,2.332716,2.265587,2.332716,1000,0
TTO.DE,D,20190821,000000,2.315934,2.315934,2.315934,2.315934,0,0
TTO.DE,D,20190822,000000,2.36628,2.433409,2.36628,2.433409,4003,0
TTO.DE,D,20190823,000000,2.517319,2.60123,2.483755,2.483755,2600,0
TTO.DE,D,20190826,000000,2.466973,2.466973,2.466973,2.466973,0,0
TTO.DE,D,20190827,000000,2.450191,2.450191,2.450191,2.450191,0,0
TTO.DE,D,20190828,000000,2.349498,2.349498,2.349498,2.349498,2000,0
TTO.DE,D,20190829,000000,2.332716,2.383062,2.332716,2.383062,150,0
TTO.DE,D,20190830,000000,2.36628,2.399844,2.36628,2.399844,2,0
TTO.DE,D,20190902,000000,2.399844,2.399844,2.399844,2.399844,0,0
TTO.DE,D,20190903,000000,2.399844,2.399844,2.399844,2.399844,0,0
TTO.DE,D,20190904,000000,2.332716,2.416626,2.332716,2.416626,1641,0
TTO.DE,D,20190905,000000,2.433409,2.433409,2.433409,2.433409,0,0
TTO.DE,D,20190906,000000,2.500537,2.567666,2.500537,2.567666,2000,0
TTO.DE,D,20190909,000000,2.567666,2.567666,2.550883,2.550883,150,0
TTO.DE,D,20190910,000000,2.517319,2.534101,2.433409,2.534101,230709,0
TTO.DE,D,20190911,000000,2.466973,2.517319,2.466973,2.517319,242328,0
TTO.DE,D,20190912,000000,2.517319,2.517319,2.517319,2.517319,335,0
TTO.DE,D,20190913,000000,2.450191,2.534101,2.450191,2.534101,493,0
TTO.DE,D,20190916,000000,2.534101,2.534101,2.534101,2.534101,0,0
TTO.DE,D,20190917,000000,2.60123,2.60123,2.567666,2.567666,750,0
TTO.DE,D,20190918,000000,2.550883,2.550883,2.550883,2.550883,0,0
TTO.DE,D,20190919,000000,2.550883,2.550883,2.550883,2.550883,0,0
TTO.DE,D,20190920,000000,2.517319,2.517319,2.517319,2.517319,80101,0
TTO.DE,D,20190923,000000,2.517319,2.517319,2.517319,2.517319,0,0
TTO.DE,D,20190924,000000,2.517319,2.517319,2.517319,2.517319,0,0
TTO.DE,D,20190925,000000,2.517319,2.517319,2.500537,2.500537,196,0
TTO.DE,D,20190926,000000,2.517319,2.60123,2.466973,2.60123,5615,0
TTO.DE,D,20190927,000000,2.548856,2.548856,2.548856,2.548856,1250,0
TTO.DE,D,20190930,000000,2.479024,2.479024,2.426651,2.479024,3979,0
TTO.DE,D,20191001,000000,2.409193,2.426651,2.409193,2.426651,1000,0
TTO.DE,D,20191002,000000,2.426651,2.426651,2.426651,2.426651,500,0
TTO.DE,D,20191004,000000,2.426651,2.426651,2.426651,2.426651,0,0
TTO.DE,D,20191007,000000,2.461566,2.479024,2.461566,2.479024,13022,0
TTO.DE,D,20191008,000000,2.479024,2.479024,2.444109,2.461566,7865,0
TTO.DE,D,20191009,000000,2.461566,2.496482,2.461566,2.496482,5000,0
TTO.DE,D,20191010,000000,2.531398,2.531398,2.496482,2.496482,500,0
TTO.DE,D,20191011,000000,2.531398,2.583772,2.531398,2.548856,3711,0
TTO.DE,D,20191014,000000,2.583772,2.583772,2.583772,2.583772,0,0
TTO.DE,D,20191015,000000,2.583772,2.583772,2.583772,2.583772,0,0
TTO.DE,D,20191016,000000,2.618688,2.618688,2.60123,2.60123,8246,0
TTO.DE,D,20191017,000000,2.60123,2.60123,2.60123,2.60123,0,0
TTO.DE,D,20191018,000000,2.60123,2.60123,2.60123,2.60123,0,0
TTO.DE,D,20191021,000000,2.531398,2.583772,2.531398,2.583772,3750,0
TTO.DE,D,20191022,000000,2.618688,2.618688,2.583772,2.583772,800,0
TTO.DE,D,20191023,000000,2.583772,2.583772,2.583772,2.583772,0,0
TTO.DE,D,20191024,000000,2.583772,2.583772,2.583772,2.583772,0,0
TTO.DE,D,20191025,000000,2.51394,2.566314,2.51394,2.566314,3135,0
TTO.DE,D,20191028,000000,2.51394,2.566314,2.51394,2.566314,4350,0
TTO.DE,D,20191029,000000,2.548856,2.548856,2.548856,2.548856,0,0
TTO.DE,D,20191030,000000,2.566314,2.566314,2.566314,2.566314,0,0
TTO.DE,D,20191031,000000,2.496482,2.548856,2.496482,2.548856,16727,0
TTO.DE,D,20191101,000000,2.51394,2.583772,2.51394,2.566314,2600,0
TTO.DE,D,20191104,000000,2.531398,2.566314,2.531398,2.566314,2000,0
TTO.DE,D,20191105,000000,2.51394,2.583772,2.51394,2.566314,5050,0
TTO.DE,D,20191106,000000,2.566314,2.566314,2.566314,2.566314,0,0
TTO.DE,D,20191107,000000,2.531398,2.566314,2.51394,2.566314,8510,0
TTO.DE,D,20191108,000000,2.566314,2.566314,2.566314,2.566314,0,0
TTO.DE,D,20191111,000000,2.496482,2.566314,2.496482,2.566314,1500,0
TTO.DE,D,20191112,000000,2.566314,2.566314,2.566314,2.566314,0,0
TTO.DE,D,20191113,000000,2.566314,2.566314,2.566314,2.566314,0,0
TTO.DE,D,20191114,000000,2.496482,2.566314,2.496482,2.566314,550,0
TTO.DE,D,20191115,000000,2.496482,2.566314,2.496482,2.566314,145,0
TTO.DE,D,20191118,000000,2.583772,2.653604,2.583772,2.653604,7083,0
TTO.DE,D,20191119,000000,2.653604,2.705977,2.60123,2.671061,5051,0
TTO.DE,D,20191120,000000,2.636146,2.636146,2.636146,2.636146,0,0
TTO.DE,D,20191121,000000,2.705977,2.705977,2.671061,2.671061,4000,0
TTO.DE,D,20191122,000000,2.705977,2.863099,2.705977,2.845641,17811,0
TTO.DE,D,20191125,000000,2.723435,2.810725,2.723435,2.810725,150,0
TTO.DE,D,20191126,000000,2.863099,3.142425,2.863099,3.072594,20583,0
TTO.DE,D,20191127,000000,3.142425,3.229715,3.055136,3.159883,20304,0
TTO.DE,D,20191128,000000,3.107509,3.212257,3.02022,3.072594,10588,0
TTO.DE,D,20191129,000000,3.124967,3.142425,3.072594,3.124967,15398,0
TTO.DE,D,20191202,000000,3.142425,3.142425,3.02022,3.107509,2215,0
TTO.DE,D,20191203,000000,3.02022,3.02022,2.967846,3.02022,3800,0
TTO.DE,D,20191204,000000,3.037678,3.072594,3.037678,3.072594,1000,0
TTO.DE,D,20191205,000000,3.055136,3.072594,3.037678,3.037678,5700,0
TTO.DE,D,20191206,000000,3.055136,3.055136,3.037678,3.037678,30,0
TTO.DE,D,20191209,000000,2.985304,3.072594,2.985304,3.072594,3879,0
TTO.DE,D,20191210,000000,3.055136,3.055136,3.037678,3.055136,1000,0
TTO.DE,D,20191211,000000,3.055136,3.055136,3.055136,3.055136,0,0
TTO.DE,D,20191212,000000,3.072594,3.072594,3.072594,3.072594,0,0
TTO.DE,D,20191213,000000,3.055136,3.055136,3.02022,3.037678,696,0
TTO.DE,D,20191216,000000,3.02022,3.055136,3.02022,3.02022,1981,0
TTO.DE,D,20191217,000000,3.055136,3.055136,3.02022,3.02022,1800,0
TTO.DE,D,20191218,000000,3.037678,3.037678,3.037678,3.037678,0,0
TTO.DE,D,20191219,000000,3.055136,3.142425,3.055136,3.124967,11570,0
TTO.DE,D,20191220,000000,3.142425,3.142425,3.124967,3.124967,1500,0
TTO.DE,D,20191223,000000,3.107509,3.142425,3.072594,3.072594,900,0
TTO.DE,D,20191227,000000,3.124967,3.159883,3.107509,3.107509,3277,0
TTO.DE,D,20191230,000000,3.142425,3.142425,3.142425,3.142425,9168,0
TTO.DE,D,20200102,000000,3.142425,3.456668,3.142425,3.229715,7132,0
TTO.DE,D,20200103,000000,3.142425,3.264631,3.090052,3.212257,4521,0
TTO.DE,D,20200106,000000,3.264631,3.282089,3.264631,3.264631,6901,0
TTO.DE,D,20200107,000000,3.229715,3.229715,3.229715,3.229715,0,0
TTO.DE,D,20200108,000000,3.212257,3.212257,3.212257,3.212257,0,0
TTO.DE,D,20200109,000000,3.194799,3.194799,3.194799,3.194799,0,0
TTO.DE,D,20200110,000000,3.107509,3.159883,3.107509,3.159883,700,0
TTO.DE,D,20200113,000000,3.090052,3.142425,3.090052,3.142425,140,0
TTO.DE,D,20200114,000000,3.177341,3.177341,3.177341,3.177341,0,0
TTO.DE,D,20200115,000000,3.177341,3.177341,3.177341,3.177341,0,0
TTO.DE,D,20200116,000000,3.124967,3.124967,3.124967,3.124967,0,0
TTO.DE,D,20200117,000000,3.090052,3.159883,3.090052,3.159883,1000,0
TTO.DE,D,20200120,000000,3.229715,3.264631,3.212257,3.212257,4200,0
TTO.DE,D,20200121,000000,3.229715,3.229715,3.229715,3.229715,0,0
TTO.DE,D,20200122,000000,3.264631,3.456668,3.264631,3.35192,17644,0
TTO.DE,D,20200123,000000,3.404294,3.474126,3.229715,3.229715,10066,0
TTO.DE,D,20200124,000000,3.264631,3.317004,3.229715,3.282089,9250,0
TTO.DE,D,20200127,000000,3.247173,3.282089,3.229715,3.282089,4748,0
TTO.DE,D,20200128,000000,3.282089,3.282089,3.282089,3.282089,0,0
TTO.DE,D,20200129,000000,3.317004,3.317004,3.229715,3.282089,542,0
TTO.DE,D,20200130,000000,3.229715,3.299547,3.229715,3.282089,239,0
TTO.DE,D,20200131,000000,3.264631,3.317004,3.264631,3.299547,12337,0
TTO.DE,D,20200203,000000,3.317004,3.317004,3.177341,3.282089,670,0
TTO.DE,D,20200204,000000,3.35192,3.404294,3.282089,3.404294,26819,0
TTO.DE,D,20200205,000000,3.543957,3.543957,3.334462,3.474126,9699,0
TTO.DE,D,20200206,000000,3.543957,3.543957,3.404294,3.404294,659,0
TTO.DE,D,20200207,000000,3.369378,3.421752,3.369378,3.404294,1054,0
TTO.DE,D,20200210,000000,3.421752,3.421752,3.404294,3.404294,750,0
TTO.DE,D,20200211,000000,3.421752,3.421752,3.369378,3.369378,2750,0
TTO.DE,D,20200212,000000,3.421752,3.456668,3.421752,3.456668,470,0
TTO.DE,D,20200213,000000,3.474126,3.474126,3.474126,3.474126,6226,0
TTO.DE,D,20200214,000000,3.456668,3.456668,3.421752,3.421752,800,0
TTO.DE,D,20200217,000000,3.474126,3.491584,3.421752,3.421752,15012,0
TTO.DE,D,20200218,000000,3.43921,3.43921,3.43921,3.43921,1000,0
TTO.DE,D,20200219,000000,3.456668,3.456668,3.456668,3.456668,0,0
TTO.DE,D,20200220,000000,3.491584,3.491584,3.421752,3.456668,1314,0
TTO.DE,D,20200221,000000,3.456668,3.491584,3.404294,3.474126,2010,0
TTO.DE,D,20200224,000000,3.491584,3.491584,3.090052,3.177341,10387,0
TTO.DE,D,20200225,000000,3.159883,3.299547,3.159883,3.229715,1421,0
TTO.DE,D,20200226,000000,3.229715,3.334462,3.107509,3.159883,14976,0
TTO.DE,D,20200227,000000,3.229715,3.229715,2.985304,3.107509,6102,0
TTO.DE,D,20200228,000000,2.985304,3.194799,2.915472,3.194799,14991,0
TTO.DE,D,20200302,000000,3.229715,3.334462,3.212257,3.212257,2414,0
TTO.DE,D,20200303,000000,3.317004,3.317004,3.317004,3.317004,909,0
TTO.DE,D,20200304,000000,3.317004,3.317004,3.317004,3.317004,0,0
TTO.DE,D,20200305,000000,3.247173,3.317004,3.247173,3.317004,1200,0
TTO.DE,D,20200306,000000,3.247173,3.317004,3.212257,3.317004,14015,0
TTO.DE,D,20200309,000000,3.229715,3.229715,3.055136,3.142425,7217,0
TTO.DE,D,20200310,000000,3.037678,3.124967,2.967846,3.055136,2522,0
TTO.DE,D,20200311,000000,2.967846,3.090052,2.967846,3.037678,3400,0
TTO.DE,D,20200312,000000,2.880557,2.880557,2.444109,2.461566,12496,0
TTO.DE,D,20200313,000000,2.880557,2.967846,2.880557,2.93293,1500,0
TTO.DE,D,20200316,000000,3.369378,3.369378,2.304445,2.531398,18476,0
TTO.DE,D,20200317,000000,2.304445,2.304445,2.269529,2.269529,3820,0
TTO.DE,D,20200318,000000,2.374277,2.374277,2.356819,2.356819,40,0
TTO.DE,D,20200319,000000,2.286987,2.286987,2.18224,2.217156,2128,0
TTO.DE,D,20200320,000000,2.18224,2.18224,2.112408,2.112408,3296,0
TTO.DE,D,20200323,000000,2.129866,2.199698,2.112408,2.18224,1535,0
TTO.DE,D,20200324,000000,2.252071,2.444109,2.252071,2.356819,1985,0
TTO.DE,D,20200325,000000,2.444109,2.51394,2.409193,2.51394,2452,0
TTO.DE,D,20200326,000000,2.409193,2.496482,2.356819,2.496482,3634,0
TTO.DE,D,20200327,000000,2.444109,2.531398,2.444109,2.479024,1602,0
TTO.DE,D,20200330,000000,2.572927,2.591707,2.572927,2.591707,500,0
TTO.DE,D,20200331,000000,2.535366,2.554146,2.535366,2.554146,400,0
TTO.DE,D,20200401,000000,2.68561,2.68561,2.535366,2.591707,268,0
TTO.DE,D,20200402,000000,2.535366,2.554146,2.535366,2.554146,400,0
TTO.DE,D,20200403,000000,2.591707,2.629268,2.554146,2.572927,1660,0
TTO.DE,D,20200406,000000,2.629268,2.723171,2.535366,2.535366,9137,0
TTO.DE,D,20200407,000000,2.610488,2.70439,2.591707,2.629268,8035,0
TTO.DE,D,20200408,000000,2.68561,2.70439,2.68561,2.70439,500,0
TTO.DE,D,20200409,000000,2.779512,2.779512,2.535366,2.629268,4506,0
TTO.DE,D,20200414,000000,2.554146,2.591707,2.554146,2.591707,500,0
TTO.DE,D,20200415,000000,2.648049,2.648049,2.403902,2.403902,7247,0
TTO.DE,D,20200416,000000,2.422683,2.535366,2.422683,2.441463,284605,0
TTO.DE,D,20200417,000000,2.460244,2.479024,2.347561,2.479024,165104,0
TTO.DE,D,20200420,000000,2.441463,2.441463,2.385122,2.422683,128616,0
TTO.DE,D,20200421,000000,2.422683,2.460244,2.347561,2.385122,3007,0
TTO.DE,D,20200422,000000,2.366341,2.385122,2.253659,2.253659,92562,0
TTO.DE,D,20200423,000000,2.366341,2.366341,2.047073,2.140976,38229,0
TTO.DE,D,20200424,000000,2.234878,2.403902,2.159756,2.178537,20413,0
TTO.DE,D,20200427,000000,2.253659,2.535366,2.253659,2.347561,77412,0
TTO.DE,D,20200428,000000,2.403902,2.460244,2.385122,2.422683,6975,0
TTO.DE,D,20200429,000000,2.366341,2.516585,2.366341,2.497805,5296,0
TTO.DE,D,20200430,000000,2.497805,2.610488,2.497805,2.516585,6865,0
TTO.DE,D,20200504,000000,2.572927,2.572927,2.441463,2.441463,593,0
TTO.DE,D,20200505,000000,2.497805,2.516585,2.497805,2.516585,2340,0
TTO.DE,D,20200506,000000,2.591707,2.591707,2.572927,2.572927,1099,0
TTO.DE,D,20200507,000000,2.648049,2.910976,2.610488,2.798293,22165,0
TTO.DE,D,20200508,000000,2.817073,2.835854,2.779512,2.779512,1000,0
TTO.DE,D,20200511,000000,2.817073,2.835854,2.70439,2.741951,2874,0
TTO.DE,D,20200512,000000,2.779512,2.779512,2.70439,2.760732,4388,0
TTO.DE,D,20200513,000000,2.723171,2.723171,2.68561,2.723171,5499,0
TTO.DE,D,20200514,000000,2.629268,2.779512,2.629268,2.68561,5056,0
TTO.DE,D,20200515,000000,2.760732,2.760732,2.666829,2.68561,1766,0
TTO.DE,D,20200518,000000,2.648049,2.666829,2.648049,2.666829,698,0
TTO.DE,D,20200519,000000,2.741951,2.741951,2.648049,2.68561,190,0
TTO.DE,D,20200520,000000,2.723171,2.741951,2.610488,2.629268,10932,0
TTO.DE,D,20200521,000000,2.666829,2.723171,2.666829,2.70439,2678,0
TTO.DE,D,20200522,000000,2.723171,2.741951,2.68561,2.68561,2832,0
TTO.DE,D,20200525,000000,2.666829,2.760732,2.648049,2.666829,7117,0
TTO.DE,D,20200526,000000,2.68561,2.760732,2.68561,2.741951,6093,0
TTO.DE,D,20200527,000000,2.760732,2.760732,2.760732,2.760732,0,0
TTO.DE,D,20200528,000000,2.760732,2.760732,2.760732,2.760732,1180,0
TTO.DE,D,20200529,000000,2.741951,2.741951,2.723171,2.723171,430,0
TTO.DE,D,20200602,000000,2.817073,3.173902,2.817073,3.06122,10840,0
TTO.DE,D,20200603,000000,2.986098,3.117561,2.986098,3.08,20557,0
TTO.DE,D,20200604,000000,3.023659,3.09878,3.023659,3.09878,4700,0
TTO.DE,D,20200605,000000,3.117561,3.117561,3.042439,3.117561,15920,0
TTO.DE,D,20200608,000000,3.117561,3.136341,3.06122,3.136341,4018,0
TTO.DE,D,20200609,000000,3.09878,3.155122,3.023659,3.09878,20316,0
TTO.DE,D,20200610,000000,3.136341,3.136341,3.08,3.08,1537,0
TTO.DE,D,20200611,000000,3,3.1,2.98,2.98,2009,0
TTO.DE,D,20200612,000000,3,3,2.96,3,3858,0
TTO.DE,D,20200615,000000,3,3.04,2.96,3.04,3600,0
TTO.DE,D,20200616,000000,3.08,3.08,3.06,3.06,2167,0
TTO.DE,D,20200617,000000,3,3.04,3,3.04,1325,0
TTO.DE,D,20200618,000000,2.98,2.98,2.86,2.9,5602,0
TTO.DE,D,20200619,000000,3,3,3,3,500,0
TTO.DE,D,20200622,000000,2.9,2.92,2.9,2.92,1252,0
TTO.DE,D,20200623,000000,2.92,2.92,2.92,2.92,0,0
TTO.DE,D,20200624,000000,2.92,2.92,2.92,2.92,0,0
TTO.DE,D,20200625,000000,2.88,2.88,2.86,2.86,200,0
TTO.DE,D,20200626,000000,2.82,2.82,2.8,2.8,3687,0
TTO.DE,D,20200629,000000,2.74,2.76,2.74,2.76,100,0
TTO.DE,D,20200630,000000,2.88,2.88,2.8,2.82,48,0
TTO.DE,D,20200701,000000,2.76,2.76,2.72,2.72,1087,0
TTO.DE,D,20200702,000000,2.7,2.78,2.54,2.62,15607,0
TTO.DE,D,20200703,000000,2.56,2.58,2.54,2.56,6900,0
TTO.DE,D,20200706,000000,2.6,2.64,2.6,2.64,1896,0
TTO.DE,D,20200707,000000,2.64,2.66,2.64,2.64,1250,0
TTO.DE,D,20200708,000000,2.56,2.62,2.56,2.58,596,0
TTO.DE,D,20200709,000000,2.6,2.66,2.56,2.66,8264,0
TTO.DE,D,20200710,000000,2.6,2.62,2.6,2.62,81,0
TTO.DE,D,20200713,000000,2.58,2.66,2.5,2.56,13321,0
TTO.DE,D,20200714,000000,2.6,2.62,2.52,2.58,1254,0
TTO.DE,D,20200715,000000,2.6,2.6,2.6,2.6,527,0
TTO.DE,D,20200716,000000,2.68,2.68,2.6,2.6,3241,0
TTO.DE,D,20200717,000000,2.62,2.62,2.56,2.56,80,0
TTO.DE,D,20200720,000000,2.56,2.56,2.56,2.56,0,0
TTO.DE,D,20200721,000000,2.64,2.64,2.62,2.62,500,0
TTO.DE,D,20200722,000000,2.6,2.6,2.5,2.5,3908,0
TTO.DE,D,20200723,000000,2.54,2.56,2.54,2.56,20,0
TTO.DE,D,20200724,000000,2.64,2.64,2.58,2.58,2572,0
TTO.DE,D,20200727,000000,2.52,2.56,2.52,2.56,1220,0
TTO.DE,D,20200728,000000,2.52,2.54,2.52,2.54,500,0
TTO.DE,D,20200729,000000,2.52,2.76,2.52,2.74,8441,0
TTO.DE,D,20200730,000000,2.66,2.74,2.64,2.68,504,0
TTO.DE,D,20200731,000000,2.64,2.66,2.64,2.66,500,0
TTO.DE,D,20200803,000000,2.6,2.64,2.6,2.64,500,0
TTO.DE,D,20200804,000000,2.6,2.62,2.6,2.6,625,0
TTO.DE,D,20200805,000000,2.56,2.62,2.56,2.58,1730,0
TTO.DE,D,20200806,000000,2.52,2.54,2.52,2.54,1600,0
TTO.DE,D,20200807,000000,2.48,2.56,2.48,2.56,500,0
TTO.DE,D,20200810,000000,2.56,2.62,2.56,2.62,500,0
TTO.DE,D,20200811,000000,2.66,2.66,2.58,2.58,4586,0
TTO.DE,D,20200812,000000,2.54,2.54,2.5,2.5,4769,0
TTO.DE,D,20200813,000000,2.46,2.5,2.46,2.5,500,0
TTO.DE,D,20200814,000000,2.56,2.66,2.48,2.48,7435,0
TTO.DE,D,20200817,000000,2.48,2.52,2.46,2.48,5300,0
TTO.DE,D,20200818,000000,2.4,2.44,2.38,2.42,11242,0
TTO.DE,D,20200819,000000,2.42,2.42,2.42,2.42,0,0
TTO.DE,D,20200820,000000,2.36,2.38,2.36,2.38,2300,0
TTO.DE,D,20200821,000000,2.34,2.38,2.28,2.34,12917,0
TTO.DE,D,20200824,000000,2.3,2.34,2.3,2.34,2041,0
TTO.DE,D,20200825,000000,2.3,2.32,2.3,2.32,11700,0
TTO.DE,D,20200826,000000,2.3,2.32,2.28,2.32,8800,0
TTO.DE,D,20200827,000000,2.32,2.32,2.32,2.32,0,0
TTO.DE,D,20200828,000000,2.3,2.32,2.3,2.32,6000,0
TTO.DE,D,20200831,000000,2.32,2.32,2.26,2.32,800,0
TTO.DE,D,20200901,000000,2.38,2.38,2.24,2.24,23,0
TTO.DE,D,20200902,000000,2.26,2.3,2.24,2.3,500,0
TTO.DE,D,20200903,000000,2.2,2.22,2.18,2.22,1042,0
TTO.DE,D,20200904,000000,2.26,2.26,2.2,2.2,546,0
TTO.DE,D,20200907,000000,2.16,2.24,2.16,2.22,1202,0
TTO.DE,D,20200908,000000,2.16,2.2,2.14,2.2,1000,0
TTO.DE,D,20200909,000000,2.18,2.18,2.18,2.18,0,0
TTO.DE,D,20200910,000000,2.14,2.34,2.1,2.34,12550,0
TTO.DE,D,20200911,000000,2.32,2.32,2.2,2.24,4767,0
TTO.DE,D,20200914,000000,2.28,2.28,2.2,2.24,2618,0
TTO.DE,D,20200915,000000,2.3,2.3,2.2,2.24,1026,0
TTO.DE,D,20200916,000000,2.2,2.28,2.18,2.22,504,0
TTO.DE,D,20200917,000000,2.22,2.26,2.2,2.26,500,0
TTO.DE,D,20200918,000000,2.18,2.26,2.18,2.26,500,0
TTO.DE,D,20200921,000000,2.22,2.3,2.22,2.24,652,0
TTO.DE,D,20200922,000000,2.18,2.18,2.14,2.16,502,0
TTO.DE,D,20200923,000000,2.24,2.24,2.14,2.14,948,0
TTO.DE,D,20200924,000000,2.2,2.2,2.12,2.12,6660,0
TTO.DE,D,20200925,000000,2.1,2.16,2.1,2.16,501,0
TTO.DE,D,20200928,000000,2.14,2.18,2.1,2.14,2996,0
TTO.DE,D,20200929,000000,2.2,2.2,2.1,2.1,2649,0
TTO.DE,D,20200930,000000,2.1,2.12,2.06,2.12,3700,0
TTO.DE,D,20201001,000000,2.26,2.26,2.04,2.16,6774,0
TTO.DE,D,20201002,000000,2.12,2.16,2.1,2.16,820,0
TTO.DE,D,20201005,000000,2.12,2.12,2.04,2.12,854,0
TTO.DE,D,20201006,000000,2.12,2.16,2.1,2.1,5500,0
TTO.DE,D,20201007,000000,2.1,2.14,2.1,2.14,1000,0
TTO.DE,D,20201008,000000,2.1,2.1,2.08,2.08,1000,0
TTO.DE,D,20201009,000000,2.08,2.08,2.08,2.08,0,0
TTO.DE,D,20201012,000000,2.06,2.1,2,2.06,12460,0
TTO.DE,D,20201013,000000,2.06,2.12,2.06,2.08,2704,0
TTO.DE,D,20201014,000000,2.14,2.14,2.14,2.14,0,0
TTO.DE,D,20201015,000000,2.18,2.18,2,2.08,1819,0
TTO.DE,D,20201016,000000,2.1,2.1,2.1,2.1,0,0
TTO.DE,D,20201019,000000,2.16,2.18,2.14,2.14,1377,0
TTO.DE,D,20201020,000000,2.06,2.1,2.06,2.1,1,0
TTO.DE,D,20201021,000000,2.1,2.1,2.1,2.1,0,0
TTO.DE,D,20201022,000000,2.08,2.08,2.08,2.08,0,0
TTO.DE,D,20201023,000000,2.08,2.08,2.08,2.08,0,0
TTO.DE,D,20201026,000000,2.02,2.02,1.96,2,5940,0
TTO.DE,D,20201027,000000,1.97,2.08,1.97,2.06,1435,0
TTO.DE,D,20201028,000000,2,2.04,2,2.04,2551,0
TTO.DE,D,20201029,000000,2.04,2.04,2.04,2.04,0,0
TTO.DE,D,20201030,000000,2.04,2.04,2.04,2.04,0,0
TTO.DE,D,20201102,000000,2.14,2.14,1.96,2,2535,0
TTO.DE,D,20201103,000000,2.02,2.02,2.02,2.02,0,0
TTO.DE,D,20201104,000000,2.04,2.04,2.04,2.04,0,0
TTO.DE,D,20201105,000000,2.14,2.14,2.02,2.02,4000,0
TTO.DE,D,20201106,000000,2,2,1.89,1.89,22052,0
TTO.DE,D,20201109,000000,1.9,2.1,1.88,2.02,48229,0
TTO.DE,D,20201110,000000,2.02,2.02,2,2,10049,0
TTO.DE,D,20201111,000000,2.1,2.1,2.02,2.02,1702,0
TTO.DE,D,20201112,000000,2,2.04,2,2.04,2700,0
TTO.DE,D,20201113,000000,2.08,2.1,2.06,2.1,14320,0
TTO.DE,D,20201116,000000,2.12,2.18,2.08,2.08,9384,0
TTO.DE,D,20201117,000000,2.08,2.22,2.06,2.16,4520,0
TTO.DE,D,20201118,000000,2.1,2.14,2.08,2.14,2100,0
TTO.DE,D,20201119,000000,2.08,2.08,2.04,2.04,6072,0
TTO.DE,D,20201120,000000,2,2.08,1.98,2.08,9506,0
TTO.DE,D,20201123,000000,1.98,2.08,1.89,2.08,11778,0
TTO.DE,D,20201124,000000,2.08,2.18,2.08,2.1,9535,0
TTO.DE,D,20201125,000000,2.08,2.2,2.08,2.18,6505,0
TTO.DE,D,20201126,000000,2.2,2.2,2.2,2.2,0,0
TTO.DE,D,20201127,000000,2.1,2.2,2.1,2.16,502,0
TTO.DE,D,20201130,000000,2.22,2.32,2.22,2.28,2802,0
TTO.DE,D,20201201,000000,2.32,2.34,2.3,2.32,4318,0
TTO.DE,D,20201202,000000,2.3,2.36,2.3,2.34,3352,0
TTO.DE,D,20201203,000000,2.36,2.36,2.36,2.36,0,0
TTO.DE,D,20201204,000000,2.34,2.34,2.34,2.34,0,0
TTO.DE,D,20201207,000000,2.3,2.32,2.28,2.32,4000,0
TTO.DE,D,20201208,000000,2.32,2.48,2.32,2.48,12430,0
TTO.DE,D,20201209,000000,2.48,2.6,2.48,2.6,8330,0
TTO.DE,D,20201210,000000,2.66,2.66,2.52,2.52,3673,0
TTO.DE,D,20201211,000000,2.48,2.48,2.48,2.48,0,0
TTO.DE,D,20201214,000000,2.4,2.5,2.34,2.5,5911,0
TTO.DE,D,20201215,000000,2.58,2.58,2.42,2.5,2030,0
TTO.DE,D,20201216,000000,2.42,2.42,2.16,2.3,49042,0
TTO.DE,D,20201217,000000,2.38,2.4,2.3,2.4,3558,0
TTO.DE,D,20201218,000000,2.4,2.4,2.34,2.38,965,0
TTO.DE,D,20201221,000000,2.36,2.54,2.26,2.46,3132,0
TTO.DE,D,20201222,000000,2.38,2.48,2.38,2.48,6250,0
TTO.DE,D,20201223,000000,2.54,2.54,2.52,2.52,150,0
TTO.DE,D,20201228,000000,2.46,2.54,2.46,2.54,1490,0
TTO.DE,D,20201229,000000,2.58,2.64,2.58,2.6,8147,0
TTO.DE,D,20201230,000000,2.52,2.66,2.48,2.62,1002,0
TTO.DE,D,20210104,000000,2.7,2.7,2.64,2.64,55,0
TTO.DE,D,20210105,000000,2.6,2.6,2.6,2.6,0,0
TTO.DE,D,20210106,000000,2.6,2.6,2.6,2.6,3400,0
TTO.DE,D,20210107,000000,2.68,2.86,2.62,2.74,7587,0
TTO.DE,D,20210108,000000,2.72,2.88,2.72,2.88,36,0
TTO.DE,D,20210111,000000,2.78,2.94,2.76,2.76,2250,0
TTO.DE,D,20210112,000000,2.7,2.72,2.68,2.72,534,0
TTO.DE,D,20210113,000000,2.64,2.72,2.64,2.72,500,0
TTO.DE,D,20210114,000000,2.68,2.72,2.64,2.72,1400,0
TTO.DE,D,20210115,000000,2.78,2.78,2.62,2.68,2249,0
TTO.DE,D,20210118,000000,2.62,2.7,2.6,2.7,1400,0
TTO.DE,D,20210119,000000,2.7,2.72,2.64,2.68,2219,0
TTO.DE,D,20210120,000000,2.62,2.66,2.62,2.66,500,0
TTO.DE,D,20210121,000000,2.78,2.82,2.7,2.76,8271,0
TTO.DE,D,20210122,000000,2.86,2.86,2.76,2.78,10346,0
TTO.DE,D,20210125,000000,2.8,2.88,2.8,2.86,2500,0
TTO.DE,D,20210126,000000,2.82,2.9,2.82,2.88,750,0
TTO.DE,D,20210127,000000,2.82,2.86,2.82,2.86,500,0
TTO.DE,D,20210128,000000,3,3.2,2.78,2.9,10106,0
TTO.DE,D,20210129,000000,2.8,2.9,2.78,2.9,600,0
TTO.DE,D,20210201,000000,3,3.18,2.88,3.18,13277,0
TTO.DE,D,20210202,000000,3,3.1,2.9,3.1,6085,0
TTO.DE,D,20210203,000000,3.2,3.2,2.9,2.94,5400,0
TTO.DE,D,20210204,000000,3,3.24,2.92,3.24,14476,0
TTO.DE,D,20210205,000000,3.1,3.14,3.08,3.14,6252,0
TTO.DE,D,20210208,000000,3.02,3.1,3,3.04,4950,0
TTO.DE,D,20210209,000000,3.08,3.18,3.02,3.04,6511,0
TTO.DE,D,20210210,000000,3.06,3.12,2.96,3.04,22207,0
TTO.DE,D,20210211,000000,2.98,3,2.92,2.96,5408,0
TTO.DE,D,20210212,000000,2.92,3.04,2.92,3,5139,0
TTO.DE,D,20210215,000000,3.1,3.3,3.02,3.12,37797,0
TTO.DE,D,20210216,000000,3.12,3.18,3.06,3.06,29132,0
TTO.DE,D,20210217,000000,3.06,3.06,2.82,2.94,81992,0
TTO.DE,D,20210218,000000,2.92,3.22,2.86,3.02,26340,0
TTO.DE,D,20210219,000000,3,3.02,2.92,3.02,3420,0
TTO.DE,D,20210222,000000,3.02,3.24,2.92,3.06,37322,0
TTO.DE,D,20210223,000000,2.98,3.14,2.84,3,29802,0
TTO.DE,D,20210224,000000,2.92,3.08,2.92,3.04,7840,0
TTO.DE,D,20210225,000000,3.04,3.16,3.02,3.06,23353,0
TTO.DE,D,20210226,000000,3.06,3.08,3,3.02,8504,0
TTO.DE,D,20210301,000000,3.02,3.06,2.96,3.02,11669,0
TTO.DE,D,20210302,000000,3.1,3.22,3.02,3.14,10195,0
TTO.DE,D,20210303,000000,3.2,3.26,3.1,3.22,6138,0
TTO.DE,D,20210304,000000,3.12,3.22,3.12,3.2,17245,0
TTO.DE,D,20210305,000000,3.16,3.26,2.96,3,60849,0
TTO.DE,D,20210308,000000,3.06,3.12,2.98,3.12,10499,0
TTO.DE,D,20210309,000000,3,3.12,2.86,3.06,104142,0
TTO.DE,D,20210310,000000,3.08,3.1,3.02,3.06,14185,0
TTO.DE,D,20210311,000000,3.1,3.12,3.06,3.08,10243,0
TTO.DE,D,20210312,000000,3.14,3.2,3.06,3.18,3504,0
TTO.DE,D,20210315,000000,3.22,3.24,3.08,3.2,5465,0
TTO.DE,D,20210316,000000,3.22,3.22,3.14,3.2,6685,0
TTO.DE,D,20210317,000000,3.16,3.22,3.16,3.22,500,0
TTO.DE,D,20210318,000000,3.2,3.44,3.16,3.18,41034,0
TTO.DE,D,20210319,000000,3.16,3.38,3.14,3.28,22879,0
TTO.DE,D,20210322,000000,3.38,3.38,3.22,3.26,8339,0
TTO.DE,D,20210323,000000,3.22,3.28,3.1,3.14,27052,0
TTO.DE,D,20210324,000000,3.18,3.18,3.1,3.14,14949,0
TTO.DE,D,20210325,000000,3.14,3.22,3.1,3.18,16291,0
TTO.DE,D,20210326,000000,3.06,3.2,3.06,3.08,47324,0
TTO.DE,D,20210329,000000,3,3,2.92,2.96,5814,0
TTO.DE,D,20210330,000000,2.96,3,2.84,2.9,14190,0
TTO.DE,D,20210331,000000,2.88,2.96,2.8,2.88,12875,0
TTO.DE,D,20210401,000000,2.8,2.9,2.8,2.9,8699,0
TTO.DE,D,20210406,000000,2.84,2.84,2.7,2.7,28471,0
TTO.DE,D,20210407,000000,2.72,2.72,2.66,2.7,7333,0
TTO.DE,D,20210408,000000,2.68,2.7,2.58,2.58,8721,0
TTO.DE,D,20210409,000000,2.6,2.62,2.54,2.58,15608,0
TTO.DE,D,20210412,000000,2.6,2.6,2.56,2.58,12300,0
TTO.DE,D,20210413,000000,2.58,2.58,2.52,2.54,11619,0
TTO.DE,D,20210414,000000,2.52,2.56,2.5,2.56,750,0
TTO.DE,D,20210415,000000,2.66,2.66,2.5,2.5,12525,0
TTO.DE,D,20210416,000000,2.56,2.58,2.52,2.54,5898,0
TTO.DE,D,20210419,000000,2.52,2.56,2.52,2.56,2000,0
TTO.DE,D,20210420,000000,2.54,2.6,2.5,2.54,13282,0
TTO.DE,D,20210421,000000,2.48,2.52,2.36,2.46,4850,0
TTO.DE,D,20210422,000000,2.48,2.48,2.32,2.32,12578,0
TTO.DE,D,20210423,000000,2.32,2.48,2.3,2.3,23952,0
TTO.DE,D,20210426,000000,2.34,2.7,2.34,2.54,28362,0
TTO.DE,D,20210427,000000,2.54,2.56,2.54,2.54,250,0
TTO.DE,D,20210428,000000,2.56,2.6,2.46,2.58,7099,0
TTO.DE,D,20210429,000000,2.52,2.52,2.46,2.48,2655,0
TTO.DE,D,20210430,000000,2.48,2.48,2.42,2.46,6100,0
TTO.DE,D,20210503,000000,2.5,2.5,2.44,2.48,889,0
TTO.DE,D,20210504,000000,2.5,2.5,2.44,2.46,508,0
TTO.DE,D,20210505,000000,2.46,2.46,2.46,2.46,0,0
TTO.DE,D,20210506,000000,2.46,2.48,2.42,2.46,3600,0
TTO.DE,D,20210507,000000,2.46,2.48,2.44,2.46,1447,0
TTO.DE,D,20210510,000000,2.46,2.5,2.44,2.48,2150,0
TTO.DE,D,20210511,000000,2.5,2.5,2.44,2.48,4705,0
TTO.DE,D,20210512,000000,2.5,2.5,2.44,2.48,600,0
TTO.DE,D,20210513,000000,2.48,2.56,2.48,2.52,3704,0
TTO.DE,D,20210514,000000,2.48,2.5,2.48,2.5,2976,0
TTO.DE,D,20210517,000000,2.54,2.54,2.46,2.52,519,0
TTO.DE,D,20210518,000000,2.52,2.52,2.46,2.5,600,0
TTO.DE,D,20210519,000000,2.52,2.58,2.44,2.52,5358,0
TTO.DE,D,20210520,000000,2.5,2.58,2.48,2.54,800,0
TTO.DE,D,20210521,000000,2.54,2.66,2.48,2.54,3986,0
TTO.DE,D,20210525,000000,2.44,2.68,2.44,2.64,1301,0
TTO.DE,D,20210526,000000,2.68,2.68,2.52,2.58,864,0
TTO.DE,D,20210527,000000,2.6,2.62,2.54,2.62,500,0
TTO.DE,D,20210528,000000,2.66,2.7,2.54,2.62,6472,0
TTO.DE,D,20210531,000000,2.6,2.62,2.54,2.62,500,0
TTO.DE,D,20210601,000000,2.7,2.7,2.54,2.62,635,0
TTO.DE,D,20210602,000000,2.58,2.62,2.56,2.62,1500,0
TTO.DE,D,20210603,000000,2.66,2.74,2.66,2.7,2600,0
TTO.DE,D,20210604,000000,2.72,2.84,2.72,2.76,5676,0
TTO.DE,D,20210607,000000,2.64,2.78,2.64,2.74,4188,0
TTO.DE,D,20210608,000000,2.64,2.74,2.64,2.74,1,0
TTO.DE,D,20210609,000000,2.78,2.78,2.64,2.68,3355,0
TTO.DE,D,20210610,000000,2.64,2.68,2.64,2.68,520,0
TTO.DE,D,20210611,000000,2.7,2.7,2.62,2.7,1500,0
TTO.DE,D,20210614,000000,2.64,2.74,2.64,2.72,3000,0
TTO.DE,D,20210615,000000,2.8,2.8,2.64,2.72,657,0
TTO.DE,D,20210616,000000,2.64,2.76,2.64,2.74,2705,0
TTO.DE,D,20210617,000000,2.62,2.62,2.58,2.62,2200,0
TTO.DE,D,20210618,000000,2.58,2.64,2.58,2.64,500,0
TTO.DE,D,20210621,000000,2.6,2.64,2.6,2.64,500,0
TTO.DE,D,20210622,000000,2.6,2.68,2.6,2.66,3107,0
TTO.DE,D,20210623,000000,2.68,2.68,2.6,2.66,598,0
TTO.DE,D,20210624,000000,2.58,2.64,2.58,2.64,500,0
TTO.DE,D,20210625,000000,2.58,2.68,2.58,2.64,2100,0
TTO.DE,D,20210628,000000,2.58,2.64,2.56,2.64,656,0
TTO.DE,D,20210629,000000,2.6,2.68,2.6,2.64,1480,0
TTO.DE,D,20210630,000000,2.66,2.68,2.64,2.64,1076,0
TTO.DE,D,20210701,000000,2.7,2.7,2.58,2.66,2673,0
TTO.DE,D,20210702,000000,2.58,2.66,2.58,2.66,500,0
TTO.DE,D,20210705,000000,2.58,2.68,2.58,2.68,5523,0
TTO.DE,D,20210706,000000,2.68,2.7,2.62,2.62,980,0
TTO.DE,D,20210707,000000,2.56,2.62,2.56,2.62,500,0
TTO.DE,D,20210708,000000,2.54,2.68,2.52,2.62,2600,0
TTO.DE,D,20210709,000000,2.62,2.62,2.56,2.62,500,0
TTO.DE,D,20210712,000000,2.6,2.62,2.6,2.62,500,0
TTO.DE,D,20210713,000000,2.54,2.6,2.54,2.56,820,0
TTO.DE,D,20210714,000000,2.6,2.68,2.6,2.62,2000,0
TTO.DE,D,20210715,000000,2.68,2.68,2.56,2.62,2644,0
TTO.DE,D,20210716,000000,2.54,2.64,2.54,2.64,2700,0
TTO.DE,D,20210719,000000,2.54,2.56,2.52,2.56,4070,0
TTO.DE,D,20210720,000000,2.58,2.58,2.56,2.56,400,0
TTO.DE,D,20210721,000000,2.5,2.6,2.5,2.6,688,0
TTO.DE,D,20210722,000000,2.58,2.6,2.5,2.58,3166,0
TTO.DE,D,20210723,000000,2.62,2.62,2.58,2.58,17,0
TTO.DE,D,20210726,000000,2.58,2.58,2.58,2.58,0,0
TTO.DE,D,20210727,000000,2.6,2.7,2.6,2.7,6483,0
TTO.DE,D,20210728,000000,2.7,2.7,2.7,2.7,0,0
TTO.DE,D,20210729,000000,2.62,2.62,2.62,2.62,0,0
TTO.DE,D,20210730,000000,2.54,2.64,2.52,2.58,3304,0
TTO.DE,D,20210802,000000,2.64,2.74,2.52,2.74,5426,0
TTO.DE,D,20210803,000000,2.64,2.64,2.6,2.6,3638,0
TTO.DE,D,20210804,000000,2.62,2.62,2.62,2.62,0,0
TTO.DE,D,20210805,000000,2.68,2.7,2.62,2.66,945,0
TTO.DE,D,20210806,000000,2.68,2.68,2.62,2.62,35,0
TTO.DE,D,20210809,000000,2.68,2.78,2.68,2.72,2012,0
TTO.DE,D,20210810,000000,2.78,2.78,2.7,2.7,400,0
TTO.DE,D,20210811,000000,2.6,2.64,2.6,2.64,1100,0
TTO.DE,D,20210812,000000,2.68,2.7,2.66,2.66,2741,0
TTO.DE,D,20210813,000000,2.7,2.74,2.7,2.74,1389,0
TTO.DE,D,20210816,000000,2.78,2.78,2.62,2.66,767,0
TTO.DE,D,20210817,000000,2.7,2.7,2.7,2.7,100,0
TTO.DE,D,20210818,000000,2.68,2.7,2.68,2.68,1000,0
TTO.DE,D,20210819,000000,2.64,2.66,2.64,2.66,975,0
TTO.DE,D,20210820,000000,2.58,2.76,2.58,2.76,3623,0
TTO.DE,D,20210823,000000,2.78,2.78,2.62,2.7,3750,0
TTO.DE,D,20210824,000000,2.76,2.78,2.58,2.7,13734,0
