<TICKER>,<PER>,<DATE>,<TIME>,<OPEN>,<HIGH>,<LOW>,<CLOSE>,<VOL>,<OPENINT>
U9R.DE,D,20080122,000000,0.907513,0.907513,0.907513,0.907513,0,0
U9R.DE,D,20080123,000000,0.907513,0.907513,0.907513,0.907513,0,0
U9R.DE,D,20080124,000000,0.907513,0.907513,0.907513,0.907513,0,0
U9R.DE,D,20080125,000000,0.764222,0.764222,0.764222,0.764222,0,0
U9R.DE,D,20080128,000000,0.764222,0.764222,0.764222,0.764222,0,0
U9R.DE,D,20080422,000000,1.592129,1.592129,1.592129,1.592129,30,0
U9R.DE,D,20080423,000000,1.592129,1.592129,1.592129,1.592129,30,0
U9R.DE,D,20080424,000000,1.592129,1.592129,1.592129,1.592129,0,0
U9R.DE,D,20080425,000000,1.592129,1.592129,1.592129,1.592129,0,0
U9R.DE,D,20080428,000000,1.592129,1.592129,1.592129,1.592129,0,0
U9R.DE,D,20080429,000000,1.592129,1.592129,1.592129,1.592129,0,0
U9R.DE,D,20080430,000000,1.592129,1.592129,1.592129,1.592129,0,0
U9R.DE,D,20080502,000000,1.592129,1.592129,1.592129,1.592129,0,0
U9R.DE,D,20080505,000000,1.592129,1.592129,1.592129,1.592129,0,0
U9R.DE,D,20080506,000000,1.592129,1.592129,1.592129,1.592129,0,0
U9R.DE,D,20080507,000000,1.592129,1.592129,1.592129,1.592129,0,0
U9R.DE,D,20080508,000000,1.592129,1.592129,1.592129,1.592129,0,0
U9R.DE,D,20080509,000000,1.592129,1.592129,1.592129,1.592129,0,0
U9R.DE,D,20080512,000000,1.592129,1.592129,1.592129,1.592129,0,0
U9R.DE,D,20080513,000000,1.592129,1.592129,1.592129,1.592129,0,0
U9R.DE,D,20080514,000000,1.592129,1.592129,1.592129,1.592129,0,0
U9R.DE,D,20080515,000000,1.592129,1.592129,1.592129,1.592129,0,0
U9R.DE,D,20080516,000000,1.592129,1.592129,1.592129,1.592129,0,0
U9R.DE,D,20080519,000000,1.592129,1.592129,1.592129,1.592129,0,0
U9R.DE,D,20080520,000000,1.592129,1.592129,1.592129,1.592129,0,0
U9R.DE,D,20080521,000000,1.592129,1.592129,1.592129,1.592129,0,0
U9R.DE,D,20080522,000000,1.592129,1.592129,1.592129,1.592129,0,0
U9R.DE,D,20080523,000000,1.592129,1.592129,1.592129,1.592129,0,0
U9R.DE,D,20080526,000000,1.592129,1.592129,1.592129,1.592129,0,0
U9R.DE,D,20080527,000000,1.592129,1.592129,1.592129,1.592129,0,0
U9R.DE,D,20080528,000000,1.592129,1.592129,1.592129,1.592129,0,0
U9R.DE,D,20080529,000000,1.592129,1.592129,1.592129,1.592129,0,0
U9R.DE,D,20080530,000000,1.592129,1.592129,1.592129,1.592129,0,0
U9R.DE,D,20080602,000000,1.592129,1.592129,1.592129,1.592129,0,0
U9R.DE,D,20080603,000000,1.592129,1.592129,1.592129,1.592129,0,0
U9R.DE,D,20080604,000000,1.592129,1.592129,1.592129,1.592129,0,0
U9R.DE,D,20080605,000000,1.592129,1.592129,1.592129,1.592129,0,0
U9R.DE,D,20080606,000000,1.592129,1.592129,1.592129,1.592129,0,0
U9R.DE,D,20080609,000000,1.592129,1.592129,1.592129,1.592129,0,0
U9R.DE,D,20080610,000000,1.592129,1.592129,1.592129,1.592129,0,0
U9R.DE,D,20080611,000000,1.592129,1.592129,1.592129,1.592129,0,0
U9R.DE,D,20080612,000000,1.592129,1.592129,1.592129,1.592129,0,0
U9R.DE,D,20080613,000000,1.592129,1.592129,1.592129,1.592129,0,0
U9R.DE,D,20080616,000000,1.592129,1.592129,1.592129,1.592129,0,0
U9R.DE,D,20080617,000000,1.592129,1.592129,1.592129,1.592129,0,0
U9R.DE,D,20080618,000000,1.592129,1.592129,1.592129,1.592129,0,0
U9R.DE,D,20080619,000000,1.592129,1.592129,1.592129,1.592129,0,0
U9R.DE,D,20080620,000000,1.592129,1.592129,1.592129,1.592129,0,0
U9R.DE,D,20080623,000000,1.592129,1.592129,1.592129,1.592129,0,0
U9R.DE,D,20080624,000000,1.592129,1.592129,1.592129,1.592129,0,0
U9R.DE,D,20080626,000000,1.592129,1.592129,1.592129,1.592129,0,0
U9R.DE,D,20080627,000000,1.592129,1.592129,1.592129,1.592129,0,0
U9R.DE,D,20080630,000000,1.592129,1.592129,1.592129,1.592129,0,0
U9R.DE,D,20080701,000000,1.592129,1.592129,1.592129,1.592129,0,0
U9R.DE,D,20080702,000000,1.592129,1.592129,1.592129,1.592129,0,0
U9R.DE,D,20080703,000000,1.592129,1.592129,1.592129,1.592129,0,0
U9R.DE,D,20080704,000000,1.592129,1.592129,1.592129,1.592129,0,0
U9R.DE,D,20080707,000000,1.592129,1.592129,1.592129,1.592129,0,0
U9R.DE,D,20080708,000000,1.592129,1.592129,1.592129,1.592129,0,0
U9R.DE,D,20080709,000000,1.592129,1.592129,1.592129,1.592129,0,0
U9R.DE,D,20080710,000000,1.592129,1.592129,1.592129,1.592129,0,0
U9R.DE,D,20080711,000000,1.592129,1.592129,1.592129,1.592129,0,0
U9R.DE,D,20080714,000000,1.592129,1.592129,1.592129,1.592129,0,0
U9R.DE,D,20080715,000000,1.592129,1.592129,1.592129,1.592129,0,0
U9R.DE,D,20080716,000000,1.592129,1.592129,1.592129,1.592129,0,0
U9R.DE,D,20080717,000000,1.592129,1.592129,1.592129,1.592129,0,0
U9R.DE,D,20080718,000000,1.592129,1.592129,1.592129,1.592129,0,0
U9R.DE,D,20080721,000000,1.592129,1.592129,1.592129,1.592129,0,0
U9R.DE,D,20080722,000000,1.592129,1.592129,1.592129,1.592129,0,0
U9R.DE,D,20080723,000000,1.592129,1.592129,1.592129,1.592129,0,0
U9R.DE,D,20080724,000000,1.592129,1.592129,1.592129,1.592129,0,0
U9R.DE,D,20080725,000000,1.592129,1.592129,1.592129,1.592129,0,0
U9R.DE,D,20080728,000000,1.592129,1.592129,1.592129,1.592129,0,0
U9R.DE,D,20080729,000000,1.592129,1.592129,1.592129,1.592129,0,0
U9R.DE,D,20080730,000000,1.592129,1.592129,1.592129,1.592129,0,0
U9R.DE,D,20080731,000000,1.245045,1.245045,1.245045,1.245045,100,0
U9R.DE,D,20080801,000000,1.245045,1.245045,1.245045,1.245045,100,0
U9R.DE,D,20080804,000000,1.245045,1.245045,1.245045,1.245045,0,0
U9R.DE,D,20080805,000000,1.245045,1.245045,1.245045,1.245045,0,0
U9R.DE,D,20080806,000000,1.245045,1.245045,1.245045,1.245045,0,0
U9R.DE,D,20080807,000000,1.245045,1.245045,1.245045,1.245045,0,0
U9R.DE,D,20080808,000000,1.245045,1.245045,1.245045,1.245045,0,0
U9R.DE,D,20080811,000000,1.245045,1.245045,1.245045,1.245045,0,0
U9R.DE,D,20080812,000000,1.245045,1.245045,1.245045,1.245045,0,0
U9R.DE,D,20080813,000000,1.245045,1.245045,1.245045,1.245045,0,0
U9R.DE,D,20080814,000000,1.245045,1.245045,1.245045,1.245045,0,0
U9R.DE,D,20080815,000000,1.245045,1.245045,1.245045,1.245045,0,0
U9R.DE,D,20080818,000000,1.245045,1.245045,1.245045,1.245045,0,0
U9R.DE,D,20080819,000000,1.245045,1.245045,1.245045,1.245045,0,0
U9R.DE,D,20080820,000000,1.245045,1.245045,1.245045,1.245045,0,0
U9R.DE,D,20080821,000000,1.245045,1.245045,1.245045,1.245045,0,0
U9R.DE,D,20080822,000000,1.245045,1.245045,1.245045,1.245045,0,0
U9R.DE,D,20080825,000000,1.245045,1.245045,1.245045,1.245045,0,0
U9R.DE,D,20080826,000000,1.245045,1.245045,1.245045,1.245045,0,0
U9R.DE,D,20080827,000000,1.245045,1.245045,1.245045,1.245045,0,0
U9R.DE,D,20080828,000000,1.245045,1.245045,1.245045,1.245045,0,0
U9R.DE,D,20080829,000000,1.245045,1.245045,1.245045,1.245045,0,0
U9R.DE,D,20080901,000000,1.245045,1.245045,1.245045,1.245045,0,0
U9R.DE,D,20080902,000000,1.245045,1.245045,1.245045,1.245045,0,0
U9R.DE,D,20080903,000000,1.245045,1.245045,1.245045,1.245045,0,0
U9R.DE,D,20080904,000000,1.245045,1.245045,1.245045,1.245045,0,0
U9R.DE,D,20080905,000000,1.245045,1.245045,1.245045,1.245045,0,0
U9R.DE,D,20080908,000000,1.245045,1.245045,1.245045,1.245045,0,0
U9R.DE,D,20080909,000000,1.245045,1.245045,1.245045,1.245045,0,0
U9R.DE,D,20080910,000000,1.718225,1.718225,1.718225,1.718225,50,0
U9R.DE,D,20080911,000000,1.718225,1.718225,1.718225,1.718225,50,0
U9R.DE,D,20080912,000000,1.718225,1.718225,1.718225,1.718225,0,0
U9R.DE,D,20080915,000000,1.718225,1.718225,1.718225,1.718225,0,0
U9R.DE,D,20080916,000000,1.718225,1.718225,1.718225,1.718225,0,0
U9R.DE,D,20080917,000000,1.718225,1.718225,1.718225,1.718225,0,0
U9R.DE,D,20080918,000000,1.718225,1.718225,1.718225,1.718225,0,0
U9R.DE,D,20080919,000000,1.718225,1.718225,1.718225,1.718225,0,0
U9R.DE,D,20080923,000000,1.718225,1.718225,1.718225,1.718225,0,0
U9R.DE,D,20080924,000000,1.718225,1.718225,1.718225,1.718225,0,0
U9R.DE,D,20080925,000000,1.718225,1.718225,1.718225,1.718225,0,0
U9R.DE,D,20080926,000000,1.718225,1.718225,1.718225,1.718225,0,0
U9R.DE,D,20080929,000000,1.718225,1.718225,1.718225,1.718225,0,0
U9R.DE,D,20080930,000000,1.718225,1.718225,1.718225,1.718225,0,0
U9R.DE,D,20081001,000000,1.718225,1.718225,1.718225,1.718225,0,0
U9R.DE,D,20081002,000000,1.718225,1.718225,1.718225,1.718225,0,0
U9R.DE,D,20081003,000000,1.718225,1.718225,1.718225,1.718225,0,0
U9R.DE,D,20081006,000000,1.718225,1.718225,1.718225,1.718225,0,0
U9R.DE,D,20081007,000000,1.718225,1.718225,1.718225,1.718225,0,0
U9R.DE,D,20081008,000000,1.718225,1.718225,1.718225,1.718225,0,0
U9R.DE,D,20081009,000000,1.718225,1.718225,1.718225,1.718225,0,0
U9R.DE,D,20081010,000000,1.718225,1.718225,1.718225,1.718225,0,0
U9R.DE,D,20081013,000000,1.718225,1.718225,1.718225,1.718225,0,0
U9R.DE,D,20081014,000000,1.718225,1.718225,1.718225,1.718225,0,0
U9R.DE,D,20081015,000000,1.718225,1.718225,1.718225,1.718225,0,0
U9R.DE,D,20081016,000000,1.718225,1.718225,1.718225,1.718225,0,0
U9R.DE,D,20081017,000000,1.718225,1.718225,1.718225,1.718225,0,0
U9R.DE,D,20081021,000000,1.718225,1.718225,1.718225,1.718225,0,0
U9R.DE,D,20081022,000000,1.718225,1.718225,1.718225,1.718225,0,0
U9R.DE,D,20081023,000000,1.718225,1.718225,1.718225,1.718225,0,0
U9R.DE,D,20081024,000000,1.718225,1.718225,1.718225,1.718225,0,0
U9R.DE,D,20081027,000000,1.718225,1.718225,1.718225,1.718225,0,0
U9R.DE,D,20081028,000000,1.718225,1.718225,1.718225,1.718225,0,0
U9R.DE,D,20081029,000000,1.718225,1.718225,1.718225,1.718225,0,0
U9R.DE,D,20081030,000000,1.718225,1.718225,1.718225,1.718225,0,0
U9R.DE,D,20081031,000000,1.718225,1.718225,1.718225,1.718225,0,0
U9R.DE,D,20081103,000000,1.718225,1.718225,1.718225,1.718225,0,0
U9R.DE,D,20081104,000000,1.718225,1.718225,1.718225,1.718225,0,0
U9R.DE,D,20081105,000000,1.718225,1.718225,1.718225,1.718225,0,0
U9R.DE,D,20081106,000000,1.718225,1.718225,1.718225,1.718225,0,0
U9R.DE,D,20081107,000000,1.718225,1.718225,1.718225,1.718225,0,0
U9R.DE,D,20081110,000000,1.718225,1.718225,1.718225,1.718225,0,0
U9R.DE,D,20081111,000000,1.718225,1.718225,1.718225,1.718225,0,0
U9R.DE,D,20081112,000000,1.718225,1.718225,1.718225,1.718225,0,0
U9R.DE,D,20081113,000000,1.718225,1.718225,1.718225,1.718225,0,0
U9R.DE,D,20081114,000000,1.718225,1.718225,1.718225,1.718225,0,0
U9R.DE,D,20081117,000000,1.718225,1.718225,1.718225,1.718225,0,0
U9R.DE,D,20081118,000000,1.718225,1.718225,1.718225,1.718225,0,0
U9R.DE,D,20081119,000000,1.718225,1.718225,1.718225,1.718225,0,0
U9R.DE,D,20081120,000000,1.718225,1.718225,1.718225,1.718225,0,0
U9R.DE,D,20081121,000000,1.718225,1.718225,1.718225,1.718225,0,0
U9R.DE,D,20081124,000000,1.718225,1.718225,1.718225,1.718225,0,0
U9R.DE,D,20081126,000000,1.718225,1.718225,1.718225,1.718225,0,0
U9R.DE,D,20081127,000000,1.718225,1.718225,1.718225,1.718225,0,0
U9R.DE,D,20081128,000000,1.718225,1.718225,1.718225,1.718225,0,0
U9R.DE,D,20081201,000000,1.718225,1.718225,1.718225,1.718225,0,0
U9R.DE,D,20081202,000000,1.718225,1.718225,1.718225,1.718225,0,0
U9R.DE,D,20081203,000000,1.718225,1.718225,1.718225,1.718225,0,0
U9R.DE,D,20081204,000000,1.718225,1.718225,1.718225,1.718225,0,0
U9R.DE,D,20081205,000000,1.718225,1.718225,1.718225,1.718225,0,0
U9R.DE,D,20081208,000000,1.718225,1.718225,1.718225,1.718225,0,0
U9R.DE,D,20081209,000000,1.718225,1.718225,1.718225,1.718225,0,0
U9R.DE,D,20081210,000000,1.718225,1.718225,1.718225,1.718225,0,0
U9R.DE,D,20081211,000000,1.718225,1.718225,1.718225,1.718225,0,0
U9R.DE,D,20081212,000000,1.718225,1.718225,1.718225,1.718225,0,0
U9R.DE,D,20081215,000000,1.718225,1.718225,1.718225,1.718225,0,0
U9R.DE,D,20081216,000000,1.718225,1.718225,1.718225,1.718225,0,0
U9R.DE,D,20081217,000000,1.718225,1.718225,1.718225,1.718225,0,0
U9R.DE,D,20081218,000000,1.718225,1.718225,1.718225,1.718225,0,0
U9R.DE,D,20081219,000000,1.718225,1.718225,1.718225,1.718225,0,0
U9R.DE,D,20081222,000000,1.718225,1.718225,1.718225,1.718225,0,0
U9R.DE,D,20081223,000000,1.718225,1.718225,1.718225,1.718225,0,0
U9R.DE,D,20081229,000000,1.718225,1.718225,1.718225,1.718225,0,0
U9R.DE,D,20081230,000000,1.718225,1.718225,1.718225,1.718225,0,0
U9R.DE,D,20090102,000000,1.718225,1.718225,1.718225,1.718225,0,0
U9R.DE,D,20090105,000000,1.718225,1.718225,1.718225,1.718225,0,0
U9R.DE,D,20090106,000000,1.718225,1.718225,1.718225,1.718225,0,0
U9R.DE,D,20090107,000000,1.718225,1.718225,1.718225,1.718225,0,0
U9R.DE,D,20090108,000000,1.718225,1.718225,1.718225,1.718225,0,0
U9R.DE,D,20090109,000000,1.718225,1.718225,1.718225,1.718225,0,0
U9R.DE,D,20090112,000000,1.718225,1.718225,1.718225,1.718225,0,0
U9R.DE,D,20090113,000000,1.718225,1.718225,1.718225,1.718225,0,0
U9R.DE,D,20090114,000000,1.718225,1.718225,1.718225,1.718225,0,0
U9R.DE,D,20090115,000000,1.718225,1.718225,1.718225,1.718225,0,0
U9R.DE,D,20090116,000000,1.718225,1.718225,1.718225,1.718225,0,0
U9R.DE,D,20090120,000000,1.718225,1.718225,1.718225,1.718225,0,0
U9R.DE,D,20090121,000000,1.718225,1.718225,1.718225,1.718225,0,0
U9R.DE,D,20090122,000000,1.718225,1.718225,1.718225,1.718225,0,0
U9R.DE,D,20090123,000000,1.718225,1.718225,1.718225,1.718225,0,0
U9R.DE,D,20090126,000000,1.718225,1.718225,1.718225,1.718225,0,0
U9R.DE,D,20090127,000000,1.718225,1.718225,1.718225,1.718225,0,0
U9R.DE,D,20090128,000000,1.718225,1.718225,1.718225,1.718225,0,0
U9R.DE,D,20090129,000000,1.718225,1.718225,1.718225,1.718225,0,0
U9R.DE,D,20090130,000000,1.718225,1.718225,1.718225,1.718225,0,0
U9R.DE,D,20090202,000000,1.718225,1.718225,1.718225,1.718225,0,0
U9R.DE,D,20090203,000000,1.718225,1.718225,1.718225,1.718225,0,0
U9R.DE,D,20090204,000000,1.718225,1.718225,1.718225,1.718225,0,0
U9R.DE,D,20090205,000000,1.718225,1.718225,1.718225,1.718225,0,0
U9R.DE,D,20090206,000000,1.718225,1.718225,1.718225,1.718225,0,0
U9R.DE,D,20090209,000000,1.718225,1.718225,1.718225,1.718225,0,0
U9R.DE,D,20090210,000000,1.718225,1.718225,1.718225,1.718225,0,0
U9R.DE,D,20090211,000000,1.718225,1.718225,1.718225,1.718225,0,0
U9R.DE,D,20090212,000000,1.718225,1.718225,1.718225,1.718225,0,0
U9R.DE,D,20090213,000000,1.718225,1.718225,1.718225,1.718225,0,0
U9R.DE,D,20090216,000000,1.718225,1.718225,1.718225,1.718225,0,0
U9R.DE,D,20090217,000000,1.718225,1.718225,1.718225,1.718225,0,0
U9R.DE,D,20090218,000000,1.718225,1.718225,1.718225,1.718225,0,0
U9R.DE,D,20090219,000000,1.718225,1.718225,1.718225,1.718225,0,0
U9R.DE,D,20090220,000000,1.718225,1.718225,1.718225,1.718225,0,0
U9R.DE,D,20090223,000000,1.718225,1.718225,1.718225,1.718225,0,0
U9R.DE,D,20090224,000000,1.718225,1.718225,1.718225,1.718225,0,0
U9R.DE,D,20090225,000000,1.718225,1.718225,1.718225,1.718225,0,0
U9R.DE,D,20090226,000000,1.718225,1.718225,1.718225,1.718225,0,0
U9R.DE,D,20090302,000000,1.718225,1.718225,1.718225,1.718225,0,0
U9R.DE,D,20090303,000000,1.718225,1.718225,1.718225,1.718225,0,0
U9R.DE,D,20090304,000000,1.718225,1.718225,1.718225,1.718225,0,0
U9R.DE,D,20090305,000000,1.718225,1.718225,1.718225,1.718225,0,0
U9R.DE,D,20090306,000000,1.718225,1.718225,1.718225,1.718225,0,0
U9R.DE,D,20090309,000000,1.718225,1.718225,1.718225,1.718225,0,0
U9R.DE,D,20090310,000000,1.718225,1.718225,1.718225,1.718225,0,0
U9R.DE,D,20090311,000000,1.718225,1.718225,1.718225,1.718225,0,0
U9R.DE,D,20090312,000000,1.718225,1.718225,1.718225,1.718225,0,0
U9R.DE,D,20090313,000000,1.718225,1.718225,1.718225,1.718225,0,0
U9R.DE,D,20090316,000000,1.718225,1.718225,1.718225,1.718225,0,0
U9R.DE,D,20090317,000000,1.718225,1.718225,1.718225,1.718225,0,0
U9R.DE,D,20090318,000000,1.718225,1.718225,1.718225,1.718225,0,0
U9R.DE,D,20090319,000000,1.718225,1.718225,1.718225,1.718225,0,0
U9R.DE,D,20090320,000000,1.718225,1.718225,1.718225,1.718225,0,0
U9R.DE,D,20090323,000000,1.718225,1.718225,1.718225,1.718225,0,0
U9R.DE,D,20090324,000000,1.718225,1.718225,1.718225,1.718225,0,0
U9R.DE,D,20090325,000000,1.718225,1.718225,1.718225,1.718225,0,0
U9R.DE,D,20090326,000000,1.718225,1.718225,1.718225,1.718225,0,0
U9R.DE,D,20090327,000000,1.718225,1.718225,1.718225,1.718225,0,0
U9R.DE,D,20090330,000000,1.718225,1.718225,1.718225,1.718225,0,0
U9R.DE,D,20090331,000000,1.718225,1.718225,1.718225,1.718225,0,0
U9R.DE,D,20090401,000000,1.718225,1.718225,1.718225,1.718225,0,0
U9R.DE,D,20090402,000000,1.718225,1.718225,1.718225,1.718225,0,0
U9R.DE,D,20090403,000000,1.718225,1.718225,1.718225,1.718225,0,0
U9R.DE,D,20090406,000000,1.718225,1.718225,1.718225,1.718225,0,0
U9R.DE,D,20090407,000000,1.718225,1.718225,1.718225,1.718225,0,0
U9R.DE,D,20090408,000000,1.718225,1.718225,1.718225,1.718225,0,0
U9R.DE,D,20090409,000000,1.718225,1.718225,1.718225,1.718225,0,0
U9R.DE,D,20090414,000000,1.718225,1.718225,1.718225,1.718225,0,0
U9R.DE,D,20090415,000000,1.718225,1.718225,1.718225,1.718225,0,0
U9R.DE,D,20090416,000000,1.718225,1.718225,1.718225,1.718225,0,0
U9R.DE,D,20090417,000000,1.718225,1.718225,1.718225,1.718225,0,0
U9R.DE,D,20090420,000000,1.718225,1.718225,1.718225,1.718225,0,0
U9R.DE,D,20090421,000000,0.974383,0.974383,0.974383,0.974383,120,0
U9R.DE,D,20090422,000000,0.974383,0.974383,0.974383,0.974383,120,0
U9R.DE,D,20090423,000000,0.974383,0.974383,0.974383,0.974383,0,0
U9R.DE,D,20090424,000000,0.974383,0.974383,0.974383,0.974383,0,0
U9R.DE,D,20090427,000000,1.11449,1.11449,1.11449,1.11449,29,0
U9R.DE,D,20090428,000000,1.11449,1.11449,1.11449,1.11449,29,0
U9R.DE,D,20090429,000000,1.11449,1.11449,1.11449,1.11449,0,0
U9R.DE,D,20090430,000000,1.11449,1.11449,1.11449,1.11449,0,0
U9R.DE,D,20090504,000000,1.11449,1.11449,1.11449,1.11449,0,0
U9R.DE,D,20090505,000000,1.11449,1.11449,1.11449,1.11449,0,0
U9R.DE,D,20090506,000000,1.11449,1.11449,1.11449,1.11449,0,0
U9R.DE,D,20090507,000000,1.11449,1.11449,1.11449,1.11449,0,0
U9R.DE,D,20090508,000000,1.11449,1.11449,1.11449,1.11449,0,0
U9R.DE,D,20090511,000000,1.11449,1.11449,1.11449,1.11449,0,0
U9R.DE,D,20090512,000000,1.11449,1.11449,1.11449,1.11449,0,0
U9R.DE,D,20090513,000000,1.11449,1.11449,1.11449,1.11449,0,0
U9R.DE,D,20090514,000000,1.11449,1.11449,1.11449,1.11449,0,0
U9R.DE,D,20090515,000000,1.11449,1.11449,1.11449,1.11449,0,0
U9R.DE,D,20090518,000000,1.11449,1.11449,1.11449,1.11449,0,0
U9R.DE,D,20090519,000000,1.11449,1.11449,1.11449,1.11449,0,0
U9R.DE,D,20090520,000000,1.11449,1.11449,1.11449,1.11449,0,0
U9R.DE,D,20090521,000000,1.11449,1.11449,1.11449,1.11449,0,0
U9R.DE,D,20090522,000000,1.11449,1.11449,1.11449,1.11449,0,0
U9R.DE,D,20090525,000000,1.11449,1.11449,1.11449,1.11449,0,0
U9R.DE,D,20090526,000000,1.11449,1.11449,1.11449,1.11449,0,0
U9R.DE,D,20090527,000000,1.11449,1.11449,1.11449,1.11449,0,0
U9R.DE,D,20090528,000000,1.11449,1.11449,1.11449,1.11449,0,0
U9R.DE,D,20090529,000000,1.11449,1.11449,1.11449,1.11449,0,0
U9R.DE,D,20090601,000000,1.11449,1.11449,1.11449,1.11449,0,0
U9R.DE,D,20090602,000000,1.018962,1.018962,1.018962,1.018962,50,0
U9R.DE,D,20090603,000000,1.018962,1.018962,1.018962,1.018962,50,0
U9R.DE,D,20090604,000000,1.018962,1.018962,1.018962,1.018962,0,0
U9R.DE,D,20090605,000000,1.018962,1.018962,1.018962,1.018962,0,0
U9R.DE,D,20090907,000000,1.261603,1.261603,1.261603,1.261603,0,0
U9R.DE,D,20100120,000000,1.235492,1.235492,1.235492,1.235492,200,0
U9R.DE,D,20100216,000000,1.337388,1.337388,1.337388,1.337388,15,0
U9R.DE,D,20100507,000000,1.567291,1.567291,1.567291,1.567291,0,0
U9R.DE,D,20100527,000000,1.764079,1.764079,1.764079,1.764079,200,0
U9R.DE,D,20100621,000000,1.923291,1.923291,1.923291,1.923291,100,0
U9R.DE,D,20100728,000000,1.786368,1.786368,1.786368,1.786368,15,0
U9R.DE,D,20100920,000000,2.084733,2.084733,2.084733,2.084733,0,0
U9R.DE,D,20100928,000000,2.118805,2.118805,2.118805,2.118805,150,0
U9R.DE,D,20101109,000000,2.384372,2.384372,2.384372,2.384372,50,0
U9R.DE,D,20101119,000000,2.422583,2.422583,2.422583,2.422583,100,0
U9R.DE,D,20101206,000000,2.898629,2.898629,2.898629,2.898629,40,0
U9R.DE,D,20101208,000000,2.993202,2.993202,2.993202,2.993202,100,0
U9R.DE,D,20101209,000000,2.853095,2.853095,2.853095,2.853095,75,0
U9R.DE,D,20110307,000000,3.247942,3.247942,3.247942,3.247942,11,0
U9R.DE,D,20110418,000000,3.184257,3.184257,3.184257,3.184257,100,0
U9R.DE,D,20150302,000000,35.256097,35.256097,35.256095,35.256095,100,0
U9R.DE,D,20150303,000000,35.256097,35.531217,35.154201,35.531216,39,0
U9R.DE,D,20150304,000000,35.495553,35.495553,35.495552,35.495552,20,0
U9R.DE,D,20150305,000000,34.924934,35.154201,34.853607,35.154201,35,0
U9R.DE,D,20150306,000000,35.541406,36.249586,35.541406,36.249586,212,0
U9R.DE,D,20150309,000000,35.154201,35.622923,35.02683,35.622922,157,0
U9R.DE,D,20150310,000000,35.765578,35.765578,35.128727,35.271383,611,0
U9R.DE,D,20150311,000000,36.208827,36.208827,35.791052,36.173163,539,0
U9R.DE,D,20150312,000000,36.432998,36.478852,36.356576,36.478851,670,0
U9R.DE,D,20150313,000000,36.988333,37.33478,36.78454,36.978144,797,0
U9R.DE,D,20150316,000000,36.927195,37.467245,36.692834,37.288928,655,0
U9R.DE,D,20150317,000000,37.258358,37.762746,37.192125,37.762746,399,0
U9R.DE,D,20150318,000000,38.007295,38.134666,37.416297,37.701607,884,0
U9R.DE,D,20150320,000000,38.924361,38.975309,38.924361,38.975309,144,0
U9R.DE,D,20150323,000000,38.893792,38.893792,38.007295,38.684905,486,0
U9R.DE,D,20150324,000000,38.465828,38.465828,37.772933,37.772933,72,0
U9R.DE,D,20150325,000000,38.058243,38.058243,36.631696,36.840582,1090,0
U9R.DE,D,20150326,000000,35.948991,36.917006,35.337614,36.677548,914,0
U9R.DE,D,20150327,000000,37.365349,37.467245,36.937385,37.192125,1140,0
U9R.DE,D,20150330,000000,37.701607,38.063338,37.696512,37.956347,219,0
U9R.DE,D,20150331,000000,38.200898,38.465828,38.200898,38.465828,859,0
U9R.DE,D,20150401,000000,38.42507,38.42507,37.681227,37.686322,330,0
U9R.DE,D,20150402,000000,36.815109,37.62009,36.815109,37.29402,225,0
U9R.DE,D,20150407,000000,37.650658,38.516776,37.645564,38.272227,2484,0
U9R.DE,D,20150408,000000,38.205993,38.944742,38.083717,38.944742,2213,0
U9R.DE,D,20150409,000000,39.484791,40.794157,39.433843,39.958608,298,0
U9R.DE,D,20150410,000000,40.452805,40.880769,40.249012,40.320339,2014,0
U9R.DE,D,20150413,000000,40.442615,41.614422,40.442615,40.783969,1223,0
U9R.DE,D,20150414,000000,41.986343,41.986343,39.958608,39.963704,1434,0
U9R.DE,D,20150415,000000,40.656597,41.038708,40.142021,40.519037,1671,0
U9R.DE,D,20150416,000000,40.249012,40.529229,40.249012,40.529229,90,0
U9R.DE,D,20150417,000000,41.059087,41.059087,40.350907,40.350907,610,0
U9R.DE,D,20150420,000000,40.452805,41.013234,40.452805,41.013234,754,0
U9R.DE,D,20150421,000000,42.847366,42.847366,39.444032,39.790478,4003,0
U9R.DE,D,20150422,000000,39.612161,39.688583,38.379216,38.7868,1373,0
U9R.DE,D,20150423,000000,38.995689,39.35742,38.990594,39.35742,119,0
U9R.DE,D,20150424,000000,38.95493,39.698773,38.69,39.459315,1230,0
U9R.DE,D,20150427,000000,38.924361,39.179102,38.868318,39.12306,574,0
U9R.DE,D,20150428,000000,38.211088,38.970215,37.008712,37.721986,2508,0
U9R.DE,D,20150429,000000,37.553857,37.732175,36.315817,36.315817,601,0
U9R.DE,D,20150430,000000,35.918422,35.918422,35.169485,35.536312,430,0
U9R.DE,D,20150504,000000,35.663682,36.173163,35.062494,35.062494,896,0
U9R.DE,D,20150505,000000,35.628018,36.030508,35.256095,35.256095,593,0
U9R.DE,D,20150506,000000,34.649814,34.649814,34.155618,34.155618,380,0
U9R.DE,D,20150507,000000,34.491875,35.016641,33.849929,34.991167,2297,0
U9R.DE,D,20150508,000000,35.673871,36.40243,35.658587,36.402428,139,0
U9R.DE,D,20150511,000000,36.224111,36.234301,35.729914,35.964274,1049,0
U9R.DE,D,20150512,000000,35.765578,35.765578,34.654909,35.037018,341,0
U9R.DE,D,20150513,000000,35.765578,35.765578,34.64472,34.64472,155,0
U9R.DE,D,20150514,000000,34.690573,34.690573,34.389979,34.634531,486,0
U9R.DE,D,20150515,000000,35.108347,35.419131,34.89946,35.256095,764,0
U9R.DE,D,20150518,000000,34.848512,35.06759,34.848512,35.06759,41,0
U9R.DE,D,20150519,000000,35.663682,36.524705,35.663682,36.22411,836,0
U9R.DE,D,20150520,000000,36.045793,36.066172,36.045793,36.066172,525,0
U9R.DE,D,20150521,000000,35.414036,36.173163,35.408941,35.668778,296,0
U9R.DE,D,20150522,000000,35.811431,36.514515,35.811431,36.514514,136,0
U9R.DE,D,20150526,000000,37.181936,37.181936,36.545084,36.545086,205,0
U9R.DE,D,20150527,000000,36.376955,37.192125,36.066172,36.066172,2763,0
U9R.DE,D,20150528,000000,36.346387,36.346387,35.67387,35.67387,1588,0
U9R.DE,D,20150529,000000,36.631696,36.682644,36.611317,36.611317,1641,0
U9R.DE,D,20150601,000000,36.78454,37.029091,36.580748,36.738688,1768,0
U9R.DE,D,20150602,000000,36.789635,36.789635,35.663682,35.663682,221,0
U9R.DE,D,20150603,000000,35.663682,36.234301,35.658586,35.658586,1723,0
U9R.DE,D,20150604,000000,35.230623,35.332519,35.154201,35.332518,131,0
U9R.DE,D,20150605,000000,35.745199,35.867475,35.342709,35.867475,478,0
U9R.DE,D,20150608,000000,37.650658,38.048054,36.988332,36.988332,1720,0
U9R.DE,D,20150609,000000,36.967954,36.967954,36.157879,36.157879,108,0
U9R.DE,D,20150610,000000,35.97956,36.438093,35.97956,36.438092,149,0
U9R.DE,D,20150611,000000,36.585843,37.151367,36.585843,36.957765,526,0
U9R.DE,D,20150615,000000,36.687739,36.70812,36.687739,36.70812,490,0
U9R.DE,D,20150616,000000,36.239396,36.83549,36.239396,36.83549,297,0
U9R.DE,D,20150617,000000,37.543667,37.6099,37.47234,37.6099,472,0
U9R.DE,D,20150618,000000,36.9221,37.294022,36.901721,37.29402,506,0
U9R.DE,D,20150619,000000,37.564047,37.701607,37.32459,37.701607,804,0
U9R.DE,D,20150622,000000,37.650658,37.701607,37.416297,37.701607,1314,0
U9R.DE,D,20150623,000000,38.532061,39.316662,38.470923,38.960026,1030,0
U9R.DE,D,20150624,000000,38.216183,38.695095,38.216183,38.226372,150,0
U9R.DE,D,20150625,000000,38.720569,38.720569,38.720569,38.720569,20,0
U9R.DE,D,20150626,000000,39.026258,39.245334,38.791896,38.791896,415,0
U9R.DE,D,20150629,000000,38.465828,38.893792,37.701607,38.89379,1833,0
U9R.DE,D,20150630,000000,38.093907,38.267131,38.093907,38.267131,620,0
U9R.DE,D,20150701,000000,38.740948,38.746044,38.740948,38.746044,286,0
U9R.DE,D,20150702,000000,39.199481,39.199481,38.720569,38.720569,34,0
U9R.DE,D,20150703,000000,38.613578,38.613578,38.54225,38.542251,32,0
U9R.DE,D,20150706,000000,38.934551,39.382896,38.822465,39.382896,415,0
U9R.DE,D,20150707,000000,39.382894,39.765005,39.163817,39.163819,639,0
U9R.DE,D,20150708,000000,38.460733,39.10268,38.460733,38.740949,224,0
U9R.DE,D,20150709,000000,39.454222,39.734436,38.975309,39.382896,805,0
U9R.DE,D,20150710,000000,39.331946,39.331946,39.163817,39.163819,110,0
U9R.DE,D,20150713,000000,39.622351,41.481957,39.622351,41.481956,652,0
U9R.DE,D,20150714,000000,41.354587,41.543095,40.758494,40.885864,661,0
U9R.DE,D,20150715,000000,41.074372,41.074372,40.911338,40.916432,263,0
U9R.DE,D,20150716,000000,41.51762,41.51762,39.790478,39.790478,732,0
U9R.DE,D,20150717,000000,40.157306,40.249012,39.938229,40.249012,770,0
U9R.DE,D,20150720,000000,41.436104,41.858975,40.901148,41.858975,400,0
U9R.DE,D,20150721,000000,41.981248,41.981248,40.646408,40.758494,210,0
U9R.DE,D,20150722,000000,41.267975,41.935395,41.267975,41.762171,437,0
U9R.DE,D,20150723,000000,41.879352,45.089083,41.833499,44.844533,1555,0
U9R.DE,D,20150724,000000,44.773205,45.567996,44.350336,44.350336,2991,0
U9R.DE,D,20150727,000000,44.579602,44.829248,43.178529,43.795001,1437,0
U9R.DE,D,20150728,000000,45.267402,45.297971,44.447137,44.870007,978,0
U9R.DE,D,20150729,000000,45.44572,45.618944,44.737541,45.354014,2041,0
U9R.DE,D,20150730,000000,45.990865,46.108046,45.853305,46.097856,260,0
U9R.DE,D,20150731,000000,46.235416,46.362786,45.827831,46.102951,1559,0
U9R.DE,D,20150803,000000,46.276175,46.576769,45.532332,45.746314,1042,0
U9R.DE,D,20150804,000000,45.471194,45.664797,45.471194,45.664797,1114,0
U9R.DE,D,20150805,000000,47.020017,47.723101,46.617527,47.636489,288,0
U9R.DE,D,20150806,000000,47.621205,48.242772,45.980676,45.980676,1429,0
U9R.DE,D,20150807,000000,46.215037,46.215037,44.870007,44.870007,426,0
U9R.DE,D,20150810,000000,46.12333,46.12333,45.8584,45.8584,36,0
U9R.DE,D,20150811,000000,46.194658,46.194658,45.089083,45.629134,629,0
U9R.DE,D,20150812,000000,44.462422,45.033041,43.591209,43.769527,1001,0
U9R.DE,D,20150813,000000,45.343824,45.343824,45.216454,45.287781,203,0
U9R.DE,D,20150814,000000,45.86859,45.955201,45.094178,45.751409,652,0
U9R.DE,D,20150817,000000,46.311838,46.856983,45.649513,46.291459,1418,0
U9R.DE,D,20150818,000000,45.792168,46.877362,45.685176,46.592053,456,0
U9R.DE,D,20150819,000000,46.250701,46.352597,45.853305,46.067287,1430,0
U9R.DE,D,20150820,000000,45.59347,45.59347,44.121069,44.146543,772,0
U9R.DE,D,20150821,000000,42.796418,43.56064,40.580175,40.804347,1863,0
U9R.DE,D,20150824,000000,38.211088,38.216183,33.371017,37.350065,5380,0
U9R.DE,D,20150825,000000,38.221277,40.707545,38.221277,40.707545,5599,0
U9R.DE,D,20150826,000000,39.637635,40.452805,39.525549,39.525549,2258,0
U9R.DE,D,20150827,000000,41.237406,43.290615,41.237406,43.290615,7094,0
U9R.DE,D,20150828,000000,43.815381,43.815381,42.48054,43.769527,1992,0
U9R.DE,D,20150831,000000,43.310994,44.075216,43.310994,43.947846,425,0
U9R.DE,D,20150901,000000,42.424497,42.877935,42.424497,42.87284,988,0
U9R.DE,D,20150903,000000,43.876518,44.757921,43.621778,44.528654,1081,0
U9R.DE,D,20150904,000000,43.198908,43.637062,43.198908,43.55045,292,0
U9R.DE,D,20150907,000000,43.810286,43.810286,43.810286,43.810286,10,0
U9R.DE,D,20150908,000000,44.070121,44.304482,43.983509,43.983509,1896,0
U9R.DE,D,20150909,000000,44.870007,44.931144,43.947846,44.411474,244,0
U9R.DE,D,20150910,000000,43.407796,43.764432,43.305899,43.56064,138,0
U9R.DE,D,20150914,000000,43.127581,43.509692,43.127581,43.509692,86,0
U9R.DE,D,20150915,000000,43.565735,43.601398,42.806608,43.601398,17,0
U9R.DE,D,20150916,000000,44.50318,46.13352,44.50318,46.13352,502,0
U9R.DE,D,20150917,000000,46.80094,47.437792,46.209942,47.274758,599,0
U9R.DE,D,20150918,000000,46.668475,46.699044,45.664797,46.699044,249,0
U9R.DE,D,20150921,000000,45.975581,47.244189,45.975581,47.228904,1294,0
U9R.DE,D,20150922,000000,46.581863,46.913026,46.026529,46.026529,1112,0
U9R.DE,D,20150923,000000,46.795845,46.795845,46.362786,46.719423,1803,0
U9R.DE,D,20150924,000000,45.812547,45.812547,45.017756,45.017756,79,0
U9R.DE,D,20150925,000000,47.636489,47.89123,47.147387,47.809713,433,0
U9R.DE,D,20150928,000000,47.534593,47.534593,46.12333,46.12333,560,0
U9R.DE,D,20150929,000000,46.108046,46.612432,44.50318,44.518465,239,0
U9R.DE,D,20150930,000000,43.305899,43.998794,42.995116,43.998794,667,0
U9R.DE,D,20151001,000000,44.803774,44.849627,44.742636,44.742636,368,0
U9R.DE,D,20151002,000000,45.343824,45.669892,44.447137,44.447137,482,0
U9R.DE,D,20151005,000000,45.644418,46.052003,45.644418,45.853305,333,0
U9R.DE,D,20151006,000000,46.041813,46.209942,46.041813,46.209942,149,0
U9R.DE,D,20151007,000000,45.669892,45.863495,44.426758,44.426758,603,0
U9R.DE,D,20151008,000000,44.615266,44.615266,44.273914,44.50318,188,0
U9R.DE,D,20151009,000000,45.950107,45.950107,45.44572,45.654608,559,0
U9R.DE,D,20151012,000000,45.4661,46.362786,45.4661,46.362786,407,0
U9R.DE,D,20151013,000000,45.909348,46.118235,45.394772,45.394772,1206,0
U9R.DE,D,20151014,000000,44.839438,45.089083,44.044647,44.044647,1213,0
U9R.DE,D,20151015,000000,43.565735,44.355431,43.56064,44.355431,390,0
U9R.DE,D,20151016,000000,45.262307,45.379488,45.262307,45.379488,50,0
U9R.DE,D,20151019,000000,45.236833,45.236833,44.681499,44.681499,138,0
U9R.DE,D,20151020,000000,45.19098,45.4661,45.114558,45.247023,620,0
U9R.DE,D,20151021,000000,45.089083,45.31835,45.089083,45.31835,89,0
U9R.DE,D,20151022,000000,44.834343,44.834343,42.286937,42.322601,683,0
U9R.DE,D,20151023,000000,43.000211,43.815381,41.267975,42.286937,3133,0
U9R.DE,D,20151026,000000,42.434687,43.183624,42.286937,43.183624,259,0
U9R.DE,D,20151027,000000,43.545356,43.642157,43.484218,43.535166,200,0
U9R.DE,D,20151028,000000,43.56064,44.23825,43.56064,44.187302,1173,0
U9R.DE,D,20151029,000000,44.946429,44.946429,44.452232,44.452232,500,0
U9R.DE,D,20151030,000000,44.859817,44.931144,43.815381,44.070121,732,0
U9R.DE,D,20151102,000000,43.764432,44.447137,43.076633,43.076633,1139,0
U9R.DE,D,20151103,000000,44.319767,44.324862,44.319767,44.324862,150,0
U9R.DE,D,20151104,000000,44.844533,45.404962,44.579602,44.635645,303,0
U9R.DE,D,20151105,000000,45.303066,45.303066,44.324862,44.335051,190,0
U9R.DE,D,20151106,000000,44.76811,45.965391,44.76811,45.929727,925,0
U9R.DE,D,20151109,000000,45.267402,45.486479,44.034457,44.177112,410,0
U9R.DE,D,20151110,000000,44.273914,44.701878,44.273914,44.701878,493,0
U9R.DE,D,20151111,000000,45.089083,45.343824,44.391094,44.391094,1698,0
U9R.DE,D,20151112,000000,44.712067,44.712067,43.97332,43.97332,80,0
U9R.DE,D,20151113,000000,43.305899,43.305899,41.777456,41.777456,462,0
U9R.DE,D,20151116,000000,41.568569,42.679238,41.568569,41.879352,168,0
U9R.DE,D,20151117,000000,43.254951,43.402701,40.386572,40.386572,1625,0
U9R.DE,D,20151118,000000,40.4579,41.196647,39.928039,41.023424,824,0
U9R.DE,D,20151119,000000,42.266558,42.266558,42.057671,42.241084,374,0
U9R.DE,D,20151120,000000,42.791323,43.784812,42.592626,43.784812,389,0
U9R.DE,D,20151123,000000,44.202586,44.477706,44.202586,44.477706,58,0
U9R.DE,D,20151124,000000,44.197491,44.197491,43.519881,43.779717,525,0
U9R.DE,D,20151125,000000,43.769527,44.324862,43.769527,44.294293,195,0
U9R.DE,D,20151126,000000,44.401284,44.401284,44.401284,44.401284,48,0
U9R.DE,D,20151127,000000,44.569413,44.569413,43.127581,43.331373,195,0
U9R.DE,D,20151130,000000,42.954357,43.097012,42.770944,43.091917,1405,0
U9R.DE,D,20151201,000000,42.011817,42.011817,41.522715,41.588948,1230,0
U9R.DE,D,20151202,000000,41.27307,42.821892,41.27307,42.20542,222,0
U9R.DE,D,20151203,000000,41.721413,42.235989,41.038708,41.324018,1564,0
U9R.DE,D,20151204,000000,39.994272,40.203159,39.204576,40.203159,926,0
U9R.DE,D,20151207,000000,40.936812,41.425914,40.213349,40.213349,1095,0
U9R.DE,D,20151208,000000,40.952096,40.952096,40.147116,40.519037,516,0
U9R.DE,D,20151209,000000,40.4579,40.896053,40.121642,40.758494,795,0
U9R.DE,D,20151210,000000,39.484791,40.29996,39.484791,40.29996,48,0
U9R.DE,D,20151211,000000,38.847939,38.924361,38.338458,38.338458,435,0
U9R.DE,D,20151214,000000,38.583009,38.975309,38.445449,38.684905,480,0
U9R.DE,D,20151215,000000,38.720569,38.975309,38.720569,38.975309,70,0
U9R.DE,D,20151216,000000,38.211088,38.211088,38.144855,38.144855,221,0
U9R.DE,D,20151217,000000,38.980404,39.163817,38.440354,38.440354,80,0
U9R.DE,D,20151218,000000,38.781707,38.781707,38.751138,38.771517,490,0
U9R.DE,D,20151221,000000,38.267131,38.649242,37.686322,38.211088,1020,0
U9R.DE,D,20151222,000000,37.365349,38.175424,36.580748,36.580748,1245,0
U9R.DE,D,20151223,000000,37.625184,38.465828,37.625184,38.465828,928,0
U9R.DE,D,20151228,000000,37.752555,38.226372,37.701607,37.828977,172,0
U9R.DE,D,20151229,000000,38.155045,38.205993,38.155045,38.205993,205,0
U9R.DE,D,20160104,000000,37.192125,37.426487,36.748877,37.395918,818,0
U9R.DE,D,20160105,000000,37.380633,38.241657,37.278737,38.241657,60,0
U9R.DE,D,20160106,000000,37.304211,38.058243,37.304211,37.915589,21,0
U9R.DE,D,20160107,000000,37.243073,37.849356,36.682644,37.849356,724,0
U9R.DE,D,20160111,000000,34.491875,34.502065,33.309879,33.320068,903,0
U9R.DE,D,20160112,000000,32.647553,33.814265,32.647553,33.192698,628,0
U9R.DE,D,20160113,000000,34.247324,34.654909,34.053721,34.654909,138,0
U9R.DE,D,20160114,000000,33.982394,33.982394,33.625757,33.625757,700,0
U9R.DE,D,20160115,000000,32.117693,32.122788,31.144584,31.990323,2652,0
U9R.DE,D,20160118,000000,31.888426,31.888426,31.664255,31.664255,40,0
U9R.DE,D,20160119,000000,32.723976,32.861535,32.097314,32.382623,226,0
U9R.DE,D,20160120,000000,30.793042,30.803231,29.549908,29.651804,463,0
U9R.DE,D,20160121,000000,31.496126,31.995417,31.287239,31.995417,620,0
U9R.DE,D,20160122,000000,32.968526,33.116276,32.759639,33.116276,570,0
U9R.DE,D,20160125,000000,33.192698,33.192698,32.204305,32.204305,976,0
U9R.DE,D,20160126,000000,31.806909,32.280727,31.368756,31.496126,233,0
U9R.DE,D,20160127,000000,31.480841,32.59151,31.480841,32.59151,2310,0
U9R.DE,D,20160128,000000,32.861535,37.294022,32.504899,37.192125,2128,0
U9R.DE,D,20160129,000000,39.739531,40.096168,39.123059,40.096168,823,0
U9R.DE,D,20160201,000000,40.065599,40.096168,39.286093,39.286093,619,0
U9R.DE,D,20160202,000000,39.836333,39.836333,38.883603,38.883603,77,0
U9R.DE,D,20160203,000000,38.027674,38.593199,36.78454,36.78454,414,0
U9R.DE,D,20160205,000000,36.483947,36.483947,34.64472,34.64472,39,0
U9R.DE,D,20160208,000000,35.58726,35.58726,32.443761,32.443761,391,0
U9R.DE,D,20160209,000000,32.657743,34.135238,32.45395,32.723976,1389,0
U9R.DE,D,20160210,000000,32.861535,33.523861,32.861535,32.892104,900,0
U9R.DE,D,20160211,000000,33.651231,33.651231,32.178831,32.178831,122,0
U9R.DE,D,20160212,000000,33.559525,33.911067,33.518766,33.911067,123,0
U9R.DE,D,20160215,000000,35.403846,35.826716,35.403846,35.780863,488,0
U9R.DE,D,20160216,000000,35.205149,35.205149,35.205149,35.205149,92,0
U9R.DE,D,20160217,000000,36.443188,37.828977,36.443188,37.828977,773,0
U9R.DE,D,20160218,000000,38.007295,38.674716,37.151367,37.370444,1272,0
U9R.DE,D,20160219,000000,36.957764,36.957764,36.891531,36.891531,58,0
U9R.DE,D,20160222,000000,37.701607,37.88502,37.564047,37.564047,100,0
U9R.DE,D,20160224,000000,37.497814,37.497814,37.294022,37.380633,250,0
U9R.DE,D,20160225,000000,38.28751,38.28751,38.032769,38.032769,60,0
U9R.DE,D,20160226,000000,38.56263,39.36761,38.56263,39.36761,138,0
U9R.DE,D,20160229,000000,38.975309,39.326851,38.975309,39.326851,201,0
U9R.DE,D,20160301,000000,39.739531,40.249012,39.280998,39.861807,463,0
U9R.DE,D,20160302,000000,39.968798,40.223538,39.433843,39.433843,225,0
U9R.DE,D,20160303,000000,39.800669,39.800669,38.155045,38.155045,34,0
U9R.DE,D,20160304,000000,38.975309,38.975309,38.318079,38.318079,235,0
U9R.DE,D,20160307,000000,39.23005,39.23005,39.23005,39.23005,20,0
U9R.DE,D,20160308,000000,38.312984,38.312984,37.701607,37.701607,120,0
U9R.DE,D,20160309,000000,37.039281,37.039281,36.662265,36.662265,120,0
U9R.DE,D,20160310,000000,37.467245,37.47234,36.682644,36.682644,227,0
U9R.DE,D,20160311,000000,37.721986,37.961442,37.406107,37.706701,137,0
U9R.DE,D,20160314,000000,37.961442,37.961442,37.701607,37.701607,253,0
U9R.DE,D,20160316,000000,37.457056,37.457056,36.80492,37.171746,136,0
U9R.DE,D,20160317,000000,36.692834,37.34497,36.692834,37.34497,25,0
U9R.DE,D,20160318,000000,37.828977,38.521871,37.828977,38.363932,100,0
U9R.DE,D,20160321,000000,38.639052,38.659431,37.966537,38.633957,358,0
U9R.DE,D,20160322,000000,38.771517,38.771517,38.104097,38.104097,355,0
U9R.DE,D,20160323,000000,38.093907,38.093907,38.093907,38.093907,95,0
U9R.DE,D,20160324,000000,37.451961,37.869735,37.451961,37.451961,1082,0
U9R.DE,D,20160329,000000,38.211088,38.211088,37.701607,37.823882,358,0
U9R.DE,D,20160330,000000,37.956347,38.175424,37.951252,38.175424,439,0
U9R.DE,D,20160331,000000,38.516776,38.786801,38.211088,38.251846,315,0
U9R.DE,D,20160401,000000,38.211088,38.211088,37.813692,37.818787,93,0
U9R.DE,D,20160404,000000,37.59971,38.430165,37.283832,37.283832,677,0
U9R.DE,D,20160405,000000,36.988333,37.564047,36.988333,37.156462,514,0
U9R.DE,D,20160406,000000,37.691417,38.211088,37.691417,38.211088,221,0
U9R.DE,D,20160407,000000,38.211088,38.796991,38.211088,38.69,1161,0
U9R.DE,D,20160408,000000,39.525,40.415,37.84,37.84,3446,0
U9R.DE,D,20160411,000000,38.45,39.06,36.46,36.845,2718,0
U9R.DE,D,20160412,000000,36.39,36.81,35.775,35.775,1361,0
U9R.DE,D,20160413,000000,36.855,38.235,36.83,37.985,866,0
U9R.DE,D,20160414,000000,37.905,39,37.905,38.685,1878,0
U9R.DE,D,20160415,000000,39,39,38,38.285,1724,0
U9R.DE,D,20160418,000000,38.305,38.32,37.83,38.21,466,0
U9R.DE,D,20160419,000000,38.715,39.145,38.715,39,820,0
U9R.DE,D,20160420,000000,38.8,39.155,38.635,38.635,830,0
U9R.DE,D,20160421,000000,39.39,42,38.975,41.855,1226,0
U9R.DE,D,20160422,000000,41.69,42.46,40.895,40.94,3051,0
U9R.DE,D,20160425,000000,41.99,42.29,41.005,41.165,1221,0
U9R.DE,D,20160426,000000,41.65,42.025,40.94,41.115,1705,0
U9R.DE,D,20160427,000000,41.5,41.6,39.85,40.145,2000,0
U9R.DE,D,20160428,000000,39.56,40.585,39.56,40.585,220,0
U9R.DE,D,20160429,000000,39.28,39.725,38.135,38.3,1025,0
U9R.DE,D,20160502,000000,38.995,38.995,37.61,37.67,1782,0
U9R.DE,D,20160503,000000,37.84,37.84,37.235,37.235,152,0
U9R.DE,D,20160504,000000,37.55,37.655,35,35.065,1910,0
U9R.DE,D,20160505,000000,35,35.475,34.51,35.325,540,0
U9R.DE,D,20160506,000000,35.05,35.585,33.9,33.9,1169,0
U9R.DE,D,20160509,000000,34.325,34.495,33.555,33.64,894,0
U9R.DE,D,20160510,000000,34.245,34.79,34.245,34.33,2277,0
U9R.DE,D,20160511,000000,34.25,34.25,32.595,32.595,1331,0
U9R.DE,D,20160512,000000,33,33.725,32.65,32.77,5385,0
U9R.DE,D,20160513,000000,33.34,33.34,33,33,677,0
U9R.DE,D,20160517,000000,32.775,33.245,32.725,32.725,666,0
U9R.DE,D,20160518,000000,33.2,33.2,32.25,32.33,300,0
U9R.DE,D,20160519,000000,32.79,33.245,32.5,33.225,901,0
U9R.DE,D,20160520,000000,33.97,34.245,33.34,33.395,1263,0
U9R.DE,D,20160523,000000,34.13,34.25,33.505,34.195,1060,0
U9R.DE,D,20160524,000000,34.105,34.105,33.66,34.075,399,0
U9R.DE,D,20160525,000000,34.39,35.295,34.14,34.32,1532,0
U9R.DE,D,20160526,000000,34.88,34.96,33.795,33.99,862,0
U9R.DE,D,20160527,000000,34.345,34.565,34.005,34.005,601,0
U9R.DE,D,20160530,000000,34.6,34.935,34.04,34.2,868,0
U9R.DE,D,20160531,000000,34.2,34.855,34.045,34.045,1267,0
U9R.DE,D,20160601,000000,33.4,33.4,31.79,32.23,3179,0
U9R.DE,D,20160602,000000,32.59,32.89,32.255,32.89,1280,0
U9R.DE,D,20160603,000000,33.245,33.245,32.095,32.245,694,0
U9R.DE,D,20160606,000000,32.48,32.575,32.3,32.32,570,0
U9R.DE,D,20160607,000000,32.85,32.85,32.325,32.325,1121,0
U9R.DE,D,20160608,000000,33.05,33.995,33.05,33.935,757,0
U9R.DE,D,20160609,000000,34.235,34.665,34.16,34.3,2293,0
U9R.DE,D,20160610,000000,34.3,34.365,33.6,34.08,432,0
U9R.DE,D,20160613,000000,34,34,33.775,33.775,357,0
U9R.DE,D,20160614,000000,33.55,33.55,32.85,33.495,1049,0
U9R.DE,D,20160615,000000,33.105,34.04,33.105,34.04,38,0
U9R.DE,D,20160616,000000,33.39,33.39,32.76,32.76,158,0
U9R.DE,D,20160617,000000,32.695,32.775,32.695,32.775,100,0
U9R.DE,D,20160620,000000,33.795,34.145,33.61,34.145,1990,0
U9R.DE,D,20160621,000000,33.6,34.415,33.6,34.3,471,0
U9R.DE,D,20160622,000000,34.6,34.6,34.26,34.265,400,0
U9R.DE,D,20160623,000000,33.66,33.66,33.3,33.3,420,0
U9R.DE,D,20160624,000000,32,33.75,32,33.75,631,0
U9R.DE,D,20160627,000000,34.15,34.15,32.66,32.66,4562,0
U9R.DE,D,20160628,000000,32.46,32.785,32.46,32.685,81,0
U9R.DE,D,20160629,000000,33.9,35.405,33.8,35.405,1009,0
U9R.DE,D,20160630,000000,35.865,36,35.405,36,465,0
U9R.DE,D,20160701,000000,36.375,36.4,35.705,36.4,646,0
U9R.DE,D,20160704,000000,36.695,36.7,36.165,36.53,429,0
U9R.DE,D,20160705,000000,36.3,36.3,36.145,36.145,37,0
U9R.DE,D,20160706,000000,35.05,35.77,35.05,35.77,628,0
U9R.DE,D,20160707,000000,36,36.355,36,36.3,880,0
U9R.DE,D,20160708,000000,36.665,36.79,36.665,36.77,150,0
U9R.DE,D,20160711,000000,36.9,36.9,36.9,36.9,100,0
U9R.DE,D,20160712,000000,36.48,37.065,36.145,37.06,1141,0
U9R.DE,D,20160713,000000,37.9,37.995,37.4,37.4,2041,0
U9R.DE,D,20160714,000000,37.66,37.845,37.505,37.65,640,0
U9R.DE,D,20160715,000000,37.38,37.585,37.36,37.565,226,0
U9R.DE,D,20160718,000000,37.9,38.265,37.9,37.925,310,0
U9R.DE,D,20160719,000000,37.9,37.965,37.795,37.85,490,0
U9R.DE,D,20160720,000000,38.4,38.4,38.1,38.1,154,0
U9R.DE,D,20160721,000000,38.2,38.5,38.2,38.5,230,0
U9R.DE,D,20160722,000000,38.76,38.865,38.76,38.865,489,0
U9R.DE,D,20160725,000000,39.25,39.25,38.9,38.95,615,0
U9R.DE,D,20160726,000000,40.15,40.465,38.2,38.43,3598,0
U9R.DE,D,20160727,000000,38,38.3,37.65,37.65,6276,0
U9R.DE,D,20160728,000000,35.88,36.645,35.225,35.225,17318,0
U9R.DE,D,20160729,000000,35.77,36.315,35.275,35.275,1063,0
U9R.DE,D,20160801,000000,35.59,35.905,35.445,35.445,1230,0
U9R.DE,D,20160802,000000,35.085,35.085,33.76,34.2,349,0
U9R.DE,D,20160803,000000,33.96,34.485,33.265,34.485,1498,0
U9R.DE,D,20160804,000000,34.955,35.4,34.85,35.4,195,0
U9R.DE,D,20160805,000000,35.025,35.345,35,35.345,328,0
U9R.DE,D,20160808,000000,36.345,36.5,35.815,35.885,1035,0
U9R.DE,D,20160809,000000,36.155,36.155,35.775,35.9,866,0
U9R.DE,D,20160810,000000,35.38,35.55,35.31,35.375,1026,0
U9R.DE,D,20160811,000000,35.38,36.55,35.085,36.55,1076,0
U9R.DE,D,20160812,000000,36.825,37.11,36.5,36.735,899,0
U9R.DE,D,20160815,000000,37,37.45,36.825,37.45,840,0
U9R.DE,D,20160816,000000,37.255,38,37.255,37.565,1112,0
U9R.DE,D,20160817,000000,37.47,37.485,37.1,37.1,485,0
U9R.DE,D,20160818,000000,36.995,37.395,36.815,36.85,829,0
U9R.DE,D,20160819,000000,37.055,37.87,37.055,37.87,1774,0
U9R.DE,D,20160822,000000,38.12,38.38,37.765,38.095,901,0
U9R.DE,D,20160823,000000,37.97,38.3,37.97,38.125,794,0
U9R.DE,D,20160824,000000,38.875,38.88,38.8,38.88,585,0
U9R.DE,D,20160825,000000,38.255,38.35,38,38,987,0
U9R.DE,D,20160826,000000,37.465,37.765,37.35,37.555,1319,0
U9R.DE,D,20160829,000000,37.795,37.795,37.795,37.795,50,0
U9R.DE,D,20160830,000000,37.775,38.27,37.155,37.23,3236,0
U9R.DE,D,20160831,000000,37.55,37.55,35.72,35.78,9107,0
U9R.DE,D,20160901,000000,35.72,36.545,35.64,35.64,1804,0
U9R.DE,D,20160902,000000,35.485,35.535,34.7,34.7,1254,0
U9R.DE,D,20160905,000000,34.85,34.885,34.7,34.7,9806,0
U9R.DE,D,20160906,000000,34.995,34.995,34.455,34.455,763,0
U9R.DE,D,20160907,000000,34.79,34.835,34.735,34.735,804,0
U9R.DE,D,20160908,000000,35.665,35.665,34.995,34.995,635,0
U9R.DE,D,20160909,000000,35.15,35.245,34.77,34.77,786,0
U9R.DE,D,20160912,000000,33.95,34.66,33.61,34.575,1778,0
U9R.DE,D,20160913,000000,34.88,34.88,34.11,34.11,421,0
U9R.DE,D,20160914,000000,34.315,34.395,34,34.13,870,0
U9R.DE,D,20160915,000000,34.055,34.305,33.8,34.06,3090,0
U9R.DE,D,20160916,000000,34.86,34.86,34.86,34.86,200,0
U9R.DE,D,20160919,000000,35.11,35.2,34.535,34.91,378,0
U9R.DE,D,20160920,000000,34.815,34.815,34.815,34.815,100,0
U9R.DE,D,20160921,000000,34.62,34.62,34.62,34.62,29,0
U9R.DE,D,20160922,000000,35.32,35.495,35.32,35.39,193,0
U9R.DE,D,20160923,000000,35.675,35.675,35.095,35.53,235,0
U9R.DE,D,20160926,000000,35.25,35.25,34.5,34.5,147,0
U9R.DE,D,20160927,000000,34.205,34.375,34.205,34.375,131,0
U9R.DE,D,20160928,000000,34.85,35.55,34.85,35,1996,0
U9R.DE,D,20160929,000000,35.06,35.325,35.06,35.06,472,0
U9R.DE,D,20160930,000000,34.825,34.955,34.525,34.615,883,0
U9R.DE,D,20161004,000000,34.7,34.995,34.275,34.61,711,0
U9R.DE,D,20161005,000000,34.4,34.4,34.185,34.355,147,0
U9R.DE,D,20161006,000000,34.435,34.435,33.75,33.75,1180,0
U9R.DE,D,20161007,000000,33.76,34.005,33.76,33.89,446,0
U9R.DE,D,20161010,000000,34,34.775,34,34.325,3313,0
U9R.DE,D,20161011,000000,34.295,34.54,34.295,34.54,100,0
U9R.DE,D,20161012,000000,34.61,35.165,34.34,35.165,116,0
U9R.DE,D,20161013,000000,34.725,34.945,34.085,34.085,1388,0
U9R.DE,D,20161014,000000,35.505,35.505,35.115,35.12,1255,0
U9R.DE,D,20161017,000000,35.05,35.05,34.7,34.7,8123,0
U9R.DE,D,20161018,000000,34.365,35.015,34.345,34.915,380,0
U9R.DE,D,20161019,000000,34.79,35.4,34.79,35.375,262,0
U9R.DE,D,20161020,000000,35.37,35.37,34.845,34.995,2900,0
U9R.DE,D,20161021,000000,35.25,35.425,34.86,34.86,238,0
U9R.DE,D,20161024,000000,34.515,35,34.515,35,507,0
U9R.DE,D,20161025,000000,34.8,36.8,28.975,30.05,10944,0
U9R.DE,D,20161026,000000,30.5,30.5,29.28,29.695,13005,0
U9R.DE,D,20161027,000000,29.28,29.375,28.53,28.53,2842,0
U9R.DE,D,20161028,000000,28.88,28.97,28.355,28.925,2424,0
U9R.DE,D,20161031,000000,28.5,28.5,27.935,28.245,7957,0
U9R.DE,D,20161101,000000,28.45,28.585,28,28.04,630,0
U9R.DE,D,20161102,000000,27.4,28.16,27.4,27.89,8624,0
U9R.DE,D,20161103,000000,27.79,27.815,27.345,27.4,673,0
U9R.DE,D,20161104,000000,27.37,27.805,27.105,27.77,1548,0
U9R.DE,D,20161107,000000,28.28,28.545,28.26,28.38,1516,0
U9R.DE,D,20161108,000000,28.495,28.5,28.19,28.31,2304,0
U9R.DE,D,20161109,000000,27.4,28.81,27.4,28.81,4467,0
U9R.DE,D,20161110,000000,29.1,29.79,29.085,29.085,2005,0
U9R.DE,D,20161111,000000,29.15,29.385,28.86,29.17,628,0
U9R.DE,D,20161114,000000,29.8,30,29.55,29.55,728,0
U9R.DE,D,20161115,000000,29.25,29.3,29,29.3,372,0
U9R.DE,D,20161116,000000,29.81,30.375,29.7,30.375,529,0
U9R.DE,D,20161117,000000,31.015,31.015,30.01,30.01,777,0
U9R.DE,D,20161118,000000,30.385,30.45,29.5,29.525,514,0
U9R.DE,D,20161121,000000,29.005,29.42,29.005,29.42,150,0
U9R.DE,D,20161122,000000,29.01,29.01,28.91,28.91,200,0
U9R.DE,D,20161123,000000,29.085,29.09,28.56,29.09,399,0
U9R.DE,D,20161124,000000,29.19,29.21,29.18,29.21,130,0
U9R.DE,D,20161125,000000,28.94,28.94,28.81,28.81,184,0
U9R.DE,D,20161128,000000,28.9,29.51,28.9,29.48,367,0
U9R.DE,D,20161129,000000,29.325,29.325,29.325,29.325,100,0
U9R.DE,D,20161130,000000,28.725,29.32,28.725,29.32,245,0
U9R.DE,D,20161201,000000,29.155,29.175,29.155,29.175,220,0
U9R.DE,D,20161202,000000,28.56,28.69,27.8,28.03,845,0
U9R.DE,D,20161205,000000,28.405,28.56,28.275,28.56,308,0
U9R.DE,D,20161206,000000,28.565,28.565,28.565,28.565,19,0
U9R.DE,D,20161207,000000,29.4,29.95,28.05,29.06,23387,0
U9R.DE,D,20161208,000000,30,30.65,29.9,30.65,833,0
U9R.DE,D,20161209,000000,30.675,31.1,30.675,31.1,330,0
U9R.DE,D,20161212,000000,30.815,30.815,30.74,30.74,486,0
U9R.DE,D,20161213,000000,30.82,30.82,30.82,30.82,30,0
U9R.DE,D,20161214,000000,30,30.67,30,30.45,536,0
U9R.DE,D,20161215,000000,29.79,30.725,29.63,30.225,531,0
U9R.DE,D,20161216,000000,29.54,29.54,29.54,29.54,10,0
U9R.DE,D,20161219,000000,29.33,29.415,29.03,29.03,758,0
U9R.DE,D,20161220,000000,29.2,29.2,29,29,200,0
U9R.DE,D,20161221,000000,29.315,29.6,29.315,29.6,100,0
U9R.DE,D,20161222,000000,28.5,28.5,28.05,28.05,2050,0
U9R.DE,D,20161223,000000,28.4,28.49,28.005,28.005,336,0
U9R.DE,D,20161227,000000,28.06,28.405,27.905,28.245,1499,0
U9R.DE,D,20161228,000000,28.25,28.3,28,28.05,592,0
U9R.DE,D,20161229,000000,28.2,28.2,27.9,27.975,1015,0
U9R.DE,D,20170102,000000,27.255,28.305,27.23,28.305,186,0
U9R.DE,D,20170103,000000,28.3,28.54,28.005,28.525,649,0
U9R.DE,D,20170104,000000,28.47,29.45,28.47,29.37,1008,0
U9R.DE,D,20170105,000000,29,29.515,28.245,28.245,2903,0
U9R.DE,D,20170106,000000,28.97,29.03,28.71,28.935,2365,0
U9R.DE,D,20170109,000000,29.29,29.365,28.785,29.365,2025,0
U9R.DE,D,20170110,000000,28.575,29.135,28.575,29.135,52,0
U9R.DE,D,20170111,000000,29.59,29.59,29.055,29.16,602,0
U9R.DE,D,20170112,000000,28.485,28.485,28.3,28.3,569,0
U9R.DE,D,20170113,000000,29,29,28.525,28.525,172,0
U9R.DE,D,20170116,000000,28.755,28.755,28.235,28.235,1600,0
U9R.DE,D,20170117,000000,28.48,28.48,28,28.28,1244,0
U9R.DE,D,20170118,000000,28.43,28.43,27.8,27.825,1160,0
U9R.DE,D,20170119,000000,27.64,28.255,27.64,27.695,1290,0
U9R.DE,D,20170120,000000,27.505,27.505,26.845,26.845,614,0
U9R.DE,D,20170123,000000,27.365,27.365,26.58,26.68,1631,0
U9R.DE,D,20170124,000000,26.75,26.75,26.255,26.53,758,0
U9R.DE,D,20170125,000000,26.445,27.125,26.445,27,993,0
U9R.DE,D,20170126,000000,27.05,27.38,26.825,27.35,1171,0
U9R.DE,D,20170127,000000,27.59,27.59,27.005,27.005,737,0
U9R.DE,D,20170130,000000,27.23,27.735,27.23,27.25,880,0
U9R.DE,D,20170131,000000,27.415,27.415,19.5,20.405,34929,0
U9R.DE,D,20170201,000000,20.2,20.27,19.8,20.15,43787,0
U9R.DE,D,20170202,000000,19.9,19.95,19,19.575,15842,0
U9R.DE,D,20170203,000000,19.25,19.645,19,19.05,12831,0
U9R.DE,D,20170206,000000,19.44,19.46,19.17,19.385,17518,0
U9R.DE,D,20170207,000000,19.44,19.635,19.1,19.515,5341,0
U9R.DE,D,20170208,000000,19.4,19.4,19.105,19.2,1473,0
U9R.DE,D,20170209,000000,19.9,20.59,19.8,20.59,8746,0
U9R.DE,D,20170210,000000,20.65,20.935,20.25,20.25,14308,0
U9R.DE,D,20170213,000000,20.55,20.6,20.155,20.5,4967,0
U9R.DE,D,20170214,000000,20.16,20.665,20.155,20.205,2363,0
U9R.DE,D,20170215,000000,20.6,20.72,20,20.7,11486,0
U9R.DE,D,20170216,000000,20.7,20.7,20.435,20.435,885,0
U9R.DE,D,20170217,000000,20.6,20.75,20.25,20.75,1178,0
U9R.DE,D,20170220,000000,20.8,20.9,20.555,20.85,1021,0
U9R.DE,D,20170221,000000,20.8,20.975,20.75,20.75,5738,0
U9R.DE,D,20170222,000000,20.795,21.24,20.75,20.785,17214,0
U9R.DE,D,20170223,000000,20.7,20.85,20.55,20.7,1625,0
U9R.DE,D,20170224,000000,20.48,20.48,20.22,20.33,679,0
U9R.DE,D,20170227,000000,20.85,20.85,20.2,20.35,10041,0
U9R.DE,D,20170228,000000,20.38,20.475,19.825,19.825,2571,0
U9R.DE,D,20170301,000000,19.615,20.025,19.465,19.64,6040,0
U9R.DE,D,20170302,000000,19.565,20.1,19.35,19.71,3844,0
U9R.DE,D,20170303,000000,19.65,20.495,19.5,19.505,5680,0
U9R.DE,D,20170306,000000,19.65,19.705,19.025,19.15,11641,0
U9R.DE,D,20170307,000000,18.95,19.06,18.265,18.45,15628,0
U9R.DE,D,20170308,000000,18.74,18.925,18.3,18.34,18032,0
U9R.DE,D,20170309,000000,18.13,18.3,17.8,18.07,13015,0
U9R.DE,D,20170310,000000,18.01,18.39,18.01,18.39,3760,0
U9R.DE,D,20170313,000000,18.15,18.15,17.75,17.88,12820,0
U9R.DE,D,20170314,000000,17.84,18,17.84,17.95,2473,0
U9R.DE,D,20170315,000000,18,18.045,17.785,17.99,1429,0
U9R.DE,D,20170316,000000,18.12,18.535,18.12,18.4,4183,0
U9R.DE,D,20170317,000000,18.495,18.745,18,18.035,2378,0
U9R.DE,D,20170320,000000,18,18.305,18,18.22,9201,0
U9R.DE,D,20170321,000000,18.275,18.275,17.39,17.625,382,0
U9R.DE,D,20170322,000000,17.53,17.53,17.11,17.26,5210,0
U9R.DE,D,20170323,000000,17.895,17.895,17.6,17.62,10254,0
U9R.DE,D,20170324,000000,18.2,18.545,18.075,18.215,8786,0
U9R.DE,D,20170327,000000,17.95,18.09,17.685,18.085,2796,0
U9R.DE,D,20170328,000000,18.395,18.565,18.3,18.3,1617,0
U9R.DE,D,20170329,000000,18.595,19,18.365,19,7119,0
U9R.DE,D,20170330,000000,19.345,19.345,18.8,19.015,3067,0
U9R.DE,D,20170331,000000,19.015,19.015,18.6,18.6,1203,0
U9R.DE,D,20170403,000000,18.9,18.955,18.1,18.2,13939,0
U9R.DE,D,20170404,000000,18.3,18.64,17.87,18.055,5550,0
U9R.DE,D,20170405,000000,18.05,18.785,18.01,18.785,3035,0
U9R.DE,D,20170406,000000,18.3,19,18.3,19,845,0
U9R.DE,D,20170407,000000,19.2,19.225,18.735,18.735,538,0
U9R.DE,D,20170410,000000,19,19,18.56,18.695,669,0
U9R.DE,D,20170411,000000,18.575,18.65,18.35,18.445,895,0
U9R.DE,D,20170412,000000,18.2,18.575,18.2,18.26,852,0
U9R.DE,D,20170413,000000,18.005,18.325,18.005,18.215,870,0
U9R.DE,D,20170418,000000,17.985,17.995,17.805,17.805,1185,0
U9R.DE,D,20170419,000000,17.9,18.095,17.61,17.7,2491,0
U9R.DE,D,20170420,000000,17.6,18,17.48,17.75,1661,0
U9R.DE,D,20170421,000000,18.19,18.19,17.81,17.81,513,0
U9R.DE,D,20170424,000000,17.79,17.8,17.475,17.605,2330,0
U9R.DE,D,20170425,000000,17.7,18.205,17.7,17.7,4590,0
U9R.DE,D,20170426,000000,17.75,18,17.75,17.975,1120,0
U9R.DE,D,20170427,000000,18.3,20.3,17.96,19.595,28200,0
U9R.DE,D,20170428,000000,19.8,20.09,19.6,19.62,14512,0
U9R.DE,D,20170502,000000,19.62,19.635,19.255,19.26,1656,0
U9R.DE,D,20170503,000000,19.495,19.495,18.785,18.82,3007,0
U9R.DE,D,20170504,000000,18.75,18.915,18.485,18.725,17441,0
U9R.DE,D,20170505,000000,18.855,18.885,18.445,18.78,4608,0
U9R.DE,D,20170508,000000,18.95,19,18.6,18.81,3514,0
U9R.DE,D,20170509,000000,18.81,19.465,18.605,19.46,7829,0
U9R.DE,D,20170510,000000,19.8,19.85,19.445,19.85,15914,0
U9R.DE,D,20170511,000000,19.65,19.72,19.09,19.09,3102,0
U9R.DE,D,20170512,000000,19.35,19.5,18.92,18.92,4206,0
U9R.DE,D,20170515,000000,19.1,19.1,18.8,18.925,4397,0
U9R.DE,D,20170516,000000,18.6,18.6,17.635,17.69,10557,0
U9R.DE,D,20170517,000000,17.5,17.555,17.1,17.17,11912,0
U9R.DE,D,20170518,000000,17.17,17.21,16.905,16.95,7375,0
U9R.DE,D,20170519,000000,17.15,17.22,16.455,16.78,8621,0
U9R.DE,D,20170522,000000,17.3,17.3,16.975,17.075,13642,0
U9R.DE,D,20170523,000000,17.25,17.445,16.955,17.34,2560,0
U9R.DE,D,20170524,000000,17.55,17.55,17.215,17.5,3554,0
U9R.DE,D,20170525,000000,17.65,17.65,17.65,17.65,250,0
U9R.DE,D,20170526,000000,17.31,17.705,17.31,17.37,1890,0
U9R.DE,D,20170529,000000,17.6,17.74,17.6,17.74,1298,0
U9R.DE,D,20170530,000000,17.75,17.75,17.72,17.75,2546,0
U9R.DE,D,20170531,000000,17.65,17.725,16.95,16.95,5651,0
U9R.DE,D,20170601,000000,17.105,17.5,17.1,17.5,2598,0
U9R.DE,D,20170602,000000,17.8,17.8,17.53,17.78,4437,0
U9R.DE,D,20170606,000000,17.915,17.915,17.7,17.7,1891,0
U9R.DE,D,20170607,000000,17.83,18.51,17.83,18.4,923,0
U9R.DE,D,20170608,000000,18.56,19.065,18.3,19.065,6018,0
U9R.DE,D,20170609,000000,18.89,19.295,18.89,19.265,2430,0
U9R.DE,D,20170612,000000,19.5,20.535,19.255,20.5,18944,0
U9R.DE,D,20170613,000000,20.61,20.885,20.13,20.84,14718,0
U9R.DE,D,20170614,000000,20.3,20.655,19.8,19.8,4701,0
U9R.DE,D,20170615,000000,20.2,20.2,19.38,19.385,2817,0
U9R.DE,D,20170616,000000,19.56,19.56,18.5,18.5,14769,0
U9R.DE,D,20170619,000000,18.94,18.97,18.58,18.61,1622,0
U9R.DE,D,20170620,000000,18.895,18.895,18.59,18.59,914,0
U9R.DE,D,20170621,000000,18.47,18.5,18.06,18.26,5076,0
U9R.DE,D,20170622,000000,18.305,18.61,18.08,18.61,1515,0
U9R.DE,D,20170623,000000,18.37,18.57,18.37,18.545,1209,0
U9R.DE,D,20170626,000000,19.16,19.16,18.87,18.87,1306,0
U9R.DE,D,20170627,000000,19.325,19.325,19.02,19.075,994,0
U9R.DE,D,20170628,000000,19.16,19.45,19,19.415,1950,0
U9R.DE,D,20170629,000000,19.14,19.49,19.06,19.26,4712,0
U9R.DE,D,20170630,000000,18.81,19.415,18.81,19.185,1550,0
U9R.DE,D,20170703,000000,18.915,19.575,18.9,19.29,615,0
U9R.DE,D,20170704,000000,19.415,19.72,19.4,19.72,1493,0
U9R.DE,D,20170705,000000,19.54,19.57,19.41,19.465,1567,0
U9R.DE,D,20170706,000000,19.535,19.535,18.51,18.51,2817,0
U9R.DE,D,20170707,000000,18.215,18.33,17.95,18.33,968,0
U9R.DE,D,20170710,000000,18.27,18.27,17.715,17.835,7406,0
U9R.DE,D,20170711,000000,18.06,18.06,17.4,17.405,8772,0
U9R.DE,D,20170712,000000,17.65,17.97,17.49,17.54,6826,0
U9R.DE,D,20170713,000000,17.53,17.85,17.48,17.71,7813,0
U9R.DE,D,20170714,000000,17.62,17.74,17.39,17.74,462,0
U9R.DE,D,20170717,000000,17.61,17.98,17.61,17.83,4238,0
U9R.DE,D,20170718,000000,17.74,17.815,17.1,17.555,11281,0
U9R.DE,D,20170719,000000,17.505,17.715,17.505,17.655,5826,0
U9R.DE,D,20170720,000000,17.79,18.19,17.66,17.66,7321,0
U9R.DE,D,20170721,000000,17.885,17.91,17.41,17.5,4217,0
U9R.DE,D,20170724,000000,17.425,17.755,17.195,17.345,13345,0
U9R.DE,D,20170725,000000,17.15,17.45,16.885,17.425,10729,0
U9R.DE,D,20170726,000000,17.285,17.455,16.95,17,2233,0
U9R.DE,D,20170727,000000,16.9,17.02,16.61,16.755,11273,0
U9R.DE,D,20170728,000000,16.355,16.855,16.325,16.475,6139,0
U9R.DE,D,20170731,000000,16.72,17.005,16.47,16.96,4627,0
U9R.DE,D,20170801,000000,17.17,17.185,15.52,15.855,17357,0
U9R.DE,D,20170802,000000,15.65,15.68,15.14,15.33,25778,0
U9R.DE,D,20170803,000000,15.57,15.875,15.43,15.47,5071,0
U9R.DE,D,20170804,000000,15.53,15.725,15.5,15.725,2675,0
U9R.DE,D,20170807,000000,15.75,15.75,15.43,15.6,3010,0
U9R.DE,D,20170808,000000,15.815,16.235,15.725,16.205,3697,0
U9R.DE,D,20170809,000000,16.545,16.565,16.105,16.51,3460,0
U9R.DE,D,20170810,000000,16.49,16.49,15.915,15.915,3993,0
U9R.DE,D,20170811,000000,16.155,16.155,15.695,15.795,9078,0
U9R.DE,D,20170814,000000,15.89,16.045,15.8,15.995,3397,0
U9R.DE,D,20170815,000000,16.12,16.245,15.405,15.405,12853,0
U9R.DE,D,20170816,000000,15.83,15.83,15.58,15.58,1275,0
U9R.DE,D,20170817,000000,15.6,15.885,15.4,15.48,2522,0
U9R.DE,D,20170818,000000,15.35,15.365,14.5,14.6,15948,0
U9R.DE,D,20170821,000000,14.55,14.765,13.94,14.035,10390,0
U9R.DE,D,20170822,000000,14.23,14.64,14.025,14.265,3185,0
U9R.DE,D,20170823,000000,14.435,14.45,14.26,14.41,1451,0
U9R.DE,D,20170824,000000,14.48,14.48,14.3,14.47,1218,0
U9R.DE,D,20170825,000000,14.35,14.685,14.35,14.51,1679,0
U9R.DE,D,20170828,000000,14.45,14.45,14.24,14.245,1650,0
U9R.DE,D,20170829,000000,13.92,14.095,13.58,13.75,5409,0
U9R.DE,D,20170830,000000,13.95,13.95,13.67,13.67,2380,0
U9R.DE,D,20170831,000000,13.69,13.895,13.67,13.685,4005,0
U9R.DE,D,20170901,000000,13.75,13.8,13.475,13.77,1931,0
U9R.DE,D,20170904,000000,13.75,13.75,13.505,13.65,949,0
U9R.DE,D,20170905,000000,13.78,14.16,13.78,14.13,1287,0
U9R.DE,D,20170906,000000,14.25,14.25,13.99,14.16,1667,0
U9R.DE,D,20170907,000000,14.425,14.425,13.965,14.225,1140,0
U9R.DE,D,20170908,000000,14.545,14.555,13.985,14.555,2122,0
U9R.DE,D,20170911,000000,14.7,14.855,14.58,14.58,4892,0
U9R.DE,D,20170912,000000,14.51,14.755,14.4,14.72,1743,0
U9R.DE,D,20170913,000000,14.5,15.01,14.405,15.01,2685,0
U9R.DE,D,20170914,000000,15.205,15.395,14.955,14.955,2550,0
U9R.DE,D,20170915,000000,15.195,15.2,14.945,14.945,3481,0
U9R.DE,D,20170918,000000,15.09,15.09,14.8,14.8,5221,0
U9R.DE,D,20170919,000000,14.205,14.205,13.885,14.175,4619,0
U9R.DE,D,20170920,000000,14.06,14.185,13.71,13.72,2190,0
U9R.DE,D,20170921,000000,13.635,13.97,13.635,13.745,6013,0
U9R.DE,D,20170922,000000,13.92,13.92,13.65,13.75,2714,0
U9R.DE,D,20170925,000000,14.03,14.305,13.85,14.21,2893,0
U9R.DE,D,20170926,000000,14.22,14.22,14.055,14.14,1300,0
U9R.DE,D,20170927,000000,14.005,14.205,13.855,13.855,2479,0
U9R.DE,D,20170928,000000,14.04,14.175,13.9,13.92,4472,0
U9R.DE,D,20170929,000000,13.99,13.99,13.845,13.985,1185,0
U9R.DE,D,20171002,000000,14.2,14.225,13.88,13.965,3416,0
U9R.DE,D,20171004,000000,14.345,14.345,14.095,14.185,5629,0
U9R.DE,D,20171005,000000,13.955,14.1,13.8,14.07,668,0
U9R.DE,D,20171006,000000,13.81,14.38,13.81,14.32,510,0
U9R.DE,D,20171009,000000,14.55,14.55,14.1,14.23,1246,0
U9R.DE,D,20171010,000000,14.25,14.36,14.045,14.36,444,0
U9R.DE,D,20171011,000000,14.045,14.045,13.735,13.955,211,0
U9R.DE,D,20171012,000000,14.01,14.01,13.7,13.795,466,0
U9R.DE,D,20171013,000000,14.08,14.325,13.65,13.97,3896,0
U9R.DE,D,20171016,000000,13.85,13.85,13.69,13.73,1993,0
U9R.DE,D,20171017,000000,13.89,13.995,13.89,13.995,75,0
U9R.DE,D,20171018,000000,14.23,14.23,13.725,13.875,400,0
U9R.DE,D,20171019,000000,13.9,13.9,13.56,13.825,4002,0
U9R.DE,D,20171020,000000,14.195,14.5,13.96,14.46,3072,0
U9R.DE,D,20171023,000000,14.7,14.945,14.63,14.735,2494,0
U9R.DE,D,20171024,000000,14.65,14.65,14.43,14.43,570,0
U9R.DE,D,20171025,000000,13.97,13.97,13.4,13.445,8594,0
U9R.DE,D,20171026,000000,13.82,13.82,13.655,13.72,473,0
U9R.DE,D,20171027,000000,13.945,14.17,13.845,13.845,1715,0
U9R.DE,D,20171030,000000,13.915,14.1,13.26,14.05,2173,0
U9R.DE,D,20171101,000000,10.98,11.155,10.41,10.685,23444,0
U9R.DE,D,20171102,000000,10.4,10.485,9.826,10.31,17485,0
U9R.DE,D,20171103,000000,10.11,10.2,9.965,9.998,4088,0
U9R.DE,D,20171106,000000,10.15,10.425,9.99,10.255,5774,0
U9R.DE,D,20171107,000000,10.28,10.61,10.28,10.51,3879,0
U9R.DE,D,20171108,000000,10.35,10.535,10.095,10.2,9032,0
U9R.DE,D,20171109,000000,10.45,10.495,10.25,10.25,4181,0
U9R.DE,D,20171110,000000,10.495,10.655,10.1,10.425,5710,0
U9R.DE,D,20171113,000000,10.825,10.88,10.585,10.585,2527,0
U9R.DE,D,20171114,000000,10.575,10.575,10.055,10.195,7772,0
U9R.DE,D,20171115,000000,10.26,10.525,10.13,10.525,1451,0
U9R.DE,D,20171116,000000,10.755,10.85,10.345,10.52,2354,0
U9R.DE,D,20171117,000000,10.8,11.205,10.58,11.075,2962,0
U9R.DE,D,20171120,000000,11.18,11.37,11.055,11.235,534,0
U9R.DE,D,20171121,000000,11.38,11.755,11.195,11.205,4058,0
U9R.DE,D,20171122,000000,10.96,11.185,10.96,11.185,1139,0
U9R.DE,D,20171123,000000,11.32,11.32,11.06,11.06,300,0
U9R.DE,D,20171124,000000,10.965,11.025,10.965,11.025,1226,0
U9R.DE,D,20171127,000000,10.995,11.095,10.755,10.78,969,0
U9R.DE,D,20171128,000000,10.78,10.78,10.535,10.755,266,0
U9R.DE,D,20171129,000000,10.8,11.34,10.8,11.34,797,0
U9R.DE,D,20171130,000000,11.65,11.67,11.215,11.35,6833,0
U9R.DE,D,20171201,000000,11.495,11.52,10.83,10.83,275,0
U9R.DE,D,20171204,000000,11.4,11.405,11.3275,11.3275,2527,0
U9R.DE,D,20171205,000000,11.1,11.3,11.0525,11.0525,941,0
U9R.DE,D,20171206,000000,10.89,11.145,10.76,10.9525,1835,0
U9R.DE,D,20171207,000000,10.67,11.38,10.665,11.2725,1985,0
U9R.DE,D,20171208,000000,11.395,11.57,11.185,11.545,2938,0
U9R.DE,D,20171211,000000,11.75,11.75,11.315,11.4275,5829,0
U9R.DE,D,20171212,000000,11.745,11.745,11.415,11.5875,2570,0
U9R.DE,D,20171213,000000,11.5,11.745,11.45,11.6125,2795,0
U9R.DE,D,20171214,000000,11.5,11.605,11.475,11.605,660,0
U9R.DE,D,20171215,000000,11.45,12.925,11.45,12.9075,7489,0
U9R.DE,D,20171218,000000,12.995,13.25,12.665,12.94,5515,0
U9R.DE,D,20171219,000000,13.25,13.3,13.065,13.09,1821,0
U9R.DE,D,20171220,000000,13.385,13.385,12.72,12.81,2261,0
U9R.DE,D,20171221,000000,12.75,12.775,12.745,12.745,258,0
U9R.DE,D,20171222,000000,12.89,13.2,12.78,12.96,2212,0
U9R.DE,D,20171227,000000,13.15,13.59,13.02,13.25,3765,0
U9R.DE,D,20171228,000000,13.3,13.38,13.1,13.155,11691,0
U9R.DE,D,20171229,000000,12.765,13.04,12.765,13.04,170,0
U9R.DE,D,20180102,000000,13.05,13.05,12,12.15,2033,0
U9R.DE,D,20180103,000000,12.6,12.95,12.3,12.95,2696,0
U9R.DE,D,20180104,000000,13.05,13.05,12.9,12.95,1930,0
U9R.DE,D,20180105,000000,13.4,13.95,13.2,13.9,6300,0
U9R.DE,D,20180108,000000,13.45,13.45,13.15,13.3,1937,0
U9R.DE,D,20180109,000000,13.3,13.6,12.65,12.75,13541,0
U9R.DE,D,20180110,000000,12.7,12.7,12.4,12.6,676,0
U9R.DE,D,20180111,000000,12.4,12.85,12.4,12.85,2806,0
U9R.DE,D,20180112,000000,12.8,12.85,12.4,12.45,5197,0
U9R.DE,D,20180115,000000,12.3,12.5,12.3,12.4,1218,0
U9R.DE,D,20180116,000000,12.45,12.45,11.8,11.8,5436,0
U9R.DE,D,20180117,000000,11.25,11.45,11,11.25,9000,0
U9R.DE,D,20180118,000000,11.45,11.45,11.15,11.15,1226,0
U9R.DE,D,20180119,000000,11.1,11.55,11.1,11.55,670,0
U9R.DE,D,20180122,000000,11.75,11.75,11.5,11.7,832,0
U9R.DE,D,20180123,000000,12.1,12.1,11.8,12.05,739,0
U9R.DE,D,20180124,000000,12.35,12.35,11.8,11.9,2746,0
U9R.DE,D,20180125,000000,11.95,12,11.7,11.7,2495,0
U9R.DE,D,20180126,000000,11.85,11.85,11.65,11.7,2799,0
U9R.DE,D,20180129,000000,12,12,11.75,11.85,3428,0
U9R.DE,D,20180130,000000,11.65,11.65,11.33,11.35,1043,0
U9R.DE,D,20180131,000000,11.49,11.49,11.25,11.25,1836,0
U9R.DE,D,20180201,000000,10.95,11.39,10.95,11.23,1896,0
U9R.DE,D,20180202,000000,11.21,11.21,11.13,11.13,218,0
U9R.DE,D,20180205,000000,10.85,11.17,10.81,10.9,872,0
U9R.DE,D,20180206,000000,9.96,10.45,9.96,10.45,4874,0
U9R.DE,D,20180207,000000,10.59,11.17,10.59,11.17,6613,0
U9R.DE,D,20180208,000000,10.99,11,10.63,10.63,1791,0
U9R.DE,D,20180209,000000,10.8,11.22,10.75,11,5133,0
U9R.DE,D,20180212,000000,11.25,11.53,11.11,11.4,2845,0
U9R.DE,D,20180213,000000,11.79,13.7,11.4,13.37,9839,0
U9R.DE,D,20180214,000000,13.46,14,13.26,13.95,8447,0
U9R.DE,D,20180215,000000,14.1,14.63,14.06,14.63,4039,0
U9R.DE,D,20180216,000000,14.66,15,14.45,14.45,4479,0
U9R.DE,D,20180219,000000,13.91,14,13.8,13.92,1822,0
U9R.DE,D,20180220,000000,14.07,14.18,13.6,14.18,2397,0
U9R.DE,D,20180221,000000,13.7,13.7,13.7,13.7,100,0
U9R.DE,D,20180222,000000,13.74,13.97,13.74,13.97,180,0
U9R.DE,D,20180223,000000,13.51,13.91,13.51,13.63,1830,0
U9R.DE,D,20180226,000000,13.8,13.93,13.8,13.93,148,0
U9R.DE,D,20180227,000000,14.1,14.4,13.78,13.78,3714,0
U9R.DE,D,20180228,000000,13.74,13.74,13.63,13.63,300,0
U9R.DE,D,20180301,000000,13.71,13.71,13.37,13.61,644,0
U9R.DE,D,20180302,000000,13.08,13.31,12.7,13.31,5421,0
U9R.DE,D,20180305,000000,13.79,14.03,13.79,14.03,301,0
U9R.DE,D,20180306,000000,14.35,14.35,13.98,13.98,7,0
U9R.DE,D,20180307,000000,13.75,14.36,13.75,14.13,610,0
U9R.DE,D,20180308,000000,14.07,14.11,13.92,14.03,1086,0
U9R.DE,D,20180309,000000,13.8,14,13.72,13.78,2728,0
U9R.DE,D,20180312,000000,13.83,13.93,13.76,13.93,127,0
U9R.DE,D,20180313,000000,14.18,14.18,13.84,13.87,843,0
U9R.DE,D,20180314,000000,13.55,13.55,13.45,13.49,1726,0
U9R.DE,D,20180315,000000,13.06,13.06,12.9,12.93,585,0
U9R.DE,D,20180316,000000,12.8,13.2,12.8,13.2,836,0
U9R.DE,D,20180319,000000,13.23,13.23,12.98,12.98,150,0
U9R.DE,D,20180320,000000,13.1,13.18,13.1,13.18,156,0
U9R.DE,D,20180321,000000,13.01,13.06,13,13.06,484,0
U9R.DE,D,20180322,000000,12.78,12.91,12.78,12.88,288,0
U9R.DE,D,20180323,000000,12.79,12.95,12.6,12.85,3360,0
U9R.DE,D,20191127,000000,16.65,17.116,16.6,17.116,2465,0
U9R.DE,D,20191128,000000,17.154,17.558,17.154,17.43,760,0
U9R.DE,D,20191129,000000,17.002,17.5,17.002,17.374,3055,0
U9R.DE,D,20191202,000000,17.554,17.554,17.554,17.554,38,0
U9R.DE,D,20191204,000000,16.596,16.596,16.596,16.596,0,0
U9R.DE,D,20191205,000000,16.844,16.844,16.844,16.844,0,0
U9R.DE,D,20191206,000000,17.132,17.132,17.132,17.132,0,0
U9R.DE,D,20191209,000000,17.1,17.176,17.1,17.176,40,0
U9R.DE,D,20191210,000000,17.162,17.162,17.162,17.162,0,0
U9R.DE,D,20191211,000000,17.108,17.126,17.108,17.126,200,0
U9R.DE,D,20191212,000000,17.102,17.102,17.102,17.102,0,0
U9R.DE,D,20191213,000000,17.3,17.728,17.3,17.728,100,0
U9R.DE,D,20191216,000000,17.13,17.13,17.13,17.13,50,0
U9R.DE,D,20191217,000000,18.2,18.358,18.002,18.358,1270,0
U9R.DE,D,20191218,000000,18.156,18.752,18.156,18.752,850,0
U9R.DE,D,20191219,000000,19.008,19.008,19.008,19.008,0,0
U9R.DE,D,20191220,000000,19.52,19.52,19.23,19.23,425,0
U9R.DE,D,20191223,000000,19.04,19.316,19.04,19.316,1033,0
U9R.DE,D,20191227,000000,19.55,19.584,19.25,19.354,364,0
U9R.DE,D,20191230,000000,19,19.09,19,19.09,2013,0
U9R.DE,D,20200102,000000,18.962,19.232,18.962,19.232,90,0
U9R.DE,D,20200103,000000,19.452,19.452,19.452,19.452,0,0
U9R.DE,D,20200107,000000,18.476,18.476,18.476,18.476,0,0
U9R.DE,D,20200108,000000,18.484,18.484,18.484,18.484,0,0
U9R.DE,D,20200109,000000,18.212,18.212,17.96,17.96,539,0
U9R.DE,D,20200110,000000,17.452,17.778,17.452,17.778,30,0
U9R.DE,D,20200113,000000,17.7,18.074,17.7,18.074,204,0
U9R.DE,D,20200114,000000,17.782,17.8,17.782,17.8,3023,0
U9R.DE,D,20200116,000000,19.416,19.416,19.204,19.204,50,0
U9R.DE,D,20200120,000000,18.4,18.502,18.384,18.384,400,0
U9R.DE,D,20200121,000000,18.13,18.13,18.13,18.13,0,0
U9R.DE,D,20200123,000000,19.04,19.04,19.04,19.04,0,0
U9R.DE,D,20200124,000000,19.134,19.134,19.134,19.134,0,0
U9R.DE,D,20200127,000000,18.46,18.624,18.46,18.624,24,0
U9R.DE,D,20200128,000000,18.75,18.75,18.714,18.714,140,0
U9R.DE,D,20200130,000000,18.818,18.818,18.818,18.818,0,0
U9R.DE,D,20200131,000000,18.492,18.492,18.492,18.492,0,0
U9R.DE,D,20200203,000000,17.964,18.494,17.962,18.494,250,0
U9R.DE,D,20200204,000000,18.848,18.848,18.848,18.848,0,0
U9R.DE,D,20200205,000000,18.804,18.804,18.78,18.78,3000,0
U9R.DE,D,20200206,000000,18.924,18.924,18.924,18.924,0,0
U9R.DE,D,20200207,000000,18.674,18.722,18.672,18.722,413,0
U9R.DE,D,20200210,000000,18.52,18.76,18.52,18.76,195,0
U9R.DE,D,20200211,000000,18.538,19.072,15.38,15.462,16558,0
U9R.DE,D,20200212,000000,15.55,15.6,15.248,15.36,1384,0
U9R.DE,D,20200213,000000,15.82,15.82,15.38,15.402,67,0
U9R.DE,D,20200214,000000,15.42,15.692,15.42,15.692,782,0
U9R.DE,D,20200217,000000,16.208,16.208,15.866,15.996,1398,0
U9R.DE,D,20200218,000000,15.9,15.9,15.55,15.65,1415,0
U9R.DE,D,20200219,000000,15.866,15.866,15.3,15.3,8,0
U9R.DE,D,20200220,000000,15.622,15.622,15.14,15.14,16,0
U9R.DE,D,20200221,000000,15.2,15.2,14.95,14.95,200,0
U9R.DE,D,20200224,000000,14.096,14.332,14.096,14.332,211,0
U9R.DE,D,20200225,000000,13.986,13.986,13.986,13.986,0,0
U9R.DE,D,20200226,000000,13.42,13.704,13.42,13.704,190,0
U9R.DE,D,20200227,000000,12.918,13.38,12.79,12.964,3188,0
U9R.DE,D,20200228,000000,12.278,12.782,12.04,12.626,3097,0
U9R.DE,D,20200302,000000,13.342,13.342,12.5,12.582,2294,0
U9R.DE,D,20200303,000000,12.808,12.902,12.442,12.442,1912,0
U9R.DE,D,20200304,000000,12.738,12.738,12.146,12.146,80,0
U9R.DE,D,20200305,000000,12.466,12.468,12.108,12.108,420,0
U9R.DE,D,20200306,000000,11.8,11.8,11.22,11.22,2904,0
U9R.DE,D,20200309,000000,10.77,10.952,9.71,10.256,3269,0
U9R.DE,D,20200310,000000,10.61,10.61,10.4,10.406,1169,0
U9R.DE,D,20200311,000000,10.144,10.296,10.112,10.112,274,0
U9R.DE,D,20200312,000000,9.352,9.595,9.106,9.106,163,0
U9R.DE,D,20200313,000000,9.108,9.156,8.826,9.156,180,0
U9R.DE,D,20200316,000000,9.267,9.379,8.809,8.809,200,0
U9R.DE,D,20200317,000000,8.452,8.648,8.381,8.648,300,0
U9R.DE,D,20200318,000000,8.861,8.861,8.861,8.861,10,0
U9R.DE,D,20200319,000000,7.288,7.288,7.288,7.288,400,0
U9R.DE,D,20200320,000000,9.097,9.097,8.703,9.097,775,0
U9R.DE,D,20200323,000000,7.697,7.895,7.35,7.395,2349,0
U9R.DE,D,20200324,000000,8.276,8.276,7.817,8.156,595,0
U9R.DE,D,20200325,000000,9.125,9.125,8.1,8.5,15566,0
U9R.DE,D,20200326,000000,8.687,9.108,8.551,9.108,1225,0
U9R.DE,D,20200327,000000,8.984,8.984,8.564,8.564,133,0
U9R.DE,D,20200330,000000,8.638,8.638,8.404,8.404,159,0
U9R.DE,D,20200331,000000,8.997,9.005,8.819,8.819,177,0
U9R.DE,D,20200401,000000,8.2,8.2,8.01,8.2,1855,0
U9R.DE,D,20200402,000000,7.889,7.904,7.5,7.528,1633,0
U9R.DE,D,20200403,000000,7,7.107,7,7.107,370,0
U9R.DE,D,20200406,000000,8.261,8.279,8.241,8.241,1950,0
U9R.DE,D,20200407,000000,8.762,8.965,8.762,8.762,420,0
U9R.DE,D,20200408,000000,8.931,9.01,8.931,9.01,1605,0
U9R.DE,D,20200409,000000,9.397,9.402,8.958,9.051,445,0
U9R.DE,D,20200414,000000,9.315,9.541,9.028,9.541,364,0
U9R.DE,D,20200415,000000,9.278,9.278,9.25,9.278,16,0
U9R.DE,D,20200416,000000,9.107,9.107,8.78,8.78,150,0
U9R.DE,D,20200417,000000,9.443,9.485,9.154,9.154,652,0
U9R.DE,D,20200420,000000,9.179,9.243,9,9.243,4137,0
U9R.DE,D,20200421,000000,8.701,8.883,8.701,8.781,151,0
U9R.DE,D,20200422,000000,9.216,9.216,8.976,8.976,900,0
U9R.DE,D,20200423,000000,9.043,9.196,9.043,9.196,53,0
U9R.DE,D,20200424,000000,8.91,9.248,8.91,9.248,320,0
U9R.DE,D,20200427,000000,9.5,9.564,9.31,9.528,364,0
U9R.DE,D,20200428,000000,9.506,9.912,9.506,9.912,5,0
U9R.DE,D,20200429,000000,10.21,10.534,10.15,10.33,7079,0
U9R.DE,D,20200430,000000,10.22,10.22,9.68,9.68,911,0
U9R.DE,D,20200504,000000,9.252,9.252,8.785,8.785,1488,0
U9R.DE,D,20200505,000000,9.112,9.112,9.112,9.112,0,0
U9R.DE,D,20200506,000000,8.834,8.834,8.433,8.433,4548,0
U9R.DE,D,20200507,000000,8.67,9.108,8.67,9.108,240,0
U9R.DE,D,20200508,000000,9,9.043,9,9.043,300,0
U9R.DE,D,20200511,000000,9.6,9.735,8.234,8.234,1826,0
U9R.DE,D,20200512,000000,8.538,8.719,8.205,8.205,2619,0
U9R.DE,D,20200513,000000,8,8.1,8,8.1,475,0
U9R.DE,D,20200514,000000,7.35,7.38,6.755,6.991,6480,0
U9R.DE,D,20200515,000000,7.134,7.134,7.066,7.066,36,0
U9R.DE,D,20200518,000000,7.23,7.77,7.225,7.668,6483,0
U9R.DE,D,20200519,000000,7.46,7.46,7.299,7.299,300,0
U9R.DE,D,20200520,000000,7.343,7.475,7.217,7.475,1823,0
U9R.DE,D,20200521,000000,7.4,7.464,7.4,7.464,1000,0
U9R.DE,D,20200522,000000,7.99,8.144,7.99,7.99,5483,0
U9R.DE,D,20200525,000000,7.931,7.952,7.826,7.826,565,0
U9R.DE,D,20200526,000000,7.9,8,7.9,7.923,1160,0
U9R.DE,D,20200527,000000,8.349,8.423,8.239,8.377,744,0
U9R.DE,D,20200528,000000,8.978,8.978,8.716,8.716,221,0
U9R.DE,D,20200529,000000,8.409,8.409,7.956,7.956,755,0
U9R.DE,D,20200602,000000,8.35,8.585,8.35,8.369,718,0
U9R.DE,D,20200603,000000,8.937,8.937,8.923,8.923,5,0
U9R.DE,D,20200604,000000,9.24,9.3,9.15,9.166,2517,0
U9R.DE,D,20200605,000000,9.583,10.148,9.583,10.148,1590,0
U9R.DE,D,20200608,000000,10.192,10.714,10.14,10.14,1750,0
U9R.DE,D,20200609,000000,10.662,10.662,9.61,9.61,3172,0
U9R.DE,D,20200610,000000,9.883,9.883,9.135,9.247,425,0
U9R.DE,D,20200611,000000,9.028,9.028,8.5,9.028,2732,0
U9R.DE,D,20200612,000000,8.62,8.964,8.359,8.62,1732,0
U9R.DE,D,20200617,000000,9.256,9.256,8.901,8.901,245,0
U9R.DE,D,20200618,000000,8.8,8.867,8.753,8.753,260,0
U9R.DE,D,20200619,000000,8.896,8.896,8.703,8.723,122,0
U9R.DE,D,20200622,000000,8.4,8.4,8.327,8.34,840,0
U9R.DE,D,20200623,000000,8.628,8.628,8.432,8.432,100,0
U9R.DE,D,20200624,000000,8.58,8.58,8.308,8.308,100,0
U9R.DE,D,20200625,000000,8.364,8.4,8.322,8.322,300,0
U9R.DE,D,20200626,000000,8.285,8.285,8.285,8.285,0,0
U9R.DE,D,20200629,000000,8.017,8.657,8.017,8.657,5833,0
U9R.DE,D,20200630,000000,8.892,8.892,8.51,8.51,400,0
U9R.DE,D,20200701,000000,8.666,8.666,8.666,8.666,0,0
U9R.DE,D,20200702,000000,8.82,8.82,8.632,8.648,295,0
U9R.DE,D,20200703,000000,8.5,8.5,8.5,8.5,0,0
U9R.DE,D,20200706,000000,8.6,8.6,8.454,8.5,204,0
U9R.DE,D,20200707,000000,8.586,8.586,8.557,8.557,45,0
U9R.DE,D,20200708,000000,8.596,8.596,8.286,8.286,150,0
U9R.DE,D,20200709,000000,8.456,8.456,8.173,8.173,1350,0
U9R.DE,D,20200710,000000,8,8.317,8,8.317,2153,0
U9R.DE,D,20200713,000000,8.5,8.5,8.288,8.288,12,0
U9R.DE,D,20200714,000000,8.437,8.457,8.271,8.271,730,0
U9R.DE,D,20200715,000000,8.857,8.857,8.672,8.761,5213,0
U9R.DE,D,20200716,000000,9,9,8.978,8.978,1000,0
U9R.DE,D,20200717,000000,9.216,9.216,9.061,9.061,55,0
U9R.DE,D,20200720,000000,9.029,9.029,8.69,8.73,1153,0
U9R.DE,D,20200721,000000,8.805,9.038,8.805,9.038,200,0
U9R.DE,D,20200722,000000,9.166,9.166,9.104,9.104,50,0
U9R.DE,D,20200723,000000,9.202,9.338,9.201,9.338,752,0
U9R.DE,D,20200724,000000,9.089,9.492,9.089,9.492,655,0
U9R.DE,D,20200727,000000,9.354,9.354,8.999,9.354,3541,0
U9R.DE,D,20200728,000000,9.738,9.738,9.41,9.622,1701,0
U9R.DE,D,20200729,000000,9.8,9.904,9.8,9.904,190,0
U9R.DE,D,20200730,000000,9.961,9.961,9.65,9.897,424,0
U9R.DE,D,20200731,000000,10,11,8.823,8.823,4775,0
U9R.DE,D,20200803,000000,8.501,8.501,8.355,8.355,391,0
U9R.DE,D,20200804,000000,8.355,8.355,8.35,8.35,120,0
U9R.DE,D,20200806,000000,8.804,9,8.665,8.665,248,0
U9R.DE,D,20200807,000000,8.394,8.504,8.394,8.504,23,0
U9R.DE,D,20200810,000000,9.007,9.195,9.007,9.195,370,0
U9R.DE,D,20200811,000000,9.29,9.398,9.226,9.226,1007,0
U9R.DE,D,20200812,000000,9.184,9.184,9.184,9.184,0,0
U9R.DE,D,20200813,000000,9.076,9.076,9.076,9.076,0,0
U9R.DE,D,20200814,000000,9.081,9.081,9.081,9.081,0,0
U9R.DE,D,20200817,000000,9.246,9.246,8.809,8.809,108,0
U9R.DE,D,20200818,000000,8.501,8.577,8.5,8.577,800,0
U9R.DE,D,20200819,000000,8.473,8.51,8.473,8.51,22,0
U9R.DE,D,20200820,000000,8.4,8.4,8.294,8.294,100,0
U9R.DE,D,20200821,000000,8.299,8.299,8.299,8.299,0,0
U9R.DE,D,20200824,000000,8.56,8.56,8.56,8.56,0,0
U9R.DE,D,20200825,000000,8.869,8.869,8.568,8.649,506,0
U9R.DE,D,20200826,000000,8.455,8.455,8.455,8.455,0,0
U9R.DE,D,20200827,000000,8.32,8.462,8.32,8.462,864,0
U9R.DE,D,20200828,000000,8.275,8.334,8.265,8.334,2230,0
U9R.DE,D,20200831,000000,8.615,8.615,8.176,8.176,270,0
U9R.DE,D,20200901,000000,8.501,8.501,8.501,8.501,0,0
U9R.DE,D,20200902,000000,8.797,8.808,8.555,8.668,3763,0
U9R.DE,D,20200903,000000,8.646,8.915,8.646,8.888,78,0
U9R.DE,D,20200904,000000,8.93,8.93,8.671,8.671,1000,0
U9R.DE,D,20200907,000000,8.676,8.852,8.676,8.852,225,0
U9R.DE,D,20200908,000000,8.968,8.968,8.968,8.968,0,0
U9R.DE,D,20200909,000000,9,9.343,9,9.063,390,0
U9R.DE,D,20200910,000000,8.807,9.038,8.807,9.038,15,0
U9R.DE,D,20200911,000000,9.5,9.506,9.5,9.506,150,0
U9R.DE,D,20200914,000000,9.804,9.804,9.804,9.804,0,0
U9R.DE,D,20200915,000000,10,10.05,9.817,9.817,3657,0
U9R.DE,D,20200916,000000,9.85,9.85,9.85,9.85,400,0
U9R.DE,D,20200917,000000,10.038,10.27,10.008,10.17,545,0
U9R.DE,D,20200918,000000,10.244,10.264,9.849,9.849,430,0
U9R.DE,D,20200921,000000,9.5,9.5,9.196,9.196,1268,0
U9R.DE,D,20200922,000000,9.003,9.069,8.981,9.069,700,0
U9R.DE,D,20200923,000000,9.865,10.046,9.865,10.046,160,0
U9R.DE,D,20200924,000000,9.474,9.474,9.285,9.285,234,0
U9R.DE,D,20200925,000000,9.63,9.63,9.63,9.63,0,0
U9R.DE,D,20200928,000000,9.776,9.776,9.776,9.776,0,0
U9R.DE,D,20200929,000000,9.35,9.35,9.35,9.35,0,0
U9R.DE,D,20200930,000000,9.577,9.577,9.577,9.577,0,0
U9R.DE,D,20201001,000000,9.827,9.827,9.827,9.827,0,0
U9R.DE,D,20201002,000000,10.048,10.048,10.048,10.048,0,0
U9R.DE,D,20201005,000000,10.552,10.552,10.212,10.358,225,0
U9R.DE,D,20201006,000000,10.4,10.4,10.262,10.262,300,0
U9R.DE,D,20201007,000000,10.242,10.242,10.242,10.242,0,0
U9R.DE,D,20201008,000000,10.552,10.73,10.552,10.584,525,0
U9R.DE,D,20201009,000000,10.458,10.458,10.458,10.458,0,0
U9R.DE,D,20201012,000000,10.61,10.61,10.61,10.61,0,0
U9R.DE,D,20201013,000000,10.896,10.896,10.896,10.896,0,0
U9R.DE,D,20201014,000000,10.9,10.9,10.848,10.848,100,0
U9R.DE,D,20201015,000000,10.964,10.964,10.964,10.964,0,0
U9R.DE,D,20201016,000000,11.04,11.04,11.04,11.04,0,0
U9R.DE,D,20201019,000000,11.11,11.312,11,11.312,1011,0
U9R.DE,D,20201020,000000,11.654,11.654,11.654,11.654,0,0
U9R.DE,D,20201021,000000,11.65,11.65,11.65,11.65,0,0
U9R.DE,D,20201022,000000,11.928,11.928,11.928,11.928,0,0
U9R.DE,D,20201023,000000,11.864,12.02,11.864,12.02,130,0
U9R.DE,D,20201026,000000,11.798,11.798,11.798,11.798,0,0
U9R.DE,D,20201027,000000,11.55,11.55,11.55,11.55,0,0
U9R.DE,D,20201028,000000,11.328,11.328,11.328,11.328,0,0
U9R.DE,D,20201029,000000,11.192,11.712,11.192,11.712,310,0
U9R.DE,D,20201030,000000,11.8,11.8,11.784,11.784,2000,0
U9R.DE,D,20201102,000000,12.562,12.578,12.438,12.578,31,0
U9R.DE,D,20201103,000000,12.6,12.6,12.39,12.39,100,0
U9R.DE,D,20201104,000000,12.864,12.864,12.39,12.468,551,0
U9R.DE,D,20201105,000000,12.522,12.522,12.522,12.522,0,0
U9R.DE,D,20201106,000000,12.798,12.8,12.468,12.468,3050,0
U9R.DE,D,20201109,000000,12.75,13.228,12.744,13.228,551,0
U9R.DE,D,20201110,000000,12.95,13.1,12.736,13.026,1200,0
U9R.DE,D,20201112,000000,12.348,12.348,12.234,12.234,2,0
U9R.DE,D,20201113,000000,12.346,12.486,12.3,12.486,500,0
U9R.DE,D,20201116,000000,12.502,13.032,12.4,13.032,3702,0
U9R.DE,D,20201117,000000,13.334,13.446,13.128,13.446,1744,0
U9R.DE,D,20201118,000000,13.5,14.016,13.5,13.992,3366,0
U9R.DE,D,20201119,000000,13.9,13.9,13.584,13.878,2965,0
U9R.DE,D,20201120,000000,14.022,14.022,14.022,14.022,0,0
U9R.DE,D,20201123,000000,14.366,14.388,14.16,14.166,3010,0
U9R.DE,D,20201124,000000,14.29,14.29,14.1,14.236,16423,0
U9R.DE,D,20201125,000000,14.316,14.41,13.928,14.142,1512,0
U9R.DE,D,20201126,000000,14.17,14.17,14.17,14.17,0,0
U9R.DE,D,20201127,000000,14.334,14.336,14.016,14.016,473,0
U9R.DE,D,20201130,000000,13.988,13.988,13.83,13.83,385,0
U9R.DE,D,20201201,000000,14.17,14.17,13.482,13.482,8,0
U9R.DE,D,20201202,000000,13.882,13.882,13.536,13.652,97,0
U9R.DE,D,20201203,000000,13.6,13.794,13.398,13.794,1638,0
U9R.DE,D,20201204,000000,14.148,14.148,13.944,13.962,1680,0
U9R.DE,D,20201207,000000,14.092,14.092,13.872,13.89,702,0
U9R.DE,D,20201208,000000,13.87,14.49,13.87,14.49,200,0
U9R.DE,D,20201209,000000,14.652,14.652,14.652,14.652,0,0
U9R.DE,D,20201210,000000,14.3,14.4,14.232,14.232,258,0
U9R.DE,D,20201211,000000,14.316,14.316,14.244,14.244,120,0
U9R.DE,D,20201214,000000,14.226,14.226,14.226,14.226,0,0
U9R.DE,D,20201215,000000,14.342,14.358,14.342,14.358,2,0
U9R.DE,D,20201216,000000,14.736,14.736,14.382,14.382,148,0
U9R.DE,D,20201217,000000,14.256,14.462,14.182,14.238,312,0
U9R.DE,D,20201218,000000,13.99,14.38,13.99,14.202,411,0
U9R.DE,D,20201221,000000,14.01,14.166,13.564,14.166,1509,0
U9R.DE,D,20201222,000000,14.058,14.058,14.058,14.058,0,0
U9R.DE,D,20201223,000000,13.788,14.178,13.716,14.178,210,0
U9R.DE,D,20201228,000000,14.476,14.476,14.084,14.346,624,0
U9R.DE,D,20201229,000000,14.284,14.284,13.734,13.734,150,0
U9R.DE,D,20201230,000000,13.564,13.92,13.564,13.754,182,0
U9R.DE,D,20210104,000000,14.35,14.35,13.996,13.996,110,0
U9R.DE,D,20210105,000000,14.312,14.514,14.184,14.514,459,0
U9R.DE,D,20210106,000000,14.498,14.868,14.4,14.868,2530,0
U9R.DE,D,20210107,000000,14.552,14.85,14.552,14.634,204,0
U9R.DE,D,20210108,000000,14.778,14.778,14.778,14.778,0,0
U9R.DE,D,20210111,000000,14.246,14.622,14.246,14.622,76,0
U9R.DE,D,20210112,000000,15.322,15.612,15.322,15.612,3645,0
U9R.DE,D,20210113,000000,15.348,15.358,15.216,15.216,350,0
U9R.DE,D,20210114,000000,15.198,15.372,15.132,15.372,546,0
U9R.DE,D,20210115,000000,15.176,15.176,14.9,14.952,1277,0
U9R.DE,D,20210118,000000,14.624,14.992,14.624,14.85,235,0
U9R.DE,D,20210119,000000,14.952,14.952,14.822,14.88,2503,0
U9R.DE,D,20210120,000000,15.318,15.318,15.318,15.318,0,0
U9R.DE,D,20210121,000000,15.586,15.952,15.454,15.612,925,0
U9R.DE,D,20210122,000000,15.6,15.6,15.09,15.09,143,0
U9R.DE,D,20210125,000000,15.252,15.252,15.09,15.09,560,0
U9R.DE,D,20210126,000000,15.588,15.696,15.138,15.138,1687,0
U9R.DE,D,20210127,000000,14.856,14.856,14.856,14.856,0,0
U9R.DE,D,20210128,000000,14.344,14.922,14.03,14.922,882,0
U9R.DE,D,20210129,000000,14.7,14.7,14.58,14.58,8000,0
U9R.DE,D,20210201,000000,14.734,14.734,14.51,14.59,258,0
U9R.DE,D,20210202,000000,14.812,15.324,14.812,15.324,261,0
U9R.DE,D,20210203,000000,15.18,15.948,15.18,15.864,8515,0
U9R.DE,D,20210204,000000,16,16.548,16,16.548,1000,0
U9R.DE,D,20210205,000000,16.666,17.292,16.666,17.292,275,0
U9R.DE,D,20210208,000000,17.062,17.446,17.062,17.25,3731,0
U9R.DE,D,20210209,000000,17.266,17.452,17.2,17.388,360,0
U9R.DE,D,20210210,000000,16.968,18.816,16.944,18.654,688,0
U9R.DE,D,20210211,000000,19,19.116,18.588,19.104,1236,0
U9R.DE,D,20210212,000000,19.3,19.3,18.604,18.636,465,0
U9R.DE,D,20210215,000000,18.786,18.786,18.384,18.384,123,0
U9R.DE,D,20210216,000000,18.48,18.898,18.336,18.384,1317,0
U9R.DE,D,20210217,000000,18.254,18.556,18.15,18.342,1816,0
U9R.DE,D,20210218,000000,18.3,18.348,18.3,18.348,70,0
U9R.DE,D,20210219,000000,18.074,18.852,18.074,18.822,2349,0
U9R.DE,D,20210222,000000,18.464,18.672,18.464,18.672,1,0
U9R.DE,D,20210223,000000,18.232,18.298,17.614,17.988,919,0
U9R.DE,D,20210224,000000,18.118,18.118,17.958,17.958,200,0
U9R.DE,D,20210225,000000,18.168,18.168,18.168,18.168,0,0
U9R.DE,D,20210226,000000,17.454,18.2,17.454,18.2,699,0
U9R.DE,D,20210301,000000,18,18.26,18,18,2062,0
U9R.DE,D,20210302,000000,18.952,18.952,18.95,18.95,100,0
U9R.DE,D,20210303,000000,18.646,19.55,18.646,19.55,748,0
U9R.DE,D,20210304,000000,18.926,19.21,18.926,19.21,786,0
U9R.DE,D,20210305,000000,18.812,19.1,18.812,19.1,51,0
U9R.DE,D,20210308,000000,19.37,19.74,18.88,19.67,1784,0
U9R.DE,D,20210309,000000,19,19.004,19,19.004,50,0
U9R.DE,D,20210310,000000,18.702,18.948,18.602,18.93,3845,0
U9R.DE,D,20210311,000000,19.158,19.158,18.726,19.12,185,0
U9R.DE,D,20210312,000000,19.14,19.6,19.12,19.6,665,0
U9R.DE,D,20210315,000000,19.9,20.275,19.9,20.275,63,0
U9R.DE,D,20210316,000000,20.125,20.155,19.81,19.91,2235,0
U9R.DE,D,20210317,000000,19.22,19.31,19.22,19.31,10,0
U9R.DE,D,20210318,000000,18.89,19.91,18.89,19.91,36,0
U9R.DE,D,20210319,000000,19.432,19.68,19.432,19.68,1,0
U9R.DE,D,20210322,000000,19.334,19.502,19.334,19.45,820,0
U9R.DE,D,20210323,000000,19.7,19.7,19.25,19.25,102,0
U9R.DE,D,20210324,000000,18.994,19.362,18.994,19.21,370,0
U9R.DE,D,20210325,000000,18.89,18.89,18.89,18.89,0,0
U9R.DE,D,20210326,000000,18.892,19.03,18.892,19.03,33,0
U9R.DE,D,20210329,000000,19,19,18.33,18.33,100,0
U9R.DE,D,20210330,000000,18.124,18.45,18.124,18.45,30,0
U9R.DE,D,20210331,000000,18.604,18.604,18.604,18.604,0,0
U9R.DE,D,20210401,000000,18.94,18.94,18.4,18.775,28,0
U9R.DE,D,20210406,000000,19.185,19.675,19.185,19.675,505,0
U9R.DE,D,20210407,000000,19.5,19.5,19.175,19.175,200,0
U9R.DE,D,20210408,000000,19.15,19.15,18.975,18.975,37,0
U9R.DE,D,20210409,000000,19.375,19.375,19.375,19.375,0,0
U9R.DE,D,20210412,000000,19.125,19.35,19.125,19.35,20,0
U9R.DE,D,20210413,000000,18.475,18.65,18.475,18.65,100,0
U9R.DE,D,20210414,000000,18.345,18.75,18.29,18.665,3398,0
U9R.DE,D,20210415,000000,18.79,18.79,18.55,18.55,37,0
U9R.DE,D,20210416,000000,18.475,18.475,18.475,18.475,0,0
U9R.DE,D,20210419,000000,18.23,18.23,18,18,25,0
U9R.DE,D,20210420,000000,17.375,17.375,17.375,17.375,0,0
U9R.DE,D,20210421,000000,17.43,17.43,17.39,17.39,2157,0
U9R.DE,D,20210423,000000,19.085,19.165,19.085,19.165,750,0
U9R.DE,D,20210426,000000,19.515,19.515,19.515,19.515,0,0
U9R.DE,D,20210427,000000,19.765,20.04,19.22,19.965,360,0
U9R.DE,D,20210428,000000,19.765,20.04,19.765,20.04,1200,0
U9R.DE,D,20210429,000000,19.9,20.08,19.9,20.08,100,0
U9R.DE,D,20210430,000000,20.41,20.42,20.33,20.33,35,0
U9R.DE,D,20210503,000000,20.49,20.49,20.22,20.23,168,0
U9R.DE,D,20210504,000000,19.9,20.69,19.9,20.34,7785,0
U9R.DE,D,20210505,000000,20.5,21.78,20.48,21.78,17062,0
U9R.DE,D,20210506,000000,21.38,21.38,20.73,20.73,180,0
U9R.DE,D,20210507,000000,20.53,20.53,20.53,20.53,0,0
U9R.DE,D,20210510,000000,20.25,20.27,19.275,19.35,5348,0
U9R.DE,D,20210511,000000,18.775,18.775,18.775,18.775,0,0
U9R.DE,D,20210512,000000,19.185,19.185,18.665,18.665,30,0
U9R.DE,D,20210513,000000,18.3,18.34,18.065,18.34,480,0
U9R.DE,D,20210514,000000,18.475,18.475,18.475,18.475,0,0
U9R.DE,D,20210517,000000,19.065,19.065,18.87,18.89,190258,0
U9R.DE,D,20210518,000000,18.865,18.865,18.865,18.865,0,0
U9R.DE,D,20210519,000000,18.475,18.475,17.81,17.81,191386,0
U9R.DE,D,20210520,000000,18.39,18.39,17.575,17.575,156,0
U9R.DE,D,20210521,000000,17.945,17.975,17.675,17.675,2513,0
U9R.DE,D,20210525,000000,17.415,17.5,17.41,17.5,943,0
U9R.DE,D,20210526,000000,17.655,17.655,17.345,17.345,180,0
U9R.DE,D,20210527,000000,17.95,17.95,17.95,17.95,100,0
U9R.DE,D,20210528,000000,18.54,18.54,18.54,18.54,0,0
U9R.DE,D,20210531,000000,18.515,18.75,18.49,18.49,383,0
U9R.DE,D,20210601,000000,18.74,18.765,18.65,18.765,123,0
U9R.DE,D,20210602,000000,18.55,18.55,18.55,18.55,0,0
U9R.DE,D,20210603,000000,18.8,18.8,18.375,18.375,20,0
U9R.DE,D,20210604,000000,18.3,18.3,17.58,17.58,278,0
U9R.DE,D,20210607,000000,18.175,18.175,18.025,18.025,15,0
U9R.DE,D,20210608,000000,17.885,18.325,17.885,18,3804,0
U9R.DE,D,20210609,000000,17.875,17.875,17.81,17.85,245,0
U9R.DE,D,20210610,000000,17.5,17.5,17.3,17.3,57,0
U9R.DE,D,20210611,000000,17.29,17.6,17.29,17.6,730,0
U9R.DE,D,20210614,000000,18.025,18.025,17.265,17.265,2750,0
U9R.DE,D,20210615,000000,17.39,17.39,16.9,16.9,5,0
U9R.DE,D,20210616,000000,16.96,17.025,16.925,17.025,450,0
U9R.DE,D,20210617,000000,17.14,17.14,16.75,16.75,2073,0
U9R.DE,D,20210618,000000,16.75,16.91,16.51,16.91,9745,0
U9R.DE,D,20210621,000000,16.45,16.825,16.45,16.825,386,0
U9R.DE,D,20210622,000000,16.79,16.85,16.67,16.85,132,0
U9R.DE,D,20210623,000000,17.15,17.65,17.15,17.5,375,0
U9R.DE,D,20210624,000000,17.55,17.6,17.49,17.6,743,0
U9R.DE,D,20210625,000000,18.175,18.5,18.175,18.265,2560,0
U9R.DE,D,20210628,000000,18.395,18.395,17.775,17.775,100,0
U9R.DE,D,20210629,000000,17.675,17.675,17.675,17.675,5,0
U9R.DE,D,20210630,000000,17.675,17.68,17.665,17.675,333,0
U9R.DE,D,20210701,000000,17.845,18.16,17.695,17.975,75,0
U9R.DE,D,20210702,000000,17.995,17.995,17.775,17.775,101,0
U9R.DE,D,20210705,000000,17.775,17.775,17.775,17.775,200,0
U9R.DE,D,20210706,000000,17.84,17.965,17.55,17.55,647,0
U9R.DE,D,20210707,000000,18.13,18.13,17.475,17.5,330,0
U9R.DE,D,20210708,000000,17.36,17.385,17.09,17.365,360,0
U9R.DE,D,20210709,000000,17.715,17.725,17.715,17.725,13,0
U9R.DE,D,20210712,000000,17.9,17.925,17.9,17.925,500,0
U9R.DE,D,20210713,000000,17.795,17.94,17.425,17.425,7,0
U9R.DE,D,20210714,000000,17.53,17.53,17.45,17.45,115,0
U9R.DE,D,20210715,000000,17.605,17.605,17.21,17.215,1323,0
U9R.DE,D,20210716,000000,17.13,17.13,16.6,16.6,119,0
U9R.DE,D,20210719,000000,16.305,16.46,16.04,16.09,1007,0
U9R.DE,D,20210720,000000,16,16.5,16,16.5,500,0
U9R.DE,D,20210721,000000,16.64,17.175,16.64,17.175,24,0
U9R.DE,D,20210722,000000,17.11,17.43,17.085,17.085,563,0
U9R.DE,D,20210723,000000,17.62,17.62,17.615,17.615,104,0
U9R.DE,D,20210726,000000,17.13,17.475,17.13,17.385,879,0
U9R.DE,D,20210727,000000,17.13,17.24,17.025,17.025,620,0
U9R.DE,D,20210728,000000,17.025,17.025,17.025,17.025,0,0
U9R.DE,D,20210729,000000,17.4,17.4,17.4,17.4,0,0
U9R.DE,D,20210730,000000,17.3,17.3,17.3,17.3,11,0
U9R.DE,D,20210802,000000,17.545,17.85,17.28,17.85,567,0
U9R.DE,D,20210803,000000,18.175,18.975,17.92,18.975,1647,0
U9R.DE,D,20210804,000000,19.3,20.53,18.955,20.53,22479,0
U9R.DE,D,20210805,000000,20.44,20.78,19.975,20.78,3135,0
U9R.DE,D,20210806,000000,20.79,21.33,20.79,21.15,2297,0
U9R.DE,D,20210809,000000,20.78,21.43,20.76,21.43,3758,0
U9R.DE,D,20210810,000000,21.14,22.13,20.96,22.13,340,0
U9R.DE,D,20210811,000000,22.14,22.35,21.65,21.9,2766,0
U9R.DE,D,20210812,000000,21.9,22.03,21.77,22.03,804,0
U9R.DE,D,20210813,000000,21.88,21.88,21.65,21.73,322,0
U9R.DE,D,20210816,000000,21.9,21.9,21.14,21.33,212,0
U9R.DE,D,20210817,000000,21.1,21.12,20.57,20.65,2348,0
U9R.DE,D,20210818,000000,20,20.46,19.77,20.37,1025,0
U9R.DE,D,20210819,000000,20.27,20.27,19.31,19.525,5121,0
U9R.DE,D,20210820,000000,19.36,19.815,19.305,19.815,396,0
U9R.DE,D,20210823,000000,20.19,20.19,19.95,19.95,198,0
U9R.DE,D,20210824,000000,20,20.43,20,20.43,605,0
