<TICKER>,<PER>,<DATE>,<TIME>,<OPEN>,<HIGH>,<LOW>,<CLOSE>,<VOL>,<OPENINT>
UIMY.DE,D,20160226,000000,11.179566,11.179566,11.179566,11.179566,0,0
UIMY.DE,D,20160229,000000,11.224071,11.224071,11.224071,11.224071,0,0
UIMY.DE,D,20160301,000000,11.384287,11.384287,11.384287,11.384287,0,0
UIMY.DE,D,20160302,000000,11.31308,11.31308,11.31308,11.31308,0,0
UIMY.DE,D,20160303,000000,11.241873,11.241873,11.241873,11.241873,0,0
UIMY.DE,D,20160304,000000,11.286377,11.286377,11.286377,11.286377,0,0
UIMY.DE,D,20160307,000000,11.241873,11.241873,11.241873,11.241873,0,0
UIMY.DE,D,20160308,000000,11.188467,11.188467,11.188467,11.188467,0,0
UIMY.DE,D,20160309,000000,11.259674,11.259674,11.259674,11.259674,0,0
UIMY.DE,D,20160310,000000,11.135061,11.135061,11.135061,11.135061,0,0
UIMY.DE,D,20160311,000000,11.402089,11.402089,11.402089,11.402089,0,0
UIMY.DE,D,20160314,000000,11.491099,11.491099,11.491099,11.491099,0,0
UIMY.DE,D,20160315,000000,11.455495,11.455495,11.455495,11.455495,0,0
UIMY.DE,D,20160316,000000,11.455495,11.455495,11.455495,11.455495,0,0
UIMY.DE,D,20160317,000000,11.455495,11.455495,11.455495,11.455495,0,0
UIMY.DE,D,20160318,000000,11.491099,11.491099,11.491099,11.491099,0,0
UIMY.DE,D,20160321,000000,11.491099,11.491099,11.491099,11.491099,0,0
UIMY.DE,D,20160322,000000,11.5,11.5,11.5,11.5,0,0
UIMY.DE,D,20160323,000000,11.544504,11.562306,11.544504,11.562306,4000,0
UIMY.DE,D,20160324,000000,11.41099,11.41099,11.41099,11.41099,0,0
UIMY.DE,D,20160329,000000,11.491099,11.491099,11.491099,11.491099,0,0
UIMY.DE,D,20160330,000000,11.615712,11.615712,11.615712,11.615712,0,0
UIMY.DE,D,20160331,000000,11.491099,11.491099,11.491099,11.491099,0,0
UIMY.DE,D,20160401,000000,11.375387,11.375387,11.375387,11.375387,0,0
UIMY.DE,D,20160404,000000,11.437693,11.437693,11.437693,11.437693,0,0
UIMY.DE,D,20160405,000000,11.286377,11.286377,11.286377,11.286377,0,0
UIMY.DE,D,20160406,000000,11.366486,11.366486,11.366486,11.366486,0,0
UIMY.DE,D,20160407,000000,11.286377,11.286377,11.286377,11.286377,0,0
UIMY.DE,D,20160408,000000,11.384287,11.384287,11.384287,11.384287,0,0
UIMY.DE,D,20160411,000000,11.402089,11.402089,11.402089,11.402089,0,0
UIMY.DE,D,20160412,000000,11.446594,11.446594,11.446594,11.446594,0,0
UIMY.DE,D,20160413,000000,11.651315,11.651315,11.651315,11.651315,0,0
UIMY.DE,D,20160414,000000,11.669117,11.669117,11.669117,11.669117,0,0
UIMY.DE,D,20160415,000000,11.642414,11.642414,11.642414,11.642414,0,0
UIMY.DE,D,20160418,000000,11.669117,11.669117,11.669117,11.669117,0,0
UIMY.DE,D,20160419,000000,11.722523,11.820433,11.722523,11.820433,100,0
UIMY.DE,D,20160420,000000,11.838235,11.838235,11.838235,11.838235,0,0
UIMY.DE,D,20160421,000000,11.713622,11.713622,11.713622,11.713622,0,0
UIMY.DE,D,20160422,000000,11.669117,11.669117,11.669117,11.669117,0,0
UIMY.DE,D,20160425,000000,11.704721,11.704721,11.651315,11.651315,1760,0
UIMY.DE,D,20160426,000000,11.651315,11.651315,11.651315,11.651315,0,0
UIMY.DE,D,20160427,000000,11.669117,11.669117,11.669117,11.669117,0,0
UIMY.DE,D,20160428,000000,11.678018,11.678018,11.678018,11.678018,0,0
UIMY.DE,D,20160429,000000,11.517801,11.517801,11.517801,11.517801,0,0
UIMY.DE,D,20160502,000000,11.606811,11.606811,11.571207,11.571207,40,0
UIMY.DE,D,20160503,000000,11.473297,11.473297,11.473297,11.473297,0,0
UIMY.DE,D,20160504,000000,11.437693,11.437693,11.402089,11.402089,13260,0
UIMY.DE,D,20160505,000000,11.464396,11.464396,11.464396,11.464396,0,0
UIMY.DE,D,20160506,000000,11.428792,11.428792,11.428792,11.428792,0,0
UIMY.DE,D,20160509,000000,11.526702,11.526702,11.526702,11.526702,0,0
UIMY.DE,D,20160510,000000,11.571207,11.571207,11.571207,11.571207,0,0
UIMY.DE,D,20160511,000000,11.5,11.5,11.5,11.5,0,0
UIMY.DE,D,20160512,000000,11.455495,11.455495,11.455495,11.455495,0,0
UIMY.DE,D,20160513,000000,11.446594,11.446594,11.446594,11.446594,0,0
UIMY.DE,D,20160517,000000,11.419891,11.419891,11.419891,11.419891,0,0
UIMY.DE,D,20160518,000000,11.455495,11.455495,11.455495,11.455495,0,0
UIMY.DE,D,20160519,000000,11.348684,11.348684,11.348684,11.348684,0,0
UIMY.DE,D,20160520,000000,11.5089,11.5089,11.5089,11.5089,0,0
UIMY.DE,D,20160523,000000,11.455495,11.455495,11.455495,11.455495,0,0
UIMY.DE,D,20160524,000000,11.642414,11.642414,11.642414,11.642414,0,0
UIMY.DE,D,20160525,000000,11.69582,11.69582,11.69582,11.69582,0,0
UIMY.DE,D,20160526,000000,11.767027,11.767027,11.767027,11.767027,0,0
UIMY.DE,D,20160527,000000,11.767027,11.767027,11.767027,11.767027,0,0
UIMY.DE,D,20160530,000000,11.79373,11.79373,11.79373,11.79373,0,0
UIMY.DE,D,20160531,000000,11.767027,11.767027,11.767027,11.767027,0,0
UIMY.DE,D,20160601,000000,11.731424,11.731424,11.731424,11.731424,0,0
UIMY.DE,D,20160602,000000,11.722523,11.722523,11.722523,11.722523,0,0
UIMY.DE,D,20160603,000000,11.660216,11.660216,11.660216,11.660216,0,0
UIMY.DE,D,20160606,000000,11.624613,11.678018,11.624613,11.678018,393,0
UIMY.DE,D,20160607,000000,11.784829,11.784829,11.784829,11.784829,0,0
UIMY.DE,D,20160608,000000,11.740325,11.740325,11.740325,11.740325,0,0
UIMY.DE,D,20160609,000000,11.669117,11.669117,11.669117,11.669117,0,0
UIMY.DE,D,20160610,000000,11.419891,11.419891,11.419891,11.419891,0,0
UIMY.DE,D,20160613,000000,11.224071,11.224071,11.224071,11.224071,0,0
UIMY.DE,D,20160614,000000,11.063854,11.063854,11.063854,11.063854,0,0
UIMY.DE,D,20160615,000000,11.126161,11.126161,11.126161,11.126161,0,0
UIMY.DE,D,20160616,000000,11.063854,11.063854,11.063854,11.063854,0,0
UIMY.DE,D,20160617,000000,11.135061,11.135061,11.135061,11.135061,0,0
UIMY.DE,D,20160620,000000,11.455495,11.455495,11.455495,11.455495,0,0
UIMY.DE,D,20160621,000000,11.5089,11.5089,11.5089,11.5089,0,0
UIMY.DE,D,20160622,000000,11.5089,11.5089,11.5089,11.5089,0,0
UIMY.DE,D,20160623,000000,11.642414,11.642414,11.642414,11.642414,0,0
UIMY.DE,D,20160624,000000,11.072755,11.072755,11.072755,11.072755,0,0
UIMY.DE,D,20160627,000000,10.841331,10.841331,10.841331,10.841331,0,0
UIMY.DE,D,20160628,000000,11.081656,11.081656,11.081656,11.081656,0,0
UIMY.DE,D,20160629,000000,11.295278,11.339783,11.286377,11.339783,42540,0
UIMY.DE,D,20160630,000000,11.473297,11.473297,11.473297,11.473297,0,0
UIMY.DE,D,20160701,000000,11.535603,11.606811,11.535603,11.580108,791,0
UIMY.DE,D,20160704,000000,11.553405,11.553405,11.517801,11.517801,370,0
UIMY.DE,D,20160705,000000,11.402089,11.402089,11.375387,11.393188,364,0
UIMY.DE,D,20160706,000000,11.241873,11.241873,11.232972,11.241873,982,0
UIMY.DE,D,20160707,000000,11.339783,11.339783,11.31308,11.31308,1113,0
UIMY.DE,D,20160708,000000,11.446594,11.446594,11.446594,11.446594,0,0
UIMY.DE,D,20160711,000000,11.464396,11.59791,11.464396,11.59791,11524,0
UIMY.DE,D,20160712,000000,11.642414,11.642414,11.642414,11.642414,0,0
UIMY.DE,D,20160713,000000,11.678018,11.678018,11.651315,11.651315,463,0
UIMY.DE,D,20160714,000000,11.69582,11.704721,11.69582,11.704721,150,0
UIMY.DE,D,20160715,000000,11.678018,11.678018,11.678018,11.678018,28,0
UIMY.DE,D,20160718,000000,11.686919,11.686919,11.686919,11.686919,0,0
UIMY.DE,D,20160719,000000,11.660216,11.660216,11.651315,11.651315,1090,0
UIMY.DE,D,20160720,000000,11.775928,11.775928,11.767027,11.767027,1816,0
UIMY.DE,D,20160721,000000,11.669117,11.731424,11.669117,11.731424,13,0
UIMY.DE,D,20160722,000000,11.784829,11.784829,11.784829,11.784829,0,0
UIMY.DE,D,20160725,000000,11.856037,11.856037,11.829334,11.829334,52,0
UIMY.DE,D,20160726,000000,11.775928,11.847136,11.775928,11.838235,12026,0
UIMY.DE,D,20160727,000000,11.927244,11.927244,11.89164,11.89164,238,0
UIMY.DE,D,20160728,000000,11.971749,11.971749,11.847136,11.847136,78,0
UIMY.DE,D,20160729,000000,11.905388,11.905388,11.905388,11.905388,0,0
UIMY.DE,D,20160801,000000,11.96,11.96,11.878082,11.878082,53,0
UIMY.DE,D,20160802,000000,11.759757,11.759757,11.759757,11.759757,0,0
UIMY.DE,D,20160803,000000,11.741553,11.750655,11.723349,11.723349,83,0
UIMY.DE,D,20160804,000000,11.768859,11.777961,11.768859,11.777961,10,0
UIMY.DE,D,20160805,000000,11.823471,11.887184,11.823471,11.887184,183,0
UIMY.DE,D,20160808,000000,11.91449,11.91449,11.878082,11.878082,85,0
UIMY.DE,D,20160809,000000,11.932694,12.014612,11.932694,12.014612,673,0
UIMY.DE,D,20160810,000000,11.978204,11.996408,11.978204,11.996408,61,0
UIMY.DE,D,20160811,000000,12.041918,12.123836,12.041918,12.123836,1125,0
UIMY.DE,D,20160812,000000,12.105632,12.105632,12.105632,12.105632,10,0
UIMY.DE,D,20160815,000000,12.132938,12.132938,12.105632,12.105632,439,0
UIMY.DE,D,20160816,000000,12.032816,12.032816,11.996408,11.996408,220,0
UIMY.DE,D,20160817,000000,11.969102,11.969102,11.887184,11.887184,2484,0
UIMY.DE,D,20160818,000000,11.96,11.96,11.96,11.96,19143,0
UIMY.DE,D,20160819,000000,11.923592,11.923592,11.905388,11.905388,27,0
UIMY.DE,D,20160822,000000,11.987306,11.996408,11.896286,11.896286,486,0
UIMY.DE,D,20160823,000000,12.00551,12.00551,11.969102,11.969102,1190,0
UIMY.DE,D,20160824,000000,11.969102,11.969102,11.969102,11.969102,0,0
UIMY.DE,D,20160825,000000,11.91449,11.91449,11.91449,11.91449,0,0
UIMY.DE,D,20160826,000000,11.896286,11.950898,11.896286,11.950898,1673,0
UIMY.DE,D,20160829,000000,11.905388,11.932694,11.905388,11.932694,15,0
UIMY.DE,D,20160830,000000,12.023714,12.023714,11.969102,11.969102,80,0
UIMY.DE,D,20160831,000000,11.91449,11.91449,11.91449,11.91449,0,0
UIMY.DE,D,20160901,000000,12.00551,12.00551,11.950898,11.950898,263,0
UIMY.DE,D,20160902,000000,12.069224,12.14204,12.069224,12.14204,673,0
UIMY.DE,D,20160905,000000,12.160244,12.160244,12.160244,12.160244,0,0
UIMY.DE,D,20160906,000000,12.18755,12.18755,12.151142,12.151142,218,0
UIMY.DE,D,20160907,000000,12.18755,12.205754,12.18755,12.205754,58,0
UIMY.DE,D,20160908,000000,12.223958,12.223958,12.151142,12.151142,40,0
UIMY.DE,D,20160909,000000,12.105632,12.105632,11.996408,11.996408,420,0
UIMY.DE,D,20160912,000000,11.823471,11.887184,11.823471,11.887184,448,0
UIMY.DE,D,20160913,000000,11.832573,11.832573,11.832573,11.832573,0,0
UIMY.DE,D,20160914,000000,11.805267,11.805267,11.805267,11.805267,0,0
UIMY.DE,D,20160915,000000,11.841675,11.841675,11.787063,11.841675,166,0
UIMY.DE,D,20160916,000000,11.787063,11.787063,11.787063,11.787063,225,0
UIMY.DE,D,20160919,000000,11.878082,11.905388,11.878082,11.905388,9268,0
UIMY.DE,D,20160920,000000,11.941796,11.950898,11.923592,11.923592,107865,0
UIMY.DE,D,20160921,000000,11.978204,12.014612,11.905388,11.905388,331,0
UIMY.DE,D,20160922,000000,12.060122,12.151142,12.060122,12.105632,3243,0
UIMY.DE,D,20160923,000000,12.032816,12.069224,12.032816,12.069224,5716,0
UIMY.DE,D,20160926,000000,11.96,11.96,11.923592,11.923592,186,0
UIMY.DE,D,20160927,000000,11.905388,11.932694,11.905388,11.932694,176,0
UIMY.DE,D,20160928,000000,12.05102,12.05102,11.987306,11.987306,179,0
UIMY.DE,D,20160929,000000,11.96,11.96,11.96,11.96,0,0
UIMY.DE,D,20160930,000000,11.777961,11.987306,11.777961,11.987306,128,0
UIMY.DE,D,20161004,000000,12.069224,12.069224,12.05102,12.060122,122,0
UIMY.DE,D,20161005,000000,11.923592,11.932694,11.896286,11.896286,221,0
UIMY.DE,D,20161006,000000,11.823471,11.823471,11.823471,11.823471,0,0
UIMY.DE,D,20161007,000000,11.832573,11.832573,11.677839,11.677839,63,0
UIMY.DE,D,20161010,000000,11.741553,11.796165,11.741553,11.796165,800,0
UIMY.DE,D,20161011,000000,11.777961,11.777961,11.777961,11.777961,0,0
UIMY.DE,D,20161012,000000,11.759757,11.759757,11.741553,11.741553,214,0
UIMY.DE,D,20161013,000000,11.677839,11.705145,11.659635,11.705145,1663,0
UIMY.DE,D,20161014,000000,11.777961,11.841675,11.777961,11.841675,19,0
UIMY.DE,D,20161017,000000,11.796165,11.796165,11.768859,11.768859,276,0
UIMY.DE,D,20161018,000000,11.896286,11.896286,11.887184,11.896286,1015,0
UIMY.DE,D,20161019,000000,11.923592,11.923592,11.923592,11.923592,0,0
UIMY.DE,D,20161020,000000,11.86898,11.91449,11.859879,11.91449,1119,0
UIMY.DE,D,20161021,000000,11.923592,11.923592,11.896286,11.896286,12,0
UIMY.DE,D,20161024,000000,11.978204,11.978204,11.905388,11.905388,25,0
UIMY.DE,D,20161025,000000,11.923592,11.923592,11.841675,11.841675,748,0
UIMY.DE,D,20161026,000000,11.768859,11.777961,11.768859,11.777961,435,0
UIMY.DE,D,20161027,000000,11.850777,11.850777,11.787063,11.787063,253,0
UIMY.DE,D,20161028,000000,11.741553,11.768859,11.741553,11.768859,71,0
UIMY.DE,D,20161031,000000,11.750655,11.750655,11.750655,11.750655,0,0
UIMY.DE,D,20161101,000000,11.650533,11.650533,11.650533,11.650533,0,0
UIMY.DE,D,20161102,000000,11.605023,11.614125,11.523105,11.523105,2378,0
UIMY.DE,D,20161103,000000,11.541309,11.568615,11.486697,11.486697,10277,0
UIMY.DE,D,20161104,000000,11.422984,11.432086,11.422984,11.432086,140,0
UIMY.DE,D,20161107,000000,11.541309,11.550411,11.541309,11.550411,266,0
UIMY.DE,D,20161108,000000,11.550411,11.568615,11.550411,11.568615,13,0
UIMY.DE,D,20161109,000000,11.477595,11.586819,11.386576,11.586819,8039,0
UIMY.DE,D,20161110,000000,11.605023,11.605023,11.40478,11.40478,920,0
UIMY.DE,D,20161111,000000,11.40478,11.40478,11.40478,11.40478,0,0
UIMY.DE,D,20161114,000000,11.31376,11.31376,11.31376,11.31376,1760,0
UIMY.DE,D,20161115,000000,11.368372,11.368372,11.368372,11.368372,0,0
UIMY.DE,D,20161116,000000,11.40478,11.40478,11.35927,11.395678,508,0
UIMY.DE,D,20161117,000000,11.441187,11.441187,11.441187,11.441187,0,0
UIMY.DE,D,20161118,000000,11.468493,11.468493,11.40478,11.40478,520,0
UIMY.DE,D,20161121,000000,11.368372,11.432086,11.368372,11.432086,353,0
UIMY.DE,D,20161122,000000,11.450289,11.459391,11.450289,11.450289,140,0
UIMY.DE,D,20161123,000000,11.459391,11.459391,11.413882,11.413882,342,0
UIMY.DE,D,20161124,000000,11.422984,11.459391,11.422984,11.459391,761,0
UIMY.DE,D,20161125,000000,11.504901,11.532207,11.504901,11.532207,51,0
UIMY.DE,D,20161128,000000,11.495799,11.523105,11.486697,11.486697,405,0
UIMY.DE,D,20161129,000000,11.477595,11.541309,11.477595,11.541309,35159,0
UIMY.DE,D,20161130,000000,11.577717,11.577717,11.559513,11.559513,221,0
UIMY.DE,D,20161201,000000,11.523105,11.523105,11.422984,11.422984,318,0
UIMY.DE,D,20161202,000000,11.350168,11.395678,11.322862,11.395678,771,0
UIMY.DE,D,20161205,000000,11.477595,11.523105,11.422984,11.422984,1567,0
UIMY.DE,D,20161206,000000,11.422984,11.532207,11.422984,11.532207,10847,0
UIMY.DE,D,20161207,000000,11.595921,11.595921,11.595921,11.595921,0,0
UIMY.DE,D,20161208,000000,11.623227,11.650533,11.623227,11.650533,312,0
UIMY.DE,D,20161209,000000,11.823471,11.823471,11.823471,11.823471,0,0
UIMY.DE,D,20161212,000000,11.787063,11.814369,11.787063,11.814369,344,0
UIMY.DE,D,20161213,000000,11.923592,11.932694,11.923592,11.932694,191,0
UIMY.DE,D,20161214,000000,11.878082,11.878082,11.850777,11.850777,686,0
UIMY.DE,D,20161215,000000,11.823471,11.887184,11.823471,11.887184,66,0
UIMY.DE,D,20161216,000000,11.932694,11.932694,11.887184,11.932694,285,0
UIMY.DE,D,20161219,000000,11.932694,11.978204,11.932694,11.978204,250,0
UIMY.DE,D,20161220,000000,12.00551,12.00551,12.00551,12.00551,0,0
UIMY.DE,D,20161221,000000,12.023714,12.023714,12.023714,12.023714,0,0
UIMY.DE,D,20161222,000000,12.023714,12.023714,11.978204,12.00551,97,0
UIMY.DE,D,20161223,000000,12.041918,12.041918,12.041918,12.041918,0,0
UIMY.DE,D,20161227,000000,12.105632,12.105632,12.087428,12.087428,345,0
UIMY.DE,D,20161228,000000,12.041918,12.060122,12.041918,12.060122,161,0
UIMY.DE,D,20161229,000000,12.087428,12.087428,12.087428,12.087428,0,0
UIMY.DE,D,20161230,000000,12.041918,12.105632,12.041918,12.105632,80,0
UIMY.DE,D,20170102,000000,12.14204,12.214856,12.123836,12.18755,1851,0
UIMY.DE,D,20170103,000000,12.18755,12.18755,12.132938,12.132938,248,0
UIMY.DE,D,20170104,000000,12.09653,12.123836,12.09653,12.114734,36,0
UIMY.DE,D,20170105,000000,12.09653,12.114734,12.09653,12.114734,20,0
UIMY.DE,D,20170106,000000,12.114734,12.114734,12.105632,12.114734,475,0
UIMY.DE,D,20170109,000000,12.151142,12.151142,12.060122,12.087428,1265,0
UIMY.DE,D,20170110,000000,12.041918,12.05102,12.041918,12.05102,2,0
UIMY.DE,D,20170111,000000,12.041918,12.05102,12.023714,12.05102,7,0
UIMY.DE,D,20170112,000000,11.950898,11.987306,11.950898,11.987306,273,0
UIMY.DE,D,20170113,000000,12.069224,12.078326,12.069224,12.078326,2,0
UIMY.DE,D,20170116,000000,12.078326,12.078326,12.041918,12.041918,700,0
UIMY.DE,D,20170117,000000,11.996408,11.996408,11.96,11.996408,2144,0
UIMY.DE,D,20170118,000000,11.987306,11.987306,11.96,11.987306,705,0
UIMY.DE,D,20170119,000000,11.950898,11.978204,11.932694,11.978204,136,0
UIMY.DE,D,20170120,000000,11.969102,11.969102,11.969102,11.969102,0,0
UIMY.DE,D,20170123,000000,11.91449,11.96,11.91449,11.932694,715,0
UIMY.DE,D,20170124,000000,11.932694,11.932694,11.932694,11.932694,0,0
UIMY.DE,D,20170125,000000,11.996408,11.996408,11.978204,11.978204,121,0
UIMY.DE,D,20170126,000000,12.014612,12.014612,11.978204,11.978204,822,0
UIMY.DE,D,20170127,000000,11.96,11.969102,11.941796,11.969102,678,0
UIMY.DE,D,20170130,000000,11.896286,11.896286,11.86898,11.86898,1387,0
UIMY.DE,D,20170131,000000,11.896286,11.896286,11.805267,11.805267,1124,0
UIMY.DE,D,20170201,000000,11.887184,11.896286,11.823471,11.823471,961,0
UIMY.DE,D,20170202,000000,11.905388,11.905388,11.905388,11.905388,0,0
UIMY.DE,D,20170203,000000,11.950898,11.950898,11.941796,11.941796,356,0
UIMY.DE,D,20170206,000000,11.932694,11.932694,11.850777,11.850777,126,0
UIMY.DE,D,20170207,000000,11.887184,11.950898,11.887184,11.91449,1942,0
UIMY.DE,D,20170208,000000,12.014612,12.014612,11.987306,12.00551,5084,0
UIMY.DE,D,20170209,000000,12.041918,12.069224,12.023714,12.069224,485,0
UIMY.DE,D,20170210,000000,12.078326,12.078326,12.05102,12.078326,952,0
UIMY.DE,D,20170213,000000,12.132938,12.14204,12.114734,12.14204,1824,0
UIMY.DE,D,20170214,000000,12.14204,12.169346,12.132938,12.132938,1364,0
UIMY.DE,D,20170215,000000,12.169346,12.169346,12.151142,12.160244,548,0
UIMY.DE,D,20170216,000000,12.169346,12.18755,12.14204,12.18755,339,0
UIMY.DE,D,20170217,000000,12.169346,12.23306,12.169346,12.23306,557,0
UIMY.DE,D,20170220,000000,12.205754,12.223958,12.196652,12.223958,297,0
UIMY.DE,D,20170221,000000,12.251264,12.269468,12.223958,12.269468,917,0
UIMY.DE,D,20170222,000000,12.333181,12.333181,12.27857,12.296774,737,0
UIMY.DE,D,20170223,000000,12.296774,12.296774,12.296774,12.296774,513,0
UIMY.DE,D,20170224,000000,12.305875,12.305875,12.214856,12.214856,1516,0
UIMY.DE,D,20170227,000000,12.223958,12.223958,12.223958,12.223958,0,0
UIMY.DE,D,20170228,000000,12.214856,12.251264,12.214856,12.251264,1552,0
UIMY.DE,D,20170301,000000,12.369589,12.378691,12.369589,12.378691,1336,0
UIMY.DE,D,20170302,000000,12.360487,12.378691,12.360487,12.378691,100,0
UIMY.DE,D,20170303,000000,12.342283,12.396895,12.342283,12.396895,37199,0
UIMY.DE,D,20170306,000000,12.378691,12.378691,12.351385,12.378691,245,0
UIMY.DE,D,20170307,000000,12.314977,12.342283,12.314977,12.333181,588,0
UIMY.DE,D,20170308,000000,12.333181,12.333181,12.287672,12.333181,428,0
UIMY.DE,D,20170309,000000,12.387793,12.424201,12.387793,12.424201,643,0
UIMY.DE,D,20170310,000000,12.451507,12.460609,12.405997,12.405997,414,0
UIMY.DE,D,20170313,000000,12.424201,12.433303,12.424201,12.424201,721,0
UIMY.DE,D,20170314,000000,12.424201,12.424201,12.405997,12.405997,414,0
UIMY.DE,D,20170315,000000,12.424201,12.424201,12.424201,12.424201,0,0
UIMY.DE,D,20170316,000000,12.487915,12.506119,12.487915,12.506119,172,0
UIMY.DE,D,20170317,000000,12.524323,12.588037,12.524323,12.588037,601,0
UIMY.DE,D,20170320,000000,12.560731,12.578935,12.560731,12.578935,798,0
UIMY.DE,D,20170321,000000,12.597139,12.615343,12.542527,12.542527,344,0
UIMY.DE,D,20170322,000000,12.497017,12.506119,12.497017,12.506119,624,0
UIMY.DE,D,20170323,000000,12.533425,12.606241,12.524323,12.606241,385,0
UIMY.DE,D,20170324,000000,12.597139,12.615343,12.597139,12.615343,19,0
UIMY.DE,D,20170327,000000,12.606241,12.624445,12.551629,12.624445,1648,0
UIMY.DE,D,20170328,000000,12.651751,12.679057,12.624445,12.679057,898,0
UIMY.DE,D,20170329,000000,12.706363,12.706363,12.706363,12.706363,0,0
UIMY.DE,D,20170330,000000,12.715465,12.751872,12.688159,12.751872,1116,0
UIMY.DE,D,20170331,000000,12.74277,12.8793,12.74277,12.8793,18,0
UIMY.DE,D,20170403,000000,12.906606,12.906606,12.83379,12.83379,1970,0
UIMY.DE,D,20170404,000000,12.870198,12.870198,12.870198,12.870198,85,0
UIMY.DE,D,20170405,000000,12.8793,12.888402,12.870198,12.870198,415,0
UIMY.DE,D,20170406,000000,12.806484,12.92481,12.806484,12.92481,66,0
UIMY.DE,D,20170407,000000,12.888402,12.952116,12.888402,12.952116,194,0
UIMY.DE,D,20170410,000000,12.8793,12.92481,12.8793,12.92481,398,0
UIMY.DE,D,20170411,000000,12.952116,12.97032,12.92481,12.92481,2688,0
UIMY.DE,D,20170412,000000,12.952116,12.988524,12.933912,12.979422,644,0
UIMY.DE,D,20170413,000000,12.979422,12.979422,12.979422,12.979422,169,0
UIMY.DE,D,20170418,000000,12.92481,12.933912,12.870198,12.870198,433,0
UIMY.DE,D,20170419,000000,12.915708,12.915708,12.888402,12.888402,37,0
UIMY.DE,D,20170420,000000,12.933912,12.943014,12.915708,12.915708,2852,0
UIMY.DE,D,20170421,000000,12.870198,12.870198,12.870198,12.870198,0,0
UIMY.DE,D,20170424,000000,13.143258,13.206971,13.143258,13.206971,924,0
UIMY.DE,D,20170425,000000,13.243379,13.252481,13.206971,13.206971,1569,0
UIMY.DE,D,20170426,000000,13.197869,13.206971,13.197869,13.206971,498,0
UIMY.DE,D,20170427,000000,13.206971,13.234277,13.206971,13.234277,427,0
UIMY.DE,D,20170428,000000,13.188767,13.188767,13.170563,13.170563,29538,0
UIMY.DE,D,20170502,000000,13.143258,13.307093,13.143258,13.307093,921,0
UIMY.DE,D,20170503,000000,13.325297,13.334399,13.316195,13.325297,3312,0
UIMY.DE,D,20170504,000000,13.370807,13.489133,13.370807,13.489133,276,0
UIMY.DE,D,20170505,000000,13.480031,13.561949,13.480031,13.561949,3433,0
UIMY.DE,D,20170508,000000,13.552847,13.561949,13.552847,13.552847,725,0
UIMY.DE,D,20170509,000000,13.561949,13.598356,13.561949,13.598356,650,0
UIMY.DE,D,20170510,000000,13.571051,13.589255,13.571051,13.589255,755,0
UIMY.DE,D,20170511,000000,13.543745,13.571051,13.498235,13.516439,846,0
UIMY.DE,D,20170512,000000,13.525541,13.598356,13.516439,13.598356,115,0
UIMY.DE,D,20170515,000000,13.580153,13.607458,13.580153,13.607458,1185,0
UIMY.DE,D,20170516,000000,13.580153,13.643866,13.580153,13.643866,496,0
UIMY.DE,D,20170517,000000,13.498235,13.498235,13.498235,13.498235,0,0
UIMY.DE,D,20170518,000000,13.470929,13.470929,13.416317,13.416317,1014,0
UIMY.DE,D,20170519,000000,13.498235,13.525541,13.498235,13.507337,1041,0
UIMY.DE,D,20170522,000000,13.525541,13.552847,13.525541,13.552847,694,0
UIMY.DE,D,20170523,000000,13.580153,13.607458,13.571051,13.607458,774,0
UIMY.DE,D,20170524,000000,13.580153,13.61656,13.580153,13.61656,1214,0
UIMY.DE,D,20170525,000000,13.634764,13.634764,13.634764,13.634764,0,0
UIMY.DE,D,20170526,000000,13.625662,13.671172,13.598356,13.671172,351,0
UIMY.DE,D,20170529,000000,13.671172,13.671172,13.652968,13.652968,13,0
UIMY.DE,D,20170530,000000,13.634764,13.66207,13.634764,13.66207,945,0
UIMY.DE,D,20170531,000000,13.716682,13.716682,13.689376,13.689376,54,0
UIMY.DE,D,20170601,000000,13.789498,13.7986,13.789498,13.7986,1122,0
UIMY.DE,D,20170602,000000,13.880518,13.898722,13.880518,13.88962,5018,0
UIMY.DE,D,20170606,000000,13.7986,13.7986,13.762192,13.789498,698,0
UIMY.DE,D,20170607,000000,13.780396,13.780396,13.780396,13.780396,0,0
UIMY.DE,D,20170608,000000,13.7986,13.7986,13.734886,13.734886,405,0
UIMY.DE,D,20170609,000000,13.789498,13.7986,13.789498,13.7986,495,0
UIMY.DE,D,20170612,000000,13.725784,13.725784,13.652968,13.652968,1372,0
UIMY.DE,D,20170613,000000,13.70758,13.716682,13.680274,13.716682,3067,0
UIMY.DE,D,20170614,000000,13.825906,13.825906,13.762192,13.762192,455,0
UIMY.DE,D,20170615,000000,13.698478,13.698478,13.698478,13.698478,0,0
UIMY.DE,D,20170616,000000,13.7986,13.7986,13.7986,13.7986,0,0
UIMY.DE,D,20170619,000000,13.880518,13.880518,13.862314,13.862314,277,0
UIMY.DE,D,20170620,000000,13.916926,13.916926,13.816804,13.816804,3109,0
UIMY.DE,D,20170621,000000,13.70758,13.780396,13.70758,13.780396,18,0
UIMY.DE,D,20170622,000000,13.75309,13.771294,13.734886,13.734886,352,0
UIMY.DE,D,20170623,000000,13.725784,13.725784,13.70758,13.70758,170,0
UIMY.DE,D,20170626,000000,13.75309,13.825906,13.75309,13.780396,55573,0
UIMY.DE,D,20170627,000000,13.607458,13.607458,13.607458,13.607458,0,0
UIMY.DE,D,20170628,000000,13.571051,13.571051,13.552847,13.552847,768,0
UIMY.DE,D,20170629,000000,13.489133,13.489133,13.316195,13.316195,1281,0
UIMY.DE,D,20170630,000000,13.316195,13.316195,13.316195,13.316195,0,0
UIMY.DE,D,20170703,000000,13.334399,13.361705,13.334399,13.343501,6469,0
UIMY.DE,D,20170704,000000,13.352603,13.352603,13.325297,13.352603,1111,0
UIMY.DE,D,20170707,000000,13.197869,13.261583,13.188767,13.261583,810,0
UIMY.DE,D,20170710,000000,13.297991,13.307093,13.297991,13.307093,752,0
UIMY.DE,D,20170711,000000,13.279787,13.288889,13.234277,13.234277,789,0
UIMY.DE,D,20170712,000000,13.288889,13.416317,13.270685,13.416317,195,0
UIMY.DE,D,20170713,000000,13.480031,13.480031,13.452725,13.452725,861,0
UIMY.DE,D,20170714,000000,13.480031,13.489133,13.480031,13.489133,428,0
UIMY.DE,D,20170717,000000,13.498235,13.498235,13.498235,13.498235,0,0
UIMY.DE,D,20170718,000000,13.443623,13.470929,13.425419,13.425419,42142,0
UIMY.DE,D,20170719,000000,13.498235,13.498235,13.498235,13.498235,0,0
UIMY.DE,D,20170720,000000,13.507337,13.507337,13.452725,13.461827,229,0
UIMY.DE,D,20170721,000000,13.343501,13.343501,13.343501,13.343501,0,0
UIMY.DE,D,20170724,000000,13.307093,13.307093,13.307093,13.307093,0,0
UIMY.DE,D,20170725,000000,13.407215,13.407215,13.334399,13.334399,222,0
UIMY.DE,D,20170726,000000,13.398113,13.443623,13.398113,13.425419,1482,0
UIMY.DE,D,20170727,000000,13.452725,13.452725,13.452725,13.452725,337,0
UIMY.DE,D,20170728,000000,13.288889,13.288889,13.288889,13.288889,0,0
UIMY.DE,D,20170731,000000,13.33976,13.33976,13.274779,13.274779,27,0
UIMY.DE,D,20170801,000000,13.321194,13.376893,13.321194,13.376893,38,0
UIMY.DE,D,20170802,000000,13.395459,13.404742,13.349043,13.349043,4980,0
UIMY.DE,D,20170803,000000,13.33976,13.376893,13.33976,13.36761,38,0
UIMY.DE,D,20170804,000000,13.469723,13.469723,13.469723,13.469723,0,0
UIMY.DE,D,20170807,000000,13.441874,13.441874,13.441874,13.441874,40,0
UIMY.DE,D,20170808,000000,13.46044,13.46044,13.46044,13.46044,0,0
UIMY.DE,D,20170809,000000,13.330477,13.349043,13.330477,13.349043,16,0
UIMY.DE,D,20170810,000000,13.256213,13.256213,13.256213,13.256213,0,0
UIMY.DE,D,20170811,000000,13.172665,13.172665,13.172665,13.172665,0,0
UIMY.DE,D,20170814,000000,13.311911,13.311911,13.311911,13.311911,0,0
UIMY.DE,D,20170815,000000,13.358327,13.358327,13.330477,13.33976,29,0
UIMY.DE,D,20170816,000000,13.441874,13.441874,13.414025,13.414025,95,0
UIMY.DE,D,20170817,000000,13.376893,13.386176,13.376893,13.386176,6,0
UIMY.DE,D,20170818,000000,13.293345,13.293345,13.293345,13.293345,0,0
UIMY.DE,D,20170821,000000,13.256213,13.256213,13.256213,13.256213,57,0
UIMY.DE,D,20170822,000000,13.311911,13.349043,13.311911,13.349043,269,0
UIMY.DE,D,20170824,000000,13.311911,13.330477,13.284062,13.284062,126,0
UIMY.DE,D,20170825,000000,13.256213,13.256213,13.256213,13.256213,0,0
UIMY.DE,D,20170828,000000,13.219081,13.24693,13.181948,13.181948,306,0
UIMY.DE,D,20170829,000000,13.098401,13.098401,13.098401,13.098401,0,0
UIMY.DE,D,20170830,000000,13.181948,13.181948,13.181948,13.181948,0,0
UIMY.DE,D,20170831,000000,13.24693,13.302628,13.24693,13.265496,129,0
UIMY.DE,D,20170901,000000,13.349043,13.349043,13.311911,13.311911,30,0
UIMY.DE,D,20170904,000000,13.284062,13.284062,13.24693,13.256213,34,0
UIMY.DE,D,20170905,000000,13.265496,13.265496,13.265496,13.265496,0,0
UIMY.DE,D,20170906,000000,13.200514,13.274779,13.191231,13.274779,1686,0
UIMY.DE,D,20170907,000000,13.284062,13.293345,13.284062,13.293345,390,0
UIMY.DE,D,20170908,000000,13.302628,13.302628,13.302628,13.302628,0,0
UIMY.DE,D,20170911,000000,13.46044,13.46044,13.46044,13.46044,0,0
UIMY.DE,D,20170912,000000,13.451157,13.451157,13.441874,13.441874,32,0
UIMY.DE,D,20170913,000000,13.404742,13.423308,13.404742,13.423308,1441,0
UIMY.DE,D,20170914,000000,13.395459,13.395459,13.395459,13.395459,0,0
UIMY.DE,D,20170915,000000,13.376893,13.376893,13.376893,13.376893,0,0
UIMY.DE,D,20170918,000000,13.395459,13.395459,13.395459,13.395459,1000,0
UIMY.DE,D,20170919,000000,13.386176,13.386176,13.386176,13.386176,5326,0
UIMY.DE,D,20170920,000000,13.358327,13.358327,13.349043,13.349043,9360,0
UIMY.DE,D,20170921,000000,13.302628,13.302628,13.302628,13.302628,0,0
UIMY.DE,D,20170922,000000,13.311911,13.311911,13.311911,13.311911,0,0
UIMY.DE,D,20170925,000000,13.349043,13.349043,13.349043,13.349043,0,0
UIMY.DE,D,20170926,000000,13.358327,13.358327,13.358327,13.358327,0,0
UIMY.DE,D,20170927,000000,13.376893,13.376893,13.330477,13.330477,33,0
UIMY.DE,D,20170928,000000,13.376893,13.376893,13.376893,13.376893,0,0
UIMY.DE,D,20170929,000000,13.395459,13.469723,13.395459,13.469723,69400,0
UIMY.DE,D,20171002,000000,13.516139,13.516139,13.516139,13.516139,0,0
UIMY.DE,D,20171004,000000,13.506856,13.506856,13.506856,13.506856,0,0
UIMY.DE,D,20171005,000000,13.553271,13.553271,13.553271,13.553271,0,0
UIMY.DE,D,20171006,000000,13.506856,13.506856,13.506856,13.506856,0,0
UIMY.DE,D,20171009,000000,13.534705,13.534705,13.534705,13.534705,0,0
UIMY.DE,D,20171010,000000,13.543988,13.543988,13.543988,13.543988,0,0
UIMY.DE,D,20171011,000000,13.590403,13.590403,13.590403,13.590403,0,0
UIMY.DE,D,20171012,000000,13.627535,13.627535,13.627535,13.627535,0,0
UIMY.DE,D,20171013,000000,13.627535,13.627535,13.627535,13.627535,0,0
UIMY.DE,D,20171016,000000,13.636818,13.636818,13.636818,13.636818,0,0
UIMY.DE,D,20171017,000000,13.627535,13.627535,13.627535,13.627535,0,0
UIMY.DE,D,20171018,000000,13.692517,13.692517,13.692517,13.692517,0,0
UIMY.DE,D,20171019,000000,13.627535,13.627535,13.627535,13.627535,0,0
UIMY.DE,D,20171020,000000,13.627535,13.627535,13.627535,13.627535,0,0
UIMY.DE,D,20171023,000000,13.618252,13.618252,13.618252,13.618252,0,0
UIMY.DE,D,20171024,000000,13.571837,13.571837,13.571837,13.571837,0,0
UIMY.DE,D,20171025,000000,13.497572,13.497572,13.497572,13.497572,0,0
UIMY.DE,D,20171026,000000,13.711083,13.711083,13.711083,13.711083,0,0
UIMY.DE,D,20171027,000000,13.757498,13.757498,13.757498,13.757498,0,0
UIMY.DE,D,20171030,000000,13.776064,13.785347,13.776064,13.785347,67500,0
UIMY.DE,D,20171101,000000,13.859612,13.859612,13.859612,13.859612,0,0
UIMY.DE,D,20171102,000000,13.841046,13.841046,13.841046,13.841046,0,0
UIMY.DE,D,20171103,000000,13.887461,13.887461,13.887461,13.887461,0,0
UIMY.DE,D,20171106,000000,13.887461,13.887461,13.887461,13.887461,0,0
UIMY.DE,D,20171107,000000,13.82248,13.82248,13.82248,13.82248,0,0
UIMY.DE,D,20171108,000000,13.859612,13.878178,13.859612,13.878178,260,0
UIMY.DE,D,20171109,000000,13.79463,13.79463,13.79463,13.79463,0,0
UIMY.DE,D,20171110,000000,13.757498,13.757498,13.757498,13.757498,0,0
UIMY.DE,D,20171113,000000,13.711083,13.711083,13.711083,13.711083,0,0
UIMY.DE,D,20171114,000000,13.7018,13.7018,13.7018,13.7018,0,0
UIMY.DE,D,20171115,000000,13.618252,13.618252,13.618252,13.618252,0,0
UIMY.DE,D,20171116,000000,13.664668,13.729649,13.664668,13.720366,10100,0
UIMY.DE,D,20171117,000000,13.673951,13.673951,13.673951,13.673951,0,0
UIMY.DE,D,20171120,000000,13.7018,13.738932,13.7018,13.738932,13560,0
UIMY.DE,D,20171121,000000,13.785347,13.785347,13.785347,13.785347,0,0
UIMY.DE,D,20171122,000000,13.738932,13.738932,13.738932,13.738932,0,0
UIMY.DE,D,20171123,000000,13.776064,13.776064,13.776064,13.776064,0,0
UIMY.DE,D,20171124,000000,13.766781,13.766781,13.766781,13.766781,0,0
UIMY.DE,D,20171127,000000,13.766781,13.766781,13.729649,13.729649,10000,0
UIMY.DE,D,20171128,000000,13.82248,13.82248,13.82248,13.82248,0,0
UIMY.DE,D,20171129,000000,13.82248,13.82248,13.82248,13.82248,0,0
UIMY.DE,D,20171130,000000,13.831763,13.831763,13.831763,13.831763,0,0
UIMY.DE,D,20171201,000000,13.785347,13.785347,13.711083,13.711083,1500,0
UIMY.DE,D,20171204,000000,13.88282,13.88282,13.88282,13.88282,0,0
UIMY.DE,D,20171205,000000,13.91531,13.91531,13.91531,13.91531,0,0
UIMY.DE,D,20171206,000000,13.966367,13.966367,13.966367,13.966367,0,0
UIMY.DE,D,20171207,000000,14.003499,14.003499,14.003499,14.003499,0,0
UIMY.DE,D,20171208,000000,14.012782,14.012782,14.012782,14.012782,0,0
UIMY.DE,D,20171211,000000,13.97565,13.97565,13.97565,13.97565,0,0
UIMY.DE,D,20171212,000000,14.003499,14.003499,14.003499,14.003499,0,0
UIMY.DE,D,20171213,000000,13.933876,13.933876,13.933876,13.933876,0,0
UIMY.DE,D,20171214,000000,13.91531,13.924593,13.873536,13.873536,13500,0
UIMY.DE,D,20171215,000000,13.831763,13.892103,13.831763,13.892103,3538,0
UIMY.DE,D,20171218,000000,14.008141,14.03599,14.008141,14.03599,249,0
UIMY.DE,D,20171219,000000,14.008141,14.008141,13.989575,13.989575,9816,0
UIMY.DE,D,20171220,000000,13.961726,13.961726,13.896744,13.896744,8000,0
UIMY.DE,D,20171221,000000,13.906027,13.906027,13.906027,13.906027,0,0
UIMY.DE,D,20171222,000000,13.887461,13.887461,13.887461,13.887461,0,0
UIMY.DE,D,20171227,000000,13.91531,13.91531,13.91531,13.91531,0,0
UIMY.DE,D,20171228,000000,13.878178,13.878178,13.878178,13.878178,0,0
UIMY.DE,D,20171229,000000,13.850329,13.850329,13.850329,13.850329,0,0
UIMY.DE,D,20180102,000000,13.779778,13.779778,13.779778,13.779778,0,0
UIMY.DE,D,20180103,000000,13.846616,13.846616,13.846616,13.846616,0,0
UIMY.DE,D,20180104,000000,13.985862,13.985862,13.985862,13.985862,0,0
UIMY.DE,D,20180105,000000,14.125107,14.125107,14.125107,14.125107,0,0
UIMY.DE,D,20180108,000000,14.130677,14.134391,14.130677,14.134391,4080,0
UIMY.DE,D,20180109,000000,14.130677,14.175236,14.130677,14.175236,1250,0
UIMY.DE,D,20180110,000000,14.04156,14.04156,14.04156,14.04156,0,0
UIMY.DE,D,20180111,000000,14.054556,14.054556,13.971009,13.985862,10411,0
UIMY.DE,D,20180112,000000,14.021137,14.021137,14.021137,14.021137,0,0
UIMY.DE,D,20180115,000000,14.004428,14.004428,14.004428,14.004428,0,0
UIMY.DE,D,20180116,000000,14.082405,14.082405,14.082405,14.082405,0,0
UIMY.DE,D,20180117,000000,14.097258,14.097258,14.097258,14.097258,0,0
UIMY.DE,D,20180118,000000,14.073122,14.073122,14.073122,14.073122,0,0
UIMY.DE,D,20180119,000000,14.136247,14.158526,14.136247,14.158526,250,0
UIMY.DE,D,20180122,000000,14.169666,14.169666,14.169666,14.169666,0,0
UIMY.DE,D,20180123,000000,14.199372,14.199372,14.199372,14.199372,0,0
UIMY.DE,D,20180124,000000,14.086119,14.086119,14.086119,14.086119,0,0
UIMY.DE,D,20180222,000000,13.542947,13.542947,13.542947,13.542947,0,0
UIMY.DE,D,20180223,000000,13.624935,13.624935,13.624935,13.624935,0,0
UIMY.DE,D,20180226,000000,13.665929,13.67152,13.665929,13.67152,72,0
UIMY.DE,D,20180227,000000,13.608165,13.608165,13.608165,13.608165,0,0
UIMY.DE,D,20180228,000000,13.582078,13.582078,13.559718,13.559718,1713,0
UIMY.DE,D,20180301,000000,13.425555,13.425555,13.425555,13.425555,0,0
UIMY.DE,D,20180302,000000,13.218722,13.218722,13.218722,13.218722,0,0
UIMY.DE,D,20180305,000000,13.192634,13.343567,13.192634,13.343567,71,0
UIMY.DE,D,20180306,000000,13.377108,13.377108,13.377108,13.377108,0,0
UIMY.DE,D,20180307,000000,13.457232,13.457232,13.457232,13.457232,0,0
UIMY.DE,D,20180308,000000,13.589531,13.589531,13.589531,13.589531,0,0
UIMY.DE,D,20180309,000000,13.637979,13.637979,13.637979,13.637979,0,0
UIMY.DE,D,20180312,000000,13.675246,13.675246,13.675246,13.675246,0,0
UIMY.DE,D,20180313,000000,13.574625,13.574625,13.574625,13.574625,0,0
UIMY.DE,D,20180314,000000,13.548537,13.548537,13.548537,13.548537,0,0
UIMY.DE,D,20180315,000000,13.600712,13.600712,13.600712,13.600712,0,0
UIMY.DE,D,20180316,000000,13.576488,13.576488,13.576488,13.576488,0,0
UIMY.DE,D,20180319,000000,13.487046,13.487046,13.487046,13.487046,0,0
UIMY.DE,D,20180320,000000,13.51127,13.51127,13.51127,13.51127,0,0
UIMY.DE,D,20180321,000000,13.487046,13.487046,13.487046,13.487046,0,0
UIMY.DE,D,20180322,000000,13.336114,13.336114,13.336114,13.336114,0,0
UIMY.DE,D,20180323,000000,13.214995,13.214995,13.214995,13.214995,0,0
UIMY.DE,D,20180326,000000,13.162821,13.162821,13.162821,13.162821,0,0
UIMY.DE,D,20180327,000000,13.293256,13.293256,13.293256,13.293256,0,0
UIMY.DE,D,20180328,000000,13.436735,13.436735,13.436735,13.436735,0,0
UIMY.DE,D,20180329,000000,13.440462,13.440462,13.440462,13.440462,0,0
UIMY.DE,D,20180403,000000,13.393878,13.393878,13.354747,13.354747,1122,0
UIMY.DE,D,20180404,000000,13.33425,13.33425,13.33425,13.33425,0,0
UIMY.DE,D,20180405,000000,13.513133,13.587668,13.513133,13.587668,69,0
UIMY.DE,D,20180406,000000,13.565308,13.565308,13.565308,13.565308,0,0
UIMY.DE,D,20180409,000000,13.628662,13.628662,13.628662,13.628662,0,0
UIMY.DE,D,20180410,000000,13.621209,13.632389,13.621209,13.632389,344,0
UIMY.DE,D,20180411,000000,13.570898,13.570898,13.570898,13.570898,0,0
UIMY.DE,D,20180412,000000,13.598848,13.598848,13.598848,13.598848,0,0
UIMY.DE,D,20180413,000000,13.643569,13.643569,13.643569,13.643569,0,0
UIMY.DE,D,20180416,000000,13.615619,13.615619,13.615619,13.615619,0,0
UIMY.DE,D,20180417,000000,13.725557,13.725557,13.725557,13.725557,0,0
UIMY.DE,D,20180418,000000,13.729284,13.729284,13.729284,13.729284,0,0
UIMY.DE,D,20180419,000000,13.746054,13.746054,13.746054,13.746054,0,0
UIMY.DE,D,20180420,000000,13.759098,13.759098,13.759098,13.759098,0,0
UIMY.DE,D,20180423,000000,13.680836,13.744191,13.680836,13.744191,10000,0
UIMY.DE,D,20180424,000000,13.762825,13.762825,13.747918,13.747918,10000,0
UIMY.DE,D,20180425,000000,13.678973,13.678973,13.678973,13.678973,0,0
UIMY.DE,D,20180426,000000,13.813135,13.813135,13.813135,13.813135,0,0
UIMY.DE,D,20180427,000000,13.878353,13.878353,13.878353,13.878353,0,0
UIMY.DE,D,20180430,000000,13.900714,13.900714,13.896987,13.896987,70,0
UIMY.DE,D,20180502,000000,13.952888,13.952888,13.952888,13.952888,0,0
UIMY.DE,D,20180503,000000,13.949161,13.949161,13.949161,13.949161,0,0
UIMY.DE,D,20180504,000000,14.001335,14.001335,14.001335,14.001335,0,0
UIMY.DE,D,20180507,000000,14.012516,14.062827,14.012516,14.055373,67,0
UIMY.DE,D,20180508,000000,14.096367,14.096367,14.096367,14.096367,0,0
UIMY.DE,D,20180509,000000,14.103821,14.103821,14.103821,14.103821,0,0
UIMY.DE,D,20180510,000000,14.131771,14.131771,14.131771,14.131771,0,0
UIMY.DE,D,20180511,000000,14.128044,14.128044,14.128044,14.128044,0,0
UIMY.DE,D,20180514,000000,14.116864,14.116864,14.116864,14.116864,0,0
UIMY.DE,D,20180515,000000,14.096367,14.096367,14.096367,14.096367,0,0
UIMY.DE,D,20180516,000000,14.079597,14.079597,14.079597,14.079597,0,0
UIMY.DE,D,20180517,000000,14.150405,14.150405,14.150405,14.150405,0,0
UIMY.DE,D,20180518,000000,14.118728,14.118728,14.118728,14.118728,0,0
UIMY.DE,D,20180522,000000,14.167175,14.167175,14.167175,14.167175,0,0
UIMY.DE,D,20180523,000000,14.118728,14.118728,14.094504,14.094504,195,0
UIMY.DE,D,20180524,000000,14.038603,14.038603,14.038603,14.038603,0,0
UIMY.DE,D,20180525,000000,14.079597,14.079597,14.079597,14.079597,0,0
UIMY.DE,D,20180528,000000,13.999472,13.999472,13.999472,13.999472,0,0
UIMY.DE,D,20180529,000000,13.90444,13.90444,13.85972,13.85972,260,0
UIMY.DE,D,20180530,000000,13.934254,13.934254,13.934254,13.934254,0,0
UIMY.DE,D,20180531,000000,13.85972,13.85972,13.85972,13.85972,0,0
UIMY.DE,D,20180601,000000,13.960341,13.960341,13.960341,13.960341,0,0
UIMY.DE,D,20180604,000000,14.042329,14.042329,14.042329,14.042329,0,0
UIMY.DE,D,20180605,000000,14.044193,14.101957,14.031149,14.031149,67,0
UIMY.DE,D,20180606,000000,14.023696,14.06469,14.018106,14.018106,24070,0
UIMY.DE,D,20180607,000000,13.975248,13.975248,13.975248,13.975248,0,0
UIMY.DE,D,20180608,000000,13.958478,13.958478,13.958478,13.958478,0,0
UIMY.DE,D,20180611,000000,14.042329,14.042329,14.042329,14.042329,0,0
UIMY.DE,D,20180612,000000,14.077733,14.077733,14.077733,14.077733,0,0
UIMY.DE,D,20180613,000000,14.115001,14.115001,14.115001,14.115001,0,0
UIMY.DE,D,20180614,000000,14.034876,14.243573,14.034876,14.243573,2797,0
UIMY.DE,D,20180615,000000,14.251027,14.251027,14.204442,14.204442,271,0
UIMY.DE,D,20180618,000000,14.105684,14.105684,14.08705,14.08705,3703,0
UIMY.DE,D,20180619,000000,14.024627,14.024627,14.024627,14.024627,0,0
UIMY.DE,D,20180620,000000,14.027423,14.027423,14.027423,14.027423,0,0
UIMY.DE,D,20180621,000000,13.934254,13.934254,13.934254,13.934254,0,0
UIMY.DE,D,20180622,000000,14.032081,14.032081,14.032081,14.032081,0,0
UIMY.DE,D,20180625,000000,13.941708,13.941708,13.857856,13.857856,9200,0
UIMY.DE,D,20180626,000000,13.855993,13.855993,13.855993,13.855993,0,0
UIMY.DE,D,20180627,000000,13.946366,13.946366,13.946366,13.946366,0,0
UIMY.DE,D,20180628,000000,13.917484,13.917484,13.862515,13.862515,600,0
UIMY.DE,D,20180629,000000,13.995745,13.995745,13.955683,13.955683,140,0
UIMY.DE,D,20180702,000000,13.881148,13.881148,13.881148,13.881148,0,0
UIMY.DE,D,20180703,000000,13.992019,13.992019,13.992019,13.992019,0,0
UIMY.DE,D,20180704,000000,14.006926,14.006926,14.006926,14.006926,0,0
UIMY.DE,D,20180705,000000,14.074007,14.074007,14.074007,14.074007,0,0
UIMY.DE,D,20180706,000000,14.157858,14.157858,14.157858,14.157858,0,0
UIMY.DE,D,20180709,000000,14.178355,14.178355,14.178355,14.178355,0,0
UIMY.DE,D,20180710,000000,14.253822,14.253822,14.253822,14.253822,0,0
UIMY.DE,D,20180711,000000,14.198852,14.198852,14.174628,14.174628,200,0
UIMY.DE,D,20180712,000000,14.26407,14.26407,14.256617,14.256617,150,0
UIMY.DE,D,20180713,000000,14.262207,14.262207,14.262207,14.262207,0,0
UIMY.DE,D,20180716,000000,14.249163,14.249163,14.249163,14.249163,0,0
UIMY.DE,D,20180717,000000,14.28084,14.28084,14.28084,14.28084,0,0
UIMY.DE,D,20180718,000000,14.314381,14.314381,14.314381,14.314381,0,0
UIMY.DE,D,20180719,000000,14.256617,14.256617,14.256617,14.256617,0,0
UIMY.DE,D,20180720,000000,14.256617,14.256617,14.256617,14.256617,0,0
UIMY.DE,D,20180723,000000,14.193262,14.193262,14.193262,14.193262,0,0
UIMY.DE,D,20180724,000000,14.208169,14.208169,14.208169,14.208169,0,0
UIMY.DE,D,20180725,000000,14.210032,14.210032,14.210032,14.210032,0,0
UIMY.DE,D,20180726,000000,14.282704,14.282704,14.282704,14.282704,0,0
UIMY.DE,D,20180727,000000,14.374009,14.374009,14.374009,14.374009,0,0
UIMY.DE,D,20180730,000000,14.308791,14.308791,14.308791,14.308791,0,0
UIMY.DE,D,20180731,000000,14.314495,14.314495,14.314495,14.314495,0,0
UIMY.DE,D,20180801,000000,14.266958,14.266958,14.266958,14.266958,10000,0
UIMY.DE,D,20180802,000000,14.221322,14.221322,14.221322,14.221322,0,0
UIMY.DE,D,20180803,000000,14.261253,14.301185,14.261253,14.301185,9000,0
UIMY.DE,D,20180806,000000,14.365836,14.365836,14.299283,14.312594,13,0
UIMY.DE,D,20180807,000000,14.303086,14.303086,14.303086,14.303086,0,0
UIMY.DE,D,20180808,000000,14.297382,14.297382,14.297382,14.297382,0,0
UIMY.DE,D,20180809,000000,14.337313,14.337313,14.335412,14.335412,500,0
UIMY.DE,D,20180810,000000,14.192799,14.208011,14.192799,14.208011,5136,0
UIMY.DE,D,20180813,000000,14.198504,14.198504,14.198504,14.198504,0,0
UIMY.DE,D,20180814,000000,14.215617,14.215617,14.215617,14.215617,0,0
UIMY.DE,D,20180815,000000,14.082512,14.082512,14.082512,14.082512,0,0
UIMY.DE,D,20180816,000000,14.133853,14.152868,14.133853,14.152868,61006,0
UIMY.DE,D,20180817,000000,14.185193,14.185193,14.118641,14.160474,10160,0
UIMY.DE,D,20180820,000000,14.194701,14.247943,14.194701,14.247943,5148,0
UIMY.DE,D,20180821,000000,14.33351,14.33351,14.310692,14.310692,842,0
UIMY.DE,D,20180822,000000,14.304988,14.335412,14.304988,14.335412,1,0
UIMY.DE,D,20180823,000000,14.341116,14.341116,14.341116,14.341116,0,0
UIMY.DE,D,20180824,000000,14.341116,14.341116,14.341116,14.341116,0,0
UIMY.DE,D,20180827,000000,14.432388,14.432388,14.403866,14.403866,421,0
UIMY.DE,D,20180828,000000,14.441896,14.441896,14.398161,14.398161,1,0
UIMY.DE,D,20180829,000000,14.436191,14.436191,14.436191,14.436191,0,0
UIMY.DE,D,20180830,000000,14.388654,14.388654,14.388654,14.388654,0,0
UIMY.DE,D,20180831,000000,14.29548,14.29548,14.29548,14.29548,0,0
UIMY.DE,D,20180903,000000,14.318298,14.318298,14.29548,14.29548,1320,0
UIMY.DE,D,20180904,000000,14.208011,14.208011,14.208011,14.208011,0,0
UIMY.DE,D,20180905,000000,14.204208,14.204208,14.044482,14.044482,24,0
UIMY.DE,D,20180906,000000,14.004551,14.004551,14.004551,14.004551,0,0
UIMY.DE,D,20180907,000000,14.023566,14.023566,14.023566,14.023566,0,0
UIMY.DE,D,20180910,000000,14.084414,14.084414,14.084414,14.084414,0,0
UIMY.DE,D,20180911,000000,14.086315,14.086315,14.086315,14.086315,0,0
UIMY.DE,D,20180912,000000,14.133853,14.158572,14.133853,14.149065,43347,0
UIMY.DE,D,20180913,000000,14.116739,14.116739,14.116739,14.116739,0,0
UIMY.DE,D,20180914,000000,14.147163,14.147163,14.118641,14.131951,400,0
UIMY.DE,D,20180917,000000,14.141459,14.141459,14.141459,14.141459,0,0
UIMY.DE,D,20180918,000000,14.152868,14.179489,14.152868,14.179489,60,0
UIMY.DE,D,20180919,000000,14.114838,14.114838,14.114838,14.114838,0,0
UIMY.DE,D,20180920,000000,14.160474,14.160474,14.160474,14.160474,0,0
UIMY.DE,D,20180921,000000,14.230829,14.230829,14.230829,14.230829,0,0
UIMY.DE,D,20180924,000000,14.145262,14.145262,14.145262,14.145262,0,0
UIMY.DE,D,20180925,000000,14.171883,14.171883,14.171883,14.171883,0,0
UIMY.DE,D,20180926,000000,14.137656,14.188996,14.137656,14.188996,30000,0
UIMY.DE,D,20180927,000000,14.230829,14.230829,14.230829,14.230829,0,0
UIMY.DE,D,20180928,000000,14.147163,14.147163,14.147163,14.147163,0,0
UIMY.DE,D,20181001,000000,14.209913,14.228928,14.204208,14.204208,10420,0
UIMY.DE,D,20181002,000000,14.122444,14.122444,14.122444,14.122444,0,0
UIMY.DE,D,20181004,000000,14.052088,14.052088,13.989339,13.989339,10000,0
UIMY.DE,D,20181005,000000,14.014058,14.014058,13.905673,13.905673,41,0
UIMY.DE,D,20181008,000000,13.783977,13.783977,13.780174,13.780174,560,0
UIMY.DE,D,20181009,000000,13.797287,13.797287,13.797287,13.797287,0,0
UIMY.DE,D,20181010,000000,13.561501,13.561501,13.561501,13.561501,0,0
UIMY.DE,D,20181011,000000,13.314306,13.314306,13.314306,13.314306,0,0
UIMY.DE,D,20181012,000000,13.413184,13.413184,13.26867,13.26867,1378,0
UIMY.DE,D,20181015,000000,13.285784,13.285784,13.285784,13.285784,0,0
UIMY.DE,D,20181016,000000,13.439805,13.555797,13.434101,13.555797,22376,0
UIMY.DE,D,20181017,000000,13.586221,13.586221,13.512062,13.513964,12906,0
UIMY.DE,D,20181018,000000,13.460722,13.460722,13.460722,13.460722,0,0
UIMY.DE,D,20181019,000000,13.472131,13.472131,13.472131,13.472131,0,0
UIMY.DE,D,20181022,000000,13.422692,13.422692,13.422692,13.422692,0,0
UIMY.DE,D,20181023,000000,13.211625,13.211625,13.211625,13.211625,0,0
UIMY.DE,D,20181024,000000,13.243951,13.243951,13.243951,13.243951,0,0
UIMY.DE,D,20181025,000000,13.348533,13.348533,13.348533,13.348533,0,0
UIMY.DE,D,20181026,000000,13.264867,13.264867,13.264867,13.264867,0,0
UIMY.DE,D,20181029,000000,13.304799,13.304799,13.304799,13.304799,0,0
UIMY.DE,D,20181030,000000,13.308602,13.308602,13.308602,13.308602,0,0
UIMY.DE,D,20181031,000000,13.42079,13.456919,13.42079,13.430298,5611,0
UIMY.DE,D,20181101,000000,13.456919,13.456919,13.456919,13.456919,0,0
UIMY.DE,D,20181102,000000,13.462623,13.462623,13.462623,13.462623,0,0
UIMY.DE,D,20181105,000000,13.49685,13.49685,13.439805,13.439805,49,0
UIMY.DE,D,20181106,000000,13.456919,13.456919,13.456919,13.456919,0,0
UIMY.DE,D,20181107,000000,13.641364,13.641364,13.641364,13.641364,0,0
UIMY.DE,D,20181108,000000,13.618546,13.618546,13.618546,13.618546,0,0
UIMY.DE,D,20181109,000000,13.669887,13.669887,13.669887,13.669887,0,0
UIMY.DE,D,20181112,000000,13.595728,13.595728,13.595728,13.595728,0,0
UIMY.DE,D,20181113,000000,13.677493,13.677493,13.677493,13.677493,0,0
UIMY.DE,D,20181114,000000,13.700311,13.700311,13.645167,13.645167,1550,0
UIMY.DE,D,20181115,000000,13.57291,13.57291,13.57291,13.57291,0,0
UIMY.DE,D,20181116,000000,13.59763,13.59763,13.59763,13.59763,0,0
UIMY.DE,D,20181119,000000,13.487343,13.487343,13.487343,13.487343,0,0
UIMY.DE,D,20181120,000000,13.34473,13.34473,13.34473,13.34473,0,0
UIMY.DE,D,20181121,000000,13.441707,13.441707,13.441707,13.441707,0,0
UIMY.DE,D,20181122,000000,13.356139,13.356139,13.356139,13.356139,0,0
UIMY.DE,D,20181123,000000,13.432199,13.432199,13.432199,13.432199,0,0
UIMY.DE,D,20181126,000000,13.540585,13.540585,13.540585,13.540585,0,0
UIMY.DE,D,20181127,000000,13.565304,13.565304,13.565304,13.565304,0,0
UIMY.DE,D,20181128,000000,13.532979,13.532979,13.532979,13.532979,0,0
UIMY.DE,D,20181129,000000,13.542486,13.542486,13.542486,13.542486,0,0
UIMY.DE,D,20181130,000000,13.527274,13.527274,13.527274,13.527274,0,0
UIMY.DE,D,20181203,000000,13.590024,13.590024,13.563403,13.563403,0,0
UIMY.DE,D,20181204,000000,13.578615,13.578615,13.493047,13.493047,200,0
UIMY.DE,D,20181205,000000,13.396071,13.437904,13.396071,13.399874,30,0
UIMY.DE,D,20181206,000000,13.297193,13.297193,13.097535,13.097535,0,0
UIMY.DE,D,20181207,000000,13.15458,13.226837,13.145073,13.145073,0,0
UIMY.DE,D,20181210,000000,13.107043,13.107043,12.979642,12.979642,0,0
UIMY.DE,D,20181211,000000,13.051899,13.146974,13.051899,13.105141,0,0
UIMY.DE,D,20181212,000000,13.177398,13.285784,13.177398,13.285784,0,0
UIMY.DE,D,20181213,000000,13.323814,13.323814,13.224936,13.276276,215,0
UIMY.DE,D,20181214,000000,13.198315,13.226837,13.196413,13.226837,0,0
UIMY.DE,D,20181217,000000,13.19261,13.202118,13.080422,13.080422,1341,0
UIMY.DE,D,20181218,000000,13.069013,13.069013,13.000559,13.000559,0,0
UIMY.DE,D,20181219,000000,13.008165,13.110846,13.008165,13.070914,12527,0
UIMY.DE,D,20181220,000000,12.932105,12.98915,12.932105,12.934006,0,0
UIMY.DE,D,20181221,000000,12.886469,12.916893,12.886469,12.916893,0,0
UIMY.DE,D,20181227,000000,12.873158,12.873158,12.652584,12.652584,0,0
UIMY.DE,D,20181228,000000,12.719137,12.797098,12.719137,12.783788,0,0
UIMY.DE,D,20190102,000000,12.751462,12.856045,12.751462,12.856045,0,0
UIMY.DE,D,20190103,000000,12.789492,12.791394,12.77428,12.77428,0,0
UIMY.DE,D,20190104,000000,12.876961,13.04049,12.876961,13.04049,0,0
UIMY.DE,D,20190107,000000,13.069013,13.069013,12.949218,13.010066,289,0
UIMY.DE,D,20190108,000000,13.004362,13.137467,13.004362,13.10324,0,0
UIMY.DE,D,20190109,000000,13.162186,13.162186,13.146974,13.150777,0,0
UIMY.DE,D,20190110,000000,13.131762,13.221133,13.131762,13.221133,0,0
UIMY.DE,D,20190111,000000,13.242049,13.242049,13.213527,13.219231,0,0
UIMY.DE,D,20190114,000000,13.165989,13.165989,13.101338,13.143171,300,0
UIMY.DE,D,20190115,000000,13.257261,13.257261,13.145073,13.190709,0,0
UIMY.DE,D,20190116,000000,13.21733,13.221133,13.185004,13.221133,0,0
UIMY.DE,D,20190117,000000,13.148876,13.249655,13.148876,13.249655,0,0
UIMY.DE,D,20190118,000000,13.316208,13.422692,13.316208,13.422692,0,0
UIMY.DE,D,20190121,000000,13.401775,13.401775,13.401775,13.401775,0,0
UIMY.DE,D,20190122,000000,13.375154,13.384662,13.375154,13.380859,0,0
UIMY.DE,D,20190123,000000,13.327617,13.443608,13.327617,13.409381,0,0
UIMY.DE,D,20190124,000000,13.405578,13.44551,13.405578,13.430298,0,0
UIMY.DE,D,20190125,000000,13.456919,13.485441,13.456919,13.456919,0,0
UIMY.DE,D,20190128,000000,13.428396,13.449313,13.424593,13.424593,0,0
UIMY.DE,D,20190129,000000,13.443608,13.529176,13.443608,13.529176,200,0
UIMY.DE,D,20190130,000000,13.525373,13.582418,13.525373,13.582418,0,0
UIMY.DE,D,20190131,000000,13.585287,13.585287,13.541285,13.541285,0,0
UIMY.DE,D,20190201,000000,13.568069,13.591027,13.552764,13.591027,0,0
UIMY.DE,D,20190204,000000,13.606332,13.619724,13.579548,13.619724,0,0
UIMY.DE,D,20190205,000000,13.617811,13.826344,13.617811,13.79956,51,0
UIMY.DE,D,20190206,000000,13.791908,13.791908,13.753645,13.753645,0,0
UIMY.DE,D,20190207,000000,13.734513,13.734513,13.566156,13.566156,0,0
UIMY.DE,D,20190208,000000,13.573809,13.573809,13.493456,13.493456,0,0
UIMY.DE,D,20190211,000000,13.539372,13.591027,13.539372,13.591027,0,0
UIMY.DE,D,20190212,000000,13.682858,13.709642,13.656074,13.656074,0,0
UIMY.DE,D,20190213,000000,13.70199,13.703903,13.692424,13.703903,0,0
UIMY.DE,D,20190214,000000,13.767037,13.780429,13.684771,13.684771,0,0
UIMY.DE,D,20190215,000000,13.667553,13.809126,13.667553,13.809126,0,0
UIMY.DE,D,20190218,000000,13.826344,13.883739,13.826344,13.883739,0,0
UIMY.DE,D,20190219,000000,13.866521,13.866521,13.830171,13.843563,0,0
UIMY.DE,D,20190220,000000,13.876086,13.899044,13.876086,13.897131,7028,0
UIMY.DE,D,20190221,000000,13.918176,13.927742,13.918176,13.925828,0,0
UIMY.DE,D,20190222,000000,13.910523,13.94496,13.910523,13.94496,0,0
UIMY.DE,D,20190225,000000,14.000441,14.000441,13.941134,13.941134,0,0
UIMY.DE,D,20190226,000000,13.897131,13.97557,13.897131,13.97557,0,0
UIMY.DE,D,20190227,000000,13.895218,13.895218,13.878,13.878,0,0
UIMY.DE,D,20190228,000000,13.876086,13.960265,13.876086,13.960265,1514,0
UIMY.DE,D,20190301,000000,14.019573,14.05401,14.019573,14.027225,0,0
UIMY.DE,D,20190304,000000,14.063575,14.063575,14.046357,14.046357,0,0
UIMY.DE,D,20190305,000000,14.052096,14.076967,14.01192,14.065488,10855,0
UIMY.DE,D,20190306,000000,14.067402,14.067402,14.050183,14.050183,0,0
UIMY.DE,D,20190307,000000,14.042531,14.090359,14.042531,14.090359,0,0
UIMY.DE,D,20190308,000000,14.01766,14.071228,14.01766,14.04827,400,0
UIMY.DE,D,20190311,000000,14.086533,14.094186,14.036791,14.094186,0,0
UIMY.DE,D,20190312,000000,14.130536,14.130536,14.08462,14.119057,0,0
UIMY.DE,D,20190313,000000,14.119057,14.166885,14.119057,14.166885,0,0
UIMY.DE,D,20190314,000000,14.197496,14.29124,14.197496,14.29124,0,0
UIMY.DE,D,20190315,000000,14.314198,14.39455,14.314198,14.39455,100,0
UIMY.DE,D,20190318,000000,14.39455,14.434727,14.39455,14.434727,0,0
UIMY.DE,D,20190319,000000,14.446206,14.515079,14.446206,14.490208,0,0
UIMY.DE,D,20190320,000000,14.47299,14.47299,14.379245,14.379245,37,0
UIMY.DE,D,20190321,000000,14.371593,14.392637,14.321851,14.392637,0,0
UIMY.DE,D,20190322,000000,14.432813,14.432813,14.241498,14.241498,500,0
UIMY.DE,D,20190325,000000,14.214714,14.214714,14.189843,14.189843,0,0
UIMY.DE,D,20190326,000000,14.205148,14.295067,14.205148,14.295067,0,0
UIMY.DE,D,20190327,000000,14.325677,14.354374,14.287414,14.314198,1542,0
UIMY.DE,D,20190328,000000,14.325677,14.331416,14.29124,14.29124,0,0
UIMY.DE,D,20190329,000000,14.365853,14.365853,14.360114,14.365853,0,0
UIMY.DE,D,20190401,000000,14.428987,14.446206,14.407942,14.446206,0,0
UIMY.DE,D,20190402,000000,14.480642,14.501687,14.480642,14.501687,0,0
UIMY.DE,D,20190403,000000,14.57056,14.629868,14.568647,14.629868,3274,0
UIMY.DE,D,20190404,000000,14.624129,14.624129,14.603084,14.614563,0,0
UIMY.DE,D,20190405,000000,14.635608,14.635608,14.591605,14.60691,1033,0
UIMY.DE,D,20190408,000000,14.595431,14.608823,14.564821,14.564821,190,0
UIMY.DE,D,20190409,000000,14.547603,14.568647,14.480642,14.482555,2,0
UIMY.DE,D,20190410,000000,14.501687,14.57056,14.501687,14.57056,0,0
UIMY.DE,D,20190411,000000,14.587779,14.626042,14.587779,14.589692,0,0
UIMY.DE,D,20190412,000000,14.5763,14.5763,14.57056,14.574387,0,0
UIMY.DE,D,20190415,000000,14.595431,14.610737,14.595431,14.599258,0,0
UIMY.DE,D,20190416,000000,14.616476,14.650913,14.616476,14.633694,48,0
UIMY.DE,D,20190417,000000,14.61265,14.650913,14.593518,14.650913,0,0
UIMY.DE,D,20190418,000000,14.664305,14.708307,14.664305,14.708307,0,0
UIMY.DE,D,20190423,000000,14.773354,14.773354,14.681523,14.74657,1120,0
UIMY.DE,D,20190424,000000,14.729352,14.790573,14.729352,14.790573,0,0
UIMY.DE,D,20190425,000000,14.786746,14.803965,14.777181,14.777181,113,0
UIMY.DE,D,20190426,000000,14.802052,14.821183,14.800139,14.821183,0,0
UIMY.DE,D,20190429,000000,14.809704,14.851794,14.779094,14.836488,1564,0
UIMY.DE,D,20190430,000000,14.830749,14.878578,14.830749,14.878578,1000,0
UIMY.DE,D,20190502,000000,14.828836,14.828836,14.796312,14.796312,0,0
UIMY.DE,D,20190503,000000,14.769528,14.811617,14.769528,14.803965,0,0
UIMY.DE,D,20190506,000000,14.635608,14.685349,14.618389,14.685349,13362,0
UIMY.DE,D,20190507,000000,14.737005,14.737005,14.626042,14.626042,0,0
UIMY.DE,D,20190508,000000,14.610737,14.622215,14.587779,14.622215,0,0
UIMY.DE,D,20190509,000000,14.562908,14.583952,14.478729,14.478729,0,0
UIMY.DE,D,20190510,000000,14.545689,14.582039,14.545689,14.557168,700,0
UIMY.DE,D,20190513,000000,14.572474,14.572474,14.406029,14.406029,100,0
UIMY.DE,D,20190514,000000,14.46725,14.555255,14.46725,14.555255,420,0
UIMY.DE,D,20190515,000000,14.568647,14.637521,14.545689,14.637521,0,0
UIMY.DE,D,20190516,000000,14.629868,14.844141,14.629868,14.844141,0,0
UIMY.DE,D,20190517,000000,14.800139,14.800139,14.759962,14.800139,0,0
UIMY.DE,D,20190520,000000,14.817357,14.817357,14.668131,14.689176,20,0
UIMY.DE,D,20190521,000000,14.71022,14.78292,14.71022,14.763789,0,0
UIMY.DE,D,20190522,000000,14.748483,14.773354,14.748483,14.756136,0,0
UIMY.DE,D,20190523,000000,14.706394,14.706394,14.572474,14.5763,1399,0
UIMY.DE,D,20190524,000000,14.622215,14.721699,14.622215,14.683436,100,0
UIMY.DE,D,20190527,000000,14.723612,14.723612,14.712134,14.712134,0,0
UIMY.DE,D,20190528,000000,14.721699,14.721699,14.64326,14.64326,0,0
UIMY.DE,D,20190529,000000,14.572474,14.572474,14.440466,14.440466,3268,0
UIMY.DE,D,20190530,000000,14.526558,14.566734,14.526558,14.566734,0,0
UIMY.DE,D,20190531,000000,14.442379,14.455771,14.40029,14.455771,0,0
UIMY.DE,D,20190603,000000,14.39455,14.526558,14.39455,14.526558,0,0
UIMY.DE,D,20190604,000000,14.465337,14.572474,14.465337,14.572474,0,0
UIMY.DE,D,20190605,000000,14.597344,14.673871,14.597344,14.673871,71,0
UIMY.DE,D,20190606,000000,14.683436,14.750397,14.641347,14.641347,811,0
UIMY.DE,D,20190607,000000,14.67961,14.807791,14.67961,14.794399,50,0
UIMY.DE,D,20190611,000000,14.84988,14.911101,14.84988,14.888143,0,0
UIMY.DE,D,20190612,000000,14.861359,14.888143,14.861359,14.888143,0,0
UIMY.DE,D,20190613,000000,14.88623,14.939799,14.88623,14.911101,129,0
UIMY.DE,D,20190614,000000,14.876665,14.876665,14.834575,14.859446,400,0
UIMY.DE,D,20190617,000000,14.876665,14.893883,14.859446,14.859446,13696,0
UIMY.DE,D,20190618,000000,14.865186,15.092851,14.865186,15.092851,0,0
UIMY.DE,D,20190619,000000,15.066067,15.066067,15.033543,15.033543,2000,0
UIMY.DE,D,20190620,000000,15.138766,15.138766,15.039282,15.039282,20,0
UIMY.DE,D,20190621,000000,15.069893,15.113895,15.03163,15.03163,203600,0
UIMY.DE,D,20190624,000000,15.045022,15.06224,15.008672,15.008672,750,0
UIMY.DE,D,20190625,000000,14.968496,14.987627,14.968496,14.978062,0,0
UIMY.DE,D,20190626,000000,14.941712,14.941712,14.869012,14.869012,0,0
UIMY.DE,D,20190627,000000,14.863273,14.863273,14.817357,14.828836,69,0
UIMY.DE,D,20190628,000000,14.844141,14.930233,14.844141,14.930233,775,0
UIMY.DE,D,20190701,000000,15.073719,15.073719,15.004846,15.010585,0,0
UIMY.DE,D,20190702,000000,15.03163,15.110069,15.03163,15.102416,94193,0
UIMY.DE,D,20190703,000000,15.159811,15.263121,15.159811,15.253555,194,0
UIMY.DE,D,20190704,000000,15.270774,15.2746,15.266947,15.266947,21,0
UIMY.DE,D,20190705,000000,15.289905,15.289905,15.123461,15.123461,47469,0
UIMY.DE,D,20190708,000000,15.081372,15.092851,15.081372,15.092851,0,0
UIMY.DE,D,20190709,000000,15.039282,15.060327,14.991454,15.048848,19730,0
UIMY.DE,D,20190710,000000,15.002933,15.043109,14.997193,14.997193,123,0
UIMY.DE,D,20190711,000000,15.033543,15.033543,14.966583,14.966583,0,0
UIMY.DE,D,20190712,000000,14.978062,15.023977,14.978062,14.997193,300,0
UIMY.DE,D,20190715,000000,15.02589,15.037369,14.98954,15.037369,19087,0
UIMY.DE,D,20190716,000000,15.037369,15.081372,15.033543,15.081372,0,0
UIMY.DE,D,20190717,000000,15.064153,15.108156,15.045022,15.045022,24,0
UIMY.DE,D,20190718,000000,14.947451,15.046935,14.924493,14.978062,737,0
UIMY.DE,D,20190719,000000,15.066067,15.066067,14.983801,14.993367,20,0
UIMY.DE,D,20190722,000000,15.018238,15.018238,14.970409,14.991454,21,0
UIMY.DE,D,20190723,000000,15.041196,15.140679,15.041196,15.108156,833,0
UIMY.DE,D,20190724,000000,15.140679,15.150245,15.121548,15.150245,13,0
UIMY.DE,D,20190725,000000,15.217205,15.217205,15.092851,15.092851,0,0
UIMY.DE,D,20190726,000000,15.111982,15.127287,15.111982,15.127287,0,0
UIMY.DE,D,20190729,000000,15.09859,15.142593,15.09859,15.133027,83,0
UIMY.DE,D,20190730,000000,15.110069,15.110069,14.926406,14.926406,0,0
UIMY.DE,D,20190731,000000,14.891203,14.928362,14.891203,14.928362,216,0
UIMY.DE,D,20190801,000000,14.906849,15.051576,14.906849,15.051576,2600,0
UIMY.DE,D,20190802,000000,14.852087,14.889247,14.779724,14.779724,2639,0
UIMY.DE,D,20190805,000000,14.683892,14.683892,14.486359,14.486359,3459,0
UIMY.DE,D,20190806,000000,14.486359,14.562634,14.429642,14.429642,0,0
UIMY.DE,D,20190807,000000,14.472669,14.560678,14.445288,14.517651,158,0
UIMY.DE,D,20190808,000000,14.634997,14.742564,14.634997,14.742564,88,0
UIMY.DE,D,20190809,000000,14.713228,14.721051,14.634997,14.634997,567,0
UIMY.DE,D,20190812,000000,14.726918,14.726918,14.611528,14.621307,1205,0
UIMY.DE,D,20190813,000000,14.582192,14.636953,14.539165,14.636953,7,0
UIMY.DE,D,20190814,000000,14.646732,14.646732,14.484403,14.484403,0,0
UIMY.DE,D,20190815,000000,14.458978,14.458978,14.322075,14.384659,49,0
UIMY.DE,D,20190816,000000,14.423775,14.590015,14.423775,14.590015,1000,0
UIMY.DE,D,20190819,000000,14.670201,14.742564,14.650643,14.742564,60,0
UIMY.DE,D,20190820,000000,14.773857,14.773857,14.623263,14.623263,121,0
UIMY.DE,D,20190821,000000,14.69367,14.836441,14.69367,14.836441,13,0
UIMY.DE,D,20190822,000000,14.793414,14.842309,14.752343,14.752343,625,0
UIMY.DE,D,20190823,000000,14.805149,14.838397,14.662378,14.662378,0,0
UIMY.DE,D,20190826,000000,14.631086,14.71714,14.631086,14.703449,625,0
UIMY.DE,D,20190827,000000,14.681936,14.811016,14.681936,14.811016,0,0
UIMY.DE,D,20190828,000000,14.777768,14.777768,14.726918,14.764078,5,0
UIMY.DE,D,20190829,000000,14.773857,14.904893,14.773857,14.904893,5860,0
UIMY.DE,D,20190830,000000,14.926406,15.061354,14.926406,15.033974,12,0
UIMY.DE,D,20190902,000000,15.075045,15.10047,15.075045,15.078956,4001,0
UIMY.DE,D,20190903,000000,15.06331,15.06331,15.010504,15.051576,240,0
UIMY.DE,D,20190904,000000,15.163054,15.172833,15.163054,15.163054,0,0
UIMY.DE,D,20190905,000000,15.278444,15.278444,15.21586,15.21586,524655,0
UIMY.DE,D,20190906,000000,15.221727,15.221727,15.188479,15.211948,278,0
UIMY.DE,D,20190909,000000,15.22955,15.22955,15.137629,15.137629,810,0
UIMY.DE,D,20190910,000000,15.112204,15.153275,15.086779,15.153275,1366,0
UIMY.DE,D,20190911,000000,15.174789,15.219771,15.163054,15.219771,20,0
UIMY.DE,D,20190912,000000,15.247152,15.272577,15.194346,15.272577,928,0
UIMY.DE,D,20190913,000000,15.272577,15.272577,15.245196,15.245196,0,0
UIMY.DE,D,20190916,000000,15.192391,15.192391,15.121983,15.121983,2925,0
UIMY.DE,D,20190917,000000,15.135673,15.188479,15.135673,15.188479,4069,0
UIMY.DE,D,20190918,000000,15.1787,15.219771,15.1787,15.219771,23,0
UIMY.DE,D,20190919,000000,15.221727,15.288223,15.221727,15.288223,621,0
UIMY.DE,D,20190920,000000,15.31756,15.31756,15.276489,15.301914,518,0
UIMY.DE,D,20190923,000000,15.296046,15.296046,15.21586,15.231506,57,0
UIMY.DE,D,20190924,000000,15.247152,15.272577,15.247152,15.264754,9,0
UIMY.DE,D,20190925,000000,15.219771,15.219771,15.104381,15.172833,516,0
UIMY.DE,D,20190926,000000,15.186523,15.325383,15.186523,15.325383,658,0
UIMY.DE,D,20190927,000000,15.380144,15.380144,15.342985,15.356675,182,0
UIMY.DE,D,20191001,000000,15.499446,15.499446,15.299958,15.299958,0,0
UIMY.DE,D,20191002,000000,15.284312,15.284312,14.945964,14.945964,198,0
UIMY.DE,D,20191004,000000,14.969433,15.116116,14.969433,15.116116,200,0
UIMY.DE,D,20191007,000000,15.121983,15.225639,15.084824,15.225639,9752,0
UIMY.DE,D,20191008,000000,15.219771,15.219771,15.080912,15.080912,258,0
UIMY.DE,D,20191009,000000,15.078956,15.219771,15.078956,15.159143,8439,0
UIMY.DE,D,20191010,000000,15.163054,15.180656,15.088735,15.180656,1111,0
UIMY.DE,D,20191011,000000,15.204125,15.384056,15.204125,15.384056,538,0
UIMY.DE,D,20191014,000000,15.333206,15.360587,15.305825,15.360587,401,0
UIMY.DE,D,20191015,000000,15.456419,15.470109,15.401658,15.470109,62,0
UIMY.DE,D,20191016,000000,15.487711,15.487711,15.421215,15.452508,1090,0
UIMY.DE,D,20191017,000000,15.427083,15.538561,15.427083,15.470109,158,0
UIMY.DE,D,20191018,000000,15.417304,15.427083,15.376233,15.386012,7460,0
UIMY.DE,D,20191021,000000,15.430994,15.430994,15.376233,15.401658,749,0
UIMY.DE,D,20191022,000000,15.397746,15.429038,15.366454,15.423171,250,0
UIMY.DE,D,20191023,000000,15.36841,15.407525,15.352763,15.407525,99,0
UIMY.DE,D,20191024,000000,15.44664,15.472065,15.436861,15.464242,58326,0
UIMY.DE,D,20191025,000000,15.464242,15.464242,15.427083,15.464242,80,0
UIMY.DE,D,20191028,000000,15.456419,15.501402,15.413392,15.479888,103,0
UIMY.DE,D,20191029,000000,15.470109,15.493579,15.427083,15.493579,350,0
UIMY.DE,D,20191030,000000,15.509225,15.565942,15.505313,15.550296,1716,0
UIMY.DE,D,20191031,000000,15.571809,15.571809,15.550296,15.550296,0,0
UIMY.DE,D,20191101,000000,15.587455,15.646128,15.575721,15.595278,319,0
UIMY.DE,D,20191104,000000,15.622659,15.693067,15.622659,15.671553,202,0
UIMY.DE,D,20191105,000000,15.671553,15.706757,15.671553,15.695023,477,0
UIMY.DE,D,20191106,000000,15.681332,15.755651,15.681332,15.753696,738,0
UIMY.DE,D,20191107,000000,15.80259,15.80259,15.741961,15.763474,3200,0
UIMY.DE,D,20191108,000000,15.738049,15.769342,15.738049,15.753696,289,0
UIMY.DE,D,20191111,000000,15.724359,15.76543,15.724359,15.757607,913,0
UIMY.DE,D,20191112,000000,15.792811,15.792811,15.771297,15.773253,1911,0
UIMY.DE,D,20191113,000000,15.75174,15.757607,15.704801,15.740005,1320,0
UIMY.DE,D,20191114,000000,15.757607,15.757607,15.708713,15.708713,685,0
UIMY.DE,D,20191115,000000,15.77912,15.804545,15.720448,15.804545,241,0
UIMY.DE,D,20191118,000000,15.786944,15.849528,15.786944,15.849528,895,0
UIMY.DE,D,20191119,000000,15.874953,15.912113,15.826059,15.826059,0,0
UIMY.DE,D,20191120,000000,15.757607,15.794767,15.757607,15.790855,915,0
UIMY.DE,D,20191121,000000,15.704801,15.732182,15.704801,15.728271,0,0
UIMY.DE,D,20191122,000000,15.736094,15.740005,15.698934,15.726315,550,0
UIMY.DE,D,20191125,000000,15.771297,15.80259,15.771297,15.80259,3773,0
UIMY.DE,D,20191126,000000,15.773253,15.86713,15.771297,15.86713,5254,0
UIMY.DE,D,20191127,000000,15.90429,15.90429,15.88082,15.88082,973,0
UIMY.DE,D,20191128,000000,15.857351,15.86713,15.857351,15.86713,0,0
UIMY.DE,D,20191129,000000,15.822147,15.908201,15.822147,15.841705,20418,0
UIMY.DE,D,20191202,000000,15.871042,15.871042,15.563986,15.563986,375,0
UIMY.DE,D,20191203,000000,15.622659,15.648084,15.53465,15.53465,1976,0
UIMY.DE,D,20191204,000000,15.540517,15.66373,15.540517,15.659819,687,0
UIMY.DE,D,20191205,000000,15.724359,15.747828,15.628527,15.628527,249,0
UIMY.DE,D,20191206,000000,15.659819,15.784988,15.659819,15.784988,2323,0
UIMY.DE,D,20191209,000000,15.781076,15.781076,15.722403,15.757607,878,0
UIMY.DE,D,20191210,000000,15.708713,15.75174,15.614836,15.75174,8225,0
UIMY.DE,D,20191211,000000,15.753696,15.753696,15.683288,15.753696,410,0
UIMY.DE,D,20191212,000000,15.759563,15.763474,15.708713,15.724359,6027,0
UIMY.DE,D,20191213,000000,15.798678,15.798678,15.732182,15.732182,206,0
UIMY.DE,D,20191216,000000,15.775209,15.892555,15.775209,15.855395,205,0
UIMY.DE,D,20191217,000000,15.835838,15.837793,15.824103,15.837793,1477,0
UIMY.DE,D,20191218,000000,15.839749,15.888643,15.810413,15.810413,20266,0
UIMY.DE,D,20191219,000000,15.818236,15.824103,15.753696,15.824103,119,0
UIMY.DE,D,20191220,000000,15.884732,15.970786,15.882776,15.962963,585,0
UIMY.DE,D,20191223,000000,15.941449,15.970786,15.939493,15.970786,516,0
UIMY.DE,D,20191227,000000,15.998166,16.037282,15.998166,16.021635,3029,0
UIMY.DE,D,20191230,000000,15.998166,15.998166,15.929714,15.951228,315,0
UIMY.DE,D,20200102,000000,15.894511,16.005989,15.894511,15.959051,1708,0
UIMY.DE,D,20200103,000000,15.898422,15.953184,15.841705,15.953184,253,0
UIMY.DE,D,20200106,000000,15.910157,15.916024,15.818236,15.884732,175,0
UIMY.DE,D,20200107,000000,15.933626,15.98252,15.882776,15.906245,15451,0
UIMY.DE,D,20200108,000000,15.841705,15.910157,15.833882,15.910157,1,0
UIMY.DE,D,20200109,000000,15.994255,15.994255,15.947316,15.947316,0,0
UIMY.DE,D,20200110,000000,16.000122,16.007945,15.943405,15.951228,3111,0
UIMY.DE,D,20200113,000000,15.941449,15.951228,15.884732,15.927759,414,0
UIMY.DE,D,20200114,000000,15.943405,15.98252,15.943405,15.98252,0,0
UIMY.DE,D,20200115,000000,15.998166,16.01968,15.988387,16.01968,100,0
UIMY.DE,D,20200116,000000,16.04706,16.078353,16.009901,16.078353,34,0
UIMY.DE,D,20200117,000000,16.146805,16.232858,16.146805,16.215256,722,0
UIMY.DE,D,20200120,000000,16.244593,16.270018,16.158539,16.23677,767,0
UIMY.DE,D,20200121,000000,16.142893,16.182008,16.142893,16.182008,0,0
UIMY.DE,D,20200122,000000,16.244593,16.244593,16.182008,16.182008,81,0
UIMY.DE,D,20200123,000000,16.140937,16.180053,16.12138,16.12138,0,0
UIMY.DE,D,20200124,000000,16.225035,16.291531,16.225035,16.268062,1024,0
UIMY.DE,D,20200127,000000,16.107689,16.107689,15.962963,15.962963,2052,0
UIMY.DE,D,20200128,000000,16.017724,16.109645,15.990343,16.109645,14,0
UIMY.DE,D,20200129,000000,16.107689,16.189831,16.107689,16.168318,148,0
UIMY.DE,D,20200130,000000,16.03337,16.068574,16.023591,16.060751,42,0
UIMY.DE,D,20200131,000000,16.105733,16.105733,15.906245,15.935582,5824,0
UIMY.DE,D,20200203,000000,16.010332,16.067378,15.961154,16.000497,548,0
UIMY.DE,D,20200204,000000,16.05951,16.144096,16.05951,16.124425,3055,0
UIMY.DE,D,20200205,000000,16.210978,16.275892,16.193274,16.254254,5375,0
UIMY.DE,D,20200206,000000,16.330971,16.330971,16.299498,16.299498,15,0
UIMY.DE,D,20200207,000000,16.291629,16.315235,16.271958,16.271958,1085,0
UIMY.DE,D,20200210,000000,16.256221,16.287695,16.205076,16.271958,2382,0
UIMY.DE,D,20200211,000000,16.364412,16.368347,16.354577,16.368347,0,0
UIMY.DE,D,20200212,000000,16.374248,16.462768,16.374248,16.423426,3494,0
UIMY.DE,D,20200213,000000,16.378182,16.474571,16.378182,16.474571,0,0
UIMY.DE,D,20200214,000000,16.486373,16.537518,16.486373,16.537518,56,0
UIMY.DE,D,20200217,000000,16.576861,16.59063,16.500143,16.565058,130,0
UIMY.DE,D,20200218,000000,16.492275,16.596532,16.492275,16.578828,7602,0
UIMY.DE,D,20200219,000000,16.596532,16.696854,16.596532,16.681118,141,0
UIMY.DE,D,20200220,000000,16.704723,16.704723,16.482439,16.482439,2236,0
UIMY.DE,D,20200221,000000,16.458834,16.608334,16.458834,16.480472,2800,0
UIMY.DE,D,20200224,000000,16.124425,16.124425,15.888371,15.915911,2767,0
UIMY.DE,D,20200225,000000,15.998529,15.998529,15.58937,15.58937,442391,0
UIMY.DE,D,20200226,000000,15.494948,15.595271,15.386757,15.595271,1676,0
UIMY.DE,D,20200227,000000,15.369053,15.41233,15.148737,15.148737,332,0
UIMY.DE,D,20200228,000000,14.651057,14.66286,14.57434,14.615649,3583,0
UIMY.DE,D,20200302,000000,14.721873,14.721873,14.377628,14.666794,1159,0
UIMY.DE,D,20200303,000000,14.804492,15.00317,14.804492,14.855637,8784,0
UIMY.DE,D,20200304,000000,14.796623,15.075953,14.796623,15.062184,3001,0
UIMY.DE,D,20200305,000000,15.176276,15.176276,14.857604,14.857604,235,0
UIMY.DE,D,20200306,000000,14.633353,14.633353,14.285174,14.338286,438,0
UIMY.DE,D,20200309,000000,13.698974,13.698974,13.283914,13.283914,10705,0
UIMY.DE,D,20200310,000000,13.458987,13.612421,13.026222,13.077367,213474,0
UIMY.DE,D,20200311,000000,13.26621,13.279979,12.914096,12.914096,8090,0
UIMY.DE,D,20200312,000000,12.257081,12.306258,11.320735,11.320735,38591,0
UIMY.DE,D,20200313,000000,11.727927,12.115448,11.480071,11.480071,1092,0
UIMY.DE,D,20200316,000000,11.100418,11.200741,10.32931,10.789614,5471,0
UIMY.DE,D,20200317,000000,11.169267,11.169267,10.553561,10.937148,272942,0
UIMY.DE,D,20200318,000000,10.807318,10.807318,10.547659,10.630278,566,0
UIMY.DE,D,20200319,000000,10.884036,10.974523,10.779779,10.974523,0,0
UIMY.DE,D,20200320,000000,11.759401,11.759401,11.342373,11.342373,266,0
UIMY.DE,D,20200323,000000,10.917477,11.133859,10.899773,10.941082,1600,0
UIMY.DE,D,20200324,000000,11.399419,11.694486,11.367946,11.694486,0,0
UIMY.DE,D,20200325,000000,12.060369,12.156758,11.745631,11.981685,6148,0
UIMY.DE,D,20200326,000000,11.804645,12.205936,11.706289,12.205936,0,0
UIMY.DE,D,20200327,000000,12.03283,12.03283,11.808579,11.912836,170,0
UIMY.DE,D,20200330,000000,11.91677,11.973816,11.847921,11.973816,0,0
UIMY.DE,D,20200331,000000,12.129218,12.129218,12.021027,12.113481,0,0
UIMY.DE,D,20200401,000000,11.792842,11.883329,11.720059,11.749565,232,0
UIMY.DE,D,20200402,000000,11.822349,11.857757,11.822349,11.857757,0,0
UIMY.DE,D,20200403,000000,11.773171,11.773171,11.678749,11.678749,511,0
UIMY.DE,D,20200406,000000,12.085942,12.085942,12.017093,12.072172,258,0
UIMY.DE,D,20200407,000000,12.430187,12.493134,12.363305,12.363305,98,0
UIMY.DE,D,20200408,000000,12.302324,12.337732,12.259048,12.337732,0,0
UIMY.DE,D,20200409,000000,12.499036,12.593457,12.445923,12.556082,41665,0
UIMY.DE,D,20200414,000000,12.59149,12.723286,12.59149,12.593457,333,0
UIMY.DE,D,20200415,000000,12.636733,12.636733,12.251179,12.251179,4,0
UIMY.DE,D,20200416,000000,12.381009,12.381009,12.203969,12.203969,1200,0
UIMY.DE,D,20200417,000000,12.508871,12.571819,12.493134,12.508871,22815,0
UIMY.DE,D,20200420,000000,12.589523,12.589523,12.379042,12.546246,1373,0
UIMY.DE,D,20200421,000000,12.420351,12.420351,12.172495,12.172495,0,0
UIMY.DE,D,20200422,000000,12.290522,12.29839,12.266916,12.29839,0,0
UIMY.DE,D,20200423,000000,12.377075,12.377075,12.331831,12.355436,0,0
UIMY.DE,D,20200424,000000,12.22364,12.363305,12.22364,12.292489,2450,0
UIMY.DE,D,20200427,000000,12.501003,12.526575,12.451825,12.524608,457039,0
UIMY.DE,D,20200428,000000,12.540345,12.656405,12.540345,12.654437,2000,0
UIMY.DE,D,20200429,000000,12.689845,12.904261,12.689845,12.904261,0,0
UIMY.DE,D,20200430,000000,12.990814,12.990814,12.774431,12.774431,0,0
UIMY.DE,D,20200504,000000,12.420351,12.440022,12.323962,12.323962,805,0
UIMY.DE,D,20200505,000000,12.514772,12.514772,12.453792,12.506904,117,0
UIMY.DE,D,20200506,000000,12.506904,12.530509,12.41445,12.41445,0,0
UIMY.DE,D,20200507,000000,12.443956,12.558049,12.443956,12.558049,0,0
UIMY.DE,D,20200508,000000,12.65247,12.689845,12.636733,12.654437,769,0
UIMY.DE,D,20200511,000000,12.727221,12.727221,12.540345,12.59149,460,0
UIMY.DE,D,20200512,000000,12.558049,12.624931,12.558049,12.593457,221,0
UIMY.DE,D,20200513,000000,12.483299,12.483299,12.361338,12.361338,46,0
UIMY.DE,D,20200514,000000,12.262982,12.262982,12.141021,12.141021,0,0
UIMY.DE,D,20200515,000000,12.253146,12.253146,12.144955,12.180363,96,0
UIMY.DE,D,20200518,000000,12.337732,12.634766,12.337732,12.634766,0,0
UIMY.DE,D,20200519,000000,12.701648,12.701648,12.465595,12.465595,300,0
UIMY.DE,D,20200520,000000,12.477397,12.526575,12.38691,12.526575,315,0
UIMY.DE,D,20200521,000000,12.416417,12.463627,12.416417,12.463627,0,0
UIMY.DE,D,20200522,000000,12.318061,12.499036,12.27085,12.499036,157,0
UIMY.DE,D,20200525,000000,12.567884,12.766563,12.567884,12.766563,0,0
UIMY.DE,D,20200526,000000,12.872787,12.935735,12.872787,12.935735,1193,0
UIMY.DE,D,20200527,000000,12.996715,13.159985,12.996715,13.12261,1500,0
UIMY.DE,D,20200528,000000,13.199328,13.31342,13.199328,13.295716,3720,0
UIMY.DE,D,20200529,000000,13.193426,13.226867,13.120643,13.120643,434,0
UIMY.DE,D,20200602,000000,13.407842,13.474724,13.407842,13.462921,752,0
UIMY.DE,D,20200603,000000,13.535704,13.8111,13.535704,13.8111,25900,0
UIMY.DE,D,20200604,000000,13.781593,13.815034,13.781593,13.815034,0,0
UIMY.DE,D,20200605,000000,13.994041,13.994041,13.868146,13.980272,297,0
UIMY.DE,D,20200608,000000,13.862245,13.966502,13.862245,13.966502,0,0
UIMY.DE,D,20200609,000000,13.978304,13.978304,13.748152,13.807166,33747,0
UIMY.DE,D,20200610,000000,13.815034,13.935028,13.732415,13.732415,148,0
UIMY.DE,D,20200611,000000,13.525868,13.529803,13.279979,13.279979,652,0
UIMY.DE,D,20200612,000000,13.185558,13.44325,13.185558,13.374401,4705,0
UIMY.DE,D,20200615,000000,13.06163,13.311453,13.06163,13.311453,863,0
UIMY.DE,D,20200616,000000,13.41571,13.679303,13.41571,13.659632,418,0
UIMY.DE,D,20200617,000000,13.575046,13.759955,13.575046,13.718646,6,0
UIMY.DE,D,20200618,000000,13.675369,13.740284,13.630125,13.691106,11233,0
UIMY.DE,D,20200619,000000,13.757988,13.838639,13.732415,13.759955,646,0
UIMY.DE,D,20200622,000000,13.700942,13.761922,13.655698,13.655698,375,0
UIMY.DE,D,20200623,000000,13.702909,13.773725,13.702909,13.761922,0,0
UIMY.DE,D,20200624,000000,13.614389,13.614389,13.445217,13.445217,6122,0
UIMY.DE,D,20200625,000000,13.388171,13.508164,13.388171,13.508164,764,0
UIMY.DE,D,20200626,000000,13.628158,13.693073,13.506197,13.506197,6,0
UIMY.DE,D,20200629,000000,13.496362,13.563244,13.464888,13.563244,86,0
UIMY.DE,D,20200630,000000,13.586849,13.626191,13.551441,13.577013,1424,0
UIMY.DE,D,20200701,000000,13.559309,13.62029,13.411776,13.62029,36,0
UIMY.DE,D,20200702,000000,13.70881,13.883883,13.70881,13.883883,6000,0
UIMY.DE,D,20200703,000000,13.91339,13.91339,13.820935,13.820935,0,0
UIMY.DE,D,20200706,000000,14.078627,14.078627,13.929127,13.976337,9708,0
UIMY.DE,D,20200707,000000,13.909455,13.909455,13.864212,13.881916,0,0
UIMY.DE,D,20200708,000000,13.832738,13.891751,13.832738,13.844541,19,0
UIMY.DE,D,20200709,000000,13.891751,13.891751,13.718646,13.718646,1910,0
UIMY.DE,D,20200710,000000,13.677336,13.822903,13.665533,13.822903,887,0
UIMY.DE,D,20200713,000000,13.950765,13.978304,13.850442,13.978304,860,0
UIMY.DE,D,20200714,000000,13.799297,13.929127,13.799297,13.929127,2098,0
UIMY.DE,D,20200715,000000,13.999943,14.066825,13.942896,14.056989,290,0
UIMY.DE,D,20200716,000000,13.938962,14.043219,13.938962,14.043219,103,0
UIMY.DE,D,20200717,000000,14.043219,14.043219,13.997976,14.021581,3,0
UIMY.DE,D,20200720,000000,14.025515,14.157312,14.025515,14.157312,407,0
UIMY.DE,D,20200721,000000,14.235996,14.279273,14.204522,14.204522,2512,0
UIMY.DE,D,20200722,000000,14.173049,14.173049,14.058956,14.131739,116,0
UIMY.DE,D,20200723,000000,14.182884,14.182884,14.106167,14.106167,239570,0
UIMY.DE,D,20200724,000000,14.009778,14.009778,13.874047,13.929127,65,0
UIMY.DE,D,20200727,000000,13.91339,13.933061,13.854376,13.854376,36,0
UIMY.DE,D,20200728,000000,13.895686,13.950765,13.8111,13.91339,1401,0
UIMY.DE,D,20200729,000000,13.931094,13.982239,13.931094,13.982239,0,0
UIMY.DE,D,20200730,000000,13.938962,13.938962,13.679303,13.679303,1392,0
UIMY.DE,D,20200731,000000,13.68127,13.738317,13.518,13.518,0,0
UIMY.DE,D,20200803,000000,13.578,13.754,13.578,13.754,6,0
UIMY.DE,D,20200804,000000,13.838,13.838,13.708,13.708,0,0
UIMY.DE,D,20200805,000000,13.884,13.884,13.796,13.796,206,0
UIMY.DE,D,20200806,000000,13.748,13.748,13.588,13.678,1,0
UIMY.DE,D,20200807,000000,13.696,13.744,13.658,13.744,1180,0
UIMY.DE,D,20200810,000000,13.742,13.786,13.714,13.766,1435,0
UIMY.DE,D,20200811,000000,13.788,13.986,13.788,13.94,9203,0
UIMY.DE,D,20200812,000000,13.808,14.098,13.808,14.098,300,0
UIMY.DE,D,20200813,000000,14.086,14.086,14.046,14.046,2300,0
UIMY.DE,D,20200814,000000,13.996,13.996,13.86,13.89,400,0
UIMY.DE,D,20200817,000000,13.918,13.918,13.878,13.892,2,0
UIMY.DE,D,20200818,000000,13.838,13.958,13.838,13.84,0,0
UIMY.DE,D,20200819,000000,13.828,13.934,13.814,13.934,15290,0
UIMY.DE,D,20200820,000000,13.868,13.868,13.814,13.832,334,0
UIMY.DE,D,20200821,000000,13.874,13.874,13.818,13.82,826,0
UIMY.DE,D,20200824,000000,13.976,14.052,13.976,14.052,0,0
UIMY.DE,D,20200825,000000,14.122,14.146,14.014,14.028,444,0
UIMY.DE,D,20200826,000000,13.966,14.094,13.966,14.094,0,0
UIMY.DE,D,20200827,000000,14.076,14.076,14.008,14.008,22,0
UIMY.DE,D,20200828,000000,14.052,14.052,13.884,13.932,1295,0
UIMY.DE,D,20200831,000000,13.998,13.998,13.866,13.866,0,0
UIMY.DE,D,20200901,000000,13.9,13.928,13.756,13.83,6372,0
UIMY.DE,D,20200902,000000,13.886,14.092,13.886,14.038,496,0
UIMY.DE,D,20200903,000000,14.166,14.228,13.958,13.958,24520,0
UIMY.DE,D,20200904,000000,13.836,13.912,13.756,13.756,38,0
UIMY.DE,D,20200907,000000,13.872,13.938,13.81,13.938,1598,0
UIMY.DE,D,20200908,000000,13.972,13.972,13.792,13.792,7,0
UIMY.DE,D,20200909,000000,13.86,14.068,13.86,14.068,290034,0
UIMY.DE,D,20200910,000000,14.044,14.044,13.976,13.998,18,0
UIMY.DE,D,20200911,000000,14.012,14.012,14.008,14.008,0,0
UIMY.DE,D,20200914,000000,14.114,14.114,14,14.028,1284,0
UIMY.DE,D,20200915,000000,14.022,14.08,14.022,14.08,0,0
UIMY.DE,D,20200916,000000,14.078,14.138,14.044,14.114,1490,0
UIMY.DE,D,20200917,000000,13.96,14.05,13.96,14.05,14,0
UIMY.DE,D,20200918,000000,14.034,14.052,13.964,13.964,865,0
UIMY.DE,D,20200921,000000,13.904,13.904,13.586,13.59,1317,0
UIMY.DE,D,20200922,000000,13.624,13.652,13.56,13.56,2457,0
UIMY.DE,D,20200923,000000,13.664,13.734,13.626,13.626,179,0
UIMY.DE,D,20200924,000000,13.52,13.636,13.52,13.584,6726,0
UIMY.DE,D,20200925,000000,13.532,13.532,13.414,13.516,6945,0
UIMY.DE,D,20200928,000000,13.68,13.782,13.68,13.782,53,0
UIMY.DE,D,20200929,000000,13.756,13.772,13.692,13.742,7000,0
UIMY.DE,D,20200930,000000,13.678,13.738,13.678,13.71,0,0
UIMY.DE,D,20201001,000000,13.792,13.792,13.76,13.76,0,0
UIMY.DE,D,20201002,000000,13.636,13.788,13.636,13.788,910,0
UIMY.DE,D,20201005,000000,13.94,13.94,13.858,13.908,280,0
UIMY.DE,D,20201006,000000,13.932,13.932,13.85,13.914,77,0
UIMY.DE,D,20201007,000000,13.934,13.974,13.894,13.894,334,0
UIMY.DE,D,20201008,000000,13.952,14.04,13.934,13.978,457,0
UIMY.DE,D,20201009,000000,14.03,14.056,13.976,14.014,100,0
UIMY.DE,D,20201012,000000,14.032,14.134,14.032,14.134,1731,0
UIMY.DE,D,20201013,000000,14.154,14.154,14.084,14.094,67,0
UIMY.DE,D,20201014,000000,14.108,14.108,14.088,14.108,0,0
UIMY.DE,D,20201015,000000,13.962,13.962,13.82,13.854,2211,0
UIMY.DE,D,20201016,000000,13.922,13.95,13.904,13.95,375,0
UIMY.DE,D,20201019,000000,14.026,14.026,13.922,13.922,4509,0
UIMY.DE,D,20201020,000000,13.884,13.964,13.884,13.894,210,0
UIMY.DE,D,20201021,000000,13.884,13.884,13.704,13.704,179,0
UIMY.DE,D,20201022,000000,13.618,13.728,13.618,13.7,0,0
UIMY.DE,D,20201023,000000,13.704,13.87,13.704,13.808,165,0
UIMY.DE,D,20201026,000000,13.65,13.652,13.586,13.586,0,0
UIMY.DE,D,20201027,000000,13.566,13.566,13.422,13.46,63,0
UIMY.DE,D,20201028,000000,13.294,13.294,13.072,13.09,84,0
UIMY.DE,D,20201029,000000,13.124,13.124,13.002,13.052,1297,0
UIMY.DE,D,20201030,000000,12.942,13,12.942,13,17,0
UIMY.DE,D,20201102,000000,13.046,13.208,12.974,13.208,10115,0
UIMY.DE,D,20201103,000000,13.264,13.44,13.264,13.44,0,0
UIMY.DE,D,20201104,000000,13.216,13.692,13.216,13.692,3,0
UIMY.DE,D,20201105,000000,13.8,13.824,13.726,13.816,450,0
UIMY.DE,D,20201106,000000,13.812,13.812,13.746,13.766,0,0
UIMY.DE,D,20201109,000000,13.902,14.348,13.902,14.282,680,0
UIMY.DE,D,20201110,000000,14.312,14.41,14.278,14.41,3976,0
UIMY.DE,D,20201111,000000,14.51,14.558,14.454,14.558,714,0
UIMY.DE,D,20201112,000000,14.448,14.542,14.402,14.426,760,0
UIMY.DE,D,20201113,000000,14.428,14.444,14.428,14.43,155,0
UIMY.DE,D,20201116,000000,14.512,14.632,14.476,14.54,678,0
UIMY.DE,D,20201117,000000,14.56,14.56,14.458,14.526,206,0
UIMY.DE,D,20201118,000000,14.488,14.6,14.488,14.6,2157,0
UIMY.DE,D,20201119,000000,14.494,14.578,14.494,14.496,2197,0
UIMY.DE,D,20201120,000000,14.524,14.618,14.524,14.544,477,0
UIMY.DE,D,20201123,000000,14.596,14.596,14.426,14.426,0,0
UIMY.DE,D,20201124,000000,14.528,14.528,14.416,14.458,89,0
UIMY.DE,D,20201125,000000,14.504,14.518,14.434,14.502,1023,0
UIMY.DE,D,20201126,000000,14.534,14.534,14.468,14.498,215,0
UIMY.DE,D,20201127,000000,14.504,14.562,14.504,14.558,499,0
UIMY.DE,D,20201130,000000,14.496,14.584,14.486,14.486,197,0
UIMY.DE,D,20201201,000000,14.56,14.584,14.476,14.476,183,0
UIMY.DE,D,20201202,000000,14.466,14.48,14.426,14.436,1,0
UIMY.DE,D,20201203,000000,14.448,14.448,14.344,14.392,2200,0
UIMY.DE,D,20201204,000000,14.394,14.394,14.358,14.384,0,0
UIMY.DE,D,20201207,000000,14.406,14.406,14.294,14.368,292,0
UIMY.DE,D,20201208,000000,14.382,14.448,14.322,14.448,34,0
UIMY.DE,D,20201209,000000,14.396,14.456,14.396,14.452,17,0
UIMY.DE,D,20201210,000000,14.498,14.562,14.468,14.468,4337,0
UIMY.DE,D,20201211,000000,14.448,14.45,14.314,14.404,1432,0
UIMY.DE,D,20201214,000000,14.484,14.5,14.41,14.464,772,0
UIMY.DE,D,20201215,000000,14.446,14.508,14.39,14.39,669,0
UIMY.DE,D,20201216,000000,14.426,14.508,14.426,14.508,11,0
UIMY.DE,D,20201217,000000,14.582,14.582,14.532,14.532,0,0
UIMY.DE,D,20201218,000000,14.514,14.57,14.514,14.532,571,0
UIMY.DE,D,20201221,000000,14.394,14.394,14.174,14.256,3101,0
UIMY.DE,D,20201222,000000,14.3,14.394,14.3,14.386,18,0
UIMY.DE,D,20201223,000000,14.43,14.474,14.426,14.474,200,0
UIMY.DE,D,20201228,000000,14.544,14.62,14.544,14.62,50,0
UIMY.DE,D,20201229,000000,14.638,14.722,14.638,14.71,1230,0
UIMY.DE,D,20201230,000000,14.714,14.75,14.7,14.7,311,0
UIMY.DE,D,20210104,000000,14.764,14.808,14.714,14.714,0,0
UIMY.DE,D,20210105,000000,14.748,14.748,14.598,14.598,165,0
UIMY.DE,D,20210106,000000,14.612,14.658,14.578,14.658,74,0
UIMY.DE,D,20210107,000000,14.706,14.742,14.706,14.71,108,0
UIMY.DE,D,20210108,000000,14.768,14.798,14.768,14.798,0,0
UIMY.DE,D,20210111,000000,14.792,14.814,14.708,14.708,2280,0
UIMY.DE,D,20210112,000000,14.724,14.724,14.576,14.62,349,0
UIMY.DE,D,20210113,000000,14.634,14.746,14.634,14.746,38,0
UIMY.DE,D,20210114,000000,14.706,14.738,14.65,14.738,4,0
UIMY.DE,D,20210115,000000,14.654,14.654,14.53,14.612,1554,0
UIMY.DE,D,20210118,000000,14.548,14.59,14.532,14.59,14209,0
UIMY.DE,D,20210119,000000,14.636,14.666,14.568,14.574,235,0
UIMY.DE,D,20210120,000000,14.612,14.658,14.548,14.596,1022,0
UIMY.DE,D,20210121,000000,14.684,14.684,14.586,14.586,21,0
UIMY.DE,D,20210122,000000,14.582,14.582,14.474,14.54,1156,0
UIMY.DE,D,20210125,000000,14.608,14.608,14.486,14.52,5627,0
UIMY.DE,D,20210126,000000,14.564,14.672,14.542,14.586,1874,0
UIMY.DE,D,20210127,000000,14.556,14.632,14.468,14.468,272,0
UIMY.DE,D,20210128,000000,14.386,14.496,14.296,14.496,61,0
UIMY.DE,D,20210129,000000,14.374,14.392,14.258,14.258,8,0
UIMY.DE,D,20210201,000000,14.26,14.362,14.26,14.356,553,0
UIMY.DE,D,20210202,000000,14.392,14.494,14.392,14.494,5,0
UIMY.DE,D,20210203,000000,14.608,14.608,14.506,14.506,88,0
UIMY.DE,D,20210204,000000,14.524,14.56,14.466,14.56,9,0
UIMY.DE,D,20210205,000000,14.624,14.624,14.516,14.558,154,0
UIMY.DE,D,20210208,000000,14.582,14.638,14.55,14.55,7816,0
UIMY.DE,D,20210209,000000,14.544,14.544,14.448,14.524,186,0
UIMY.DE,D,20210210,000000,14.506,14.572,14.458,14.458,34905,0
UIMY.DE,D,20210211,000000,14.456,14.506,14.442,14.494,726,0
UIMY.DE,D,20210212,000000,14.472,14.564,14.472,14.552,6279,0
UIMY.DE,D,20210215,000000,14.592,14.654,14.57,14.654,1415,0
UIMY.DE,D,20210216,000000,14.642,14.676,14.612,14.612,63,0
UIMY.DE,D,20210217,000000,14.576,14.576,14.49,14.51,12,0
UIMY.DE,D,20210218,000000,14.52,14.52,14.412,14.412,0,0
UIMY.DE,D,20210219,000000,14.456,14.47,14.412,14.446,510,0
UIMY.DE,D,20210222,000000,14.35,14.37,14.278,14.33,3976,0
UIMY.DE,D,20210223,000000,14.244,14.306,14.206,14.306,519,0
UIMY.DE,D,20210224,000000,14.294,14.33,14.234,14.27,746,0
UIMY.DE,D,20210225,000000,14.3,14.3,14.228,14.258,10253,0
UIMY.DE,D,20210226,000000,14.09,14.252,14.028,14.076,1127,0
UIMY.DE,D,20210301,000000,14.208,14.284,14.176,14.248,232,0
UIMY.DE,D,20210302,000000,14.248,14.32,14.248,14.26,1269,0
UIMY.DE,D,20210303,000000,14.308,14.308,14.058,14.146,80,0
UIMY.DE,D,20210304,000000,14.124,14.234,14.124,14.234,34,0
UIMY.DE,D,20210305,000000,14.192,14.192,14.128,14.128,387,0
UIMY.DE,D,20210308,000000,14.186,14.372,14.152,14.372,56,0
UIMY.DE,D,20210309,000000,14.348,14.48,14.348,14.426,25,0
UIMY.DE,D,20210310,000000,14.426,14.578,14.426,14.578,1160,0
UIMY.DE,D,20210311,000000,14.622,14.668,14.618,14.668,392,0
UIMY.DE,D,20210312,000000,14.614,14.634,14.564,14.634,10,0
UIMY.DE,D,20210315,000000,14.694,14.72,14.652,14.666,13495,0
UIMY.DE,D,20210316,000000,14.71,14.746,14.662,14.746,2023,0
UIMY.DE,D,20210317,000000,14.758,14.758,14.644,14.684,3906,0
UIMY.DE,D,20210318,000000,14.702,14.714,14.688,14.714,0,0
UIMY.DE,D,20210319,000000,14.636,14.74,14.636,14.684,7731,0
UIMY.DE,D,20210322,000000,14.72,14.744,14.606,14.736,4950,0
UIMY.DE,D,20210323,000000,14.692,14.832,14.692,14.832,2002,0
UIMY.DE,D,20210324,000000,14.786,14.836,14.746,14.79,111,0
UIMY.DE,D,20210325,000000,14.752,14.874,14.752,14.844,655,0
UIMY.DE,D,20210326,000000,14.872,14.9,14.872,14.9,1170,0
UIMY.DE,D,20210329,000000,14.928,15.024,14.928,15.024,1273,0
UIMY.DE,D,20210330,000000,15.076,15.076,14.984,15.056,138,0
UIMY.DE,D,20210331,000000,15.032,15.096,15.032,15.048,160,0
UIMY.DE,D,20210401,000000,15.082,15.162,15.058,15.138,1073,0
UIMY.DE,D,20210406,000000,15.272,15.272,15.178,15.2,138,0
UIMY.DE,D,20210407,000000,15.214,15.244,15.194,15.194,36,0
UIMY.DE,D,20210408,000000,15.22,15.336,15.216,15.336,1374,0
UIMY.DE,D,20210409,000000,15.272,15.36,15.272,15.322,300,0
UIMY.DE,D,20210412,000000,15.268,15.352,15.268,15.284,1952,0
UIMY.DE,D,20210413,000000,15.284,15.296,15.154,15.296,493,0
UIMY.DE,D,20210414,000000,15.298,15.344,15.25,15.27,18483,0
UIMY.DE,D,20210415,000000,15.292,15.368,15.28,15.338,125,0
UIMY.DE,D,20210416,000000,15.332,15.432,15.332,15.432,139,0
UIMY.DE,D,20210419,000000,15.472,15.554,15.456,15.482,373,0
UIMY.DE,D,20210420,000000,15.498,15.498,15.36,15.36,72,0
UIMY.DE,D,20210421,000000,15.41,15.444,15.326,15.444,1664,0
UIMY.DE,D,20210422,000000,15.454,15.584,15.454,15.584,0,0
UIMY.DE,D,20210423,000000,15.572,15.572,15.498,15.498,3641,0
UIMY.DE,D,20210426,000000,15.502,15.522,15.462,15.462,19,0
UIMY.DE,D,20210427,000000,15.464,15.48,15.368,15.462,2000,0
UIMY.DE,D,20210428,000000,15.518,15.518,15.394,15.44,1283,0
UIMY.DE,D,20210429,000000,15.52,15.52,15.374,15.42,61,0
UIMY.DE,D,20210430,000000,15.468,15.468,15.364,15.37,0,0
UIMY.DE,D,20210503,000000,15.392,15.488,15.392,15.472,42,0
UIMY.DE,D,20210504,000000,15.482,15.488,15.294,15.294,1353,0
UIMY.DE,D,20210505,000000,15.438,15.52,15.438,15.494,235,0
UIMY.DE,D,20210506,000000,15.518,15.522,15.422,15.522,244,0
UIMY.DE,D,20210507,000000,15.604,15.664,15.584,15.608,145,0
UIMY.DE,D,20210510,000000,15.634,15.634,15.484,15.604,1802,0
UIMY.DE,D,20210511,000000,15.504,15.504,15.318,15.362,45,0
UIMY.DE,D,20210512,000000,15.414,15.466,15.358,15.368,77,0
UIMY.DE,D,20210513,000000,15.212,15.424,15.212,15.424,76,0
UIMY.DE,D,20210514,000000,15.508,15.554,15.456,15.554,74042,0
UIMY.DE,D,20210517,000000,15.618,15.618,15.574,15.582,0,0
UIMY.DE,D,20210518,000000,15.66,15.66,15.582,15.582,0,0
UIMY.DE,D,20210519,000000,15.476,15.488,15.452,15.452,0,0
UIMY.DE,D,20210520,000000,15.56,15.668,15.56,15.668,51,0
UIMY.DE,D,20210521,000000,15.692,15.728,15.692,15.728,0,0
UIMY.DE,D,20210525,000000,15.808,15.828,15.774,15.804,347,0
UIMY.DE,D,20210526,000000,15.814,15.856,15.798,15.798,3572,0
UIMY.DE,D,20210527,000000,15.77,15.77,15.73,15.73,0,0
UIMY.DE,D,20210528,000000,15.75,15.822,15.75,15.822,25000,0
UIMY.DE,D,20210531,000000,15.824,15.824,15.734,15.734,154,0
UIMY.DE,D,20210601,000000,15.78,15.83,15.748,15.768,1250,0
UIMY.DE,D,20210602,000000,15.786,15.81,15.742,15.784,7611,0
UIMY.DE,D,20210603,000000,15.786,15.786,15.71,15.774,0,0
UIMY.DE,D,20210604,000000,15.806,15.826,15.764,15.826,145,0
UIMY.DE,D,20210607,000000,15.922,15.928,15.874,15.92,383,0
UIMY.DE,D,20210608,000000,15.944,15.95,15.944,15.946,0,0
UIMY.DE,D,20210609,000000,15.934,15.966,15.934,15.966,0,0
UIMY.DE,D,20210610,000000,16.012,16.012,15.944,15.958,65,0
UIMY.DE,D,20210611,000000,15.998,16.046,15.998,16.038,0,0
UIMY.DE,D,20210614,000000,16.098,16.098,16.04,16.09,790,0
UIMY.DE,D,20210615,000000,16.15,16.18,16.132,16.132,130,0
UIMY.DE,D,20210616,000000,16.138,16.224,16.138,16.194,0,0
UIMY.DE,D,20210617,000000,16.106,16.182,16.03,16.182,844,0
UIMY.DE,D,20210618,000000,16.204,16.204,16.052,16.052,0,0
UIMY.DE,D,20210621,000000,16.064,16.114,16.064,16.114,51,0
UIMY.DE,D,20210622,000000,16.126,16.152,16.126,16.152,931,0
UIMY.DE,D,20210623,000000,16.172,16.172,16.018,16.018,21,0
UIMY.DE,D,20210624,000000,16.086,16.194,16.086,16.194,0,0
UIMY.DE,D,20210625,000000,16.182,16.224,16.176,16.212,102,0
UIMY.DE,D,20210628,000000,16.21,16.214,16.198,16.198,0,0
UIMY.DE,D,20210629,000000,16.23,16.238,16.218,16.218,0,0
UIMY.DE,D,20210630,000000,16.23,16.23,16.124,16.124,0,0
UIMY.DE,D,20210701,000000,16.22,16.22,16.098,16.208,0,0
UIMY.DE,D,20210702,000000,16.258,16.264,16.248,16.248,6,0
UIMY.DE,D,20210705,000000,16.262,16.262,16.244,16.254,100,0
UIMY.DE,D,20210706,000000,16.24,16.268,16.24,16.268,2364,0
UIMY.DE,D,20210707,000000,16.324,16.432,16.324,16.432,0,0
UIMY.DE,D,20210708,000000,16.37,16.37,16.196,16.196,3,0
UIMY.DE,D,20210709,000000,16.254,16.312,16.254,16.312,219,0
UIMY.DE,D,20210712,000000,16.362,16.472,16.346,16.472,609,0
UIMY.DE,D,20210713,000000,16.464,16.486,16.386,16.486,2270,0
UIMY.DE,D,20210714,000000,16.46,16.46,16.402,16.446,2886,0
UIMY.DE,D,20210715,000000,16.416,16.416,16.352,16.352,229,0
UIMY.DE,D,20210716,000000,16.388,16.4,16.38,16.4,0,0
UIMY.DE,D,20210719,000000,16.318,16.318,16.154,16.162,860,0
UIMY.DE,D,20210720,000000,16.25,16.25,16.178,16.186,70,0
UIMY.DE,D,20210721,000000,16.252,16.346,16.252,16.346,117,0
UIMY.DE,D,20210722,000000,16.388,16.468,16.388,16.464,198,0
UIMY.DE,D,20210723,000000,16.516,16.612,16.516,16.612,0,0
UIMY.DE,D,20210726,000000,16.558,16.558,16.494,16.512,0,0
UIMY.DE,D,20210727,000000,16.504,16.514,16.43,16.49,1315,0
UIMY.DE,D,20210728,000000,16.522,16.558,16.452,16.558,124,0
UIMY.DE,D,20210729,000000,16.594,16.61,16.594,16.61,0,0
UIMY.DE,D,20210730,000000,16.522,16.602,16.522,16.598,0,0
UIMY.DE,D,20210802,000000,16.408,16.408,16.294,16.38,148,0
UIMY.DE,D,20210803,000000,16.378,16.438,16.378,16.438,0,0
UIMY.DE,D,20210804,000000,16.464,16.498,16.464,16.478,3,0
UIMY.DE,D,20210805,000000,16.53,16.614,16.53,16.566,3270,0
UIMY.DE,D,20210806,000000,16.566,16.572,16.544,16.55,387,0
UIMY.DE,D,20210809,000000,16.558,16.582,16.558,16.568,0,0
UIMY.DE,D,20210810,000000,16.594,16.622,16.592,16.592,0,0
UIMY.DE,D,20210811,000000,16.622,16.662,16.622,16.662,300,0
UIMY.DE,D,20210812,000000,16.68,16.718,16.664,16.718,150,0
UIMY.DE,D,20210813,000000,16.712,16.756,16.712,16.756,0,0
UIMY.DE,D,20210816,000000,16.722,16.748,16.718,16.734,4,0
UIMY.DE,D,20210817,000000,16.706,16.758,16.684,16.758,4,0
UIMY.DE,D,20210818,000000,16.796,16.85,16.796,16.826,1000,0
UIMY.DE,D,20210819,000000,16.692,16.726,16.628,16.726,0,0
UIMY.DE,D,20210820,000000,16.774,16.778,16.686,16.778,72,0
UIMY.DE,D,20210823,000000,16.862,16.862,16.802,16.82,0,0
UIMY.DE,D,20210824,000000,16.858,16.858,16.75,16.75,72,0
