<TICKER>,<PER>,<DATE>,<TIME>,<OPEN>,<HIGH>,<LOW>,<CLOSE>,<VOL>,<OPENINT>
VBX.DE,D,20171013,000000,29.934783,31.930435,27.819391,31.930435,2420677,0
VBX.DE,D,20171016,000000,33.601793,33.626739,31.9005,32.209826,459726,0
VBX.DE,D,20171017,000000,31.621109,32.214815,30.044543,30.154304,213374,0
VBX.DE,D,20171018,000000,29.969707,30.383804,28.74737,29.43587,210543,0
VBX.DE,D,20171019,000000,29.495739,29.88988,27.879261,28.138696,211083,0
VBX.DE,D,20171020,000000,28.233489,28.537826,27.100957,27.949109,236344,0
VBX.DE,D,20171023,000000,28.253446,29.595522,28.163641,28.936957,121389,0
VBX.DE,D,20171024,000000,29.186413,29.186413,27.839348,28.338261,73989,0
VBX.DE,D,20171025,000000,27.93913,28.637609,27.455185,27.674707,87607,0
VBX.DE,D,20171026,000000,27.734576,27.979043,26.701826,27.839348,88430,0
VBX.DE,D,20171027,000000,27.739565,29.326109,27.739565,28.438043,110601,0
VBX.DE,D,20171030,000000,28.438043,28.936957,28.298348,28.777304,37500,0
VBX.DE,D,20171101,000000,28.837174,29.934783,28.787283,29.331098,55133,0
VBX.DE,D,20171102,000000,29.610489,29.685326,29.296174,29.425891,30349,0
VBX.DE,D,20171103,000000,29.555609,29.560598,28.936957,29.181424,25647,0
VBX.DE,D,20171106,000000,29.291185,29.560598,27.210717,27.639783,78898,0
VBX.DE,D,20171107,000000,27.669717,27.739565,26.442391,27.041087,55598,0
VBX.DE,D,20171108,000000,27.225685,27.729587,26.956272,27.340435,25386,0
VBX.DE,D,20171109,000000,27.495098,27.739565,26.671891,26.941304,94348,0
VBX.DE,D,20171110,000000,27.130891,27.70963,26.981217,27.689674,47951,0
VBX.DE,D,20171113,000000,27.959087,28.178609,26.891413,27.006163,35799,0
VBX.DE,D,20171114,000000,27.265598,27.410283,26.741739,26.896402,10213,0
VBX.DE,D,20171115,000000,26.936315,26.941304,25.694022,26.098141,56605,0
VBX.DE,D,20171116,000000,26.093152,26.442391,25.843696,26.003348,33898,0
VBX.DE,D,20171117,000000,26.237837,26.292717,25.75888,25.75888,35350,0
VBX.DE,D,20171120,000000,25.948467,26.292717,25.694022,26.272761,56116,0
VBX.DE,D,20171121,000000,26.242826,26.342609,25.943478,25.953457,33139,0
VBX.DE,D,20171122,000000,26.212891,27.839348,26.212891,27.739565,53093,0
VBX.DE,D,20171123,000000,27.779478,27.779478,26.971239,27.145859,18026,0
VBX.DE,D,20171124,000000,27.340435,27.440217,26.462348,26.482304,21664,0
VBX.DE,D,20171127,000000,26.442391,27.200739,26.442391,26.871457,16490,0
VBX.DE,D,20171128,000000,27.230674,27.400304,26.56213,26.886424,12872,0
VBX.DE,D,20171129,000000,27.270587,27.270587,26.547163,26.861478,11454,0
VBX.DE,D,20171130,000000,26.941304,27.190761,26.063217,26.641957,35335,0
VBX.DE,D,20171201,000000,26.806598,26.806598,26.013326,26.342609,23878,0
VBX.DE,D,20171204,000000,26.207902,26.636967,26.167989,26.622,44812,0
VBX.DE,D,20171205,000000,26.691848,27.125902,26.232848,26.45237,52865,0
VBX.DE,D,20171206,000000,26.612022,26.631978,25.898576,26.023304,18650,0
VBX.DE,D,20171207,000000,26.028293,26.73675,26.023304,26.292717,11898,0
VBX.DE,D,20171208,000000,26.247815,26.656924,25.444565,25.544348,44481,0
VBX.DE,D,20171211,000000,25.75888,25.99337,24.945652,25.155196,33467,0
VBX.DE,D,20171212,000000,25.145217,25.289902,24.022663,24.426783,71920,0
VBX.DE,D,20171213,000000,24.346957,24.446739,23.947826,24.117457,37383,0
VBX.DE,D,20171214,000000,23.947826,24.686217,23.748261,23.748261,73336,0
VBX.DE,D,20171215,000000,23.902924,24.007696,22.620717,22.620717,73113,0
VBX.DE,D,20171218,000000,22.66063,24.421793,22.620717,22.95,108021,0
VBX.DE,D,20171219,000000,22.994902,23.199457,22.805315,22.940022,68877,0
VBX.DE,D,20171220,000000,23.049783,23.069739,22.286446,22.520935,41679,0
VBX.DE,D,20171221,000000,22.735467,22.89013,22.161717,22.171696,47315,0
VBX.DE,D,20171222,000000,22.500978,22.900109,22.251522,22.840239,30586,0
VBX.DE,D,20171227,000000,22.95,23.613554,22.520935,23.049783,53446,0
VBX.DE,D,20171228,000000,23.049783,23.159543,22.500978,22.535902,29437,0
VBX.DE,D,20171229,000000,22.840239,23.613554,22.495989,23.369087,48653,0
VBX.DE,D,20180102,000000,23.748261,24.766043,23.46887,24.646304,33914,0
VBX.DE,D,20180103,000000,25.205087,27.14087,24.965609,26.641957,70473,0
VBX.DE,D,20180104,000000,26.721783,26.721783,25.045435,25.743913,45401,0
VBX.DE,D,20180105,000000,26.262783,26.382522,25.943478,26.043261,17706,0
VBX.DE,D,20180108,000000,26.622,26.881435,25.64413,25.64413,26720,0
VBX.DE,D,20180109,000000,25.923522,25.943478,25.105304,25.245,30477,0
VBX.DE,D,20180110,000000,25.364739,25.404652,24.606391,24.72613,23175,0
VBX.DE,D,20180111,000000,24.925696,24.925696,24.047609,24.26713,32274,0
VBX.DE,D,20180112,000000,24.107478,24.406826,23.768217,23.92787,39689,0
VBX.DE,D,20180115,000000,24.147391,24.327,23.947826,24.227217,21399,0
VBX.DE,D,20180116,000000,24.546522,25.344783,24.38687,25.344783,31304,0
VBX.DE,D,20180117,000000,25.085348,25.085348,24.067565,24.067565,18511,0
VBX.DE,D,20180118,000000,24.327,25.225043,23.947826,25.225043,32228,0
VBX.DE,D,20180119,000000,25.404652,25.404652,24.546522,24.945652,17743,0
VBX.DE,D,20180122,000000,25.324826,25.324826,24.38687,24.706174,27561,0
VBX.DE,D,20180123,000000,24.686217,24.746087,23.80813,24.187304,31849,0
VBX.DE,D,20180124,000000,24.327,24.327,23.568652,23.588609,40380,0
VBX.DE,D,20180125,000000,23.568652,23.92787,23.369087,23.46887,14790,0
VBX.DE,D,20180126,000000,23.34913,23.788174,23.109652,23.109652,39114,0
VBX.DE,D,20180129,000000,24.287087,26.302696,24.047609,25.943478,122440,0
VBX.DE,D,20180130,000000,25.704,26.282739,25.684043,25.803783,73629,0
VBX.DE,D,20180131,000000,26.10313,26.143043,25.145217,25.264957,70439,0
VBX.DE,D,20180201,000000,25.444565,26.342609,24.905739,26.063217,49436,0
VBX.DE,D,20180202,000000,26.063217,26.202913,25.743913,25.943478,24101,0
VBX.DE,D,20180205,000000,25.743913,26.242826,25.424609,25.444565,34626,0
VBX.DE,D,20180206,000000,24.825913,24.84587,23.768217,24.366913,38301,0
VBX.DE,D,20180207,000000,24.546522,25.723957,24.466696,25.344783,26014,0
VBX.DE,D,20180208,000000,25.524391,25.584261,23.868,23.947826,41841,0
VBX.DE,D,20180209,000000,24.107478,24.446739,23.548696,24.327,19485,0
VBX.DE,D,20180212,000000,24.84587,25.18513,24.307043,24.486652,23718,0
VBX.DE,D,20180213,000000,24.666261,24.965609,24.167348,24.865826,16645,0
VBX.DE,D,20180214,000000,24.865826,25.125261,24.506609,24.706174,15365,0
VBX.DE,D,20180215,000000,24.985565,25.803783,24.885783,25.64413,19607,0
VBX.DE,D,20180216,000000,25.464522,25.76387,24.546522,24.546522,17869,0
VBX.DE,D,20180219,000000,24.925696,24.945652,24.706174,24.706174,6700,0
VBX.DE,D,20180220,000000,25.145217,25.145217,24.406826,24.466696,10939,0
VBX.DE,D,20180221,000000,24.307043,24.825913,24.187304,24.586435,11619,0
VBX.DE,D,20180222,000000,24.446739,25.065391,23.987739,24.766043,27204,0
VBX.DE,D,20180223,000000,25.065391,25.245,24.825913,25.085348,11318,0
VBX.DE,D,20180226,000000,25.065391,25.64413,24.805957,25.544348,16980,0
VBX.DE,D,20180227,000000,25.444565,25.823739,25.344783,25.404652,11367,0
VBX.DE,D,20180228,000000,25.344783,25.404652,24.766043,24.945652,24070,0
VBX.DE,D,20180301,000000,24.965609,25.205087,24.446739,24.646304,26604,0
VBX.DE,D,20180302,000000,24.626348,24.626348,23.848043,23.907913,11810,0
VBX.DE,D,20180305,000000,23.967783,25.424609,23.868,25.384696,19271,0
VBX.DE,D,20180306,000000,25.464522,25.704,24.945652,24.965609,14048,0
VBX.DE,D,20180307,000000,25.125261,25.125261,24.406826,24.446739,25299,0
VBX.DE,D,20180308,000000,24.526565,24.546522,24.087522,24.087522,21640,0
VBX.DE,D,20180309,000000,24.227217,24.506609,23.907913,24.147391,32661,0
VBX.DE,D,20180312,000000,24.187304,24.925696,24.187304,24.506609,20168,0
VBX.DE,D,20180313,000000,25.245,26.063217,25.045435,25.145217,63830,0
VBX.DE,D,20180314,000000,25.424609,26.661913,25.165174,26.143043,63586,0
VBX.DE,D,20180315,000000,26.422435,26.941304,26.143043,26.522217,37741,0
VBX.DE,D,20180316,000000,26.482304,26.542174,25.863652,26.22287,36445,0
VBX.DE,D,20180319,000000,26.242826,26.242826,25.743913,26.043261,22171,0
VBX.DE,D,20180320,000000,26.143043,26.143043,25.145217,25.564304,24513,0
VBX.DE,D,20180321,000000,25.564304,26.143043,25.544348,25.943478,41555,0
VBX.DE,D,20180322,000000,25.883609,25.943478,24.766043,24.766043,21465,0
VBX.DE,D,20180323,000000,25.444565,25.444565,23.34913,23.548696,85857,0
VBX.DE,D,20180326,000000,23.708348,23.708348,22.730478,22.850217,59011,0
VBX.DE,D,20180327,000000,23.249348,23.907913,23.069739,23.448913,34499,0
VBX.DE,D,20180328,000000,23.528739,23.568652,22.451087,22.989913,27287,0
VBX.DE,D,20180329,000000,23.029826,23.329174,22.251522,22.670609,29190,0
VBX.DE,D,20180403,000000,22.530913,22.710522,21.692739,21.952174,42275,0
VBX.DE,D,20180404,000000,22.191652,22.191652,20.196,20.555217,97511,0
VBX.DE,D,20180405,000000,21.05413,22.391217,21.05413,21.712696,97060,0
VBX.DE,D,20180406,000000,21.952174,21.97213,20.71487,21.433304,44006,0
VBX.DE,D,20180409,000000,21.453261,22.451087,21.273652,21.353478,24473,0
VBX.DE,D,20180410,000000,21.453261,21.712696,20.974304,21.712696,34906,0
VBX.DE,D,20180411,000000,21.832435,22.251522,21.05413,21.133957,24312,0
VBX.DE,D,20180412,000000,20.974304,21.273652,20.235913,20.59513,46220,0
VBX.DE,D,20180413,000000,20.435478,21.05413,19.856739,20.25587,52054,0
VBX.DE,D,20180416,000000,20.515304,20.655,20.335696,20.335696,11230,0
VBX.DE,D,20180417,000000,20.395565,21.114,20.375609,20.954348,19747,0
VBX.DE,D,20180418,000000,21.074087,22.451087,21.074087,22.211609,27900,0
VBX.DE,D,20180419,000000,22.510957,22.95,22.510957,22.630696,22205,0
VBX.DE,D,20180420,000000,22.750435,22.770391,21.533087,21.533087,17654,0
VBX.DE,D,20180423,000000,21.493174,22.09187,21.493174,22.032,14260,0
VBX.DE,D,20180424,000000,22.09187,22.95,22.051957,22.650652,23545,0
VBX.DE,D,20180425,000000,22.331348,22.510957,22.09187,22.151739,20343,0
VBX.DE,D,20180426,000000,22.131783,22.211609,21.97213,21.97213,14384,0
VBX.DE,D,20180427,000000,21.97213,22.051957,21.892304,21.892304,23093,0
VBX.DE,D,20180430,000000,21.792522,22.051957,21.772565,21.772565,9381,0
VBX.DE,D,20180502,000000,21.872348,22.610739,21.872348,22.311391,18585,0
VBX.DE,D,20180503,000000,22.750435,22.830261,22.251522,22.451087,25716,0
VBX.DE,D,20180504,000000,22.43113,22.830261,21.872348,22.451087,24157,0
VBX.DE,D,20180507,000000,22.451087,23.80813,22.43113,23.528739,44188,0
VBX.DE,D,20180508,000000,23.648478,24.167348,23.109652,23.149565,34268,0
VBX.DE,D,20180509,000000,23.309217,23.548696,23.049783,23.369087,13549,0
VBX.DE,D,20180510,000000,23.389043,23.548696,23.209435,23.428957,6408,0
VBX.DE,D,20180511,000000,23.548696,23.548696,23.369087,23.389043,11397,0
VBX.DE,D,20180514,000000,23.448913,24.446739,23.209435,24.346957,54515,0
VBX.DE,D,20180515,000000,24.187304,24.327,22.690565,23.448913,38299,0
VBX.DE,D,20180516,000000,23.608565,23.92787,23.448913,23.46887,22410,0
VBX.DE,D,20180517,000000,23.608565,24.047609,23.448913,23.92787,20364,0
VBX.DE,D,20180518,000000,23.947826,24.107478,23.728304,23.967783,5073,0
VBX.DE,D,20180522,000000,23.887957,24.067565,23.788174,23.92787,4858,0
VBX.DE,D,20180523,000000,23.868,24.047609,23.648478,23.887957,18470,0
VBX.DE,D,20180524,000000,23.828087,24.227217,23.748261,24.067565,13544,0
VBX.DE,D,20180525,000000,24.127435,24.247174,23.648478,23.648478,24555,0
VBX.DE,D,20180528,000000,23.967783,23.967783,23.548696,23.648478,17329,0
VBX.DE,D,20180529,000000,23.648478,23.887957,22.95,23.069739,35405,0
VBX.DE,D,20180530,000000,23.069739,23.329174,22.95,23.049783,5088,0
VBX.DE,D,20180531,000000,23.189478,23.189478,22.650652,22.750435,12603,0
VBX.DE,D,20180601,000000,22.491,22.491,22.171696,22.451087,9132,0
VBX.DE,D,20180604,000000,22.610739,23.628522,22.610739,23.448913,13114,0
VBX.DE,D,20180605,000000,23.448913,23.848043,23.448913,23.688391,6651,0
VBX.DE,D,20180606,000000,23.848043,24.147391,23.568652,24.147391,7472,0
VBX.DE,D,20180607,000000,23.987739,24.84587,23.947826,24.766043,37986,0
VBX.DE,D,20180608,000000,24.84587,25.045435,23.887957,24.84587,28113,0
VBX.DE,D,20180611,000000,24.825913,24.825913,24.167348,24.446739,15597,0
VBX.DE,D,20180612,000000,24.446739,25.145217,24.446739,24.686217,19126,0
VBX.DE,D,20180613,000000,24.646304,24.706174,24.307043,24.686217,7839,0
VBX.DE,D,20180614,000000,24.486652,24.945652,24.446739,24.586435,12117,0
VBX.DE,D,20180615,000000,24.72613,24.72613,23.448913,23.588609,16172,0
VBX.DE,D,20180618,000000,23.46887,23.668435,22.111826,22.151739,54338,0
VBX.DE,D,20180619,000000,22.071913,22.211609,21.533087,21.892304,34803,0
VBX.DE,D,20180620,000000,21.952174,22.391217,21.772565,21.772565,18581,0
VBX.DE,D,20180621,000000,21.952174,22.151739,21.393391,21.393391,18550,0
VBX.DE,D,20180622,000000,21.712696,21.852391,21.114,21.273652,15345,0
VBX.DE,D,20180625,000000,21.433304,21.493174,20.655,20.655,6634,0
VBX.DE,D,20180626,000000,20.934391,20.934391,20.335696,20.335696,13536,0
VBX.DE,D,20180627,000000,20.435478,20.515304,19.766935,20.295783,29977,0
VBX.DE,D,20180628,000000,20.016391,20.13613,19.67713,19.876696,17896,0
VBX.DE,D,20180629,000000,19.856739,21.333522,19.806848,20.355652,75425,0
VBX.DE,D,20180702,000000,20.495348,21.05413,20.036348,20.275826,24066,0
VBX.DE,D,20180703,000000,20.295783,20.455435,20.076261,20.375609,16256,0
VBX.DE,D,20180704,000000,20.455435,20.455435,19.996435,20.25587,31411,0
VBX.DE,D,20180705,000000,20.156087,20.156087,19.457609,19.457609,41803,0
VBX.DE,D,20180706,000000,19.557391,19.657174,18.998609,19.317913,32541,0
VBX.DE,D,20180709,000000,20.156087,20.475391,19.208152,19.647196,83794,0
VBX.DE,D,20180710,000000,19.766935,20.335696,19.766935,19.926587,10667,0
VBX.DE,D,20180711,000000,20.056304,20.056304,19.537435,19.647196,10150,0
VBX.DE,D,20180712,000000,19.766935,19.766935,18.509674,19.248065,42362,0
VBX.DE,D,20180713,000000,18.958696,19.397739,18.599478,18.838957,74214,0
VBX.DE,D,20180716,000000,18.948717,18.978652,18.000783,18.010761,28305,0
VBX.DE,D,20180717,000000,18.020739,18.679304,17.6715,18.599478,39952,0
VBX.DE,D,20180718,000000,18.75913,19.647196,18.75913,19.607283,26602,0
VBX.DE,D,20180719,000000,19.637217,19.637217,19.21813,19.457609,21887,0
VBX.DE,D,20180720,000000,19.457609,19.457609,19.10837,19.158261,17688,0
VBX.DE,D,20180723,000000,19.188196,19.297957,18.828978,19.168239,19088,0
VBX.DE,D,20180724,000000,19.21813,20.096217,19.21813,19.956522,27786,0
VBX.DE,D,20180725,000000,19.956522,21.63287,19.836783,21.433304,59500,0
VBX.DE,D,20180726,000000,21.612913,22.051957,21.533087,21.792522,32307,0
VBX.DE,D,20180727,000000,21.63287,21.672783,21.233739,21.273652,14742,0
VBX.DE,D,20180730,000000,21.153913,21.493174,20.954348,21.253696,9551,0
VBX.DE,D,20180731,000000,21.273652,21.273652,20.535261,20.974304,14703,0
VBX.DE,D,20180801,000000,21.094043,21.233739,19.786891,19.836783,18873,0
VBX.DE,D,20180802,000000,19.756957,19.956522,19.467587,19.667152,16935,0
VBX.DE,D,20180803,000000,19.67713,19.756957,19.577348,19.627239,10439,0
VBX.DE,D,20180806,000000,19.577348,20.355652,19.577348,20.13613,12639,0
VBX.DE,D,20180807,000000,19.996435,20.475391,19.866717,20.235913,6220,0
VBX.DE,D,20180808,000000,20.295783,20.495348,19.946543,19.946543,17420,0
VBX.DE,D,20180809,000000,19.926587,19.996435,19.44763,19.457609,18485,0
VBX.DE,D,20180810,000000,19.367804,19.667152,18.779087,18.799043,16883,0
VBX.DE,D,20180813,000000,18.789065,19.248065,18.789065,18.888848,15565,0
VBX.DE,D,20180814,000000,19.088413,19.996435,18.978652,19.856739,21965,0
VBX.DE,D,20180815,000000,20.016391,20.016391,18.858913,19.5075,20825,0
VBX.DE,D,20180816,000000,19.547413,20.395565,19.427674,19.996435,23543,0
VBX.DE,D,20180817,000000,19.916609,20.156087,19.208152,19.208152,13240,0
VBX.DE,D,20180820,000000,19.647196,19.647196,18.868891,19.10837,24266,0
VBX.DE,D,20180821,000000,20.375609,21.014217,20.056304,20.575174,58555,0
VBX.DE,D,20180822,000000,20.71487,21.812478,20.375609,21.612913,41022,0
VBX.DE,D,20180823,000000,21.752609,22.451087,21.393391,22.331348,51991,0
VBX.DE,D,20180824,000000,22.43113,23.448913,22.351304,23.00987,68050,0
VBX.DE,D,20180827,000000,23.409,23.828087,22.969957,23.00987,28759,0
VBX.DE,D,20180828,000000,23.269304,23.269304,22.95,23.089696,23592,0
VBX.DE,D,20180829,000000,23.249348,23.249348,22.95,22.989913,11477,0
VBX.DE,D,20180830,000000,22.95,23.688391,22.89013,23.448913,15580,0
VBX.DE,D,20180831,000000,23.628522,23.768217,23.209435,23.448913,25839,0
VBX.DE,D,20180903,000000,23.628522,23.628522,22.969957,23.069739,4901,0
VBX.DE,D,20180904,000000,23.209435,23.428957,22.969957,22.989913,6706,0
VBX.DE,D,20180905,000000,23.249348,23.249348,22.171696,22.351304,29733,0
VBX.DE,D,20180906,000000,22.151739,22.55087,22.111826,22.131783,10549,0
VBX.DE,D,20180907,000000,22.271478,22.371261,21.453261,21.473217,10030,0
VBX.DE,D,20180910,000000,21.313565,21.592957,21.213783,21.213783,9164,0
VBX.DE,D,20180911,000000,21.17387,21.612913,21.153913,21.153913,6477,0
VBX.DE,D,20180912,000000,21.014217,21.014217,20.475391,20.555217,12204,0
VBX.DE,D,20180913,000000,20.535261,20.954348,20.375609,20.535261,21782,0
VBX.DE,D,20180914,000000,20.734826,21.05413,20.655,20.655,7119,0
VBX.DE,D,20180917,000000,20.794696,20.794696,20.395565,20.435478,4349,0
VBX.DE,D,20180918,000000,20.59513,20.754783,20.315739,20.455435,6470,0
VBX.DE,D,20180919,000000,20.59513,20.754783,20.156087,20.25587,28729,0
VBX.DE,D,20180920,000000,20.495348,20.495348,19.33787,19.657174,40275,0
VBX.DE,D,20180921,000000,19.746978,20.655,19.697087,20.375609,28690,0
VBX.DE,D,20180924,000000,20.515304,20.515304,19.856739,20.096217,15175,0
VBX.DE,D,20180925,000000,19.856739,20.096217,19.727022,19.956522,12408,0
VBX.DE,D,20180926,000000,19.956522,20.116174,19.806848,19.976478,4534,0
VBX.DE,D,20180927,000000,19.896652,20.016391,19.756957,19.976478,9912,0
VBX.DE,D,20180928,000000,19.976478,20.375609,19.836783,19.956522,11737,0
VBX.DE,D,20181001,000000,20.176043,20.455435,19.946543,20.016391,26439,0
VBX.DE,D,20181002,000000,19.946543,20.156087,19.657174,20.156087,20221,0
VBX.DE,D,20181004,000000,20.076261,20.076261,19.487543,19.737,14966,0
VBX.DE,D,20181005,000000,19.647196,19.657174,19.357826,19.457609,12010,0
VBX.DE,D,20181008,000000,19.597304,19.597304,17.751326,17.96087,72644,0
VBX.DE,D,20181009,000000,18.36,18.36,17.412065,17.691457,48583,0
VBX.DE,D,20181010,000000,17.96087,18.030717,17.162609,17.442,36227,0
VBX.DE,D,20181011,000000,16.973022,17.442,15.955239,17.2125,84996,0
VBX.DE,D,20181012,000000,17.262391,17.751326,16.623783,16.81337,48527,0
VBX.DE,D,20181015,000000,16.563913,17.15263,16.563913,16.953065,14839,0
VBX.DE,D,20181016,000000,16.823348,17.262391,16.484087,17.072804,46213,0
VBX.DE,D,20181017,000000,17.112717,17.262391,16.114891,16.424217,82500,0
VBX.DE,D,20181018,000000,16.454152,16.653717,15.995152,15.995152,12778,0
VBX.DE,D,20181019,000000,16.12487,16.12487,14.807739,14.937457,79723,0
VBX.DE,D,20181022,000000,15.007304,15.566087,14.907522,15.456326,29282,0
VBX.DE,D,20181023,000000,15.31663,15.43637,14.897543,15.077152,22995,0
VBX.DE,D,20181024,000000,15.097109,15.196891,13.979543,14.847652,47759,0
VBX.DE,D,20181025,000000,14.578239,15.975196,14.568261,15.66587,31161,0
VBX.DE,D,20181026,000000,15.596022,15.8355,14.678022,15.156978,28649,0
VBX.DE,D,20181029,000000,15.216848,15.466304,14.927478,15.216848,35103,0
VBX.DE,D,20181030,000000,15.356543,15.356543,14.85763,15.216848,17526,0
VBX.DE,D,20181031,000000,15.236804,16.344391,15.236804,15.915326,70950,0
VBX.DE,D,20181101,000000,15.975196,16.963043,15.975196,16.613804,34761,0
VBX.DE,D,20181102,000000,16.743522,17.61163,16.733543,17.232457,66982,0
VBX.DE,D,20181105,000000,17.27237,18.07063,17.27237,17.980826,25342,0
VBX.DE,D,20181106,000000,18.30013,18.75913,18.240261,18.75913,24833,0
VBX.DE,D,20181107,000000,19.627239,19.856739,19.158261,19.417696,36352,0
VBX.DE,D,20181108,000000,19.357826,19.557391,18.838957,19.397739,33129,0
VBX.DE,D,20181109,000000,19.477565,19.487543,18.799043,18.87887,15025,0
VBX.DE,D,20181112,000000,18.968674,19.038522,18.07063,18.310109,19038,0
VBX.DE,D,20181113,000000,18.439826,18.64937,16.963043,17.142652,30800,0
VBX.DE,D,20181114,000000,17.2125,17.262391,16.154804,16.154804,57123,0
VBX.DE,D,20181115,000000,16.414239,16.414239,13.690174,14.39863,196986,0
VBX.DE,D,20181116,000000,14.62813,15.147,14.009478,14.528348,96772,0
VBX.DE,D,20181119,000000,14.468478,14.697978,13.470652,13.60037,80272,0
VBX.DE,D,20181120,000000,13.460674,13.909696,12.871957,13.700152,134777,0
VBX.DE,D,20181121,000000,13.809913,14.079326,13.231174,13.77,67608,0
VBX.DE,D,20181122,000000,13.77,13.869783,13.241152,13.430739,40174,0
VBX.DE,D,20181123,000000,13.530522,13.799935,13.181283,13.380848,30559,0
VBX.DE,D,20181126,000000,13.340935,13.510565,12.832043,12.991696,34419,0
VBX.DE,D,20181127,000000,12.991696,13.171304,11.953957,12.043761,98079,0
VBX.DE,D,20181128,000000,12.133565,12.263283,11.175652,11.714478,139961,0
VBX.DE,D,20181129,000000,11.814261,12.632478,11.794304,12.632478,86023,0
VBX.DE,D,20181130,000000,12.891913,12.971739,12.522717,12.971739,33812,0
VBX.DE,D,20181203,000000,13.211217,13.779978,13.041587,13.620326,31660,0
VBX.DE,D,20181204,000000,13.610348,13.610348,11.983891,12.472826,52780,0
VBX.DE,D,20181205,000000,12.383022,13.061543,12.303196,13.031609,27121,0
VBX.DE,D,20181206,000000,12.901891,13.121413,12.532696,12.532696,51915,0
VBX.DE,D,20181207,000000,12.542674,12.852,11.475,11.674565,31767,0
VBX.DE,D,20181210,000000,11.76437,11.76437,11.085848,11.455043,28319,0
VBX.DE,D,20181211,000000,11.435087,11.584761,11.30537,11.455043,28073,0
VBX.DE,D,20181212,000000,11.475,11.494957,10.926196,11.055913,28218,0
VBX.DE,D,20181213,000000,11.135739,11.255478,10.866326,11.035957,32153,0
VBX.DE,D,20181214,000000,10.996043,11.07587,10.746587,10.766543,13860,0
VBX.DE,D,20181217,000000,10.84637,10.84637,9.978261,10.377391,35175,0
VBX.DE,D,20181218,000000,10.287587,10.7865,10.177826,10.636826,33467,0
VBX.DE,D,20181219,000000,10.557,11.554826,10.557,11.365239,43938,0
VBX.DE,D,20181220,000000,11.375217,11.53487,10.776522,10.916217,34598,0
VBX.DE,D,20181221,000000,10.826413,11.035957,10.566978,10.976087,31669,0
VBX.DE,D,20181227,000000,11.025978,11.255478,10.676739,10.876304,30617,0
VBX.DE,D,20181228,000000,10.866326,12.22337,10.866326,12.22337,36792,0
VBX.DE,D,20190102,000000,11.973913,12.402978,11.774348,11.934,19487,0
VBX.DE,D,20190103,000000,12.073696,12.093652,11.774348,11.87413,12751,0
VBX.DE,D,20190104,000000,12.003848,12.542674,11.87413,11.87413,44211,0
VBX.DE,D,20190107,000000,12.033783,12.193435,11.774348,11.824239,14263,0
VBX.DE,D,20190108,000000,11.854174,12.492783,11.824239,12.093652,19691,0
VBX.DE,D,20190109,000000,12.233348,13.051565,12.133565,12.672391,24056,0
VBX.DE,D,20190110,000000,12.732261,12.951783,12.283239,12.313174,7678,0
VBX.DE,D,20190111,000000,12.45287,12.642457,11.794304,11.914043,12720,0
VBX.DE,D,20190114,000000,12.063717,12.063717,11.814261,11.884109,2200,0
VBX.DE,D,20190115,000000,11.963935,12.1635,11.924022,12.123587,25625,0
VBX.DE,D,20190116,000000,11.983891,12.822065,11.983891,12.582587,13435,0
VBX.DE,D,20190117,000000,12.732261,13.061543,12.492783,12.951783,25842,0
VBX.DE,D,20190118,000000,12.991696,13.271087,12.921848,13.261109,25946,0
VBX.DE,D,20190121,000000,13.420761,13.740065,13.201239,13.470652,17465,0
VBX.DE,D,20190122,000000,13.570435,13.570435,12.971739,13.121413,9521,0
VBX.DE,D,20190123,000000,13.25113,13.25113,12.482804,12.692348,27022,0
VBX.DE,D,20190124,000000,12.822065,13.460674,12.822065,13.430739,7035,0
VBX.DE,D,20190125,000000,13.430739,13.560457,12.68237,12.68237,25598,0
VBX.DE,D,20190128,000000,12.921848,13.041587,12.33313,12.412957,19088,0
VBX.DE,D,20190129,000000,12.283239,12.402978,11.774348,11.774348,29888,0
VBX.DE,D,20190130,000000,11.87413,12.712304,11.654609,12.632478,43717,0
VBX.DE,D,20190131,000000,12.672391,13.071522,12.412957,12.832043,24194,0
VBX.DE,D,20190201,000000,12.951783,13.161326,12.173478,12.22337,54355,0
VBX.DE,D,20190204,000000,12.383022,12.383022,11.145717,11.255478,73948,0
VBX.DE,D,20190205,000000,11.165674,11.465022,10.986065,11.125761,32505,0
VBX.DE,D,20190206,000000,11.255478,11.445065,10.976087,10.976087,26829,0
VBX.DE,D,20190207,000000,11.18563,11.275435,10.806457,10.866326,32975,0
VBX.DE,D,20190208,000000,10.976087,11.175652,10.776522,11.095826,20937,0
VBX.DE,D,20190211,000000,11.215565,11.684543,10.806457,10.84637,33934,0
VBX.DE,D,20190212,000000,10.836391,11.025978,10.746587,10.776522,17557,0
VBX.DE,D,20190213,000000,10.836391,10.966109,10.377391,10.576957,21372,0
VBX.DE,D,20190214,000000,10.576957,11.295391,10.576957,10.926196,48568,0
VBX.DE,D,20190215,000000,10.866326,11.2455,10.636826,11.085848,26249,0
VBX.DE,D,20190218,000000,11.18563,11.574783,11.18563,11.41513,49150,0
VBX.DE,D,20190219,000000,11.285413,11.365239,10.886283,10.976087,18746,0
VBX.DE,D,20190220,000000,11.085848,11.205587,10.876304,11.125761,50546,0
VBX.DE,D,20190221,000000,11.275435,11.30537,10.7865,10.976087,37629,0
VBX.DE,D,20190222,000000,11.125761,11.125761,10.796478,10.976087,11225,0
VBX.DE,D,20190225,000000,10.966109,11.295391,10.84637,11.07587,25924,0
VBX.DE,D,20190226,000000,11.105804,11.105804,10.836391,10.896261,18331,0
VBX.DE,D,20190227,000000,11.025978,11.095826,10.926196,11.016,12442,0
VBX.DE,D,20190228,000000,10.986065,11.065891,10.7865,11.006022,12160,0
VBX.DE,D,20190301,000000,11.085848,11.425109,10.976087,11.07587,22777,0
VBX.DE,D,20190304,000000,11.18563,12.363065,11.18563,12.1635,42225,0
VBX.DE,D,20190305,000000,12.283239,12.802109,12.003848,12.632478,29310,0
VBX.DE,D,20190306,000000,12.652435,12.652435,12.073696,12.33313,19417,0
VBX.DE,D,20190307,000000,12.203413,13.570435,11.884109,13.211217,49299,0
VBX.DE,D,20190308,000000,13.311,13.590391,12.56263,12.772174,91425,0
VBX.DE,D,20190311,000000,12.921848,13.490609,12.822065,13.071522,55223,0
VBX.DE,D,20190312,000000,13.440717,15.216848,13.440717,14.9175,133250,0
VBX.DE,D,20190313,000000,14.967391,16.164783,14.668043,16.164783,149587,0
VBX.DE,D,20190314,000000,16.314457,16.314457,15.067174,15.396457,53320,0
VBX.DE,D,20190315,000000,15.965217,16.434196,15.296674,16.364348,66883,0
VBX.DE,D,20190318,000000,16.174761,17.2125,16.025087,16.104913,62029,0
VBX.DE,D,20190319,000000,16.364348,16.623783,14.967391,15.456326,54756,0
VBX.DE,D,20190320,000000,15.645913,16.46413,15.216848,16.154804,35243,0
VBX.DE,D,20190321,000000,16.204696,16.214674,15.466304,15.685826,28187,0
VBX.DE,D,20190322,000000,15.556109,16.045043,14.987348,15.117065,22006,0
VBX.DE,D,20190325,000000,14.997326,15.526174,14.897543,15.256761,16807,0
VBX.DE,D,20190326,000000,15.346565,16.104913,15.31663,15.965217,52172,0
VBX.DE,D,20190327,000000,16.154804,16.184739,15.635935,15.635935,34028,0
VBX.DE,D,20190328,000000,15.655891,15.66587,15.166957,15.216848,12466,0
VBX.DE,D,20190329,000000,15.396457,15.725739,15.216848,15.386478,20616,0
VBX.DE,D,20190401,000000,16.284522,16.623783,15.606,16.104913,43768,0
VBX.DE,D,20190402,000000,16.264565,16.304478,15.127043,15.266739,51328,0
VBX.DE,D,20190403,000000,15.446348,16.00513,14.787783,14.967391,69842,0
VBX.DE,D,20190404,000000,15.107087,15.825522,15.107087,15.466304,45128,0
VBX.DE,D,20190405,000000,15.625957,15.805565,14.807739,14.907522,44759,0
VBX.DE,D,20190408,000000,14.807739,15.466304,14.528348,14.648087,32712,0
VBX.DE,D,20190409,000000,14.648087,14.947435,14.368696,14.488435,31908,0
VBX.DE,D,20190410,000000,14.568261,14.74787,14.16913,14.74787,38724,0
VBX.DE,D,20190411,000000,14.887565,15.486261,14.887565,15.20687,19008,0
VBX.DE,D,20190412,000000,15.386478,15.705783,15.027261,15.586043,23429,0
VBX.DE,D,20190415,000000,15.705783,15.845478,15.506217,15.785609,18427,0
VBX.DE,D,20190416,000000,15.825522,15.825522,15.386478,15.566087,13005,0
VBX.DE,D,20190417,000000,15.745696,15.865435,15.246783,15.625957,26720,0
VBX.DE,D,20190418,000000,15.785609,16.065,15.625957,15.905348,30785,0
VBX.DE,D,20190423,000000,15.965217,16.045043,15.685826,15.905348,15515,0
VBX.DE,D,20190424,000000,15.945261,15.965217,15.685826,15.965217,20834,0
VBX.DE,D,20190425,000000,15.965217,17.122696,15.965217,16.324435,64162,0
VBX.DE,D,20190426,000000,16.524,16.763478,15.08713,15.725739,46415,0
VBX.DE,D,20190429,000000,15.825522,15.825522,15.466304,15.586043,13183,0
VBX.DE,D,20190430,000000,15.466304,16.065,15.426391,15.66587,29814,0
VBX.DE,D,20190502,000000,15.66587,15.66587,15.186913,15.226826,24880,0
VBX.DE,D,20190503,000000,15.246783,15.366522,15.107087,15.147,18405,0
VBX.DE,D,20190506,000000,14.867609,15.107087,10.776522,11.275435,335627,0
VBX.DE,D,20190507,000000,12.173478,13.25113,11.814261,12.812087,221221,0
VBX.DE,D,20190508,000000,13.091478,14.16913,12.891913,13.25113,67992,0
VBX.DE,D,20190509,000000,13.390826,14.049391,13.350913,13.809913,36678,0
VBX.DE,D,20190510,000000,13.889739,14.907522,13.650261,14.608174,54471,0
VBX.DE,D,20190513,000000,14.947435,15.506217,14.428565,14.827696,81209,0
VBX.DE,D,20190514,000000,14.707957,14.927478,14.408609,14.668043,24326,0
VBX.DE,D,20190515,000000,14.827696,14.927478,13.989522,13.989522,28884,0
VBX.DE,D,20190516,000000,13.969565,14.149174,13.77,13.77,13502,0
VBX.DE,D,20190517,000000,13.94,14.06,13.68,13.78,8144,0
VBX.DE,D,20190520,000000,13.96,13.96,12.8,12.8,34920,0
VBX.DE,D,20190521,000000,12.9,13.18,12.66,12.86,42194,0
VBX.DE,D,20190522,000000,13.2,13.2,12.74,12.8,25718,0
VBX.DE,D,20190523,000000,12.84,12.92,12.64,12.76,8189,0
VBX.DE,D,20190524,000000,12.8,12.88,12.48,12.52,11660,0
VBX.DE,D,20190527,000000,12.68,13.14,12.52,13.14,25906,0
VBX.DE,D,20190528,000000,13.22,13.32,13.1,13.2,6681,0
VBX.DE,D,20190529,000000,13.06,13.1,12.82,12.98,10359,0
VBX.DE,D,20190530,000000,13.06,13.12,12.94,12.94,775,0
VBX.DE,D,20190531,000000,12.84,12.92,12.68,12.92,7788,0
VBX.DE,D,20190603,000000,13.02,13.24,12.64,12.9,21487,0
VBX.DE,D,20190604,000000,12.98,13.76,12.98,13.12,13805,0
VBX.DE,D,20190605,000000,13.32,13.4,12.98,12.98,9988,0
VBX.DE,D,20190606,000000,13.1,14.02,13.1,13.72,21666,0
VBX.DE,D,20190607,000000,13.84,14.26,13.84,13.9,21504,0
VBX.DE,D,20190611,000000,13.88,14.48,13.58,14.4,26430,0
VBX.DE,D,20190612,000000,14.52,14.7,14.32,14.38,22217,0
VBX.DE,D,20190613,000000,14.5,14.72,14.04,14.04,11969,0
VBX.DE,D,20190614,000000,14.02,14.14,13.42,14,21091,0
VBX.DE,D,20190617,000000,13.88,14.04,13.46,13.62,13884,0
VBX.DE,D,20190618,000000,13.46,13.64,13.46,13.46,7192,0
VBX.DE,D,20190619,000000,13.62,13.66,13.5,13.5,4415,0
VBX.DE,D,20190620,000000,13.56,13.7,13.44,13.6,4537,0
VBX.DE,D,20190621,000000,13.68,13.68,13.4,13.58,6768,0
VBX.DE,D,20190624,000000,13.68,14.1,13.42,13.8,35603,0
VBX.DE,D,20190625,000000,13.82,14.28,13.8,13.8,25552,0
VBX.DE,D,20190626,000000,13.68,14.28,13.68,14.14,6614,0
VBX.DE,D,20190627,000000,14.28,14.76,14.2,14.68,41229,0
VBX.DE,D,20190628,000000,14.58,14.8,14.28,14.46,31483,0
VBX.DE,D,20190701,000000,14.58,15,14.58,14.86,19712,0
VBX.DE,D,20190702,000000,14.9,14.9,14.2,14.38,15600,0
VBX.DE,D,20190703,000000,14.26,14.26,13.72,13.98,23559,0
VBX.DE,D,20190704,000000,13.88,14.34,13.88,13.98,20409,0
VBX.DE,D,20190705,000000,14.14,14.3,13.6,13.62,42324,0
VBX.DE,D,20190708,000000,13.5,13.74,12.48,12.82,77009,0
VBX.DE,D,20190709,000000,12.74,12.84,12.5,12.5,34089,0
VBX.DE,D,20190710,000000,12.6,13.26,12.5,13.2,13221,0
VBX.DE,D,20190711,000000,13.26,13.3,13.06,13.1,3304,0
VBX.DE,D,20190712,000000,13.04,13.1,12.48,12.48,33933,0
VBX.DE,D,20190715,000000,12.54,12.78,12.5,12.78,8715,0
VBX.DE,D,20190716,000000,12.98,13.06,12.7,12.94,10826,0
VBX.DE,D,20190717,000000,12.84,13.06,12.8,13.02,3727,0
VBX.DE,D,20190718,000000,12.92,12.94,12.56,12.56,7150,0
VBX.DE,D,20190719,000000,12.52,13.64,12.5,13.64,31312,0
VBX.DE,D,20190722,000000,13.58,13.7,13.16,13.7,17345,0
VBX.DE,D,20190723,000000,13.4,13.7,13.18,13.3,16303,0
VBX.DE,D,20190724,000000,13.54,13.54,13.22,13.32,2534,0
VBX.DE,D,20190725,000000,13.5,13.5,13.12,13.2,4735,0
VBX.DE,D,20190726,000000,13.22,13.24,13,13.18,4267,0
VBX.DE,D,20190729,000000,13.32,13.36,13.1,13.14,3140,0
VBX.DE,D,20190730,000000,13.3,13.3,12.7,12.84,20134,0
VBX.DE,D,20190731,000000,12.9,13.06,12.08,12.54,22828,0
VBX.DE,D,20190801,000000,12.52,12.56,12.32,12.48,3047,0
VBX.DE,D,20190802,000000,12.64,13.04,12.1,12.1,25570,0
VBX.DE,D,20190805,000000,12.1,12.5,12.1,12.2,17216,0
VBX.DE,D,20190806,000000,12.36,12.44,12.04,12.22,9558,0
VBX.DE,D,20190807,000000,12.28,12.28,12.04,12.1,2046,0
VBX.DE,D,20190808,000000,12.16,12.3,12.06,12.28,6345,0
VBX.DE,D,20190809,000000,12.42,12.42,12.2,12.2,3011,0
VBX.DE,D,20190812,000000,12.22,12.34,12.2,12.28,4316,0
VBX.DE,D,20190813,000000,8.55,8.55,5.42,5.72,1107260,0
VBX.DE,D,20190814,000000,5.61,6.34,5.33,5.43,253482,0
VBX.DE,D,20190815,000000,5.74,6,5.34,5.54,106644,0
VBX.DE,D,20190816,000000,5.61,5.78,4.905,5.02,147467,0
VBX.DE,D,20190819,000000,5.13,6,5.06,5.87,125738,0
VBX.DE,D,20190820,000000,6,6.02,5.85,5.94,79313,0
VBX.DE,D,20190821,000000,6.47,7.19,6.19,6.93,350197,0
VBX.DE,D,20190822,000000,6.94,7,6.39,6.54,110422,0
VBX.DE,D,20190823,000000,6.55,6.68,6.24,6.36,32337,0
VBX.DE,D,20190826,000000,6.1,6.1,5.59,5.91,45803,0
VBX.DE,D,20190827,000000,5.81,6.14,5.8,6.07,22754,0
VBX.DE,D,20190828,000000,6.1,6.44,6.05,6.05,24221,0
VBX.DE,D,20190829,000000,6.11,6.26,5.91,5.91,20137,0
VBX.DE,D,20190830,000000,6.07,6.2,5.85,6.19,32621,0
VBX.DE,D,20190902,000000,6.25,6.25,6.08,6.23,11831,0
VBX.DE,D,20190903,000000,6.23,6.3,6.15,6.3,10501,0
VBX.DE,D,20190904,000000,6.35,6.53,6.26,6.48,24713,0
VBX.DE,D,20190905,000000,6.59,6.61,6.45,6.59,15341,0
VBX.DE,D,20190906,000000,6.69,7.19,6.69,7.19,77162,0
VBX.DE,D,20190909,000000,7.34,8.52,7.34,8.45,137938,0
VBX.DE,D,20190910,000000,8.51,9,8.4,8.83,126957,0
VBX.DE,D,20190911,000000,8.78,8.88,7.7,8.08,135157,0
VBX.DE,D,20190912,000000,8.15,8.85,8.15,8.53,115276,0
VBX.DE,D,20190913,000000,8.51,8.79,8.5,8.68,28704,0
VBX.DE,D,20190916,000000,8.59,8.6,7.93,8,54893,0
VBX.DE,D,20190917,000000,8.01,8.1,7.59,7.62,46941,0
VBX.DE,D,20190918,000000,7.61,8.26,7.44,7.8,56428,0
VBX.DE,D,20190919,000000,7.97,8.25,7.73,7.82,39505,0
VBX.DE,D,20190920,000000,7.83,7.9,7.55,7.8,32988,0
VBX.DE,D,20190923,000000,7.71,7.76,7.15,7.58,47287,0
VBX.DE,D,20190924,000000,7.62,7.62,7.32,7.35,19392,0
VBX.DE,D,20190925,000000,7.35,7.35,6.95,7.13,54881,0
VBX.DE,D,20190926,000000,7,7.09,6.91,6.91,23549,0
VBX.DE,D,20190927,000000,6.99,7,6.79,6.79,37427,0
VBX.DE,D,20190930,000000,6.77,7.1,6.35,6.72,64561,0
VBX.DE,D,20191001,000000,6.79,7.3,6.79,7.3,50608,0
VBX.DE,D,20191002,000000,7.2,7.48,6.95,7,18688,0
VBX.DE,D,20191004,000000,7.1,7.48,6.8,7.48,30833,0
VBX.DE,D,20191007,000000,7.3,7.61,7.26,7.43,19799,0
VBX.DE,D,20191008,000000,7.32,7.32,6.86,6.95,12862,0
VBX.DE,D,20191009,000000,7,7.14,6.93,7.05,12635,0
VBX.DE,D,20191010,000000,7.09,7.31,6.95,7.2,15402,0
VBX.DE,D,20191011,000000,7.3,7.46,7.19,7.38,28549,0
VBX.DE,D,20191014,000000,7.37,7.4,7.2,7.25,4705,0
VBX.DE,D,20191015,000000,7.37,7.37,6.96,6.99,34253,0
VBX.DE,D,20191016,000000,7.07,7.25,6.9,7.09,26407,0
VBX.DE,D,20191017,000000,7.19,7.22,6.97,6.97,16209,0
VBX.DE,D,20191018,000000,6.91,7.24,6.8,6.85,28624,0
VBX.DE,D,20191021,000000,6.88,7.33,6.8,7.3,45765,0
VBX.DE,D,20191022,000000,7.39,7.52,7.15,7.45,15068,0
VBX.DE,D,20191023,000000,7.44,7.49,7.09,7.29,16556,0
VBX.DE,D,20191024,000000,7.25,7.41,7.1,7.1,7113,0
VBX.DE,D,20191025,000000,7.19,7.22,7.01,7.07,14683,0
VBX.DE,D,20191028,000000,7.01,7.4,7.01,7.15,21309,0
VBX.DE,D,20191029,000000,7.24,7.46,7.24,7.34,19714,0
VBX.DE,D,20191030,000000,7.34,7.41,7.13,7.21,25302,0
VBX.DE,D,20191031,000000,7.09,7.3,7.09,7.24,14167,0
VBX.DE,D,20191101,000000,7.35,7.35,7.1,7.35,10833,0
VBX.DE,D,20191104,000000,7.24,7.44,7.24,7.34,21548,0
VBX.DE,D,20191105,000000,7.46,7.46,7.26,7.34,5726,0
VBX.DE,D,20191106,000000,7.43,7.49,7.26,7.42,14961,0
VBX.DE,D,20191107,000000,7.36,7.76,7.35,7.76,35623,0
VBX.DE,D,20191108,000000,7.76,7.88,7.31,7.47,37186,0
VBX.DE,D,20191111,000000,7.56,7.77,7.43,7.65,22270,0
VBX.DE,D,20191112,000000,7.54,7.91,7.49,7.9,46062,0
VBX.DE,D,20191113,000000,7.8,7.89,7.4,7.76,46325,0
VBX.DE,D,20191114,000000,7.64,7.87,7.4,7.58,33374,0
VBX.DE,D,20191115,000000,7.69,7.76,7.47,7.6,54376,0
VBX.DE,D,20191118,000000,7.61,7.67,7.45,7.5,23938,0
VBX.DE,D,20191119,000000,7.47,7.56,7.24,7.3,42952,0
VBX.DE,D,20191120,000000,7.24,7.48,7.2,7.41,25522,0
VBX.DE,D,20191121,000000,7.49,7.49,7.22,7.22,14089,0
VBX.DE,D,20191122,000000,7.25,7.36,7.16,7.31,14934,0
VBX.DE,D,20191125,000000,7.31,7.39,7.12,7.2,38829,0
VBX.DE,D,20191126,000000,7.12,7.28,7.07,7.15,14753,0
VBX.DE,D,20191127,000000,7.07,7.16,7,7.06,12234,0
VBX.DE,D,20191128,000000,7.1,7.12,7.02,7.07,8627,0
VBX.DE,D,20191129,000000,7.11,7.11,6.99,6.99,9898,0
VBX.DE,D,20191202,000000,7.01,7.13,6.9,6.91,11723,0
VBX.DE,D,20191203,000000,6.83,6.98,6.78,6.86,7620,0
VBX.DE,D,20191204,000000,6.78,6.87,6.65,6.65,12494,0
VBX.DE,D,20191205,000000,6.77,6.77,6.51,6.56,10432,0
VBX.DE,D,20191206,000000,6.54,6.78,6.54,6.75,24043,0
VBX.DE,D,20191209,000000,6.86,6.94,6.69,6.78,9734,0
VBX.DE,D,20191210,000000,6.89,6.89,6.5,6.63,14439,0
VBX.DE,D,20191211,000000,6.28,6.76,6.2,6.47,61377,0
VBX.DE,D,20191212,000000,6.35,6.52,6.12,6.13,57571,0
VBX.DE,D,20191213,000000,6.23,6.46,5.91,6.1,107932,0
VBX.DE,D,20191216,000000,6.29,6.29,6.01,6.18,38895,0
VBX.DE,D,20191217,000000,6.13,6.18,5.87,6.04,62005,0
VBX.DE,D,20191218,000000,5.98,6.01,5.5,5.71,111391,0
VBX.DE,D,20191219,000000,5.61,5.88,5.56,5.88,32832,0
VBX.DE,D,20191220,000000,5.8,5.81,5.58,5.77,19653,0
VBX.DE,D,20191223,000000,5.81,5.82,5.58,5.71,24419,0
VBX.DE,D,20191227,000000,5.75,5.75,5.6,5.67,14485,0
VBX.DE,D,20191230,000000,5.62,5.95,5.62,5.76,41389,0
VBX.DE,D,20200102,000000,5.77,6.84,5.77,6.7,90605,0
VBX.DE,D,20200103,000000,6.73,7.24,6.71,6.99,100305,0
VBX.DE,D,20200106,000000,6.9,6.98,6.46,6.57,66028,0
VBX.DE,D,20200107,000000,6.66,6.73,6.54,6.68,33463,0
VBX.DE,D,20200108,000000,6.69,6.87,6.59,6.74,28676,0
VBX.DE,D,20200109,000000,6.82,7.07,6.61,6.89,37152,0
VBX.DE,D,20200110,000000,6.89,6.92,6.78,6.8,35964,0
VBX.DE,D,20200113,000000,6.88,6.95,6.76,6.85,33569,0
VBX.DE,D,20200114,000000,6.84,7.19,6.8,7,68507,0
VBX.DE,D,20200115,000000,7.09,7.95,7.08,7.6,158897,0
VBX.DE,D,20200116,000000,7.81,8.36,7.8,7.8,149194,0
VBX.DE,D,20200117,000000,7.99,8.2,7.94,8.12,50178,0
VBX.DE,D,20200120,000000,8.26,8.8,8.25,8.8,58680,0
VBX.DE,D,20200121,000000,8.86,8.92,8.49,8.77,59249,0
VBX.DE,D,20200122,000000,8.76,8.79,8.41,8.54,35955,0
VBX.DE,D,20200123,000000,8.19,8.32,7.55,8.03,122258,0
VBX.DE,D,20200124,000000,8.09,8.28,8.01,8.1,23417,0
VBX.DE,D,20200127,000000,8.03,8.05,7.38,7.38,52798,0
VBX.DE,D,20200128,000000,7.41,7.77,7.35,7.77,22240,0
VBX.DE,D,20200129,000000,7.8,8.12,7.8,7.9,12143,0
VBX.DE,D,20200130,000000,7.8,7.83,7.4,7.46,31043,0
VBX.DE,D,20200131,000000,7.53,7.53,7.1,7.15,64576,0
VBX.DE,D,20200203,000000,7.2,7.3,6.91,7,43744,0
VBX.DE,D,20200204,000000,7,7.23,6.82,7.22,30840,0
VBX.DE,D,20200205,000000,7.55,7.67,7.44,7.46,25128,0
VBX.DE,D,20200206,000000,7.52,7.6,7.32,7.42,14133,0
VBX.DE,D,20200207,000000,7.34,7.41,7.04,7.05,20303,0
VBX.DE,D,20200210,000000,7.06,7.17,7.02,7.02,6448,0
VBX.DE,D,20200211,000000,7.16,7.56,7.15,7.25,43643,0
VBX.DE,D,20200212,000000,7.8,8.69,7.7,8.6,198331,0
VBX.DE,D,20200213,000000,8.3,8.4,8.09,8.13,43229,0
VBX.DE,D,20200214,000000,8.22,8.37,8.14,8.26,13254,0
VBX.DE,D,20200217,000000,8.35,8.37,8.14,8.2,18863,0
VBX.DE,D,20200218,000000,8.19,8.19,7.77,7.9,44975,0
VBX.DE,D,20200219,000000,7.97,8.2,7.89,8.15,27050,0
VBX.DE,D,20200220,000000,8.01,8.04,7.79,7.88,39355,0
VBX.DE,D,20200221,000000,7.88,7.88,7.53,7.53,36636,0
VBX.DE,D,20200224,000000,7.45,7.45,6.93,6.93,74454,0
VBX.DE,D,20200225,000000,6.98,7,6.84,6.88,31058,0
VBX.DE,D,20200226,000000,6.8,6.81,6.31,6.5,79380,0
VBX.DE,D,20200227,000000,6.35,6.62,5.98,6.01,38167,0
VBX.DE,D,20200228,000000,5.84,6.23,5.6,5.95,66947,0
VBX.DE,D,20200302,000000,6.32,6.4,5.69,5.88,54036,0
VBX.DE,D,20200303,000000,5.93,6.2,5.47,5.5,273804,0
VBX.DE,D,20200304,000000,5.79,5.79,5.39,5.46,110761,0
VBX.DE,D,20200305,000000,5.59,5.6,5.03,5.15,129879,0
VBX.DE,D,20200306,000000,5.19,5.34,4.75,5.02,129495,0
VBX.DE,D,20200309,000000,4.95,4.95,4.35,4.36,72162,0
VBX.DE,D,20200310,000000,4.505,4.81,4.35,4.7,38602,0
VBX.DE,D,20200311,000000,4.7,4.925,4.47,4.57,48446,0
VBX.DE,D,20200312,000000,4.2,4.2,3.66,3.66,56022,0
VBX.DE,D,20200313,000000,3.75,4.2,3.7,3.85,46210,0
VBX.DE,D,20200316,000000,4,4.1,3.385,3.84,36264,0
VBX.DE,D,20200317,000000,4,4.1,3.655,3.875,19850,0
VBX.DE,D,20200318,000000,3.785,3.8,3.59,3.59,7167,0
VBX.DE,D,20200319,000000,3.7,3.84,3.085,3.085,67029,0
VBX.DE,D,20200320,000000,3.515,3.73,3.455,3.54,37762,0
VBX.DE,D,20200323,000000,3.9,3.9,3.205,3.55,15127,0
VBX.DE,D,20200324,000000,3.85,3.89,3.66,3.88,25747,0
VBX.DE,D,20200325,000000,3.9,4.65,3.895,4.285,83704,0
VBX.DE,D,20200326,000000,4.305,4.6,4.3,4.4,6331,0
VBX.DE,D,20200327,000000,4.21,4.58,4.17,4.17,28610,0
VBX.DE,D,20200330,000000,3.5,4.3,3.4,3.965,28064,0
VBX.DE,D,20200331,000000,4.02,4.2,3.785,3.86,27378,0
VBX.DE,D,20200401,000000,3.51,3.83,3.5,3.5,34073,0
VBX.DE,D,20200402,000000,3.64,3.67,3.515,3.63,14431,0
VBX.DE,D,20200403,000000,3.67,3.67,3.335,3.375,28656,0
VBX.DE,D,20200406,000000,3.535,3.9,3.535,3.8,39707,0
VBX.DE,D,20200407,000000,4.1,4.15,3.74,3.91,37078,0
VBX.DE,D,20200408,000000,4.04,4.2,3.975,4.08,17886,0
VBX.DE,D,20200409,000000,4.085,4.35,4.045,4.15,38957,0
VBX.DE,D,20200414,000000,4.24,4.565,4.24,4.43,34435,0
VBX.DE,D,20200415,000000,4.575,4.575,3.925,3.97,27637,0
VBX.DE,D,20200416,000000,4.06,4.345,4.06,4.21,10664,0
VBX.DE,D,20200417,000000,4.59,4.59,4.155,4.25,17726,0
VBX.DE,D,20200420,000000,4.34,4.34,4.22,4.22,2369,0
VBX.DE,D,20200421,000000,4.31,4.33,4.08,4.125,9022,0
VBX.DE,D,20200422,000000,4.205,4.35,4.095,4.285,4814,0
VBX.DE,D,20200423,000000,4.365,4.73,4.345,4.625,29773,0
VBX.DE,D,20200424,000000,4.605,4.9,4.555,4.645,12449,0
VBX.DE,D,20200427,000000,4.9,4.9,4.37,4.37,18480,0
VBX.DE,D,20200428,000000,4.46,4.575,4.365,4.405,13890,0
VBX.DE,D,20200429,000000,4.32,4.42,4.2,4.375,18678,0
VBX.DE,D,20200430,000000,4.3,4.595,4.3,4.545,12172,0
VBX.DE,D,20200504,000000,4.25,4.58,4.2,4.335,14366,0
VBX.DE,D,20200505,000000,4.245,4.445,4.15,4.245,25649,0
VBX.DE,D,20200506,000000,4.4,4.6,4.31,4.44,15511,0
VBX.DE,D,20200507,000000,4.405,4.675,4.405,4.675,7018,0
VBX.DE,D,20200508,000000,4.695,4.885,4.45,4.69,47058,0
VBX.DE,D,20200511,000000,4.365,4.475,4.28,4.305,24156,0
VBX.DE,D,20200512,000000,4.425,4.5,4.27,4.285,9414,0
VBX.DE,D,20200513,000000,4.375,4.375,3.99,4.16,38123,0
VBX.DE,D,20200514,000000,4.245,4.26,4.025,4.22,8244,0
VBX.DE,D,20200515,000000,4.3,4.3,4.06,4.185,3360,0
VBX.DE,D,20200518,000000,4.55,4.55,4.1,4.305,12597,0
VBX.DE,D,20200519,000000,4.35,4.5,4.335,4.38,7404,0
VBX.DE,D,20200520,000000,4.3,4.495,4.295,4.44,4505,0
VBX.DE,D,20200521,000000,4.48,4.48,4.325,4.395,2375,0
VBX.DE,D,20200522,000000,4.275,4.49,4.21,4.49,15778,0
VBX.DE,D,20200525,000000,4.5,4.515,4.265,4.4,13803,0
VBX.DE,D,20200526,000000,4.475,4.795,4.42,4.77,19213,0
VBX.DE,D,20200527,000000,4.77,5.15,4.77,5.05,24939,0
VBX.DE,D,20200528,000000,5.14,5.56,5.05,5.49,13234,0
VBX.DE,D,20200529,000000,5.51,5.65,4.995,5.12,34694,0
VBX.DE,D,20200602,000000,5.28,5.39,5,5.25,7122,0
VBX.DE,D,20200603,000000,5.17,5.58,5.16,5.5,40124,0
VBX.DE,D,20200604,000000,5.45,5.53,5.39,5.52,11540,0
VBX.DE,D,20200605,000000,5.58,5.79,5.35,5.44,26149,0
VBX.DE,D,20200608,000000,5.52,5.73,5.15,5.45,53139,0
VBX.DE,D,20200609,000000,5.52,5.64,5.33,5.51,31012,0
VBX.DE,D,20200610,000000,5.59,6,5.5,5.9,37538,0
VBX.DE,D,20200611,000000,5.77,5.8,5.09,5.39,61144,0
VBX.DE,D,20200612,000000,5.31,5.54,4.9,5,44040,0
VBX.DE,D,20200615,000000,5.19,5.21,4.67,4.67,127918,0
VBX.DE,D,20200616,000000,4.895,5,4.4,4.6,131313,0
VBX.DE,D,20200617,000000,4.685,4.925,4.6,4.91,71713,0
VBX.DE,D,20200618,000000,4.86,4.955,4.555,4.7,42094,0
VBX.DE,D,20200619,000000,4.79,4.94,4.525,4.65,31976,0
VBX.DE,D,20200622,000000,4.565,4.785,4.5,4.5,23345,0
VBX.DE,D,20200623,000000,4.55,4.575,4.34,4.34,10623,0
VBX.DE,D,20200624,000000,4.305,4.335,4.2,4.22,8342,0
VBX.DE,D,20200625,000000,4.205,4.345,4.085,4.185,5243,0
VBX.DE,D,20200626,000000,4.195,4.2,3.95,4.065,20417,0
VBX.DE,D,20200629,000000,4,4,3.11,3.7,91070,0
VBX.DE,D,20200630,000000,3.585,3.835,3.54,3.79,21727,0
VBX.DE,D,20200701,000000,3.865,3.92,3.75,3.775,5408,0
VBX.DE,D,20200702,000000,3.855,4.3,3.805,4.25,73875,0
VBX.DE,D,20200703,000000,4.64,4.64,4.225,4.41,32072,0
VBX.DE,D,20200706,000000,4.49,4.585,4.405,4.475,22828,0
VBX.DE,D,20200707,000000,4.495,4.5,4.45,4.46,37978,0
VBX.DE,D,20200708,000000,4.45,4.455,4.16,4.275,12780,0
VBX.DE,D,20200709,000000,4.205,4.25,3.965,3.97,17148,0
VBX.DE,D,20200710,000000,4.055,4.16,4.02,4.155,14711,0
VBX.DE,D,20200713,000000,4.085,4.4,4.085,4.375,26317,0
VBX.DE,D,20200714,000000,4.465,4.505,4.29,4.505,25440,0
VBX.DE,D,20200715,000000,4.56,4.56,4.4,4.515,21435,0
VBX.DE,D,20200716,000000,4.465,4.545,4.36,4.395,6279,0
VBX.DE,D,20200717,000000,4.465,4.465,4.34,4.355,1714,0
VBX.DE,D,20200720,000000,4.43,4.56,4.24,4.47,18052,0
VBX.DE,D,20200721,000000,4.495,4.495,4.235,4.235,17087,0
VBX.DE,D,20200722,000000,4.32,4.32,4.23,4.265,2754,0
VBX.DE,D,20200723,000000,4.285,4.445,4.2,4.28,22133,0
VBX.DE,D,20200724,000000,4.19,4.225,3.98,4.14,24054,0
VBX.DE,D,20200727,000000,4.225,4.225,4.01,4.19,16460,0
VBX.DE,D,20200728,000000,4.245,4.245,3.995,4.045,6386,0
VBX.DE,D,20200729,000000,3.975,4.09,3.565,3.74,83088,0
VBX.DE,D,20200730,000000,3.775,3.85,3.6,3.665,12510,0
VBX.DE,D,20200731,000000,3.66,3.7,3.6,3.7,2411,0
VBX.DE,D,20200803,000000,3.695,3.695,3.21,3.215,74570,0
VBX.DE,D,20200804,000000,3.295,3.475,3.285,3.455,35129,0
VBX.DE,D,20200805,000000,3.455,3.455,3.31,3.37,29355,0
VBX.DE,D,20200806,000000,3.42,3.56,3.285,3.285,33197,0
VBX.DE,D,20200807,000000,3.375,3.405,3.28,3.37,10363,0
VBX.DE,D,20200810,000000,3.28,3.335,3.28,3.31,4205,0
VBX.DE,D,20200811,000000,3.335,3.645,3.335,3.63,30273,0
VBX.DE,D,20200812,000000,3.65,3.67,3.49,3.67,29327,0
VBX.DE,D,20200813,000000,3.7,3.7,3.505,3.515,28629,0
VBX.DE,D,20200814,000000,3.52,3.595,3.485,3.565,8387,0
VBX.DE,D,20200817,000000,3.6,3.6,3.44,3.47,4878,0
VBX.DE,D,20200818,000000,3.435,3.56,3.435,3.5,8604,0
VBX.DE,D,20200819,000000,3.435,3.6,3.435,3.465,26031,0
VBX.DE,D,20200820,000000,3.46,3.65,3.43,3.555,28857,0
VBX.DE,D,20200821,000000,3.58,3.58,3.5,3.55,4398,0
VBX.DE,D,20200824,000000,3.57,3.57,3.32,3.44,24045,0
VBX.DE,D,20200825,000000,3.36,3.445,3.255,3.275,35084,0
VBX.DE,D,20200826,000000,3.3,3.3,3.06,3.12,25606,0
VBX.DE,D,20200827,000000,3.19,3.19,3.095,3.095,7216,0
VBX.DE,D,20200828,000000,3.19,3.19,3.09,3.09,4175,0
VBX.DE,D,20200831,000000,3.195,3.195,3.115,3.15,6096,0
VBX.DE,D,20200901,000000,3.18,3.325,3.15,3.3,19338,0
VBX.DE,D,20200902,000000,3.345,3.43,3.315,3.415,16539,0
VBX.DE,D,20200903,000000,3.345,3.45,3.26,3.27,14641,0
VBX.DE,D,20200904,000000,3.265,3.57,3.265,3.38,31762,0
VBX.DE,D,20200907,000000,3.4,3.5,3.34,3.455,8092,0
VBX.DE,D,20200908,000000,3.54,3.59,3.38,3.38,12372,0
VBX.DE,D,20200909,000000,3.465,3.6,3.35,3.35,26005,0
VBX.DE,D,20200910,000000,3.39,3.395,3.245,3.35,3948,0
VBX.DE,D,20200911,000000,3.29,3.34,3.29,3.29,3987,0
VBX.DE,D,20200914,000000,3.34,3.4,3.33,3.39,11055,0
VBX.DE,D,20200915,000000,3.4,3.4,3.36,3.36,4208,0
VBX.DE,D,20200916,000000,3.3,3.4,3.3,3.305,15718,0
VBX.DE,D,20200917,000000,3.3,3.4,3.275,3.34,13169,0
VBX.DE,D,20200918,000000,3.385,3.385,3.31,3.31,8252,0
VBX.DE,D,20200921,000000,3.275,3.375,3.275,3.325,610,0
VBX.DE,D,20200922,000000,3.395,3.395,3.255,3.275,310,0
VBX.DE,D,20200923,000000,3.255,3.395,3.255,3.315,1322,0
VBX.DE,D,20200924,000000,3.305,3.305,3.25,3.25,2777,0
VBX.DE,D,20200925,000000,3.25,3.28,3.055,3.13,25897,0
VBX.DE,D,20200928,000000,3.045,3.23,3.035,3.1,24271,0
VBX.DE,D,20200929,000000,3.035,3.14,3.035,3.14,3900,0
VBX.DE,D,20200930,000000,3.135,3.135,2.78,2.88,29623,0
VBX.DE,D,20201001,000000,2.995,2.995,2.755,2.87,18206,0
VBX.DE,D,20201002,000000,2.805,3.15,2.805,3.15,46996,0
VBX.DE,D,20201005,000000,3.235,3.235,3.11,3.15,13420,0
VBX.DE,D,20201006,000000,3.145,3.21,3.105,3.21,13903,0
VBX.DE,D,20201007,000000,3.1,3.18,3.09,3.18,450,0
VBX.DE,D,20201008,000000,3.1,3.1,2.94,3.065,18244,0
VBX.DE,D,20201009,000000,2.985,3.05,2.91,3.04,8344,0
VBX.DE,D,20201012,000000,3.04,3.075,2.995,3.05,2459,0
VBX.DE,D,20201013,000000,2.975,2.975,2.825,2.92,7579,0
VBX.DE,D,20201014,000000,2.92,3.17,2.92,3.11,24706,0
VBX.DE,D,20201015,000000,3.155,3.155,3.04,3.09,8282,0
VBX.DE,D,20201016,000000,3.135,3.135,2.895,2.98,7060,0
VBX.DE,D,20201019,000000,2.97,3,2.9,3,11245,0
VBX.DE,D,20201020,000000,2.88,4.03,2.805,3.635,171250,0
VBX.DE,D,20201021,000000,3.72,4.7,3.45,4.46,166138,0
VBX.DE,D,20201022,000000,4.44,4.5,4.07,4.095,75258,0
VBX.DE,D,20201023,000000,4.005,4.4,3.98,4.3,38861,0
VBX.DE,D,20201026,000000,4.395,4.395,3.815,3.95,36072,0
VBX.DE,D,20201027,000000,3.875,3.95,3.81,3.895,11460,0
VBX.DE,D,20201028,000000,3.81,3.81,3.38,3.39,63924,0
VBX.DE,D,20201029,000000,3.46,3.77,3.46,3.6,44134,0
VBX.DE,D,20201030,000000,3.395,3.765,3.305,3.55,79404,0
VBX.DE,D,20201102,000000,3.64,3.8,3.54,3.66,17444,0
VBX.DE,D,20201103,000000,3.705,3.945,3.705,3.78,25150,0
VBX.DE,D,20201104,000000,3.82,3.82,3.625,3.625,6471,0
VBX.DE,D,20201105,000000,3.58,4.005,3.58,3.9,49058,0
VBX.DE,D,20201106,000000,3.9,3.975,3.66,3.735,18086,0
VBX.DE,D,20201109,000000,3.82,3.935,3.67,3.775,9202,0
VBX.DE,D,20201110,000000,3.865,3.92,3.57,3.595,29987,0
VBX.DE,D,20201111,000000,3.6,3.92,3.6,3.88,20325,0
VBX.DE,D,20201112,000000,3.955,4.24,3.855,3.88,27573,0
VBX.DE,D,20201113,000000,3.945,3.945,3.8,3.835,6778,0
VBX.DE,D,20201116,000000,3.925,4.12,3.81,4.075,20895,0
VBX.DE,D,20201117,000000,4.005,4.245,4.005,4.245,14439,0
VBX.DE,D,20201118,000000,4.455,4.795,4.125,4.26,77124,0
VBX.DE,D,20201119,000000,4.32,4.35,4.12,4.315,34001,0
VBX.DE,D,20201120,000000,4.44,4.57,4.255,4.305,25410,0
VBX.DE,D,20201123,000000,4.39,4.67,4.375,4.575,29331,0
VBX.DE,D,20201124,000000,4.65,5.47,4.545,5.11,144672,0
VBX.DE,D,20201125,000000,5.38,5.86,5.31,5.86,121984,0
VBX.DE,D,20201126,000000,5.94,5.94,4.915,5,109199,0
VBX.DE,D,20201127,000000,5.08,5.08,4.69,4.97,77580,0
VBX.DE,D,20201130,000000,5.09,5.1,4.92,5,90383,0
VBX.DE,D,20201201,000000,5.06,5.38,4.37,4.52,207005,0
VBX.DE,D,20201202,000000,4.5,4.76,4.02,4.18,94545,0
VBX.DE,D,20201203,000000,4.13,4.59,4.13,4.59,57478,0
VBX.DE,D,20201204,000000,4.6,4.77,4.505,4.505,20966,0
VBX.DE,D,20201207,000000,4.62,4.62,4.1,4.26,84431,0
VBX.DE,D,20201208,000000,4.35,4.5,4.25,4.38,59372,0
VBX.DE,D,20201209,000000,4.4,4.485,4.235,4.435,26666,0
VBX.DE,D,20201210,000000,4.35,4.68,4.21,4.36,69883,0
VBX.DE,D,20201211,000000,4.305,4.305,3.96,4,47542,0
VBX.DE,D,20201214,000000,3.9,4.005,3.67,3.87,95685,0
VBX.DE,D,20201215,000000,4,4.05,3.8,4.025,36973,0
VBX.DE,D,20201216,000000,4.11,4.115,3.95,4.025,14921,0
VBX.DE,D,20201217,000000,4,4.14,4,4.05,6289,0
VBX.DE,D,20201218,000000,4.105,4.135,3.815,3.91,16838,0
VBX.DE,D,20201221,000000,3.755,3.9,3.755,3.775,23143,0
VBX.DE,D,20201222,000000,3.71,4,3.71,3.955,10583,0
VBX.DE,D,20201223,000000,3.965,3.975,3.825,3.96,13098,0
VBX.DE,D,20201228,000000,3.9,4.12,3.9,4.05,18465,0
VBX.DE,D,20201229,000000,4.14,4.14,3.915,3.95,28865,0
VBX.DE,D,20201230,000000,3.89,3.95,3.76,3.77,22471,0
VBX.DE,D,20210104,000000,3.7,4.07,3.7,3.86,24079,0
VBX.DE,D,20210105,000000,4,4,3.795,3.84,7767,0
VBX.DE,D,20210106,000000,3.76,4.06,3.76,3.87,11449,0
VBX.DE,D,20210107,000000,3.9,4,3.875,3.95,10878,0
VBX.DE,D,20210108,000000,3.945,4.05,3.905,4.035,9267,0
VBX.DE,D,20210111,000000,3.9,4.06,3.86,3.945,11719,0
VBX.DE,D,20210112,000000,3.99,4.28,3.99,4.195,32231,0
VBX.DE,D,20210113,000000,4.1,4.4,4.1,4.28,30886,0
VBX.DE,D,20210114,000000,4.25,4.85,4.25,4.575,118370,0
VBX.DE,D,20210115,000000,4.64,4.67,4.2,4.3,31331,0
VBX.DE,D,20210118,000000,4.4,4.415,4.205,4.32,8528,0
VBX.DE,D,20210119,000000,4.45,4.495,4.315,4.49,9546,0
VBX.DE,D,20210120,000000,4.53,4.58,4.405,4.555,4502,0
VBX.DE,D,20210121,000000,4.62,4.625,4.4,4.525,19040,0
VBX.DE,D,20210122,000000,4.65,4.65,4.385,4.475,7265,0
VBX.DE,D,20210125,000000,4.63,4.63,4.2,4.385,29516,0
VBX.DE,D,20210126,000000,4.4,4.4,4.21,4.23,3004,0
VBX.DE,D,20210127,000000,4.37,4.43,4.25,4.31,26112,0
VBX.DE,D,20210128,000000,4.315,4.32,4.205,4.315,19841,0
VBX.DE,D,20210129,000000,4.205,4.395,4.08,4.22,15148,0
VBX.DE,D,20210201,000000,4.4,4.4,4.21,4.23,4226,0
VBX.DE,D,20210202,000000,4.4,4.63,4.225,4.6,56676,0
VBX.DE,D,20210203,000000,4.63,4.65,4.505,4.575,20524,0
VBX.DE,D,20210204,000000,4.59,4.59,4.5,4.545,12433,0
VBX.DE,D,20210205,000000,4.595,4.645,4.475,4.565,60280,0
VBX.DE,D,20210208,000000,4.43,4.65,4.43,4.535,9913,0
VBX.DE,D,20210209,000000,4.445,4.575,4.435,4.49,11086,0
VBX.DE,D,20210210,000000,4.485,4.775,4.445,4.51,47160,0
VBX.DE,D,20210211,000000,4.5,4.625,4.5,4.625,10154,0
VBX.DE,D,20210212,000000,4.5,4.65,4.455,4.58,10525,0
VBX.DE,D,20210215,000000,4.595,4.75,4.595,4.75,25231,0
VBX.DE,D,20210216,000000,4.82,5.48,4.82,5.48,131627,0
VBX.DE,D,20210217,000000,5.45,5.5,4.95,5.05,63895,0
VBX.DE,D,20210218,000000,5.05,5.09,4.63,4.86,70932,0
VBX.DE,D,20210219,000000,5.09,5.13,4.66,4.93,28079,0
VBX.DE,D,20210222,000000,4.985,4.985,4.7,4.725,20101,0
VBX.DE,D,20210223,000000,4.735,4.85,4.415,4.505,47392,0
VBX.DE,D,20210224,000000,4.595,4.655,4.55,4.59,3734,0
VBX.DE,D,20210225,000000,4.685,4.825,4.61,4.635,19435,0
VBX.DE,D,20210226,000000,4.565,4.58,4.405,4.455,27218,0
VBX.DE,D,20210301,000000,4.635,4.685,4.6,4.6,12153,0
VBX.DE,D,20210302,000000,4.75,4.75,4.515,4.675,8006,0
VBX.DE,D,20210303,000000,4.53,4.745,4.495,4.495,14475,0
VBX.DE,D,20210304,000000,4.475,4.475,4.27,4.27,12324,0
VBX.DE,D,20210305,000000,4.245,4.33,4.18,4.23,18160,0
VBX.DE,D,20210308,000000,4.295,4.495,4.295,4.42,11319,0
VBX.DE,D,20210309,000000,4.45,4.72,4.45,4.72,14551,0
VBX.DE,D,20210310,000000,4.64,4.72,4.325,4.48,30238,0
VBX.DE,D,20210311,000000,4.435,4.45,4.325,4.395,7861,0
VBX.DE,D,20210312,000000,4.4,4.455,4.33,4.33,8880,0
VBX.DE,D,20210315,000000,4.51,4.51,4.355,4.45,10869,0
VBX.DE,D,20210316,000000,4.475,4.475,4.33,4.405,9659,0
VBX.DE,D,20210317,000000,4.43,4.43,4.2,4.2,23549,0
VBX.DE,D,20210318,000000,4.25,4.295,4.05,4.225,46445,0
VBX.DE,D,20210319,000000,4.3,4.3,4.15,4.22,13330,0
VBX.DE,D,20210322,000000,4.185,4.185,4.02,4.075,12934,0
VBX.DE,D,20210323,000000,4.075,4.19,4.075,4.19,3531,0
VBX.DE,D,20210324,000000,4.345,4.395,4.205,4.305,18015,0
VBX.DE,D,20210325,000000,4.245,4.26,4.045,4.18,7392,0
VBX.DE,D,20210326,000000,4.175,4.31,4.07,4.23,9786,0
VBX.DE,D,20210329,000000,4.305,4.305,4.08,4.155,8585,0
VBX.DE,D,20210330,000000,4.1,4.25,4.095,4.2,7423,0
VBX.DE,D,20210331,000000,4.37,4.37,4.15,4.3,14405,0
VBX.DE,D,20210401,000000,4.4,4.445,4.305,4.435,5687,0
VBX.DE,D,20210406,000000,4.455,4.53,4.35,4.355,17052,0
VBX.DE,D,20210407,000000,4.355,4.45,4.3,4.45,4458,0
VBX.DE,D,20210408,000000,4.42,4.42,4.26,4.38,5328,0
VBX.DE,D,20210409,000000,4.32,4.4,4.22,4.4,20599,0
VBX.DE,D,20210412,000000,4.305,4.45,4.18,4.29,13235,0
VBX.DE,D,20210413,000000,4.175,4.23,4.1,4.15,9813,0
VBX.DE,D,20210414,000000,4.005,4.17,4.005,4.065,7149,0
VBX.DE,D,20210415,000000,4.03,4.175,4.03,4.165,1683,0
VBX.DE,D,20210416,000000,4.1,4.21,4.07,4.185,5329,0
VBX.DE,D,20210419,000000,4.16,4.19,4.105,4.19,8924,0
VBX.DE,D,20210420,000000,4.15,4.15,4.055,4.06,7626,0
VBX.DE,D,20210421,000000,4.135,4.205,4.1,4.2,7532,0
VBX.DE,D,20210422,000000,4.1,4.225,4.055,4.145,11077,0
VBX.DE,D,20210423,000000,4.085,4.21,4.07,4.16,10174,0
VBX.DE,D,20210426,000000,4.085,4.165,4.085,4.165,2562,0
VBX.DE,D,20210427,000000,4.2,4.225,4.075,4.13,8724,0
VBX.DE,D,20210428,000000,4.13,4.13,4.02,4.02,11203,0
VBX.DE,D,20210429,000000,4.095,4.095,4.015,4.025,3863,0
VBX.DE,D,20210430,000000,4.095,4.095,3.855,3.99,19484,0
VBX.DE,D,20210503,000000,4.135,4.135,3.8,3.8,14017,0
VBX.DE,D,20210504,000000,3.85,3.895,3.3,3.3,62218,0
VBX.DE,D,20210505,000000,3.415,3.535,3.22,3.5,34708,0
VBX.DE,D,20210506,000000,3.505,3.505,3.33,3.405,15706,0
VBX.DE,D,20210507,000000,3.42,3.52,3.42,3.49,6792,0
VBX.DE,D,20210510,000000,3.5,3.5,3.335,3.4,8652,0
VBX.DE,D,20210511,000000,3.3,3.41,3.26,3.345,15995,0
VBX.DE,D,20210512,000000,3.36,3.515,3.36,3.41,5394,0
VBX.DE,D,20210513,000000,3.445,3.455,3.395,3.455,4986,0
VBX.DE,D,20210514,000000,3.45,3.525,3.42,3.45,5292,0
VBX.DE,D,20210517,000000,3.585,3.585,3.29,3.3,42901,0
VBX.DE,D,20210518,000000,3.48,3.48,3.26,3.37,15409,0
VBX.DE,D,20210519,000000,3.365,3.365,3.24,3.24,16302,0
VBX.DE,D,20210520,000000,3.29,3.29,3.2,3.265,15970,0
VBX.DE,D,20210521,000000,3.2,3.225,2.86,3.155,62868,0
VBX.DE,D,20210525,000000,3.2,3.24,3.15,3.215,8076,0
VBX.DE,D,20210526,000000,3.21,3.295,3.17,3.22,7881,0
VBX.DE,D,20210527,000000,3.285,3.295,3.175,3.185,4752,0
VBX.DE,D,20210528,000000,3.2,3.34,3.2,3.285,7344,0
VBX.DE,D,20210531,000000,3.35,3.35,3.2,3.35,14651,0
VBX.DE,D,20210601,000000,3.18,3.365,3.18,3.265,4140,0
VBX.DE,D,20210602,000000,3.315,3.315,3.245,3.245,4908,0
VBX.DE,D,20210603,000000,3.25,3.25,3.25,3.25,0,0
VBX.DE,D,20210604,000000,3.25,3.295,3.235,3.28,2920,0
VBX.DE,D,20210607,000000,3.4,3.4,3.245,3.265,4884,0
VBX.DE,D,20210608,000000,3.325,3.325,3.21,3.23,3771,0
VBX.DE,D,20210609,000000,3.35,3.36,3.255,3.35,4477,0
VBX.DE,D,20210610,000000,3.3,3.38,3.255,3.38,13626,0
VBX.DE,D,20210611,000000,3.38,3.435,3.315,3.375,5821,0
VBX.DE,D,20210614,000000,3.435,3.435,3.295,3.295,1436,0
VBX.DE,D,20210615,000000,3.36,3.48,3.36,3.375,6965,0
VBX.DE,D,20210616,000000,3.41,3.62,3.41,3.62,29749,0
VBX.DE,D,20210617,000000,3.76,3.76,3.45,3.45,4730,0
VBX.DE,D,20210618,000000,3.4,3.54,3.4,3.44,2201,0
VBX.DE,D,20210621,000000,3.525,3.53,3.4,3.4,1830,0
VBX.DE,D,20210622,000000,3.4,3.52,3.305,3.305,8691,0
VBX.DE,D,20210623,000000,3.445,3.445,3.305,3.37,352,0
VBX.DE,D,20210624,000000,3.525,3.575,3.305,3.48,3878,0
VBX.DE,D,20210625,000000,3.36,3.585,3.355,3.36,4123,0
VBX.DE,D,20210628,000000,3.46,3.515,3.365,3.45,1594,0
VBX.DE,D,20210629,000000,3.365,3.47,3.365,3.435,603,0
VBX.DE,D,20210630,000000,3.48,3.48,3.44,3.44,300,0
VBX.DE,D,20210701,000000,3.53,3.53,3.345,3.345,1590,0
VBX.DE,D,20210702,000000,3.35,3.43,3.345,3.415,7987,0
VBX.DE,D,20210705,000000,3.35,3.35,3.28,3.3,6633,0
VBX.DE,D,20210706,000000,3.37,3.37,3.175,3.23,6825,0
VBX.DE,D,20210707,000000,3.335,3.335,3.225,3.26,6117,0
VBX.DE,D,20210708,000000,3.145,3.22,3.115,3.215,8823,0
VBX.DE,D,20210709,000000,3.4,3.4,2.91,3.05,68804,0
VBX.DE,D,20210712,000000,3.175,3.175,2.85,2.94,63480,0
VBX.DE,D,20210713,000000,2.94,2.94,2.415,2.44,54625,0
VBX.DE,D,20210714,000000,2.545,2.635,2.5,2.6,36719,0
VBX.DE,D,20210715,000000,2.65,2.65,2.505,2.555,3890,0
VBX.DE,D,20210716,000000,2.505,2.51,2.5,2.5,2225,0
VBX.DE,D,20210719,000000,2.6,2.6,2.465,2.53,7111,0
VBX.DE,D,20210720,000000,2.545,2.545,2.5,2.5,9603,0
VBX.DE,D,20210721,000000,2.45,2.5,2.235,2.235,30202,0
VBX.DE,D,20210722,000000,2.25,2.38,2.115,2.2,30461,0
VBX.DE,D,20210723,000000,2.195,2.29,2,2,35066,0
VBX.DE,D,20210726,000000,2.01,2.055,1.5,1.55,93202,0
VBX.DE,D,20210727,000000,1.6,1.948,1.56,1.896,76734,0
VBX.DE,D,20210728,000000,1.804,2.19,1.804,2,27341,0
VBX.DE,D,20210729,000000,2.075,2.075,1.98,2,15537,0
VBX.DE,D,20210730,000000,2.09,2.09,2,2.025,12302,0
VBX.DE,D,20210802,000000,2.12,2.18,2.035,2.18,31748,0
VBX.DE,D,20210803,000000,2.05,2.05,1.766,1.864,36018,0
VBX.DE,D,20210804,000000,1.884,1.934,1.764,1.824,12943,0
VBX.DE,D,20210805,000000,1.9,1.9,1.746,1.786,21538,0
VBX.DE,D,20210806,000000,1.73,1.8,1.73,1.78,4508,0
VBX.DE,D,20210809,000000,1.762,1.85,1.762,1.808,3520,0
VBX.DE,D,20210810,000000,1.78,1.8,1.728,1.736,3479,0
VBX.DE,D,20210811,000000,1.76,1.8,1.7,1.702,7283,0
VBX.DE,D,20210812,000000,1.712,1.794,1.712,1.726,3406,0
VBX.DE,D,20210813,000000,1.782,1.8,1.73,1.774,1595,0
VBX.DE,D,20210816,000000,1.854,1.854,1.71,1.8,2256,0
VBX.DE,D,20210817,000000,1.8,1.8,1.73,1.746,6460,0
VBX.DE,D,20210818,000000,1.768,1.772,1.706,1.772,3470,0
VBX.DE,D,20210819,000000,1.732,1.818,1.72,1.818,13562,0
VBX.DE,D,20210820,000000,1.76,1.82,1.76,1.82,35,0
VBX.DE,D,20210823,000000,1.8,1.8,1.7,1.77,44538,0
VBX.DE,D,20210824,000000,1.8,2.195,1.732,2.15,72903,0
