<TICKER>,<PER>,<DATE>,<TIME>,<OPEN>,<HIGH>,<LOW>,<CLOSE>,<VOL>,<OPENINT>
VJPN.DE,D,20190313,000000,24.400622,24.593512,24.386155,24.593512,8186,0
VJPN.DE,D,20190314,000000,24.265599,24.337933,24.265599,24.337933,34671,0
VJPN.DE,D,20190315,000000,24.415089,24.574223,24.410266,24.574223,32421,0
VJPN.DE,D,20190318,000000,24.603157,24.607979,24.511534,24.607979,5442,0
VJPN.DE,D,20190319,000000,24.564579,24.656202,24.564579,24.636913,8285,0
VJPN.DE,D,20190320,000000,24.550112,24.554934,24.448845,24.448845,3561,0
VJPN.DE,D,20190321,000000,24.453667,24.714069,24.424733,24.646557,36421,0
VJPN.DE,D,20190322,000000,24.646557,24.815336,24.636913,24.646557,31211,0
VJPN.DE,D,20190325,000000,24.550112,24.550112,24.419911,24.472956,5453,0
VJPN.DE,D,20190326,000000,24.906959,25.066093,24.882848,24.916603,8896,0
VJPN.DE,D,20190327,000000,25.070916,25.085382,24.906959,24.906959,24921,0
VJPN.DE,D,20190328,000000,24.844823,24.897931,24.844823,24.893103,5385,0
VJPN.DE,D,20190329,000000,24.936555,24.970351,24.931727,24.970351,8055,0
VJPN.DE,D,20190401,000000,25.11519,25.26003,25.11519,25.26003,13953,0
VJPN.DE,D,20190402,000000,25.11519,25.21175,25.076566,25.18761,10856,0
VJPN.DE,D,20190403,000000,25.250374,25.303482,25.240718,25.288998,12696,0
VJPN.DE,D,20190404,000000,25.11519,25.245546,25.100706,25.21175,18611,0
VJPN.DE,D,20190405,000000,25.192438,25.288998,25.173126,25.255202,22309,0
VJPN.DE,D,20190408,000000,25.221406,25.221406,25.086222,25.105534,21989,0
VJPN.DE,D,20190409,000000,25.047598,25.047598,24.989663,24.989663,3031,0
VJPN.DE,D,20190410,000000,24.989663,25.033115,24.946211,24.955867,7686,0
VJPN.DE,D,20190411,000000,24.965523,24.965523,24.873791,24.893103,6898,0
VJPN.DE,D,20190412,000000,24.690327,24.907587,24.690327,24.883447,5871,0
VJPN.DE,D,20190415,000000,24.989663,24.999319,24.951039,24.960695,30799,0
VJPN.DE,D,20190416,000000,24.975179,25.120018,24.975179,25.105534,39747,0
VJPN.DE,D,20190417,000000,25.057254,25.148986,25.047598,25.06691,22522,0
VJPN.DE,D,20190418,000000,24.902759,25.206922,24.902759,25.197266,8964,0
VJPN.DE,D,20190423,000000,25.105534,25.279342,25.057254,25.279342,2878,0
VJPN.DE,D,20190424,000000,25.047598,25.09105,25.047598,25.09105,2146,0
VJPN.DE,D,20190425,000000,25.28417,25.337278,25.231062,25.28417,9163,0
VJPN.DE,D,20190426,000000,25.28417,25.351762,25.255202,25.351762,9205,0
VJPN.DE,D,20190429,000000,25.453149,25.482117,25.419354,25.424182,12272,0
VJPN.DE,D,20190430,000000,25.40487,25.409698,25.317966,25.346934,15960,0
VJPN.DE,D,20190502,000000,25.303482,25.366246,25.221406,25.26003,24826,0
VJPN.DE,D,20190503,000000,25.342106,25.506257,25.342106,25.506257,10512,0
VJPN.DE,D,20190506,000000,25.21175,25.255202,25.062082,25.255202,8324,0
VJPN.DE,D,20190507,000000,25.197266,25.221406,24.941383,24.970351,17619,0
VJPN.DE,D,20190508,000000,24.791715,24.825511,24.61308,24.66136,46885,0
VJPN.DE,D,20190509,000000,24.482724,24.506864,24.164077,24.164077,24685,0
VJPN.DE,D,20190510,000000,24.487552,24.497208,24.178561,24.207529,27236,0
VJPN.DE,D,20190513,000000,24.405476,24.405476,24.062689,24.062689,55003,0
VJPN.DE,D,20190514,000000,24.207529,24.434444,24.207529,24.434444,408,0
VJPN.DE,D,20190515,000000,24.4441,24.448928,24.279949,24.448928,62585,0
VJPN.DE,D,20190516,000000,24.41996,24.704811,24.386164,24.695155,22105,0
VJPN.DE,D,20190517,000000,24.699983,24.728951,24.584112,24.675843,13432,0
VJPN.DE,D,20190520,000000,24.598596,24.63722,24.390992,24.390992,7679,0
VJPN.DE,D,20190521,000000,24.559972,24.598596,24.51652,24.51652,62043,0
VJPN.DE,D,20190522,000000,24.429616,24.429616,24.3234,24.415132,31572,0
VJPN.DE,D,20190523,000000,24.366852,24.366852,24.226841,24.226841,27199,0
VJPN.DE,D,20190524,000000,24.487552,24.526176,24.429616,24.434444,32814,0
VJPN.DE,D,20190527,000000,24.593768,24.598596,24.5648,24.5648,8090,0
VJPN.DE,D,20190528,000000,24.603424,24.608252,24.458584,24.458584,32411,0
VJPN.DE,D,20190529,000000,24.405476,24.405476,24.3234,24.328228,19852,0
VJPN.DE,D,20190530,000000,24.390992,24.424788,24.366852,24.366852,10337,0
VJPN.DE,D,20190531,000000,24.173733,24.193045,23.970957,24.193045,23286,0
VJPN.DE,D,20190603,000000,24.139937,24.149593,24.062689,24.130281,3391,0
VJPN.DE,D,20190604,000000,23.898538,24.222013,23.888882,24.222013,12540,0
VJPN.DE,D,20190605,000000,24.337884,24.463412,24.279949,24.34754,31112,0
VJPN.DE,D,20190606,000000,24.415132,24.482724,24.294432,24.304088,18992,0
VJPN.DE,D,20190607,000000,24.386164,24.458584,24.352368,24.410304,4200,0
VJPN.DE,D,20190611,000000,24.695155,24.791715,24.695155,24.719295,7307,0
VJPN.DE,D,20190612,000000,24.569628,24.617908,24.531004,24.531004,10819,0
VJPN.DE,D,20190613,000000,24.463412,24.569628,24.4441,24.46824,15597,0
VJPN.DE,D,20190614,000000,24.545488,24.555144,24.526176,24.550316,9300,0
VJPN.DE,D,20190617,000000,24.608252,24.642048,24.5648,24.579284,8933,0
VJPN.DE,D,20190618,000000,24.46824,24.782059,24.405476,24.782059,14156,0
VJPN.DE,D,20190619,000000,24.883447,24.931727,24.854479,24.854479,8039,0
VJPN.DE,D,20190620,000000,25.028287,25.06691,24.975179,24.975179,5356,0
VJPN.DE,D,20190621,000000,24.849651,24.849651,24.709639,24.772403,35489,0
VJPN.DE,D,20190624,000000,24.63722,24.63722,24.521348,24.555144,3141,0
VJPN.DE,D,20190625,000000,24.555144,24.61308,24.555144,24.5648,2009,0
VJPN.DE,D,20190626,000000,24.49238,24.642048,24.453756,24.453756,47676,0
VJPN.DE,D,20190627,000000,24.625582,24.649945,24.547623,24.571985,67206,0
VJPN.DE,D,20190628,000000,24.669435,24.732777,24.649945,24.67918,43531,0
VJPN.DE,D,20190701,000000,25.239517,25.239517,25.161557,25.161557,11709,0
VJPN.DE,D,20190702,000000,25.312604,25.312604,25.229772,25.268752,43380,0
VJPN.DE,D,20190703,000000,25.293114,25.400309,25.293114,25.400309,5922,0
VJPN.DE,D,20190704,000000,25.405181,25.439289,25.395436,25.429544,8738,0
VJPN.DE,D,20190705,000000,25.424671,25.424671,25.332094,25.356456,2551,0
VJPN.DE,D,20190708,000000,25.288242,25.327222,25.254134,25.288242,21902,0
VJPN.DE,D,20190709,000000,25.083597,25.098214,25.039744,25.059234,3124,0
VJPN.DE,D,20190710,000000,25.039744,25.142067,25.025127,25.093342,5581,0
VJPN.DE,D,20190711,000000,25.234644,25.234644,25.083597,25.122577,18950,0
VJPN.DE,D,20190712,000000,25.044617,25.146939,25.044617,25.112832,8450,0
VJPN.DE,D,20190715,000000,25.171302,25.200537,25.132322,25.195664,13444,0
VJPN.DE,D,20190716,000000,25.088469,25.117704,25.078724,25.103087,16069,0
VJPN.DE,D,20190717,000000,25.146939,25.151812,25.059234,25.059234,4230,0
VJPN.DE,D,20190718,000000,24.703542,24.791247,24.703542,24.732777,5456,0
VJPN.DE,D,20190719,000000,25.054362,25.103087,25.054362,25.088469,12167,0
VJPN.DE,D,20190722,000000,24.995892,25.078724,24.995892,25.044617,4942,0
VJPN.DE,D,20190723,000000,25.297987,25.419799,25.297987,25.390564,3352,0
VJPN.DE,D,20190724,000000,25.473396,25.478269,25.414926,25.429544,5516,0
VJPN.DE,D,20190725,000000,25.561101,25.561101,25.254134,25.254134,1474,0
VJPN.DE,D,20190726,000000,25.259007,25.336967,25.259007,25.336967,2137,0
VJPN.DE,D,20190729,000000,25.273624,25.336967,25.239517,25.244389,3382,0
VJPN.DE,D,20190730,000000,25.356456,25.356456,25.103087,25.103087,2740,0
VJPN.DE,D,20190731,000000,25.176174,25.273624,25.176174,25.254134,3659,0
VJPN.DE,D,20190801,000000,25.293114,25.522121,25.293114,25.522121,33424,0
VJPN.DE,D,20190802,000000,25.107959,25.107959,24.859462,24.869207,17390,0
VJPN.DE,D,20190805,000000,24.8351,24.8351,24.313743,24.323488,22713,0
VJPN.DE,D,20190806,000000,24.430683,24.498898,24.260145,24.28938,8647,0
VJPN.DE,D,20190807,000000,24.56224,24.693797,24.313743,24.435555,14201,0
VJPN.DE,D,20190808,000000,24.56224,24.732777,24.552495,24.732777,14733,0
VJPN.DE,D,20190809,000000,24.67918,24.71816,24.489153,24.489153,65499,0
VJPN.DE,D,20190812,000000,24.688925,24.723032,24.381958,24.381958,22157,0
VJPN.DE,D,20190813,000000,24.430683,24.664562,24.352723,24.606092,27395,0
VJPN.DE,D,20190814,000000,24.450173,24.450173,24.226038,24.226038,38858,0
VJPN.DE,D,20190815,000000,24.489153,24.489153,24.338105,24.450173,7962,0
VJPN.DE,D,20190816,000000,24.56224,24.723032,24.56224,24.71816,3140,0
VJPN.DE,D,20190819,000000,24.77663,24.786375,24.727905,24.786375,5486,0
VJPN.DE,D,20190820,000000,24.839972,24.849717,24.703542,24.713287,874,0
VJPN.DE,D,20190821,000000,24.669435,24.81561,24.664562,24.805865,12701,0
VJPN.DE,D,20190822,000000,24.742522,24.786375,24.688925,24.688925,5556,0
VJPN.DE,D,20190823,000000,24.839972,24.859462,24.469663,24.469663,19638,0
VJPN.DE,D,20190826,000000,24.79612,24.87408,24.69867,24.786375,90501,0
VJPN.DE,D,20190827,000000,24.69867,24.85459,24.688925,24.839972,14526,0
VJPN.DE,D,20190828,000000,24.77663,24.810737,24.723032,24.810737,9855,0
VJPN.DE,D,20190829,000000,24.800992,24.995892,24.800992,24.991019,6796,0
VJPN.DE,D,20190830,000000,25.049489,25.210282,25.049489,25.161557,18156,0
VJPN.DE,D,20190902,000000,25.176174,25.210282,25.156684,25.205409,3738,0
VJPN.DE,D,20190903,000000,25.288242,25.317477,25.234644,25.249262,5900,0
VJPN.DE,D,20190904,000000,25.317477,25.317477,25.220027,25.249262,7521,0
VJPN.DE,D,20190905,000000,25.458779,25.473396,25.346711,25.463651,6498,0
VJPN.DE,D,20190906,000000,25.424671,25.488014,25.419799,25.483141,8003,0
VJPN.DE,D,20190909,000000,25.741383,25.765746,25.634189,25.658551,6167,0
VJPN.DE,D,20190910,000000,25.624444,25.702404,25.619571,25.682914,5261,0
VJPN.DE,D,20190911,000000,25.960646,26.101948,25.960646,26.043478,8842,0
VJPN.DE,D,20190912,000000,26.233505,26.491747,26.087331,26.1458,10682,0
VJPN.DE,D,20190913,000000,26.22376,26.43815,26.209143,26.43815,7680,0
VJPN.DE,D,20190916,000000,26.330955,26.530727,26.32121,26.47713,16683,0
VJPN.DE,D,20190917,000000,26.472258,26.486875,26.311465,26.350445,32265,0
VJPN.DE,D,20190918,000000,26.267613,26.326083,26.267613,26.28223,11102,0
VJPN.DE,D,20190919,000000,26.41866,26.667157,26.413788,26.667157,8902,0
VJPN.DE,D,20190920,000000,26.491747,26.696392,26.491747,26.686647,6685,0
VJPN.DE,D,20190923,000000,26.657412,26.657412,26.511237,26.59407,30184,0
VJPN.DE,D,20190924,000000,26.823077,26.84744,26.7305,26.740245,2976,0
VJPN.DE,D,20190925,000000,26.71101,26.779225,26.584325,26.779225,15477,0
VJPN.DE,D,20190926,000000,26.813252,27.027875,26.813252,26.925442,20486,0
VJPN.DE,D,20190927,000000,26.720574,26.779108,26.603507,26.627896,15190,0
VJPN.DE,D,20191001,000000,26.827886,26.827886,26.57424,26.579118,17710,0
VJPN.DE,D,20191002,000000,26.593751,26.593751,26.144994,26.144994,21702,0
VJPN.DE,D,20191004,000000,26.271817,26.413273,26.24255,26.413273,17385,0
VJPN.DE,D,20191007,000000,26.340106,26.462051,26.335228,26.462051,21926,0
VJPN.DE,D,20191008,000000,26.418151,26.418151,26.325473,26.325473,2971,0
VJPN.DE,D,20191009,000000,26.344984,26.481562,26.344984,26.418151,55644,0
VJPN.DE,D,20191010,000000,26.28645,26.408395,26.193772,26.39864,4695,0
VJPN.DE,D,20191011,000000,26.379128,26.701063,26.379128,26.701063,2454,0
VJPN.DE,D,20191014,000000,26.613263,26.613263,26.447418,26.569362,8048,0
VJPN.DE,D,20191015,000000,26.720574,26.930319,26.720574,26.871786,6241,0
VJPN.DE,D,20191016,000000,26.715696,26.832764,26.710819,26.744963,45702,0
VJPN.DE,D,20191017,000000,26.510829,26.608385,26.510829,26.520584,18291,0
VJPN.DE,D,20191018,000000,26.403517,26.457173,26.369373,26.427906,8698,0
VJPN.DE,D,20191021,000000,26.471807,26.666918,26.437662,26.637652,11351,0
VJPN.DE,D,20191022,000000,26.710819,26.769352,26.623018,26.735208,11131,0
VJPN.DE,D,20191023,000000,26.701063,26.901053,26.701063,26.886419,2484,0
VJPN.DE,D,20191024,000000,26.813252,26.915686,26.793741,26.915686,10061,0
VJPN.DE,D,20191025,000000,26.842519,26.969342,26.744963,26.969342,10551,0
VJPN.DE,D,20191028,000000,26.915686,26.998609,26.901053,26.97422,6688,0
VJPN.DE,D,20191029,000000,27.076653,27.135187,27.032753,27.081531,7123,0
VJPN.DE,D,20191030,000000,27.057142,27.081531,26.979097,27.003486,32316,0
VJPN.DE,D,20191031,000000,27.042509,27.042509,26.910808,26.964464,20253,0
VJPN.DE,D,20191101,000000,27.183965,27.330299,27.144943,27.247376,4371,0
VJPN.DE,D,20191104,000000,27.379077,27.5059,27.369321,27.5059,4551,0
VJPN.DE,D,20191105,000000,27.540044,27.735156,27.540044,27.735156,9052,0
VJPN.DE,D,20191106,000000,27.657111,27.715645,27.632722,27.715645,14262,0
VJPN.DE,D,20191107,000000,27.930268,28.01319,27.88149,27.979046,22439,0
VJPN.DE,D,20191108,000000,27.813201,27.930268,27.779056,27.92539,23074,0
VJPN.DE,D,20191111,000000,27.788812,27.842468,27.744912,27.818079,47087,0
VJPN.DE,D,20191112,000000,27.92539,28.052213,27.842468,28.037579,14380,0
VJPN.DE,D,20191113,000000,27.896123,27.896123,27.6815,27.886368,6538,0
VJPN.DE,D,20191114,000000,27.6815,27.7254,27.657111,27.696134,10028,0
VJPN.DE,D,20191115,000000,27.861979,27.861979,27.744912,27.83759,5797,0
VJPN.DE,D,20191118,000000,27.852223,27.852223,27.710767,27.754667,14600,0
VJPN.DE,D,20191119,000000,27.7254,27.764423,27.627844,27.676622,5324,0
VJPN.DE,D,20191120,000000,27.622967,27.730278,27.583944,27.691256,20795,0
VJPN.DE,D,20191121,000000,27.583944,27.657111,27.554678,27.613211,7626,0
VJPN.DE,D,20191122,000000,27.676622,27.754667,27.647356,27.730278,7209,0
VJPN.DE,D,20191125,000000,27.891246,27.988801,27.886368,27.988801,12278,0
VJPN.DE,D,20191126,000000,27.901001,27.944901,27.861979,27.940024,11123,0
VJPN.DE,D,20191127,000000,28.047335,28.052213,28.01319,28.032702,17595,0
VJPN.DE,D,20191128,000000,27.896123,27.940024,27.88149,27.930268,15283,0
VJPN.DE,D,20191129,000000,27.691256,27.813201,27.686378,27.754667,10980,0
VJPN.DE,D,20191202,000000,27.905879,27.96929,27.369321,27.369321,19600,0
VJPN.DE,D,20191203,000000,27.676622,27.676622,27.39371,27.486388,9719,0
VJPN.DE,D,20191204,000000,27.657111,27.930268,27.657111,27.930268,6405,0
VJPN.DE,D,20191205,000000,27.886368,27.944901,27.818079,27.818079,14959,0
VJPN.DE,D,20191206,000000,27.876612,28.286347,27.876612,28.276592,16593,0
VJPN.DE,D,20191209,000000,28.198547,28.198547,28.135135,28.140013,6528,0
VJPN.DE,D,20191210,000000,28.047335,28.08148,27.935146,28.071724,17398,0
VJPN.DE,D,20191211,000000,27.940024,28.027824,27.896123,28.027824,7870,0
VJPN.DE,D,20191212,000000,27.878364,28.099504,27.765337,28.011048,9662,0
VJPN.DE,D,20191213,000000,27.956992,28.045448,27.888193,28.045448,16452,0
VJPN.DE,D,20191216,000000,28.045448,28.197789,28.045448,28.18796,40948,0
VJPN.DE,D,20191217,000000,28.089676,28.124075,27.996306,28.114247,44034,0
VJPN.DE,D,20191218,000000,27.996306,28.074933,27.996306,28.065105,17514,0
VJPN.DE,D,20191219,000000,28.006134,28.079847,27.96682,28.055276,16037,0
VJPN.DE,D,20191220,000000,27.961906,28.202703,27.961906,28.202703,28806,0
VJPN.DE,D,20191223,000000,28.050362,28.09459,28.015963,28.079847,28627,0
VJPN.DE,D,20191227,000000,28.099504,28.099504,27.794823,27.829222,56234,0
VJPN.DE,D,20191230,000000,27.647396,27.671967,27.612997,27.667053,11422,0
VJPN.DE,D,20200102,000000,27.735852,27.956992,27.735852,27.804651,25871,0
VJPN.DE,D,20200103,000000,27.681796,27.755509,27.603168,27.755509,36514,0
VJPN.DE,D,20200106,000000,27.622825,27.662139,27.46557,27.642482,28775,0
VJPN.DE,D,20200107,000000,27.888193,27.952078,27.858708,27.922592,12866,0
VJPN.DE,D,20200108,000000,27.730938,27.922592,27.711281,27.912764,10153,0
VJPN.DE,D,20200109,000000,28.109333,28.12899,28.025791,28.119161,12805,0
VJPN.DE,D,20200110,000000,28.050362,28.050362,27.942249,27.942249,13960,0
VJPN.DE,D,20200113,000000,27.96682,27.996306,27.848879,27.878364,9046,0
VJPN.DE,D,20200114,000000,27.912764,28.015963,27.868536,27.976649,6760,0
VJPN.DE,D,20200115,000000,27.90785,27.912764,27.804651,27.848879,13893,0
VJPN.DE,D,20200116,000000,27.804651,27.883279,27.775166,27.883279,19562,0
VJPN.DE,D,20200117,000000,27.898021,27.996306,27.878364,27.96682,16463,0
VJPN.DE,D,20200120,000000,28.070019,28.124075,28.070019,28.119161,8526,0
VJPN.DE,D,20200121,000000,27.981563,27.981563,27.917678,27.976649,19894,0
VJPN.DE,D,20200122,000000,28.12899,28.12899,28.040534,28.084762,29675,0
VJPN.DE,D,20200123,000000,28.011048,28.084762,27.956992,28.084762,12480,0
VJPN.DE,D,20200124,000000,28.183046,28.305902,28.148647,28.163389,17937,0
VJPN.DE,D,20200127,000000,27.893107,27.893107,27.642482,27.657225,16317,0
VJPN.DE,D,20200128,000000,27.726024,27.839051,27.583511,27.834136,49527,0
VJPN.DE,D,20200129,000000,27.843965,27.922592,27.843965,27.868536,18912,0
VJPN.DE,D,20200130,000000,27.411514,27.544198,27.362371,27.485227,21538,0
VJPN.DE,D,20200131,000000,27.490141,27.490141,27.131403,27.15106,16569,0
VJPN.DE,D,20200203,000000,27.342715,27.470484,27.254259,27.3722,26847,0
VJPN.DE,D,20200204,000000,27.59334,27.87345,27.59334,27.87345,22856,0
VJPN.DE,D,20200205,000000,28.09459,28.197789,28.09459,28.178132,88540,0
VJPN.DE,D,20200206,000000,28.404186,28.418929,28.340301,28.418929,39603,0
VJPN.DE,D,20200207,000000,28.305902,28.350129,28.261674,28.320644,4421,0
VJPN.DE,D,20200210,000000,28.168303,28.28133,28.104419,28.28133,35566,0
VJPN.DE,D,20200211,000000,28.394357,28.551612,28.394357,28.487728,8150,0
VJPN.DE,D,20200212,000000,28.276416,28.394357,28.276416,28.389443,18403,0
VJPN.DE,D,20200213,000000,28.197789,28.325558,28.079847,28.325558,68925,0
VJPN.DE,D,20200214,000000,28.168303,28.168303,28.015963,28.079847,33869,0
VJPN.DE,D,20200217,000000,27.981563,28.015963,27.937335,27.961906,42467,0
VJPN.DE,D,20200218,000000,27.642482,27.78008,27.632654,27.671967,21349,0
VJPN.DE,D,20200219,000000,27.770252,27.794823,27.696538,27.765337,39071,0
VJPN.DE,D,20200220,000000,27.583511,27.598254,27.27883,27.27883,80693,0
VJPN.DE,D,20200221,000000,27.269001,27.332886,27.033119,27.126489,25355,0
VJPN.DE,D,20200224,000000,26.438498,26.438498,26.163302,26.24193,54465,0
VJPN.DE,D,20200225,000000,26.694038,26.694038,26.158388,26.158388,10647,0
VJPN.DE,D,20200226,000000,26.320557,26.453241,26.015875,26.374613,51685,0
VJPN.DE,D,20200227,000000,25.868449,25.868449,25.17063,25.386855,45110,0
VJPN.DE,D,20200228,000000,24.900348,24.944576,24.433497,24.664465,53686,0
VJPN.DE,D,20200302,000000,25.131316,25.180458,24.458068,24.630066,12483,0
VJPN.DE,D,20200303,000000,24.797149,25.028117,24.664465,24.669379,73693,0
VJPN.DE,D,20200304,000000,24.733264,25.067431,24.718522,24.920005,38735,0
VJPN.DE,D,20200305,000000,25.057603,25.057603,24.551438,24.659551,18216,0
VJPN.DE,D,20200306,000000,24.492468,24.517039,23.848705,24.020703,29096,0
VJPN.DE,D,20200309,000000,22.924832,23.337626,22.359697,22.693863,44812,0
VJPN.DE,D,20200310,000000,23.200028,23.740592,22.865861,22.87569,57278,0
VJPN.DE,D,20200311,000000,23.204942,23.24917,22.880604,23.003459,24425,0
VJPN.DE,D,20200312,000000,22.231927,22.231927,20.41858,20.41858,73257,0
VJPN.DE,D,20200313,000000,21.023029,21.858446,20.69869,20.95423,41024,0
VJPN.DE,D,20200316,000000,20.541435,20.610235,19.656876,20.487379,53367,0
VJPN.DE,D,20200317,000000,21.185198,21.519365,20.330124,21.26874,159091,0
VJPN.DE,D,20200318,000000,21.347367,21.435823,20.782232,21.077085,81088,0
VJPN.DE,D,20200319,000000,21.843704,22.30564,21.54885,22.020615,87720,0
VJPN.DE,D,20200320,000000,22.870775,23.111572,22.335125,22.487466,36247,0
VJPN.DE,D,20200323,000000,22.040272,22.217184,21.342453,21.553765,56809,0
VJPN.DE,D,20200324,000000,23.008373,23.209856,22.782319,23.209856,79832,0
VJPN.DE,D,20200325,000000,23.578423,23.612822,22.482552,23.02803,221529,0
VJPN.DE,D,20200326,000000,22.925322,23.594675,22.841653,23.594675,110810,0
VJPN.DE,D,20200327,000000,24.121298,24.288636,23.688187,23.835838,72098,0
VJPN.DE,D,20200330,000000,23.599596,23.914586,23.200938,23.894899,115327,0
VJPN.DE,D,20200331,000000,23.387963,23.565144,23.077895,23.560223,131406,0
VJPN.DE,D,20200401,000000,22.580803,22.767828,22.359326,22.703845,210963,0
VJPN.DE,D,20200402,000000,22.566037,22.713689,22.433151,22.703845,72386,0
VJPN.DE,D,20200403,000000,22.48729,22.698924,22.438073,22.447916,63792,0
VJPN.DE,D,20200406,000000,23.230468,23.550379,23.166486,23.481475,37540,0
VJPN.DE,D,20200407,000000,24.204967,24.687294,24.101611,24.249262,53761,0
VJPN.DE,D,20200408,000000,23.737404,23.850604,23.584831,23.850604,62903,0
VJPN.DE,D,20200409,000000,24.01302,24.131141,23.762013,24.047472,135732,0
VJPN.DE,D,20200414,000000,24.352618,24.406757,24.21481,24.283714,44887,0
VJPN.DE,D,20200415,000000,24.485504,24.495347,24.086846,24.116376,43912,0
VJPN.DE,D,20200416,000000,24.259105,24.259105,23.894899,24.067159,31167,0
VJPN.DE,D,20200417,000000,24.475661,24.529799,24.15575,24.160671,42100,0
VJPN.DE,D,20200420,000000,24.382148,24.382148,24.145906,24.273871,35008,0
VJPN.DE,D,20200421,000000,24.342775,24.352618,23.791543,23.791543,32363,0
VJPN.DE,D,20200422,000000,23.998255,24.21481,23.949038,24.200045,46176,0
VJPN.DE,D,20200423,000000,24.431365,24.667607,24.431365,24.564251,75153,0
VJPN.DE,D,20200424,000000,24.470739,24.574095,24.431365,24.431365,51469,0
VJPN.DE,D,20200427,000000,24.785728,24.834945,24.706981,24.830024,86141,0
VJPN.DE,D,20200428,000000,24.99244,25.341882,24.99244,25.272978,6352,0
VJPN.DE,D,20200429,000000,25.450159,25.77007,25.386177,25.735618,24570,0
VJPN.DE,D,20200430,000000,25.076109,25.213917,24.697138,24.697138,31343,0
VJPN.DE,D,20200504,000000,24.057315,24.121298,23.899821,24.008098,79914,0
VJPN.DE,D,20200505,000000,24.44613,24.721746,24.421522,24.721746,11241,0
VJPN.DE,D,20200506,000000,24.795572,24.884163,24.623312,24.662686,30732,0
VJPN.DE,D,20200507,000000,24.815259,24.96291,24.810337,24.859554,31409,0
VJPN.DE,D,20200508,000000,25.19423,25.19423,25.110561,25.130248,18541,0
VJPN.DE,D,20200511,000000,25.523985,25.587967,25.36649,25.435394,82861,0
VJPN.DE,D,20200512,000000,25.213917,25.371412,25.213917,25.312351,47962,0
VJPN.DE,D,20200513,000000,25.351725,25.460003,25.22376,25.277899,28788,0
VJPN.DE,D,20200514,000000,24.879241,24.953066,24.628234,24.839867,16224,0
VJPN.DE,D,20200515,000000,25.130248,25.130248,24.825102,24.859554,12874,0
VJPN.DE,D,20200518,000000,25.233604,25.410785,25.204074,25.410785,24266,0
VJPN.DE,D,20200519,000000,25.381255,25.381255,25.076109,25.213917,23059,0
VJPN.DE,D,20200520,000000,25.233604,25.440316,25.228682,25.440316,39179,0
VJPN.DE,D,20200521,000000,25.120405,25.199152,25.076109,25.100718,13107,0
VJPN.DE,D,20200522,000000,24.997362,25.263134,24.953066,25.233604,28260,0
VJPN.DE,D,20200525,000000,25.583045,25.760227,25.548593,25.760227,28253,0
VJPN.DE,D,20200526,000000,25.991547,25.991547,25.858661,25.922643,38246,0
VJPN.DE,D,20200527,000000,26.198259,26.419736,26.089981,26.203181,9252,0
VJPN.DE,D,20200528,000000,26.48864,26.631369,26.45911,26.523092,27469,0
VJPN.DE,D,20200529,000000,26.124433,26.124433,25.898035,25.898035,21729,0
VJPN.DE,D,20200602,000000,26.414814,26.577231,26.31638,26.355754,68907,0
VJPN.DE,D,20200603,000000,26.262241,26.429579,26.237633,26.414814,27555,0
VJPN.DE,D,20200604,000000,26.188416,26.336067,25.986625,25.986625,71249,0
VJPN.DE,D,20200605,000000,25.957095,26.439423,25.957095,26.439423,56937,0
VJPN.DE,D,20200608,000000,26.311458,26.493561,26.311458,26.493561,15527,0
VJPN.DE,D,20200609,000000,26.680586,26.680586,26.34591,26.360675,16285,0
VJPN.DE,D,20200610,000000,26.542779,26.587074,26.34591,26.390206,18361,0
VJPN.DE,D,20200611,000000,25.94275,25.962607,25.580366,25.580366,54258,0
VJPN.DE,D,20200612,000000,25.654828,26.00232,25.654828,25.952679,81506,0
VJPN.DE,D,20200615,000000,25.262659,25.515832,25.232874,25.495975,34549,0
VJPN.DE,D,20200616,000000,25.952679,26.39449,25.952679,26.195923,13069,0
VJPN.DE,D,20200617,000000,26.315063,26.548379,26.315063,26.51363,12999,0
VJPN.DE,D,20200618,000000,26.265421,26.434203,26.265421,26.399454,26703,0
VJPN.DE,D,20200619,000000,26.518594,26.593056,26.518594,26.588092,10113,0
VJPN.DE,D,20200622,000000,26.369669,26.409382,26.235636,26.310099,20766,0
VJPN.DE,D,20200623,000000,26.324991,26.45406,26.324991,26.429239,5955,0
VJPN.DE,D,20200624,000000,26.131389,26.220744,25.853395,25.863323,25299,0
VJPN.DE,D,20200625,000000,25.878216,26.116496,25.778933,26.086711,29052,0
VJPN.DE,D,20200626,000000,26.260457,26.349812,26.017213,26.042034,29688,0
VJPN.DE,D,20200629,000000,25.813682,25.957643,25.798789,25.957643,3307,0
VJPN.DE,D,20200630,000000,25.878216,25.878216,25.783897,25.843467,8589,0
VJPN.DE,D,20200701,000000,25.540652,25.639936,25.495975,25.515832,8554,0
VJPN.DE,D,20200702,000000,25.600222,25.878216,25.58533,25.878216,10806,0
VJPN.DE,D,20200703,000000,25.853395,25.853395,25.600222,25.639936,13445,0
VJPN.DE,D,20200706,000000,25.982464,26.056926,25.927858,25.992392,11468,0
VJPN.DE,D,20200707,000000,25.88318,25.972535,25.833538,25.927858,12915,0
VJPN.DE,D,20200708,000000,25.778933,25.778933,25.510867,25.535688,22857,0
VJPN.DE,D,20200709,000000,25.615115,25.649864,25.471154,25.486047,7781,0
VJPN.DE,D,20200710,000000,25.634972,25.788861,25.634972,25.788861,24524,0
VJPN.DE,D,20200713,000000,26.022177,26.032105,25.912965,25.962607,28842,0
VJPN.DE,D,20200714,000000,25.783897,25.813682,25.600222,25.739219,21601,0
VJPN.DE,D,20200715,000000,26.017213,26.185995,25.982464,26.18103,18743,0
VJPN.DE,D,20200716,000000,25.868288,25.908001,25.818646,25.848431,14722,0
VJPN.DE,D,20200717,000000,25.808718,25.82361,25.714398,25.773968,19917,0
VJPN.DE,D,20200720,000000,25.625043,25.828574,25.620079,25.788861,77341,0
VJPN.DE,D,20200721,000000,25.759076,25.858359,25.759076,25.783897,13617,0
VJPN.DE,D,20200722,000000,25.565473,25.630008,25.386763,25.446333,5477,0
VJPN.DE,D,20200723,000000,25.515832,25.555545,25.411584,25.461226,4386,0
VJPN.DE,D,20200724,000000,25.178268,25.332157,25.16834,25.262659,8662,0
VJPN.DE,D,20200727,000000,25.545617,25.615115,25.446333,25.446333,54679,0
VJPN.DE,D,20200728,000000,25.352014,25.481082,25.312301,25.481082,16284,0
VJPN.DE,D,20200729,000000,25.208053,25.22791,25.16834,25.183232,12381,0
VJPN.DE,D,20200730,000000,24.860561,24.875454,24.552783,24.731493,7994,0
VJPN.DE,D,20200731,000000,24.215219,24.329395,24.096079,24.145721,38621,0
VJPN.DE,D,20200803,000000,24.423714,24.731493,24.398893,24.721564,12959,0
VJPN.DE,D,20200804,000000,25.0492,25.054164,24.840705,24.974737,38914,0
VJPN.DE,D,20200805,000000,25.01445,25.044236,24.900275,24.900275,16917,0
VJPN.DE,D,20200806,000000,24.820848,24.905239,24.751349,24.791063,7785,0
VJPN.DE,D,20200807,000000,24.815884,24.935024,24.815884,24.910203,8642,0
VJPN.DE,D,20200810,000000,25.029343,25.059128,24.984665,25.039271,5044,0
VJPN.DE,D,20200811,000000,25.505903,25.689578,25.491011,25.491011,57645,0
VJPN.DE,D,20200812,000000,25.798789,25.922894,25.788861,25.893109,21566,0
VJPN.DE,D,20200813,000000,25.828574,25.888144,25.719363,25.754112,49759,0
VJPN.DE,D,20200814,000000,25.76404,25.778933,25.6449,25.744183,27707,0
VJPN.DE,D,20200817,000000,25.625043,25.749148,25.590294,25.739219,18336,0
VJPN.DE,D,20200818,000000,25.694542,25.788861,25.58533,25.669721,17045,0
VJPN.DE,D,20200819,000000,25.694542,25.803753,25.684613,25.803753,1697,0
VJPN.DE,D,20200820,000000,25.535688,25.654828,25.535688,25.605187,10040,0
VJPN.DE,D,20200821,000000,25.625043,25.709434,25.605187,25.620079,452,0
VJPN.DE,D,20200824,000000,25.843467,25.898073,25.803753,25.898073,17289,0
VJPN.DE,D,20200825,000000,26.071819,26.071819,25.848431,25.868288,10823,0
VJPN.DE,D,20200826,000000,25.808718,25.967571,25.808718,25.957643,26125,0
VJPN.DE,D,20200827,000000,25.838503,25.853395,25.749148,25.838503,17038,0
VJPN.DE,D,20200828,000000,25.471154,25.654828,25.376835,25.620079,8576,0
VJPN.DE,D,20200831,000000,25.813682,25.813682,25.491011,25.491011,13660,0
VJPN.DE,D,20200901,000000,25.610151,25.615115,25.456262,25.530724,30257,0
VJPN.DE,D,20200902,000000,25.818646,26.007284,25.818646,25.977499,11286,0
VJPN.DE,D,20200903,000000,26.176066,26.176066,25.605187,25.709434,47132,0
VJPN.DE,D,20200904,000000,25.714398,25.863323,25.620079,25.664757,81807,0
VJPN.DE,D,20200907,000000,25.669721,25.788861,25.664757,25.76404,22162,0
VJPN.DE,D,20200908,000000,25.813682,25.813682,25.58533,25.679649,65766,0
VJPN.DE,D,20200909,000000,25.739219,25.828574,25.664757,25.729291,24872,0
VJPN.DE,D,20200910,000000,25.917929,25.932822,25.734255,25.76404,38623,0
VJPN.DE,D,20200911,000000,26.017213,26.106568,25.982464,26.091675,16290,0
VJPN.DE,D,20200914,000000,26.35974,26.35974,26.195923,26.255493,12374,0
VJPN.DE,D,20200915,000000,26.18103,26.344848,26.161174,26.344848,12232,0
VJPN.DE,D,20200916,000000,26.329955,26.528522,26.329955,26.528522,35429,0
VJPN.DE,D,20200917,000000,26.444131,26.543415,26.399454,26.483845,39396,0
VJPN.DE,D,20200918,000000,26.434203,26.588092,26.429239,26.429239,4591,0
VJPN.DE,D,20200921,000000,26.354776,26.354776,25.992392,26.022177,19924,0
VJPN.DE,D,20200922,000000,26.101604,26.250529,26.101604,26.171102,42054,0
VJPN.DE,D,20200923,000000,26.687376,26.796587,26.647662,26.647662,27089,0
VJPN.DE,D,20200924,000000,26.535299,26.570076,26.445871,26.535299,22117,0
VJPN.DE,D,20200925,000000,26.530331,26.530331,26.396188,26.525362,20885,0
VJPN.DE,D,20200928,000000,26.897979,26.942693,26.793647,26.917852,10664,0
VJPN.DE,D,20200929,000000,26.92282,26.972503,26.773774,26.798615,7166,0
VJPN.DE,D,20200930,000000,26.435934,26.619759,26.396188,26.550203,14073,0
VJPN.DE,D,20201001,000000,26.530331,26.540267,26.450839,26.500521,31742,0
VJPN.DE,D,20201002,000000,26.197459,26.425998,26.197459,26.425998,2573,0
VJPN.DE,D,20201005,000000,26.580013,26.580013,26.430966,26.495553,37472,0
VJPN.DE,D,20201006,000000,26.565108,26.594918,26.490585,26.584981,23208,0
VJPN.DE,D,20201007,000000,26.664473,26.664473,26.575045,26.619759,14662,0
VJPN.DE,D,20201008,000000,26.704218,26.743964,26.659504,26.659504,10222,0
VJPN.DE,D,20201009,000000,26.505489,26.530331,26.425998,26.500521,17048,0
VJPN.DE,D,20201012,000000,26.435934,26.594918,26.411093,26.584981,16107,0
VJPN.DE,D,20201013,000000,26.629695,26.639632,26.575045,26.639632,22887,0
VJPN.DE,D,20201014,000000,26.649568,26.724091,26.649568,26.724091,20617,0
VJPN.DE,D,20201015,000000,26.485617,26.495553,26.396188,26.455807,59914,0
VJPN.DE,D,20201016,000000,26.430966,26.505489,26.351474,26.47568,14958,0
VJPN.DE,D,20201019,000000,26.694282,26.694282,26.430966,26.450839,3169,0
VJPN.DE,D,20201020,000000,26.331601,26.351474,26.227269,26.227269,2833,0
VJPN.DE,D,20201021,000000,26.361411,26.470712,26.30676,26.371347,49641,0
VJPN.DE,D,20201022,000000,26.281919,26.406125,26.281919,26.346506,35367,0
VJPN.DE,D,20201023,000000,26.381284,26.450839,26.33657,26.346506,8740,0
VJPN.DE,D,20201026,000000,26.202428,26.271983,26.177586,26.202428,36120,0
VJPN.DE,D,20201027,000000,26.257078,26.296824,26.217332,26.247142,13585,0
VJPN.DE,D,20201028,000000,26.39122,26.39122,26.147777,26.162682,26756,0
VJPN.DE,D,20201029,000000,26.460775,26.47568,26.386252,26.450839,10944,0
VJPN.DE,D,20201030,000000,26.053381,26.326633,26.053381,26.311729,20647,0
VJPN.DE,D,20201102,000000,26.520394,26.679377,26.470712,26.679377,21803,0
VJPN.DE,D,20201103,000000,26.823456,27.071867,26.808551,27.071867,7997,0
VJPN.DE,D,20201104,000000,26.609822,27.051994,26.609822,27.051994,50354,0
VJPN.DE,D,20201105,000000,27.201041,27.350088,27.106645,27.305374,180840,0
VJPN.DE,D,20201106,000000,27.34512,27.34512,27.230851,27.26066,4459,0
VJPN.DE,D,20201109,000000,27.56869,28.616986,27.56869,28.318892,95642,0
VJPN.DE,D,20201110,000000,27.911498,28.199655,27.797228,28.199655,34103,0
VJPN.DE,D,20201111,000000,28.169845,28.472907,28.154941,28.433161,40014,0
VJPN.DE,D,20201112,000000,27.966148,28.01583,27.886656,28.000926,43816,0
VJPN.DE,D,20201113,000000,27.787292,28.04564,27.757483,27.990989,41995,0
VJPN.DE,D,20201116,000000,28.274178,28.587176,28.229464,28.467939,33085,0
VJPN.DE,D,20201117,000000,28.433161,28.453034,28.279146,28.453034,34192,0
VJPN.DE,D,20201118,000000,28.1301,28.453034,28.1301,28.453034,17796,0
VJPN.DE,D,20201119,000000,28.308956,28.373543,28.214559,28.363606,39740,0
VJPN.DE,D,20201120,000000,28.348702,28.592145,28.348702,28.592145,33647,0
VJPN.DE,D,20201123,000000,28.810747,28.929984,28.790874,28.840556,32296,0
VJPN.DE,D,20201124,000000,28.974698,29.143618,28.949857,29.143618,23071,0
VJPN.DE,D,20201125,000000,28.890238,28.910111,28.626922,28.780937,36596,0
VJPN.DE,D,20201126,000000,28.915079,29.009476,28.915079,28.964762,5655,0
VJPN.DE,D,20201127,000000,29.004507,29.178395,29.004507,29.093936,22432,0
VJPN.DE,D,20201130,000000,28.616986,28.676604,28.462971,28.462971,32988,0
VJPN.DE,D,20201201,000000,28.602081,28.810747,28.602081,28.721319,53187,0
VJPN.DE,D,20201202,000000,28.527558,28.57724,28.472907,28.532526,47876,0
VJPN.DE,D,20201203,000000,28.433161,28.532526,28.418257,28.532526,32895,0
VJPN.DE,D,20201204,000000,28.458003,28.562335,28.433161,28.562335,34565,0
VJPN.DE,D,20201207,000000,28.313924,28.313924,28.140036,28.303987,36648,0
VJPN.DE,D,20201208,000000,28.249337,28.294051,28.140036,28.294051,17325,0
VJPN.DE,D,20201209,000000,28.532526,28.641827,28.532526,28.562335,38460,0
VJPN.DE,D,20201210,000000,28.462971,28.517621,28.348702,28.482844,19195,0
VJPN.DE,D,20201211,000000,28.527558,28.592145,28.40832,28.547431,76183,0
VJPN.DE,D,20201214,000000,28.74616,28.815715,28.681573,28.681573,24359,0
VJPN.DE,D,20201215,000000,28.562335,28.785905,28.562335,28.721319,24322,0
VJPN.DE,D,20201216,000000,28.790874,28.815715,28.696477,28.761064,62753,0
VJPN.DE,D,20201217,000000,28.78,28.8,28.71,28.765,49878,0
VJPN.DE,D,20201218,000000,28.71,28.805,28.705,28.77,117008,0
VJPN.DE,D,20201221,000000,28.56,28.57,28.145,28.255,37118,0
VJPN.DE,D,20201222,000000,28.33,28.51,28.31,28.455,22686,0
VJPN.DE,D,20201223,000000,28.445,28.565,28.435,28.56,75455,0
VJPN.DE,D,20201228,000000,28.685,28.75,28.635,28.715,26328,0
VJPN.DE,D,20201229,000000,29.12,29.17,29.015,29.055,22044,0
VJPN.DE,D,20201230,000000,29.01,29.095,29.005,29.04,13830,0
VJPN.DE,D,20210104,000000,29.02,29.045,28.795,28.825,31458,0
VJPN.DE,D,20210105,000000,28.725,28.9,28.725,28.87,16946,0
VJPN.DE,D,20210106,000000,28.855,29.195,28.77,29.185,18850,0
VJPN.DE,D,20210107,000000,29.18,29.275,29.11,29.24,15046,0
VJPN.DE,D,20210108,000000,29.8,29.805,29.685,29.755,18225,0
VJPN.DE,D,20210111,000000,29.76,29.835,29.705,29.795,17722,0
VJPN.DE,D,20210112,000000,29.83,29.85,29.72,29.845,14055,0
VJPN.DE,D,20210113,000000,29.9,30.01,29.875,30.01,44402,0
VJPN.DE,D,20210114,000000,30.215,30.375,30.21,30.375,15220,0
VJPN.DE,D,20210115,000000,30.07,30.105,29.835,29.99,29107,0
VJPN.DE,D,20210118,000000,29.925,30.045,29.9,30.045,5250,0
VJPN.DE,D,20210119,000000,30.105,30.105,29.89,29.99,15270,0
VJPN.DE,D,20210120,000000,29.84,30.13,29.84,30.105,13995,0
VJPN.DE,D,20210121,000000,30.16,30.16,29.91,29.91,9754,0
VJPN.DE,D,20210122,000000,29.89,29.91,29.74,29.84,18622,0
VJPN.DE,D,20210125,000000,29.98,30,29.85,29.915,12121,0
VJPN.DE,D,20210126,000000,29.98,30.09,29.97,30.09,21466,0
VJPN.DE,D,20210127,000000,29.98,30.04,29.805,29.87,9790,0
VJPN.DE,D,20210128,000000,29.43,29.765,29.165,29.765,13564,0
VJPN.DE,D,20210129,000000,29.1,29.405,29.1,29.175,50102,0
VJPN.DE,D,20210201,000000,29.37,29.545,29.37,29.455,9507,0
VJPN.DE,D,20210202,000000,29.675,29.86,29.675,29.84,18925,0
VJPN.DE,D,20210203,000000,30.185,30.185,30.06,30.14,21044,0
VJPN.DE,D,20210204,000000,30.105,30.29,30.105,30.265,19938,0
VJPN.DE,D,20210205,000000,30.455,30.545,30.375,30.425,27903,0
VJPN.DE,D,20210208,000000,30.765,30.95,30.765,30.925,17267,0
VJPN.DE,D,20210209,000000,30.91,30.93,30.78,30.9,82422,0
VJPN.DE,D,20210210,000000,30.87,30.9,30.77,30.78,10073,0
VJPN.DE,D,20210211,000000,30.865,30.915,30.815,30.91,55677,0
VJPN.DE,D,20210212,000000,30.89,31.1,30.885,31.1,6271,0
VJPN.DE,D,20210215,000000,31.24,31.375,31.205,31.34,18497,0
VJPN.DE,D,20210216,000000,31.43,31.43,31.34,31.375,26205,0
VJPN.DE,D,20210217,000000,31.305,31.375,31.28,31.28,21076,0
VJPN.DE,D,20210218,000000,31.04,31.04,30.735,30.825,26461,0
VJPN.DE,D,20210219,000000,30.81,31,30.8,30.96,9325,0
VJPN.DE,D,20210222,000000,30.755,30.94,30.715,30.94,17187,0
VJPN.DE,D,20210223,000000,30.935,30.935,30.525,30.78,20944,0
VJPN.DE,D,20210224,000000,30.28,30.565,30.28,30.53,12270,0
VJPN.DE,D,20210225,000000,30.5,30.5,30.21,30.21,16411,0
VJPN.DE,D,20210226,000000,29.71,29.87,29.67,29.81,25280,0
VJPN.DE,D,20210301,000000,30.1,30.36,30.065,30.35,26623,0
VJPN.DE,D,20210302,000000,30.135,30.205,30.015,30.03,25034,0
VJPN.DE,D,20210303,000000,30.095,30.195,29.945,30.06,25359,0
VJPN.DE,D,20210304,000000,29.875,29.95,29.72,29.935,22024,0
VJPN.DE,D,20210305,000000,29.695,30.09,29.685,29.875,44813,0
VJPN.DE,D,20210308,000000,29.87,30.24,29.82,30.185,33429,0
VJPN.DE,D,20210309,000000,30.045,30.3,30.045,30.3,13474,0
VJPN.DE,D,20210310,000000,30.19,30.37,30.185,30.33,43014,0
VJPN.DE,D,20210311,000000,30.215,30.25,30.16,30.195,46049,0
VJPN.DE,D,20210312,000000,30.34,30.465,30.32,30.405,35425,0
VJPN.DE,D,20210315,000000,30.615,30.725,30.61,30.645,18253,0
VJPN.DE,D,20210316,000000,30.81,31.025,30.78,31.025,37465,0
VJPN.DE,D,20210317,000000,30.94,30.965,30.87,30.95,52456,0
VJPN.DE,D,20210318,000000,31.135,31.39,31.075,31.375,45694,0
VJPN.DE,D,20210319,000000,31.305,31.675,31.165,31.36,75585,0
VJPN.DE,D,20210322,000000,30.99,31.22,30.99,31.205,24459,0
VJPN.DE,D,20210323,000000,30.895,31.04,30.84,31.035,28465,0
VJPN.DE,D,20210324,000000,30.44,30.785,30.44,30.785,59484,0
VJPN.DE,D,20210325,000000,30.755,31.025,30.72,31.025,124942,0
VJPN.DE,D,20210326,000000,31.295,31.3,31.155,31.285,22899,0
VJPN.DE,D,20210329,000000,31.245,31.31,31.165,31.24,44180,0
VJPN.DE,D,20210330,000000,31.23,31.285,31.105,31.21,50568,0
VJPN.DE,D,20210331,000000,30.765,30.99,30.74,30.965,27654,0
VJPN.DE,D,20210401,000000,30.875,30.97,30.79,30.97,15515,0
VJPN.DE,D,20210406,000000,30.69,30.815,30.69,30.74,59393,0
VJPN.DE,D,20210407,000000,30.795,30.805,30.575,30.695,23192,0
VJPN.DE,D,20210408,000000,30.66,30.785,30.66,30.715,13975,0
VJPN.DE,D,20210409,000000,30.805,30.895,30.795,30.895,16480,0
VJPN.DE,D,20210412,000000,30.79,30.83,30.735,30.735,37010,0
VJPN.DE,D,20210413,000000,30.765,30.83,30.68,30.775,12662,0
VJPN.DE,D,20210414,000000,30.67,30.815,30.65,30.815,12065,0
VJPN.DE,D,20210415,000000,30.76,30.905,30.75,30.905,6357,0
VJPN.DE,D,20210416,000000,30.835,30.885,30.805,30.805,10856,0
VJPN.DE,D,20210419,000000,30.8,30.83,30.51,30.535,38346,0
VJPN.DE,D,20210420,000000,30.165,30.165,29.675,29.73,47872,0
VJPN.DE,D,20210421,000000,29.855,29.9,29.745,29.895,85317,0
VJPN.DE,D,20210422,000000,30.295,30.34,30.2,30.3,45510,0
VJPN.DE,D,20210423,000000,30.155,30.25,30.095,30.25,10049,0
VJPN.DE,D,20210426,000000,30.14,30.19,30.11,30.15,18224,0
VJPN.DE,D,20210427,000000,29.855,29.88,29.715,29.805,54892,0
VJPN.DE,D,20210428,000000,29.755,29.8,29.71,29.745,13955,0
VJPN.DE,D,20210429,000000,29.705,29.735,29.55,29.57,16222,0
VJPN.DE,D,20210430,000000,29.61,29.675,29.59,29.665,5055,0
VJPN.DE,D,20210503,000000,29.675,29.835,29.65,29.835,11572,0
VJPN.DE,D,20210504,000000,29.905,29.925,29.515,29.555,19810,0
VJPN.DE,D,20210505,000000,29.73,30.075,29.73,30.075,16864,0
VJPN.DE,D,20210506,000000,30.095,30.105,29.87,30.005,23561,0
VJPN.DE,D,20210507,000000,30.1,30.1,30.02,30.075,25681,0
VJPN.DE,D,20210510,000000,30.185,30.25,30.14,30.25,11984,0
VJPN.DE,D,20210511,000000,29.585,29.595,29.275,29.44,17310,0
VJPN.DE,D,20210512,000000,29.295,29.295,28.965,28.965,40696,0
VJPN.DE,D,20210513,000000,28.595,28.845,28.445,28.8,22753,0
VJPN.DE,D,20210514,000000,29.08,29.18,29.005,29.18,80178,0
VJPN.DE,D,20210517,000000,29.025,29.025,28.87,28.935,6540,0
VJPN.DE,D,20210518,000000,29.415,29.425,29.27,29.275,28216,0
VJPN.DE,D,20210519,000000,28.985,29.04,28.88,28.94,10366,0
VJPN.DE,D,20210520,000000,29.205,29.34,29.065,29.34,17122,0
VJPN.DE,D,20210521,000000,29.355,29.49,29.35,29.435,72712,0
VJPN.DE,D,20210525,000000,29.57,29.585,29.38,29.38,15069,0
VJPN.DE,D,20210526,000000,29.525,29.575,29.51,29.565,19839,0
VJPN.DE,D,20210527,000000,29.41,29.65,29.385,29.555,24787,0
VJPN.DE,D,20210528,000000,29.85,29.935,29.795,29.86,10200,0
VJPN.DE,D,20210531,000000,29.625,29.705,29.555,29.585,15605,0
VJPN.DE,D,20210601,000000,29.51,29.665,29.5,29.58,7126,0
VJPN.DE,D,20210602,000000,29.76,29.875,29.76,29.875,8284,0
VJPN.DE,D,20210603,000000,30.045,30.045,29.875,30.02,1285,0
VJPN.DE,D,20210604,000000,30.135,30.275,30.12,30.275,18899,0
VJPN.DE,D,20210607,000000,30.305,30.355,30.2,30.2,31973,0
VJPN.DE,D,20210608,000000,30.32,30.37,30.255,30.255,8972,0
VJPN.DE,D,20210609,000000,30.125,30.145,30.05,30.115,34946,0
VJPN.DE,D,20210610,000000,30.13,30.28,30.13,30.19,17762,0
VJPN.DE,D,20210611,000000,30.095,30.32,30.095,30.32,6092,0
VJPN.DE,D,20210614,000000,30.405,30.405,30.215,30.215,6193,0
VJPN.DE,D,20210615,000000,30.44,30.465,30.345,30.36,42335,0
VJPN.DE,D,20210616,000000,30.445,30.505,30.43,30.505,10759,0
VJPN.DE,D,20210617,000000,30.25,30.53,30.25,30.53,6069,0
VJPN.DE,D,20210618,000000,30.29,30.29,29.995,30.025,2977,0
VJPN.DE,D,20210621,000000,29.77,30.06,29.765,30.06,3571,0
VJPN.DE,D,20210622,000000,30.335,30.405,30.185,30.245,341186,0
VJPN.DE,D,20210623,000000,30.1,30.1,29.86,29.91,35814,0
VJPN.DE,D,20210624,000000,29.995,30.125,29.995,30.125,23247,0
VJPN.DE,D,20210625,000000,30.175,30.265,30.175,30.265,12136,0
VJPN.DE,D,20210628,000000,30.275,30.315,30.195,30.2,4289,0
VJPN.DE,D,20210629,000000,30.215,30.4,30.215,30.355,28473,0
VJPN.DE,D,20210630,000000,30.16,30.16,29.975,30.08,26401,0
VJPN.DE,D,20210701,000000,30.04,30.125,29.86,30.02,3139,0
VJPN.DE,D,20210702,000000,30.165,30.3,30.165,30.18,13659,0
VJPN.DE,D,20210705,000000,30.185,30.285,30.185,30.26,6570,0
VJPN.DE,D,20210706,000000,30.215,30.4,30.105,30.185,33993,0
VJPN.DE,D,20210707,000000,30.275,30.345,30.25,30.345,2252,0
VJPN.DE,D,20210708,000000,29.97,29.98,29.545,29.77,62317,0
VJPN.DE,D,20210709,000000,30.21,30.4,30.125,30.4,65998,0
VJPN.DE,D,20210712,000000,30.495,30.555,30.355,30.535,27730,0
VJPN.DE,D,20210713,000000,30.625,30.73,30.575,30.655,53345,0
VJPN.DE,D,20210714,000000,30.695,30.795,30.67,30.715,8737,0
VJPN.DE,D,20210715,000000,30.355,30.455,30.355,30.455,19664,0
VJPN.DE,D,20210716,000000,30.275,30.325,30.195,30.245,4934,0
VJPN.DE,D,20210719,000000,29.955,29.965,29.645,29.695,16962,0
VJPN.DE,D,20210720,000000,29.91,30.145,29.845,30.04,6412,0
VJPN.DE,D,20210721,000000,30.11,30.175,30.02,30.09,16701,0
VJPN.DE,D,20210722,000000,30.305,30.43,30.22,30.365,8005,0
VJPN.DE,D,20210723,000000,30.445,30.525,30.41,30.525,10571,0
VJPN.DE,D,20210726,000000,30.21,30.23,30.08,30.215,52669,0
VJPN.DE,D,20210727,000000,30.275,30.275,30.06,30.06,13489,0
VJPN.DE,D,20210728,000000,30.085,30.3,30.085,30.22,18237,0
VJPN.DE,D,20210729,000000,30.24,30.27,30.165,30.25,9628,0
VJPN.DE,D,20210730,000000,29.78,30.02,29.77,29.99,23022,0
VJPN.DE,D,20210802,000000,30.315,30.375,30.265,30.325,17086,0
VJPN.DE,D,20210803,000000,30.29,30.33,30.195,30.3,11597,0
VJPN.DE,D,20210804,000000,30.23,30.285,30.155,30.185,6570,0
VJPN.DE,D,20210805,000000,30.27,30.375,30.265,30.36,47204,0
VJPN.DE,D,20210806,000000,30.335,30.465,30.285,30.465,10514,0
VJPN.DE,D,20210809,000000,30.38,30.475,30.36,30.475,10515,0
VJPN.DE,D,20210810,000000,30.455,30.55,30.42,30.51,22316,0
VJPN.DE,D,20210811,000000,30.745,30.925,30.715,30.86,22970,0
VJPN.DE,D,20210812,000000,30.735,30.825,30.735,30.82,71225,0
VJPN.DE,D,20210813,000000,30.815,30.84,30.7,30.76,52260,0
VJPN.DE,D,20210816,000000,30.4,30.56,30.4,30.56,37188,0
VJPN.DE,D,20210817,000000,30.31,30.5,30.26,30.5,16514,0
VJPN.DE,D,20210818,000000,30.535,30.545,30.445,30.52,68843,0
VJPN.DE,D,20210819,000000,29.975,30.145,29.89,30.085,61248,0
VJPN.DE,D,20210820,000000,29.9,30.03,29.81,30.025,25217,0
VJPN.DE,D,20210823,000000,30.32,30.4,30.25,30.4,12563,0
VJPN.DE,D,20210824,000000,30.585,30.65,30.565,30.6,52128,0
