<TICKER>,<PER>,<DATE>,<TIME>,<OPEN>,<HIGH>,<LOW>,<CLOSE>,<VOL>,<OPENINT>
W311.DE,D,20200803,000000,8.541,8.706,8.541,8.706,90,0
W311.DE,D,20200804,000000,8.695,8.695,8.6,8.653,242,0
W311.DE,D,20200805,000000,8.627,8.647,8.627,8.627,105,0
W311.DE,D,20200806,000000,8.591,8.614,8.511,8.511,0,0
W311.DE,D,20200807,000000,8.519,8.635,8.501,8.635,0,0
W311.DE,D,20200810,000000,8.575,8.596,8.504,8.504,0,0
W311.DE,D,20200811,000000,8.526,8.526,8.505,8.514,0,0
W311.DE,D,20200812,000000,8.485,8.523,8.422,8.523,12000,0
W311.DE,D,20200813,000000,8.471,8.541,8.448,8.541,0,0
W311.DE,D,20200814,000000,8.547,8.547,8.481,8.481,420,0
W311.DE,D,20200817,000000,8.454,8.556,8.439,8.545,696,0
W311.DE,D,20200818,000000,8.533,8.562,8.514,8.514,70,0
W311.DE,D,20200819,000000,8.492,8.503,8.48,8.484,60,0
W311.DE,D,20200820,000000,8.448,8.459,8.42,8.423,1205,0
W311.DE,D,20200821,000000,8.398,8.428,8.39,8.39,0,0
W311.DE,D,20200824,000000,8.469,8.469,8.37,8.373,4785,0
W311.DE,D,20200825,000000,8.367,8.397,8.339,8.397,0,0
W311.DE,D,20200826,000000,8.44,8.486,8.419,8.419,6770,0
W311.DE,D,20200827,000000,8.418,8.506,8.418,8.491,20775,0
W311.DE,D,20200828,000000,8.408,8.408,8.388,8.388,0,0
W311.DE,D,20200831,000000,8.418,8.431,8.381,8.431,250,0
W311.DE,D,20200901,000000,8.46,8.477,8.405,8.405,0,0
W311.DE,D,20200902,000000,8.475,8.614,8.475,8.614,36,0
W311.DE,D,20200903,000000,8.635,8.635,8.422,8.422,466,0
W311.DE,D,20200904,000000,8.223,8.299,8.179,8.179,650,0
W311.DE,D,20200907,000000,8.093,8.18,8.093,8.18,0,0
W311.DE,D,20200908,000000,8.202,8.224,8.127,8.224,113,0
W311.DE,D,20200909,000000,8.202,8.358,8.202,8.358,0,0
W311.DE,D,20200910,000000,8.306,8.341,8.266,8.321,38,0
W311.DE,D,20200911,000000,8.285,8.293,8.264,8.293,0,0
W311.DE,D,20200914,000000,8.324,8.372,8.272,8.372,520,0
W311.DE,D,20200915,000000,8.359,8.502,8.359,8.502,0,0
W311.DE,D,20200916,000000,8.46,8.496,8.46,8.479,445,0
W311.DE,D,20200917,000000,8.272,8.298,8.272,8.298,0,0
W311.DE,D,20200918,000000,8.331,8.371,8.331,8.337,373,0
W311.DE,D,20200921,000000,8.27,8.27,8.18,8.18,0,0
W311.DE,D,20200922,000000,8.233,8.285,8.227,8.227,0,0
W311.DE,D,20200923,000000,8.312,8.355,8.312,8.355,0,0
W311.DE,D,20200924,000000,8.225,8.253,8.225,8.236,0,0
W311.DE,D,20200925,000000,8.241,8.31,8.168,8.31,30500,0
W311.DE,D,20200928,000000,8.479,8.542,8.479,8.508,0,0
W311.DE,D,20200929,000000,8.482,8.492,8.478,8.492,0,0
W311.DE,D,20200930,000000,8.395,8.559,8.395,8.559,400,0
W311.DE,D,20201001,000000,8.573,8.607,8.533,8.533,0,0
W311.DE,D,20201002,000000,8.4,8.512,8.4,8.477,5993,0
W311.DE,D,20201005,000000,8.52,8.611,8.491,8.595,404,0
W311.DE,D,20201006,000000,8.568,8.636,8.551,8.636,1920,0
W311.DE,D,20201007,000000,8.59,8.749,8.563,8.738,6385,0
W311.DE,D,20201008,000000,8.814,8.857,8.814,8.857,0,0
W311.DE,D,20201009,000000,8.83,8.883,8.82,8.866,30,0
W311.DE,D,20201012,000000,8.9,9.018,8.9,8.975,21,0
W311.DE,D,20201013,000000,8.94,9.033,8.94,8.983,165,0
W311.DE,D,20201014,000000,8.998,9.022,8.975,9.004,1361,0
W311.DE,D,20201015,000000,8.785,8.894,8.785,8.894,1500,0
W311.DE,D,20201016,000000,8.845,9.007,8.829,8.988,30,0
W311.DE,D,20201019,000000,8.948,8.948,8.872,8.872,50,0
W311.DE,D,20201020,000000,8.769,8.814,8.731,8.731,650,0
W311.DE,D,20201021,000000,8.652,8.653,8.587,8.587,11,0
W311.DE,D,20201022,000000,8.534,8.693,8.534,8.693,400,0
W311.DE,D,20201023,000000,8.733,8.748,8.731,8.748,0,0
W311.DE,D,20201026,000000,8.678,8.74,8.639,8.639,4000,0
W311.DE,D,20201027,000000,8.687,8.713,8.687,8.713,0,0
W311.DE,D,20201028,000000,8.689,8.689,8.491,8.491,570,0
W311.DE,D,20201029,000000,8.596,8.596,8.502,8.502,1610,0
W311.DE,D,20201030,000000,8.362,8.468,8.362,8.435,60,0
W311.DE,D,20201102,000000,8.476,8.572,8.476,8.482,246,0
W311.DE,D,20201103,000000,8.507,8.572,8.507,8.572,262,0
W311.DE,D,20201104,000000,8.722,9.001,8.722,9.001,2100,0
W311.DE,D,20201105,000000,9.125,9.32,9.021,9.021,50071,0
W311.DE,D,20201106,000000,8.899,8.922,8.859,8.922,4580,0
W311.DE,D,20201109,000000,9.051,9.123,8.884,9.045,844,0
W311.DE,D,20201110,000000,8.86,8.86,8.767,8.791,460,0
W311.DE,D,20201111,000000,8.79,8.896,8.79,8.896,0,0
W311.DE,D,20201112,000000,8.818,9.15,8.818,8.888,57430,0
W311.DE,D,20201113,000000,8.899,8.899,8.847,8.898,7546,0
W311.DE,D,20201116,000000,8.92,8.943,8.895,8.943,20736,0
W311.DE,D,20201117,000000,8.843,8.888,8.828,8.888,30000,0
W311.DE,D,20201118,000000,8.713,8.779,8.713,8.779,4775,0
W311.DE,D,20201119,000000,8.598,8.672,8.598,8.672,0,0
W311.DE,D,20201120,000000,8.614,8.719,8.614,8.719,11976,0
W311.DE,D,20201123,000000,8.696,8.889,8.668,8.7,22671,0
W311.DE,D,20201124,000000,8.719,8.719,8.717,8.718,104,0
W311.DE,D,20201125,000000,8.616,8.641,8.589,8.641,300,0
W311.DE,D,20201126,000000,8.605,8.628,8.605,8.623,0,0
W311.DE,D,20201127,000000,8.673,8.75,8.645,8.729,30,0
W311.DE,D,20201130,000000,8.737,8.763,8.723,8.723,2539,0
W311.DE,D,20201201,000000,8.771,8.822,8.771,8.785,749,0
W311.DE,D,20201202,000000,8.668,8.702,8.644,8.696,4725,0
W311.DE,D,20201203,000000,8.652,8.722,8.636,8.707,669,0
W311.DE,D,20201204,000000,8.693,8.8,8.667,8.8,115,0
W311.DE,D,20201207,000000,8.752,8.791,8.73,8.791,761,0
W311.DE,D,20201208,000000,8.677,8.728,8.65,8.728,350,0
W311.DE,D,20201209,000000,8.727,8.781,8.724,8.781,50,0
W311.DE,D,20201210,000000,8.644,8.802,8.644,8.802,0,0
W311.DE,D,20201211,000000,8.703,8.735,8.669,8.689,316,0
W311.DE,D,20201214,000000,8.682,8.851,8.652,8.818,2539,0
W311.DE,D,20201215,000000,8.722,8.792,8.706,8.792,524,0
W311.DE,D,20201216,000000,8.8,8.85,8.799,8.85,3470,0
W311.DE,D,20201217,000000,8.792,8.894,8.792,8.894,1151,0
W311.DE,D,20201218,000000,8.874,8.949,8.856,8.909,15381,0
W311.DE,D,20201221,000000,8.978,8.978,8.66,8.877,8,0
W311.DE,D,20201222,000000,8.941,9.121,8.941,9.121,35897,0
W311.DE,D,20201223,000000,9.041,9.111,9.041,9.1,13180,0
W311.DE,D,20201228,000000,9.07,9.088,9.07,9.088,0,0
W311.DE,D,20201229,000000,9.043,9.043,8.985,9.008,1415,0
W311.DE,D,20201230,000000,8.936,8.94,8.924,8.924,56,0
W311.DE,D,20210104,000000,9,9.09,8.954,8.954,4164,0
W311.DE,D,20210105,000000,8.93,9.009,8.882,8.994,911,0
W311.DE,D,20210106,000000,8.917,8.917,8.913,8.917,12,0
W311.DE,D,20210107,000000,9.115,9.233,9.115,9.18,6893,0
W311.DE,D,20210108,000000,9.358,9.358,9.29,9.348,6,0
W311.DE,D,20210111,000000,9.355,9.409,9.327,9.362,7792,0
W311.DE,D,20210112,000000,9.396,9.437,9.343,9.343,3356,0
W311.DE,D,20210113,000000,9.308,9.399,9.308,9.384,75,0
W311.DE,D,20210114,000000,9.402,9.5,9.395,9.479,2665,0
W311.DE,D,20210115,000000,9.455,9.481,9.438,9.469,195,0
W311.DE,D,20210118,000000,9.478,9.517,9.478,9.5,1177,0
W311.DE,D,20210119,000000,9.554,9.567,9.5,9.5,524,0
W311.DE,D,20210120,000000,9.581,9.73,9.581,9.653,34943,0
W311.DE,D,20210121,000000,9.722,9.722,9.594,9.596,2486,0
W311.DE,D,20210122,000000,9.558,9.587,9.516,9.535,2424,0
W311.DE,D,20210125,000000,9.632,9.653,9.58,9.58,667,0
W311.DE,D,20210126,000000,9.62,9.67,9.552,9.552,2549,0
W311.DE,D,20210127,000000,9.5,9.5,9.371,9.371,278,0
W311.DE,D,20210128,000000,9.25,9.442,9.179,9.397,604,0
W311.DE,D,20210129,000000,9.233,9.272,9.233,9.262,571,0
W311.DE,D,20210201,000000,9.322,9.384,9.322,9.349,62,0
W311.DE,D,20210202,000000,9.482,9.561,9.465,9.561,6987,0
W311.DE,D,20210203,000000,9.626,9.626,9.44,9.44,16795,0
W311.DE,D,20210204,000000,9.455,9.674,9.455,9.671,1130,0
W311.DE,D,20210205,000000,9.718,9.718,9.65,9.654,3214,0
W311.DE,D,20210208,000000,9.727,9.727,9.689,9.719,758,0
W311.DE,D,20210209,000000,9.679,9.713,9.662,9.698,3072,0
W311.DE,D,20210210,000000,9.766,9.766,9.67,9.67,1022,0
W311.DE,D,20210211,000000,9.701,9.705,9.683,9.705,620,0
W311.DE,D,20210212,000000,9.694,9.821,9.694,9.821,810,0
W311.DE,D,20210215,000000,9.874,9.934,9.824,9.934,1455,0
W311.DE,D,20210216,000000,9.855,9.883,9.773,9.773,610,0
W311.DE,D,20210217,000000,9.787,9.791,9.69,9.69,100,0
W311.DE,D,20210218,000000,9.683,9.683,9.579,9.58,816,0
W311.DE,D,20210219,000000,9.633,9.633,9.612,9.624,560,0
W311.DE,D,20210222,000000,9.424,9.424,9.391,9.393,1238,0
W311.DE,D,20210223,000000,9.386,9.386,9.133,9.212,40008,0
W311.DE,D,20210224,000000,9.293,9.429,9.293,9.429,1537,0
W311.DE,D,20210225,000000,9.322,9.34,9.188,9.188,11351,0
W311.DE,D,20210226,000000,9.033,9.276,9.033,9.205,1575,0
W311.DE,D,20210301,000000,9.363,9.363,9.326,9.327,179,0
W311.DE,D,20210302,000000,9.316,9.34,9.253,9.253,771,0
W311.DE,D,20210303,000000,9.303,9.303,9.096,9.096,0,0
W311.DE,D,20210304,000000,8.968,8.968,8.9,8.904,396,0
W311.DE,D,20210305,000000,8.749,8.869,8.672,8.672,1186,0
W311.DE,D,20210308,000000,8.837,9.056,8.837,9.008,17608,0
W311.DE,D,20210309,000000,8.829,9.006,8.829,9.006,5950,0
W311.DE,D,20210310,000000,8.879,9.082,8.879,9.032,24402,0
W311.DE,D,20210311,000000,9.027,9.078,8.934,9.078,46286,0
W311.DE,D,20210312,000000,9.036,9.046,8.981,9.046,532,0
W311.DE,D,20210315,000000,9.089,9.156,9.076,9.156,8254,0
W311.DE,D,20210316,000000,9.219,9.238,9.176,9.176,1540,0
W311.DE,D,20210317,000000,9.154,9.154,9.067,9.11,151,0
W311.DE,D,20210318,000000,9.058,9.081,9.037,9.081,3992,0
W311.DE,D,20210319,000000,8.992,9.081,8.992,9.051,860,0
W311.DE,D,20210322,000000,9.098,9.17,9.096,9.17,555,0
W311.DE,D,20210323,000000,9.139,9.156,9.13,9.13,3,0
W311.DE,D,20210324,000000,9.071,9.101,9.045,9.045,0,0
W311.DE,D,20210325,000000,8.963,8.995,8.955,8.984,478,0
W311.DE,D,20210326,000000,9.067,9.071,8.994,9.071,0,0
W311.DE,D,20210329,000000,9.103,9.152,9.079,9.079,50,0
W311.DE,D,20210330,000000,9.082,9.171,9.071,9.171,0,0
W311.DE,D,20210331,000000,9.155,9.264,9.153,9.264,1000,0
W311.DE,D,20210401,000000,9.313,9.379,9.313,9.329,50,0
W311.DE,D,20210406,000000,9.305,9.406,9.24,9.405,496,0
W311.DE,D,20210407,000000,9.334,9.334,9.24,9.24,676,0
W311.DE,D,20210408,000000,9.295,9.333,9.295,9.312,2759,0
W311.DE,D,20210409,000000,9.285,9.316,9.285,9.312,58,0
W311.DE,D,20210412,000000,9.325,9.325,9.285,9.285,480,0
W311.DE,D,20210413,000000,9.199,9.384,9.199,9.335,430,0
W311.DE,D,20210414,000000,9.289,9.443,9.289,9.391,30144,0
W311.DE,D,20210415,000000,9.376,9.456,9.376,9.456,826,0
W311.DE,D,20210416,000000,9.475,9.475,9.386,9.386,0,0
W311.DE,D,20210419,000000,9.373,9.4,9.216,9.216,266,0
W311.DE,D,20210420,000000,9.177,9.225,9.112,9.112,559,0
W311.DE,D,20210421,000000,9.184,9.326,9.154,9.315,2150,0
W311.DE,D,20210422,000000,9.348,9.488,9.344,9.488,15000,0
W311.DE,D,20210423,000000,9.444,9.488,9.433,9.467,326,0
W311.DE,D,20210426,000000,9.443,9.53,9.443,9.53,1125,0
W311.DE,D,20210427,000000,9.618,9.635,9.612,9.635,208,0
W311.DE,D,20210428,000000,9.602,9.602,9.551,9.578,0,0
W311.DE,D,20210429,000000,9.61,9.638,9.442,9.442,158,0
W311.DE,D,20210430,000000,9.442,9.5,9.422,9.455,58,0
W311.DE,D,20210503,000000,9.442,9.475,9.394,9.394,158,0
W311.DE,D,20210504,000000,9.356,9.356,9.147,9.147,312,0
W311.DE,D,20210505,000000,9.17,9.232,9.17,9.232,828,0
W311.DE,D,20210506,000000,9.073,9.073,8.937,8.951,15105,0
W311.DE,D,20210507,000000,8.938,9.073,8.938,9.073,0,0
W311.DE,D,20210510,000000,8.964,8.972,8.95,8.95,467,0
W311.DE,D,20210511,000000,8.657,8.657,8.518,8.518,475,0
W311.DE,D,20210512,000000,8.663,8.747,8.647,8.647,1988,0
W311.DE,D,20210513,000000,8.555,8.561,8.544,8.561,0,0
W311.DE,D,20210514,000000,8.588,8.677,8.553,8.677,15,0
W311.DE,D,20210517,000000,8.649,8.76,8.627,8.628,253,0
W311.DE,D,20210518,000000,8.656,8.724,8.601,8.724,448,0
W311.DE,D,20210519,000000,8.606,8.616,8.559,8.559,68,0
W311.DE,D,20210520,000000,8.628,8.793,8.6,8.793,180,0
W311.DE,D,20210521,000000,8.78,8.873,8.78,8.847,1010,0
W311.DE,D,20210525,000000,8.816,8.816,8.786,8.786,6390,0
W311.DE,D,20210526,000000,8.798,8.869,8.798,8.84,1101,0
W311.DE,D,20210527,000000,8.849,8.876,8.762,8.762,1100,0
W311.DE,D,20210528,000000,8.924,9.064,8.924,9.029,1750,0
W311.DE,D,20210531,000000,8.963,9.005,8.938,8.938,800,0
W311.DE,D,20210601,000000,8.953,9.011,8.897,8.897,228,0
W311.DE,D,20210602,000000,8.878,8.907,8.878,8.895,594,0
W311.DE,D,20210603,000000,8.877,8.882,8.81,8.845,136,0
W311.DE,D,20210604,000000,8.867,8.952,8.867,8.952,1,0
W311.DE,D,20210607,000000,8.921,9.063,8.9,9.063,715,0
W311.DE,D,20210608,000000,9.123,9.169,9.069,9.069,385,0
W311.DE,D,20210609,000000,9.179,9.246,9.171,9.246,300,0
W311.DE,D,20210610,000000,9.271,9.348,9.242,9.348,1653,0
W311.DE,D,20210611,000000,9.448,9.467,9.422,9.439,3401,0
W311.DE,D,20210614,000000,9.464,9.493,9.435,9.485,652,0
W311.DE,D,20210615,000000,9.495,9.497,9.37,9.37,6,0
W311.DE,D,20210616,000000,9.401,9.415,9.401,9.404,0,0
W311.DE,D,20210617,000000,9.4,9.604,9.4,9.604,1206,0
W311.DE,D,20210618,000000,9.624,9.624,9.548,9.558,15000,0
W311.DE,D,20210621,000000,9.598,9.598,9.558,9.597,400,0
W311.DE,D,20210622,000000,9.623,9.633,9.603,9.603,25,0
W311.DE,D,20210623,000000,9.657,9.657,9.616,9.62,100,0
W311.DE,D,20210624,000000,9.682,9.756,9.678,9.756,21,0
W311.DE,D,20210625,000000,9.736,9.744,9.716,9.736,9,0
W311.DE,D,20210628,000000,9.792,9.924,9.792,9.909,28025,0
W311.DE,D,20210629,000000,9.986,10,9.955,9.976,3497,0
W311.DE,D,20210630,000000,9.985,10.07,9.98,10.07,0,0
W311.DE,D,20210701,000000,10.052,10.072,9.963,9.993,121,0
W311.DE,D,20210702,000000,10.05,10.124,10.05,10.064,17,0
W311.DE,D,20210705,000000,10.078,10.078,9.998,10.058,11228,0
W311.DE,D,20210706,000000,10.016,10.06,10.016,10.02,6129,0
W311.DE,D,20210707,000000,10.008,10.076,9.915,9.915,3584,0
W311.DE,D,20210708,000000,9.885,9.885,9.687,9.764,1457,0
W311.DE,D,20210709,000000,9.885,9.938,9.857,9.938,100,0
W311.DE,D,20210712,000000,9.942,9.959,9.898,9.898,1623,0
W311.DE,D,20210713,000000,9.89,9.89,9.726,9.814,14566,0
W311.DE,D,20210714,000000,9.788,9.806,9.673,9.673,1500,0
W311.DE,D,20210715,000000,9.551,9.658,9.508,9.535,1270,0
W311.DE,D,20210716,000000,9.485,9.565,9.485,9.565,1499,0
W311.DE,D,20210719,000000,9.562,9.562,9.445,9.459,15140,0
W311.DE,D,20210720,000000,9.514,9.622,9.493,9.598,61,0
W311.DE,D,20210721,000000,9.682,9.692,9.619,9.68,2599,0
W311.DE,D,20210722,000000,9.749,9.758,9.698,9.729,2399,0
W311.DE,D,20210723,000000,9.743,9.762,9.658,9.697,80,0
W311.DE,D,20210726,000000,9.671,9.671,9.54,9.54,31052,0
W311.DE,D,20210727,000000,9.482,9.506,9.32,9.32,300,0
W311.DE,D,20210728,000000,9.502,9.592,9.476,9.592,5,0
W311.DE,D,20210729,000000,9.652,9.652,9.62,9.649,5469,0
W311.DE,D,20210730,000000,9.444,9.636,9.444,9.631,30537,0
W311.DE,D,20210802,000000,9.628,9.669,9.607,9.669,28,0
W311.DE,D,20210803,000000,9.719,9.759,9.676,9.7,1328,0
W311.DE,D,20210804,000000,9.758,9.776,9.661,9.776,54995,0
W311.DE,D,20210805,000000,9.773,9.896,9.771,9.896,1996,0
W311.DE,D,20210806,000000,9.957,9.957,9.876,9.876,0,0
W311.DE,D,20210809,000000,9.942,9.942,9.878,9.878,645,0
W311.DE,D,20210810,000000,9.924,9.936,9.772,9.772,2800,0
W311.DE,D,20210811,000000,9.68,9.68,9.603,9.603,1600,0
W311.DE,D,20210812,000000,9.585,9.628,9.568,9.628,210,0
W311.DE,D,20210813,000000,9.671,9.685,9.572,9.572,300,0
W311.DE,D,20210816,000000,9.468,9.623,9.468,9.479,222,0
W311.DE,D,20210817,000000,9.458,9.458,9.398,9.438,28,0
W311.DE,D,20210818,000000,9.554,9.556,9.541,9.541,73,0
W311.DE,D,20210819,000000,9.373,9.374,9.348,9.348,0,0
W311.DE,D,20210820,000000,9.303,9.435,9.293,9.435,1034,0
W311.DE,D,20210823,000000,9.485,9.596,9.482,9.579,80,0
W311.DE,D,20210824,000000,9.658,9.673,9.643,9.645,60,0
