<TICKER>,<PER>,<DATE>,<TIME>,<OPEN>,<HIGH>,<LOW>,<CLOSE>,<VOL>,<OPENINT>
W8A.DE,D,20150108,000000,58.39056,58.39056,57.51906,57.51906,524,0
W8A.DE,D,20150109,000000,56.856719,56.856719,56.333818,56.752141,622,0
W8A.DE,D,20150112,000000,55.776058,55.776058,55.767343,55.767345,298,0
W8A.DE,D,20150114,000000,55.070142,55.828348,54.904557,55.497178,573,0
W8A.DE,D,20150116,000000,56.412253,56.691136,56.412253,56.691136,280,0
W8A.DE,D,20150120,000000,57.67593,57.67593,57.51906,57.51906,188,0
W8A.DE,D,20150121,000000,57.083309,57.083309,57.083309,57.083309,108,0
W8A.DE,D,20150122,000000,57.414479,57.431911,57.414479,57.431911,103,0
W8A.DE,D,20150123,000000,58.573576,58.573576,58.573575,58.573575,30,0
W8A.DE,D,20150311,000000,68.803286,69.109662,68.803286,69.109659,25,0
W8A.DE,D,20150316,000000,71.079222,71.079222,70.90415,70.90415,95,0
W8A.DE,D,20150317,000000,71.429366,71.53441,70.90415,71.53441,460,0
W8A.DE,D,20150318,000000,70.90415,70.90415,70.90415,70.90415,201,0
W8A.DE,D,20150319,000000,72.190929,72.190929,71.77951,71.77951,93,0
W8A.DE,D,20150320,000000,72.313479,72.366001,72.313479,72.365999,272,0
W8A.DE,D,20150326,000000,67.516507,67.84039,66.317264,67.84039,897,0
W8A.DE,D,20150402,000000,69.240966,69.240966,68.102998,68.103001,60,0
W8A.DE,D,20150408,000000,70.475223,70.475223,70.46647,70.46647,124,0
W8A.DE,D,20150409,000000,72.87371,74.160489,72.87371,74.160489,10,0
W8A.DE,D,20150410,000000,76.917872,76.917872,76.156309,76.156309,195,0
W8A.DE,D,20150415,000000,76.112541,76.112541,76.112538,76.112538,219,0
W8A.DE,D,20150416,000000,74.405589,74.405589,74.405589,74.405589,108,0
W8A.DE,D,20150417,000000,71.604438,71.60444,71.044207,71.60444,485,0
W8A.DE,D,20150420,000000,72.199682,72.199685,72.199682,72.199685,70,0
W8A.DE,D,20150422,000000,70.772846,70.772846,70.772844,70.772844,100,0
W8A.DE,D,20150424,000000,69.503574,69.503574,69.328499,69.328499,80,0
W8A.DE,D,20150427,000000,69.416038,69.416041,69.416038,69.416041,9,0
W8A.DE,D,20150428,000000,69.065894,69.065894,68.470649,68.71575,478,0
W8A.DE,D,20150504,000000,65.214311,65.214311,63.76121,63.76121,525,0
W8A.DE,D,20150508,000000,66.352278,66.579872,66.002135,66.002136,300,0
W8A.DE,D,20150515,000000,66.833726,66.833726,66.833725,66.833725,70,0
W8A.DE,D,20150519,000000,67.671005,67.671005,67.671005,67.671005,100,0
W8A.DE,D,20150520,000000,67.310678,67.310678,67.310675,67.310675,100,0
W8A.DE,D,20150521,000000,67.319467,67.319467,66.757007,66.765796,185,0
W8A.DE,D,20150526,000000,69.05079,69.472635,69.05079,69.296865,761,0
W8A.DE,D,20150527,000000,69.419905,69.91206,69.419905,69.91206,405,0
W8A.DE,D,20150602,000000,69.068367,69.340809,67.890716,67.890716,671,0
W8A.DE,D,20150603,000000,68.128004,68.857444,68.128004,68.857443,56,0
W8A.DE,D,20150609,000000,64.946588,64.946588,64.779606,64.779606,360,0
W8A.DE,D,20150611,000000,67.029448,67.029448,65.83422,66.264856,600,0
W8A.DE,D,20150616,000000,65.298125,65.298125,65.087201,65.087201,94,0
W8A.DE,D,20150617,000000,67.161275,67.161275,67.161273,67.161273,26,0
W8A.DE,D,20150630,000000,67.090967,67.090967,67.090964,67.090964,50,0
W8A.DE,D,20150702,000000,68.268619,68.268619,67.855561,67.855561,59,0
W8A.DE,D,20150708,000000,68.558637,68.558639,68.558637,68.558639,152,0
W8A.DE,D,20150709,000000,69.956,72.214629,69.956,72.214627,246,0
W8A.DE,D,20150710,000000,71.458823,71.977343,71.186381,71.977343,533,0
W8A.DE,D,20150713,000000,75.554237,75.905778,75.185123,75.905778,118,0
W8A.DE,D,20150714,000000,75.378468,75.378468,75.378466,75.378466,35,0
W8A.DE,D,20150716,000000,76.028813,76.7231,76.028813,76.608849,276,0
W8A.DE,D,20150720,000000,77.355868,77.355868,77.355865,77.355865,3,0
W8A.DE,D,20150723,000000,76.828561,76.986753,76.828561,76.986753,65,0
W8A.DE,D,20150728,000000,74.9742,74.9742,74.9742,74.9742,189,0
W8A.DE,D,20150731,000000,77.153734,77.153734,77.153734,77.153734,10,0
W8A.DE,D,20150804,000000,77.144945,77.144945,77.144945,77.144945,5,0
W8A.DE,D,20150805,000000,78.832326,78.832326,78.832326,78.832326,20,0
W8A.DE,D,20150810,000000,75.149969,76.301255,74.895104,74.895104,245,0
W8A.DE,D,20150812,000000,72.996801,72.996801,72.864974,72.864974,194,0
W8A.DE,D,20150814,000000,72.355244,72.355244,72.355244,72.355244,10,0
W8A.DE,D,20150817,000000,72.897851,72.897851,72.897851,72.897851,18,0
W8A.DE,D,20150820,000000,72.0067,72.0067,72.0067,72.0067,35,0
W8A.DE,D,20150821,000000,70.259693,70.259693,69.33325,69.500892,144,0
W8A.DE,D,20150824,000000,64.2334,64.2334,61.648182,61.648182,436,0
W8A.DE,D,20150825,000000,64.498098,65.627477,64.498098,65.080434,1438,0
W8A.DE,D,20150827,000000,67.198019,69.615594,67.162726,69.615594,175,0
W8A.DE,D,20150828,000000,67.939173,68.33622,67.939173,68.33622,130,0
W8A.DE,D,20150901,000000,67.162726,67.162726,66.368631,66.368631,234,0
W8A.DE,D,20150903,000000,69.677357,69.686181,69.677357,69.686181,115,0
W8A.DE,D,20150907,000000,70.19793,70.19793,70.19793,70.19793,200,0
W8A.DE,D,20150908,000000,70.718503,70.718503,70.603801,70.603801,76,0
W8A.DE,D,20150909,000000,71.918468,72.659622,71.424365,71.424365,249,0
W8A.DE,D,20150910,000000,70.233223,70.850852,70.233223,70.850852,899,0
W8A.DE,D,20150911,000000,69.924409,69.924409,69.924409,69.924409,38,0
W8A.DE,D,20150914,000000,70.586154,70.586154,70.586154,70.586154,500,0
W8A.DE,D,20150918,000000,68.380337,68.380337,68.380337,68.380337,200,0
W8A.DE,D,20150923,000000,69.156784,69.156784,69.156784,69.156784,250,0
W8A.DE,D,20150924,000000,67.409777,67.409777,67.409777,67.409777,4,0
W8A.DE,D,20150925,000000,68.918556,68.918556,68.918556,68.918556,50,0
W8A.DE,D,20150928,000000,67.762708,67.762708,67.233312,67.233312,95,0
W8A.DE,D,20150930,000000,66.377455,66.377455,65.601007,65.601007,30,0
W8A.DE,D,20151001,000000,66.386278,67.0392,65.909821,65.909821,891,0
W8A.DE,D,20151006,000000,69.377366,69.377366,67.683298,67.683298,100,0
W8A.DE,D,20151012,000000,66.650976,66.650976,66.650976,66.650976,80,0
W8A.DE,D,20151019,000000,68.627388,68.627388,68.627388,68.627388,50,0
W8A.DE,D,20151022,000000,69.209724,69.209724,68.018583,68.018583,65,0
W8A.DE,D,20151026,000000,71.927291,71.927291,71.927291,71.927291,50,0
W8A.DE,D,20151028,000000,75.597771,76.365395,70.850852,70.850852,17,0
W8A.DE,D,20151029,000000,68.812677,68.812677,68.724444,68.724444,1460,0
W8A.DE,D,20151030,000000,66.977437,67.603889,66.977437,67.603889,50,0
W8A.DE,D,20151104,000000,71.909644,71.909644,70.665564,70.665564,157,0
W8A.DE,D,20151105,000000,71.397895,71.397895,71.027318,71.027318,426,0
W8A.DE,D,20151113,000000,66.006401,66.006401,66.006401,66.006401,6,0
W8A.DE,D,20151116,000000,65.465946,65.474806,65.209008,65.209008,382,0
W8A.DE,D,20151119,000000,70.028805,70.471801,70.028805,70.471801,306,0
W8A.DE,D,20151126,000000,70.436361,70.604699,70.436361,70.604699,50,0
W8A.DE,D,20151127,000000,70.259163,70.259163,70.259163,70.259163,35,0
W8A.DE,D,20151130,000000,70.259163,70.259163,70.259163,70.259163,350,0
W8A.DE,D,20151202,000000,70.436361,70.436361,70.436361,70.436361,30,0
W8A.DE,D,20151207,000000,69.027634,69.027634,69.027634,69.027634,15,0
W8A.DE,D,20151216,000000,66.617736,66.963272,66.617736,66.963272,22,0
W8A.DE,D,20151221,000000,68.212521,68.212521,68.212521,68.212521,2,0
W8A.DE,D,20151222,000000,69.178252,69.46177,69.098513,69.098513,96,0
W8A.DE,D,20151223,000000,69.550369,69.550369,69.550369,69.550369,30,0
W8A.DE,D,20160104,000000,68.31884,68.31884,68.31884,68.31884,99,0
W8A.DE,D,20160107,000000,64.278717,64.278717,62.905429,62.905429,2063,0
W8A.DE,D,20160111,000000,66.422817,66.422817,66.422817,66.422817,70,0
W8A.DE,D,20160112,000000,65.740604,65.979821,65.696304,65.979821,501,0
W8A.DE,D,20160118,000000,64.819172,64.819172,64.819172,64.819172,73,0
W8A.DE,D,20160121,000000,64.349596,65.439366,64.349596,65.439366,112,0
W8A.DE,D,20160127,000000,64.952071,65.244448,64.952071,65.244448,30,0
W8A.DE,D,20160128,000000,64.482495,64.482495,64.482495,64.482495,25,0
W8A.DE,D,20160129,000000,64.526795,64.526795,64.004059,64.004059,34,0
W8A.DE,D,20160202,000000,64.872331,64.872331,64.057219,64.057219,1598,0
W8A.DE,D,20160203,000000,61.842239,61.842239,60.911947,60.911947,133,0
W8A.DE,D,20160205,000000,60.911947,60.911947,60.911947,60.911947,250,0
W8A.DE,D,20160208,000000,58.776707,58.776707,55.906093,55.906093,130,0
W8A.DE,D,20160209,000000,58.253971,58.253971,58.253971,58.253971,4,0
W8A.DE,D,20160211,000000,58.475469,58.484329,57.926154,57.926154,1134,0
W8A.DE,D,20160218,000000,63.25346,63.25346,63.25346,63.25346,50,0
W8A.DE,D,20160219,000000,61.624042,61.624042,61.624042,61.624042,21,0
W8A.DE,D,20160224,000000,63.858926,63.86783,63.858926,63.86783,20,0
W8A.DE,D,20160225,000000,64.873974,64.873974,64.028101,64.028101,294,0
W8A.DE,D,20160229,000000,65.096572,65.621903,65.096572,65.621903,2,0
W8A.DE,D,20160308,000000,63.752079,63.752079,63.752079,63.752079,8,0
W8A.DE,D,20160309,000000,66.957491,66.957491,66.957491,66.957491,60,0
W8A.DE,D,20160310,000000,67.019819,67.019819,64.054813,64.054813,32,0
W8A.DE,D,20160311,000000,65.31917,65.390401,65.31917,65.390401,30,0
W8A.DE,D,20160323,000000,65.541768,65.541768,65.02534,65.02534,100,0
W8A.DE,D,20160401,000000,66.049291,67.99925,66.049291,67.99925,400,0
W8A.DE,D,20160406,000000,65.23013,65.541768,65.23013,65.541768,40,0
W8A.DE,D,20160408,000000,63.86783,64.695895,63.86783,64.695895,320,0
W8A.DE,D,20160415,000000,64.669183,64.669183,64.669183,64.669183,295,0
W8A.DE,D,20160418,000000,63.752079,64.197276,63.752079,63.930158,400,0
W8A.DE,D,20160422,000000,63.235652,63.235652,62.861687,62.861687,12,0
W8A.DE,D,20160425,000000,63.680848,63.680848,63.680848,63.680848,75,0
W8A.DE,D,20160428,000000,63.796599,63.796599,63.778791,63.778791,135,0
W8A.DE,D,20160429,000000,62.861687,63.164421,62.461011,62.461011,946,0
W8A.DE,D,20160502,000000,61.552811,61.552811,61.374732,61.374732,20,0
W8A.DE,D,20160503,000000,61.535003,61.64185,61.535003,61.624042,1088,0
W8A.DE,D,20160506,000000,62.149374,62.167181,61.43706,61.561715,299,0
W8A.DE,D,20160509,000000,62.558954,62.558954,62.558954,62.558954,335,0
W8A.DE,D,20160513,000000,62.772648,62.772648,62.772648,62.772648,20,0
W8A.DE,D,20160517,000000,61.715457,61.715457,61.321909,61.321909,71,0
W8A.DE,D,20160518,000000,60.88364,60.88364,60.731587,60.731587,180,0
W8A.DE,D,20160520,000000,61.268243,61.268243,61.268243,61.268243,5,0
W8A.DE,D,20160523,000000,61.447129,61.447129,61.447129,61.447129,40,0
W8A.DE,D,20160524,000000,62.010618,62.010618,62.010618,62.010618,70,0
W8A.DE,D,20160525,000000,62.073228,62.332611,61.948008,62.332611,230,0
W8A.DE,D,20160601,000000,61.894342,62.261057,61.894342,62.261057,200,0
W8A.DE,D,20160603,000000,63.718973,63.718973,61.992729,61.992729,100,0
W8A.DE,D,20160608,000000,62.16267,62.16267,62.16267,62.16267,35,0
W8A.DE,D,20160609,000000,62.708271,62.708271,62.708271,62.708271,64,0
W8A.DE,D,20160614,000000,66.724248,66.724248,66.724248,66.724248,60,0
W8A.DE,D,20160615,000000,67.591842,67.591842,67.082018,67.082018,80,0
W8A.DE,D,20160616,000000,65.928208,66.035539,65.910319,66.035539,492,0
W8A.DE,D,20160617,000000,65.230555,65.337886,65.087446,65.087446,326,0
W8A.DE,D,20160621,000000,65.802988,65.802988,65.802988,65.802988,75,0
W8A.DE,D,20160622,000000,65.337886,65.337886,65.337886,65.337886,60,0
W8A.DE,D,20160623,000000,66.08026,66.08026,66.08026,66.08026,50,0
W8A.DE,D,20160624,000000,66.232313,66.45592,65.883486,65.883486,675,0
W8A.DE,D,20160627,000000,65.740378,65.838765,65.230555,65.230555,878,0
W8A.DE,D,20160706,000000,66.867356,67.171461,66.867356,67.171461,125,0
W8A.DE,D,20160707,000000,65.355774,65.740378,65.355774,65.740378,613,0
W8A.DE,D,20160715,000000,67.296681,68.012222,67.296681,68.012222,630,0
W8A.DE,D,20160718,000000,67.412956,67.412956,67.412956,67.412956,70,0
W8A.DE,D,20160725,000000,66.366477,66.366477,66.187591,66.187591,269,0
W8A.DE,D,20160728,000000,64.380849,64.380849,64.336128,64.336128,664,0
W8A.DE,D,20160729,000000,63.20915,63.20915,63.20915,63.20915,100,0
W8A.DE,D,20160801,000000,63.94258,63.94258,63.057097,63.057097,160,0
W8A.DE,D,20160802,000000,63.405924,63.405924,63.155484,63.155484,641,0
W8A.DE,D,20160803,000000,63.155484,63.155484,62.663549,62.663549,143,0
W8A.DE,D,20160804,000000,63.94258,64.00519,63.94258,64.00519,513,0
W8A.DE,D,20160808,000000,64.595512,64.595512,64.595512,64.595512,42,0
W8A.DE,D,20160809,000000,65.293165,65.293165,65.293165,65.293165,30,0
W8A.DE,D,20160810,000000,64.756508,65.024836,64.532902,65.024836,120,0
W8A.DE,D,20160815,000000,66.607972,66.607972,66.607972,66.607972,100,0
W8A.DE,D,20160822,000000,66.025944,66.025944,66.025944,66.025944,50,0
W8A.DE,D,20160823,000000,65.325165,65.325165,65.325165,65.325165,100,0
W8A.DE,D,20160825,000000,64.30095,64.723214,64.30095,64.498605,676,0
W8A.DE,D,20160829,000000,64.273997,64.381809,64.211106,64.211106,420,0
W8A.DE,D,20160831,000000,64.462668,64.462668,64.462668,64.462668,38,0
W8A.DE,D,20160902,000000,65.316181,65.774382,65.316181,65.774382,50,0
W8A.DE,D,20160908,000000,66.151725,66.313443,65.900163,65.900163,974,0
W8A.DE,D,20160909,000000,67.607188,67.607188,67.03219,67.03219,16,0
W8A.DE,D,20160912,000000,66.061881,66.061881,66.061881,66.061881,80,0
W8A.DE,D,20160922,000000,65.028682,65.028682,65.028682,65.028682,150,0
W8A.DE,D,20160927,000000,64.965791,64.965791,64.786104,64.786104,118,0
W8A.DE,D,20160930,000000,63.222829,63.74392,63.222829,63.74392,400,0
W8A.DE,D,20161004,000000,65.04665,65.04665,64.058373,64.058373,166,0
W8A.DE,D,20161010,000000,64.238059,64.238059,64.238059,64.238059,80,0
W8A.DE,D,20161011,000000,63.384547,63.384547,63.384547,63.384547,80,0
W8A.DE,D,20161013,000000,63.357594,63.357594,63.357594,63.357594,119,0
W8A.DE,D,20161017,000000,64.09431,64.938838,63.923607,63.923607,1852,0
W8A.DE,D,20161018,000000,64.336887,64.336887,63.977513,63.977513,220,0
W8A.DE,D,20161019,000000,63.06111,63.06111,63.06111,63.06111,100,0
W8A.DE,D,20161020,000000,63.339625,65.370087,63.339625,65.370087,396,0
W8A.DE,D,20161021,000000,66.924378,66.924378,66.924378,66.924378,100,0
W8A.DE,D,20161024,000000,67.38258,67.38258,67.131018,67.140002,138,0
W8A.DE,D,20161026,000000,67.337658,67.337658,67.337658,67.337658,10,0
W8A.DE,D,20161027,000000,68.0025,68.559529,67.759922,67.759922,1031,0
W8A.DE,D,20161102,000000,65.9361,65.954069,65.882194,65.954069,1000,0
W8A.DE,D,20161103,000000,66.573989,66.573989,66.07985,66.07985,120,0
W8A.DE,D,20161108,000000,65.738445,65.756414,65.72946,65.756414,400,0
W8A.DE,D,20161109,000000,63.609155,65.136494,63.609155,65.136494,1600,0
W8A.DE,D,20161111,000000,66.34938,66.34938,66.169693,66.169693,1100,0
W8A.DE,D,20161114,000000,68.281014,68.281014,68.281014,68.281014,190,0
W8A.DE,D,20161121,000000,71.051112,71.051112,71.051112,71.051112,126,0
W8A.DE,D,20161122,000000,72.287647,72.287647,71.773176,71.773176,106,0
W8A.DE,D,20161128,000000,72.206414,72.206414,72.206414,72.206414,10,0
W8A.DE,D,20161201,000000,72.206414,72.206414,72.206414,72.206414,270,0
W8A.DE,D,20161202,000000,70.672028,71.709995,70.672028,71.709995,134,0
W8A.DE,D,20161208,000000,72.233492,72.233492,72.233492,72.233492,75,0
W8A.DE,D,20161213,000000,73.442949,73.461001,73.442949,73.461001,200,0
W8A.DE,D,20161214,000000,74.101833,74.137936,74.101833,74.137936,16,0
W8A.DE,D,20161215,000000,73.578336,73.578336,73.578336,73.578336,91,0
W8A.DE,D,20161219,000000,74.878052,74.878052,74.083781,74.733639,120,0
W8A.DE,D,20161227,000000,73.244382,73.244382,73.244382,73.244382,100,0
W8A.DE,D,20161228,000000,73.560285,73.623465,73.560285,73.623465,104,0
W8A.DE,D,20170102,000000,71.394092,71.746098,71.394092,71.746098,210,0
W8A.DE,D,20170103,000000,72.179337,72.179337,71.845382,71.845382,60,0
W8A.DE,D,20170105,000000,71.078189,71.59266,71.078189,71.59266,1535,0
W8A.DE,D,20170109,000000,70.852544,70.852544,70.852544,70.852544,77,0
W8A.DE,D,20170110,000000,71.123318,71.123318,71.123318,71.123318,50,0
W8A.DE,D,20170112,000000,71.646815,71.646815,71.005983,71.005983,237,0
W8A.DE,D,20170117,000000,70.274893,71.087215,70.274893,71.087215,40,0
W8A.DE,D,20170119,000000,71.556557,71.556557,71.015009,71.015009,140,0
W8A.DE,D,20170120,000000,70.888647,70.888647,70.888647,70.888647,5,0
W8A.DE,D,20170123,000000,67.783771,69.282055,67.783771,69.2279,156,0
W8A.DE,D,20170125,000000,68.189933,68.189933,68.189933,68.189933,45,0
W8A.DE,D,20170126,000000,68.478758,69.634061,68.478758,69.634061,221,0
W8A.DE,D,20170127,000000,68.171881,68.198958,68.171881,68.198958,222,0
W8A.DE,D,20170130,000000,69.155693,69.200822,68.596094,68.596094,66,0
W8A.DE,D,20170131,000000,69.345235,69.345235,68.235062,68.235062,132,0
W8A.DE,D,20170201,000000,68.1087,69.083487,67.648384,67.648384,232,0
W8A.DE,D,20170206,000000,67.846952,67.846952,67.846952,67.846952,50,0
W8A.DE,D,20170213,000000,71.641036,71.641036,70.84301,70.84301,62,0
W8A.DE,D,20170215,000000,71.731721,71.994707,71.731721,71.994707,1562,0
W8A.DE,D,20170223,000000,73.899089,74.73339,73.899089,74.678979,240,0
W8A.DE,D,20170228,000000,74.153007,74.153007,74.125801,74.125801,75,0
W8A.DE,D,20170301,000000,74.815006,74.815006,74.815006,74.815006,30,0
W8A.DE,D,20170302,000000,75.041719,75.041719,74.715253,74.715253,140,0
W8A.DE,D,20170306,000000,74.026048,74.026048,74.026048,74.026048,50,0
W8A.DE,D,20170309,000000,73.599829,73.599829,73.599829,73.599829,30,0
W8A.DE,D,20170310,000000,73.989774,73.989774,72.674844,72.674844,120,0
W8A.DE,D,20170313,000000,73.246158,73.246158,72.312104,72.312104,190,0
W8A.DE,D,20170315,000000,73.019446,73.019446,72.883419,72.883419,400,0
W8A.DE,D,20170320,000000,72.829008,72.829008,72.829008,72.829008,2,0
W8A.DE,D,20170329,000000,70.997174,70.997174,70.951832,70.951832,39,0
W8A.DE,D,20170331,000000,70.924626,70.924626,70.924626,70.924626,13,0
W8A.DE,D,20170403,000000,70.06312,70.06312,70.06312,70.06312,26,0
W8A.DE,D,20170405,000000,70.008709,70.008709,69.147203,69.147203,395,0
W8A.DE,D,20170410,000000,70.643503,70.643503,70.643503,70.643503,100,0
W8A.DE,D,20170418,000000,71.187612,71.187612,71.187612,71.187612,2,0
W8A.DE,D,20170421,000000,71.187612,71.187612,71.187612,71.187612,98,0
W8A.DE,D,20170424,000000,70.507476,70.507476,70.507476,70.507476,20,0
W8A.DE,D,20170425,000000,69.727586,69.727586,69.727586,69.727586,50,0
W8A.DE,D,20170426,000000,71.931228,71.931228,71.931228,71.931228,100,0
W8A.DE,D,20170428,000000,70.743256,71.659173,70.262627,70.289832,439,0
W8A.DE,D,20170504,000000,71.278297,71.278297,71.178544,71.178544,1200,0
W8A.DE,D,20170509,000000,71.550352,71.550352,71.550352,71.550352,2,0
W8A.DE,D,20170512,000000,70.017778,70.017778,70.017778,70.017778,30,0
W8A.DE,D,20170517,000000,68.240048,68.240048,67.402076,67.402076,70,0
W8A.DE,D,20170522,000000,65.671482,65.671482,65.671482,65.671482,69,0
W8A.DE,D,20170523,000000,66.491237,66.491237,66.491237,66.491237,2,0
W8A.DE,D,20170530,000000,66.436587,66.436587,66.436587,66.436587,1,0
W8A.DE,D,20170608,000000,66.709838,67.575135,66.354611,66.354611,1125,0
W8A.DE,D,20170612,000000,66.008493,66.718947,65.00657,66.718947,1485,0
W8A.DE,D,20170613,000000,67.074174,67.811953,67.074174,67.811953,322,0
W8A.DE,D,20170615,000000,66.391045,66.391045,66.391045,66.391045,20,0
W8A.DE,D,20170616,000000,64.633126,64.633126,63.467252,63.467252,390,0
W8A.DE,D,20170619,000000,63.758721,64.396308,63.758721,64.396308,30,0
W8A.DE,D,20170620,000000,65.216063,65.216063,65.216063,65.216063,340,0
W8A.DE,D,20170621,000000,63.922672,64.132164,63.922672,64.132164,56,0
W8A.DE,D,20170622,000000,63.667637,63.667637,63.667637,63.667637,500,0
W8A.DE,D,20170623,000000,62.164753,62.164753,62.019018,62.019018,45,0
W8A.DE,D,20170627,000000,62.847882,62.847882,62.765906,62.793231,238,0
W8A.DE,D,20170628,000000,61.937043,62.547305,61.937043,62.474438,315,0
W8A.DE,D,20170629,000000,61.144613,63.394385,61.144613,63.303301,1349,0
W8A.DE,D,20170630,000000,62.765906,62.957182,62.155644,62.155644,1965,0
W8A.DE,D,20170703,000000,63.112025,63.112025,62.556413,62.556413,153,0
W8A.DE,D,20170705,000000,63.130242,63.157567,63.130242,63.130242,280,0
W8A.DE,D,20170706,000000,62.447113,62.465329,62.374245,62.428896,2353,0
W8A.DE,D,20170707,000000,61.937043,62.410679,61.72755,62.410679,114,0
W8A.DE,D,20170710,000000,62.128319,62.128319,61.645574,61.645574,400,0
W8A.DE,D,20170711,000000,61.354106,61.481623,61.226588,61.226588,78,0
W8A.DE,D,20170712,000000,61.490732,61.991693,61.490732,61.991693,557,0
W8A.DE,D,20170713,000000,62.319595,62.547305,62.319595,62.547305,8,0
W8A.DE,D,20170714,000000,62.274053,62.465329,62.274053,62.283162,522,0
W8A.DE,D,20170717,000000,62.638389,62.847882,62.638389,62.847882,30,0
W8A.DE,D,20170718,000000,62.428896,62.428896,61.882392,62.019018,210,0
W8A.DE,D,20170719,000000,62.228511,62.966291,62.228511,62.966291,63,0
W8A.DE,D,20170720,000000,63.230434,63.230434,62.128319,62.128319,28,0
W8A.DE,D,20170721,000000,62.255836,62.57463,61.836851,61.855067,189,0
W8A.DE,D,20170724,000000,62.046343,62.146536,62.046343,62.146536,38,0
W8A.DE,D,20170725,000000,62.34692,62.893424,62.34692,62.884315,536,0
W8A.DE,D,20170726,000000,62.155644,62.155644,61.481623,61.773092,482,0
W8A.DE,D,20170727,000000,61.408756,61.590924,60.889578,61.590924,2207,0
W8A.DE,D,20170728,000000,61.089963,61.55449,60.807603,61.55449,2190,0
W8A.DE,D,20170731,000000,61.991693,62.073669,61.927934,62.073669,55,0
W8A.DE,D,20170801,000000,62.401571,62.401571,62.365137,62.365137,47,0
W8A.DE,D,20170802,000000,62.328704,62.328704,62.119211,62.119211,1743,0
W8A.DE,D,20170803,000000,62.046343,62.046343,62.046343,62.046343,0,0
W8A.DE,D,20170804,000000,62.019018,62.784123,62.019018,62.784123,10,0
W8A.DE,D,20170807,000000,62.720364,62.720364,62.720364,62.720364,0,0
W8A.DE,D,20170808,000000,63.294193,63.294193,63.294193,63.294193,0,0
W8A.DE,D,20170809,000000,62.775015,62.80234,62.674822,62.674822,508,0
W8A.DE,D,20170810,000000,62.601955,62.601955,62.601955,62.601955,0,0
W8A.DE,D,20170811,000000,61.663791,62.019018,61.636466,62.019018,200,0
W8A.DE,D,20170814,000000,63.166675,63.166675,63.166675,63.166675,0,0
W8A.DE,D,20170815,000000,63.339735,63.412602,63.339735,63.412602,200,0
W8A.DE,D,20170816,000000,63.449068,63.925027,63.421608,63.925027,246,0
W8A.DE,D,20170817,000000,63.650435,63.650435,63.650435,63.650435,0,0
W8A.DE,D,20170818,000000,62.671057,62.671057,62.671057,62.671057,0,0
W8A.DE,D,20170821,000000,62.250016,62.277475,62.250016,62.277475,2,0
W8A.DE,D,20170823,000000,62.872424,62.991414,62.872424,62.991414,200,0
W8A.DE,D,20170824,000000,63.000567,63.000567,62.661904,62.661904,250,0
W8A.DE,D,20170825,000000,62.469689,62.469689,62.469689,62.469689,0,0
W8A.DE,D,20170828,000000,62.414771,62.414771,62.131026,62.131026,15,0
W8A.DE,D,20170829,000000,61.133341,62.002883,61.032658,61.920505,315,0
W8A.DE,D,20170830,000000,62.826659,62.826659,62.826659,62.826659,0,0
W8A.DE,D,20170831,000000,63.156169,63.156169,63.156169,63.156169,0,0
W8A.DE,D,20170901,000000,62.863271,62.863271,62.250016,62.378159,20,0
W8A.DE,D,20170904,000000,62.341546,62.341546,62.341546,62.341546,0,0
W8A.DE,D,20170905,000000,62.854118,62.854118,62.854118,62.854118,0,0
W8A.DE,D,20170906,000000,62.533761,62.533761,62.533761,62.533761,0,0
W8A.DE,D,20170907,000000,62.295781,62.295781,62.295781,62.295781,0,0
W8A.DE,D,20170908,000000,62.259169,62.259169,62.259169,62.259169,0,0
W8A.DE,D,20170911,000000,62.11272,62.579526,62.11272,62.387312,350,0
W8A.DE,D,20170913,000000,63.668741,63.888415,63.668741,63.888415,30,0
W8A.DE,D,20170914,000000,63.833496,63.93418,63.055486,63.073792,566,0
W8A.DE,D,20170915,000000,62.707669,63.137863,62.08526,62.7992,3890,0
W8A.DE,D,20170918,000000,63.632129,63.632129,63.192782,63.439915,270,0
W8A.DE,D,20170919,000000,63.568057,63.568057,62.076107,62.131026,173,0
W8A.DE,D,20170920,000000,61.838128,61.838128,61.838128,61.838128,0,0
W8A.DE,D,20170922,000000,59.467483,59.742075,59.430871,59.742075,140,0
W8A.DE,D,20170925,000000,60.446861,61.06927,60.446861,61.06927,95,0
W8A.DE,D,20170926,000000,61.590995,61.590995,61.27979,61.27979,19,0
W8A.DE,D,20170927,000000,61.298097,61.298097,60.556698,60.556698,561,0
W8A.DE,D,20170928,000000,60.419402,60.419402,59.989208,59.989208,125,0
W8A.DE,D,20170929,000000,60.254647,60.373637,59.623085,59.732922,732,0
W8A.DE,D,20171002,000000,59.10136,60.327871,59.10136,60.053279,188,0
W8A.DE,D,20171004,000000,59.513248,59.513248,59.513248,59.513248,0,0
W8A.DE,D,20171005,000000,59.33934,60.062432,59.33934,60.007514,285,0
W8A.DE,D,20171009,000000,56.501889,56.501889,55.31199,55.31199,153,0
W8A.DE,D,20171010,000000,55.339449,55.376062,54.707888,54.799418,2580,0
W8A.DE,D,20171011,000000,54.460755,54.460755,53.563754,53.655285,950,0
W8A.DE,D,20171012,000000,53.34408,53.600366,53.34408,53.499683,301,0
W8A.DE,D,20171013,000000,53.545448,53.545448,52.886427,52.913886,720,0
W8A.DE,D,20171016,000000,52.996264,52.996264,52.172488,52.602682,137,0
W8A.DE,D,20171017,000000,52.282325,52.739978,52.181641,52.575223,518,0
W8A.DE,D,20171018,000000,52.437927,52.767437,51.989426,52.767437,882,0
W8A.DE,D,20171019,000000,52.44708,52.44708,51.934508,51.934508,30,0
W8A.DE,D,20171020,000000,52.44708,52.44708,52.145029,52.145029,104,0
W8A.DE,D,20171023,000000,52.804049,53.774275,52.804049,53.316621,1455,0
W8A.DE,D,20171024,000000,52.44708,52.923039,52.44708,52.721672,1971,0
W8A.DE,D,20171025,000000,52.804049,52.941345,51.751447,52.062651,360,0
W8A.DE,D,20171026,000000,52.804049,54.781112,52.804049,54.781112,1720,0
W8A.DE,D,20171027,000000,50.698844,51.257181,50.698844,50.964283,130,0
W8A.DE,D,20171030,000000,51.174803,52.32809,50.625619,52.154182,1392,0
W8A.DE,D,20171101,000000,52.437927,52.923039,51.714834,52.923039,2799,0
W8A.DE,D,20171102,000000,53.087795,53.087795,52.44708,52.465386,291,0
W8A.DE,D,20171103,000000,52.318937,53.25255,52.163335,53.25255,555,0
W8A.DE,D,20171106,000000,52.437927,52.437927,52.437927,52.437927,0,0
W8A.DE,D,20171107,000000,53.682744,53.682744,53.682744,53.682744,400,0
W8A.DE,D,20171108,000000,54.14955,54.14955,54.14955,54.14955,0,0
W8A.DE,D,20171109,000000,54.067173,55.247919,54.05802,54.05802,89,0
W8A.DE,D,20171114,000000,55.027318,55.174622,55.018112,55.018112,28,0
W8A.DE,D,20171115,000000,54.94446,55.183829,54.318417,55.183829,655,0
W8A.DE,D,20171116,000000,55.487644,55.487644,55.487644,55.487644,0,0
W8A.DE,D,20171117,000000,55.791459,55.938763,55.791459,55.809872,200,0
W8A.DE,D,20171120,000000,56.07686,56.07686,54.972079,54.972079,30,0
W8A.DE,D,20171121,000000,55.450818,55.883524,55.450818,55.52447,2,0
W8A.DE,D,20171122,000000,55.883524,55.883524,55.883524,55.883524,0,0
W8A.DE,D,20171123,000000,55.662567,55.73622,55.441611,55.441611,29,0
W8A.DE,D,20171124,000000,54.686677,54.686677,54.585406,54.585406,15,0
W8A.DE,D,20171127,000000,54.198732,54.198732,54.198732,54.198732,0,0
W8A.DE,D,20171128,000000,54.244765,54.244765,54.244765,54.244765,0,0
W8A.DE,D,20171129,000000,56.592425,56.702903,56.592425,56.702903,58,0
W8A.DE,D,20171130,000000,55.570502,55.570502,55.570502,55.570502,0,0
W8A.DE,D,20171201,000000,56.270197,57.071164,56.270197,57.071164,582,0
W8A.DE,D,20171206,000000,55.303513,55.303513,54.958269,54.958269,40,0
W8A.DE,D,20171207,000000,54.70509,54.70509,54.502547,54.677471,65,0
W8A.DE,D,20171208,000000,55.413992,55.413992,55.413992,55.413992,0,0
W8A.DE,D,20171211,000000,56.214958,56.431311,55.846698,56.431311,701,0
W8A.DE,D,20171212,000000,56.270197,56.270197,56.270197,56.270197,0,0
W8A.DE,D,20171213,000000,56.178132,56.178132,55.579709,55.579709,67,0
W8A.DE,D,20171214,000000,55.653361,55.653361,55.216052,55.216052,85,0
W8A.DE,D,20171215,000000,55.349546,56.307023,55.349546,56.307023,264,0
W8A.DE,D,20171218,000000,56.675284,57.08037,56.638458,56.638458,1040,0
W8A.DE,D,20171219,000000,56.887033,56.887033,56.721316,56.721316,6,0
W8A.DE,D,20171220,000000,56.50036,56.50036,55.947969,55.947969,60,0
W8A.DE,D,20171221,000000,56.86862,56.86862,56.86862,56.86862,0,0
W8A.DE,D,20171222,000000,56.850207,56.850207,56.850207,56.850207,0,0
W8A.DE,D,20171227,000000,55.690187,55.690187,55.690187,55.690187,0,0
W8A.DE,D,20171228,000000,56.095273,56.168926,55.975589,55.975589,306,0
W8A.DE,D,20171229,000000,56.196545,56.196545,56.196545,56.196545,0,0
W8A.DE,D,20180102,000000,55.699393,57.08037,55.699393,57.08037,3786,0
W8A.DE,D,20180103,000000,57.540696,57.540696,57.08037,57.540696,2619,0
W8A.DE,D,20180104,000000,59.381998,59.381998,54.318417,54.318417,378,0
W8A.DE,D,20180105,000000,53.858091,56.159719,53.858091,56.159719,2478,0
W8A.DE,D,20180108,000000,56.159719,56.620045,56.159719,56.620045,464,0
W8A.DE,D,20180109,000000,57.08037,57.540696,57.08037,57.540696,129,0
W8A.DE,D,20180110,000000,55.239068,55.239068,55.239068,55.239068,200,0
W8A.DE,D,20180112,000000,57.08037,58.921672,57.08037,58.001021,494,0
W8A.DE,D,20180115,000000,58.461347,58.461347,57.540696,57.540696,112,0
W8A.DE,D,20180116,000000,57.540696,57.540696,57.540696,57.540696,37,0
W8A.DE,D,20180117,000000,58.001021,58.001021,56.620045,57.540696,248,0
W8A.DE,D,20180118,000000,56.620045,57.08037,56.159719,57.08037,611,0
W8A.DE,D,20180119,000000,57.08037,57.540696,57.08037,57.540696,133,0
W8A.DE,D,20180122,000000,57.540696,58.001021,57.540696,58.001021,170,0
W8A.DE,D,20180123,000000,57.540696,57.540696,57.540696,57.540696,271,0
W8A.DE,D,20180124,000000,57.540696,57.540696,57.540696,57.540696,33,0
W8A.DE,D,20180125,000000,57.540696,57.540696,57.540696,57.540696,51,0
W8A.DE,D,20180126,000000,57.540696,58.001021,57.540696,58.001021,290,0
W8A.DE,D,20180129,000000,58.921672,60.302649,58.921672,60.302649,978,0
W8A.DE,D,20180201,000000,55.054938,55.054938,54.235558,54.235558,199,0
W8A.DE,D,20180202,000000,54.594612,54.861601,54.594612,54.861601,60,0
W8A.DE,D,20180205,000000,54.73271,54.73271,54.217145,54.484134,53,0
W8A.DE,D,20180206,000000,52.477114,52.477114,52.458701,52.458701,20,0
W8A.DE,D,20180208,000000,52.928234,52.928234,52.928234,52.928234,0,0
W8A.DE,D,20180209,000000,52.477114,52.477114,51.271062,51.271062,109,0
W8A.DE,D,20180212,000000,52.477114,52.817755,51.261855,51.261855,370,0
W8A.DE,D,20180213,000000,50.543747,51.151377,50.028182,51.151377,59,0
W8A.DE,D,20180214,000000,51.365543,51.365543,51.365543,51.365543,0,0
W8A.DE,D,20180215,000000,50.930321,51.152562,50.930321,51.152562,100,0
W8A.DE,D,20180216,000000,52.226729,52.921233,52.226729,52.921233,40,0
W8A.DE,D,20180219,000000,52.921233,52.921233,52.921233,52.921233,0,0
W8A.DE,D,20191106,000000,52.432201,53.202284,49.912793,49.912793,215,0
W8A.DE,D,20191107,000000,50.045894,51.719161,49.941315,51.700147,940,0
W8A.DE,D,20191108,000000,50.720905,51.433945,50.720905,51.433945,895,0
W8A.DE,D,20191111,000000,52.137478,53.411442,52.042406,53.411442,502,0
W8A.DE,D,20191112,000000,54.000889,54.000889,53.344892,53.772716,120,0
W8A.DE,D,20191113,000000,54.191033,54.428713,53.620601,54.010396,286,0
W8A.DE,D,20191114,000000,52.289593,53.829759,52.289593,53.829759,126,0
W8A.DE,D,20191115,000000,54.59017,54.59017,54.082577,54.082577,1001,0
W8A.DE,D,20191118,000000,54.073,54.082577,53.62287,53.62287,585,0
W8A.DE,D,20191119,000000,53.833569,54.226235,53.603716,53.603716,206,0
W8A.DE,D,20191120,000000,54.341162,54.341162,51.822353,51.822353,115,0
W8A.DE,D,20191121,000000,52.703457,52.703457,52.703457,52.703457,0,0
W8A.DE,D,20191122,000000,51.20941,51.20941,51.20941,51.20941,3,0
W8A.DE,D,20191126,000000,52.138401,52.138401,52.138401,52.138401,0,0
W8A.DE,D,20191127,000000,51.966011,51.966011,51.966011,51.966011,0,0
W8A.DE,D,20191128,000000,52.674725,52.674725,52.00432,52.00432,20,0
W8A.DE,D,20191129,000000,52.013897,52.013897,52.013897,52.013897,0,0
W8A.DE,D,20191202,000000,52.013897,52.013897,51.238142,51.238142,104,0
W8A.DE,D,20191203,000000,50.337883,50.337883,50.337883,50.337883,0,0
W8A.DE,D,20191204,000000,51.573345,52.69388,50.931671,50.931671,1082,0
W8A.DE,D,20191205,000000,51.717003,51.717003,50.673086,50.673086,1200,0
W8A.DE,D,20191206,000000,51.353069,51.353069,51.353069,51.353069,0,0
W8A.DE,D,20191209,000000,50.28042,51.027443,50.28042,51.027443,291,0
W8A.DE,D,20191210,000000,50.088875,50.6252,50.088875,50.6252,40,0
W8A.DE,D,20191211,000000,51.228565,51.228565,50.328306,50.328306,20,0
W8A.DE,D,20191212,000000,49.801559,51.400955,49.801559,50.539005,101,0
W8A.DE,D,20191213,000000,49.811136,50.328306,49.811136,50.328306,137,0
W8A.DE,D,20191216,000000,51.065752,51.065752,49.284388,50.471964,565,0
W8A.DE,D,20191217,000000,50.471964,50.471964,50.471964,50.471964,10,0
W8A.DE,D,20191218,000000,47.924423,47.924423,47.924423,47.924423,11,0
W8A.DE,D,20191220,000000,50.337883,51.03702,50.337883,50.912516,704,0
W8A.DE,D,20191223,000000,51.717003,51.717003,51.218987,51.218987,27,0
W8A.DE,D,20191227,000000,50.28042,50.366615,50.28042,50.366615,200,0
W8A.DE,D,20191230,000000,50.328306,51.056175,50.328306,51.056175,32,0
W8A.DE,D,20200102,000000,50.606045,52.042629,50.606045,50.701817,294,0
W8A.DE,D,20200103,000000,50.28042,51.362646,50.10803,51.362646,360,0
W8A.DE,D,20200106,000000,50.912516,51.458418,50.912516,51.458418,20,0
W8A.DE,D,20200107,000000,51.985165,52.320368,50.759281,51.199833,322,0
W8A.DE,D,20200108,000000,48.173431,48.173431,46.813465,47.627529,1120,0
W8A.DE,D,20200109,000000,48.221317,48.364975,47.823862,47.823862,2533,0
W8A.DE,D,20200110,000000,47.503025,47.756821,46.981066,46.981066,2091,0
W8A.DE,D,20200113,000000,47.981886,47.981886,46.162214,46.823042,217,0
W8A.DE,D,20200114,000000,46.827831,46.966701,46.621921,46.966701,302,0
W8A.DE,D,20200115,000000,47.119936,47.445562,46.358547,47.057684,622,0
W8A.DE,D,20200116,000000,47.100782,47.100782,47.100782,47.100782,0,0
W8A.DE,D,20200117,000000,46.93318,47.292326,46.669807,47.292326,100,0
W8A.DE,D,20200120,000000,46.545303,46.832619,46.545303,46.832619,575,0
W8A.DE,D,20200121,000000,46.736847,46.736847,46.267563,46.267563,948,0
W8A.DE,D,20200122,000000,46.827831,46.827831,46.574034,46.574034,124,0
W8A.DE,D,20200123,000000,46.708116,46.708116,46.138271,46.138271,24,0
W8A.DE,D,20200124,000000,45.841377,45.841377,45.841377,45.841377,0,0
W8A.DE,D,20200127,000000,45.233223,45.769548,44.304233,45.645044,339,0
W8A.DE,D,20200128,000000,45.056045,45.616312,45.056045,45.616312,70,0
W8A.DE,D,20200129,000000,45.836588,45.836588,45.836588,45.836588,0,0
W8A.DE,D,20200130,000000,45.017736,45.118297,44.749573,45.118297,350,0
W8A.DE,D,20200131,000000,44.869289,44.869289,44.289867,44.289867,22,0
W8A.DE,D,20200203,000000,45.38167,45.38167,44.122265,44.265924,807,0
W8A.DE,D,20200204,000000,45.190126,45.496597,45.190126,45.194914,200,0
W8A.DE,D,20200205,000000,45.362516,46.650652,45.362516,46.506994,350,0
W8A.DE,D,20200206,000000,46.665018,46.818254,46.665018,46.818254,100,0
W8A.DE,D,20200207,000000,46.875717,46.875717,46.234043,46.645864,104,0
W8A.DE,D,20200210,000000,47.503025,47.924423,46.487839,47.239651,298,0
W8A.DE,D,20200211,000000,47.503025,47.503025,46.645864,46.645864,1,0
W8A.DE,D,20200212,000000,46.851774,46.851774,46.851774,46.851774,0,0
W8A.DE,D,20200213,000000,48.460747,48.460747,47.412041,47.41683,722,0
W8A.DE,D,20200214,000000,47.412041,47.412041,46.937969,46.937969,279,0
W8A.DE,D,20200217,000000,48.10639,48.10639,47.024164,47.081627,592,0
W8A.DE,D,20200218,000000,47.713247,47.713247,46.80999,46.80999,1106,0
W8A.DE,D,20200219,000000,47.500716,47.500716,46.167566,46.167566,100,0
W8A.DE,D,20200220,000000,46.384927,46.384927,46.384927,46.384927,0,0
W8A.DE,D,20200221,000000,46.23519,46.462211,46.23519,46.462211,390,0
W8A.DE,D,20200224,000000,46.032319,46.269001,44.631545,44.71849,550,0
W8A.DE,D,20200225,000000,44.438335,44.438335,43.037562,43.037562,50,0
W8A.DE,D,20200226,000000,42.037699,43.940819,42.037699,43.39017,312,0
W8A.DE,D,20200227,000000,41.545013,41.545013,40.999194,41.115121,581,0
W8A.DE,D,20200228,000000,39.125056,40.569302,39.125056,39.825443,1057,0
W8A.DE,D,20200302,000000,40.037974,41.433917,38.724145,41.366294,2306,0
W8A.DE,D,20200303,000000,42.293702,42.293702,42.216418,42.293702,74,0
W8A.DE,D,20200304,000000,41.829998,41.829998,41.086139,41.086139,46,0
W8A.DE,D,20200305,000000,42.211588,42.216418,41.308331,41.728563,328,0
W8A.DE,D,20200306,000000,42.192267,42.752577,42.192267,42.752577,40,0
W8A.DE,D,20200309,000000,40.511339,42.424119,39.332757,41.631958,209,0
W8A.DE,D,20200310,000000,41.883131,42.738086,40.192542,40.192542,465,0
W8A.DE,D,20200311,000000,41.356633,41.414596,40.115258,40.115258,191,0
W8A.DE,D,20200312,000000,35.864635,36.792043,35.801841,35.801841,250,0
W8A.DE,D,20200313,000000,37.183294,37.849869,37.183294,37.849869,215,0
W8A.DE,D,20200316,000000,36.951442,41.269689,36.096487,41.269689,273,0
W8A.DE,D,20200317,000000,40.438885,41.627127,40.438885,41.627127,4,0
W8A.DE,D,20200318,000000,41.530522,46.191717,41.530522,46.012998,164,0
W8A.DE,D,20200319,000000,46.273832,48.1528,42.477252,43.897347,728,0
W8A.DE,D,20200320,000000,43.95531,45.244988,42.680123,42.680123,148,0
W8A.DE,D,20200323,000000,40.863947,42.651141,39.897897,41.235877,350,0
W8A.DE,D,20200324,000000,40.574132,41.380784,40.226354,40.226354,630,0
W8A.DE,D,20200325,000000,39.936539,41.047497,38.878713,39.975181,531,0
W8A.DE,D,20200326,000000,37.67115,37.67115,36.73408,37.67115,622,0
W8A.DE,D,20200327,000000,38.695163,40.023483,38.695163,39.149207,277,0
W8A.DE,D,20200330,000000,38.642031,39.545288,38.642031,39.545288,90,0
W8A.DE,D,20200331,000000,40.34711,41.047497,39.994502,41.047497,116,0
W8A.DE,D,20200401,000000,39.922048,40.752851,39.192679,39.192679,96,0
W8A.DE,D,20200402,000000,37.960965,39.612912,35.743878,35.980561,805,0
W8A.DE,D,20200403,000000,36.642305,36.647136,35.869465,36.115808,417,0
W8A.DE,D,20200406,000000,38.941506,38.941506,37.313711,37.434467,247,0
W8A.DE,D,20200407,000000,39.327927,39.327927,37.632508,38.337725,168,0
W8A.DE,D,20200408,000000,39.245812,39.245812,37.584205,38.130024,95,0
W8A.DE,D,20200409,000000,39.163698,39.163698,38.699994,38.699994,100,0
W8A.DE,D,20200414,000000,39.791631,39.791631,39.791631,39.791631,0,0
W8A.DE,D,20200415,000000,40.574132,41.008855,39.216831,39.216831,287,0
W8A.DE,D,20200416,000000,38.835241,39.192679,37.714622,38.62271,1482,0
W8A.DE,D,20200417,000000,40.052465,40.786663,39.129886,39.221661,2620,0
W8A.DE,D,20200420,000000,40.013823,40.013823,38.675842,39.129886,535,0
W8A.DE,D,20200421,000000,38.183156,38.183156,37.531072,37.531072,10,0
W8A.DE,D,20200422,000000,38.719315,38.719315,37.598696,38.318404,50,0
W8A.DE,D,20200423,000000,39.240982,39.240982,39.240982,39.240982,0,0
W8A.DE,D,20200424,000000,39.240982,39.240982,38.564747,38.598558,203,0
W8A.DE,D,20200427,000000,39.274794,39.733668,39.125056,39.125056,215,0
W8A.DE,D,20200428,000000,40.091107,40.091107,39.801291,39.801291,20,0
W8A.DE,D,20200429,000000,40.100767,40.100767,40.100767,40.100767,0,0
W8A.DE,D,20200430,000000,39.868915,39.868915,38.980148,38.980148,70,0
W8A.DE,D,20200504,000000,37.762924,37.762924,36.613324,37.516581,371,0
W8A.DE,D,20200505,000000,37.579375,37.579375,37.579375,37.579375,0,0
W8A.DE,D,20200506,000000,37.531072,37.531072,37.29439,37.29439,157,0
W8A.DE,D,20200507,000000,37.043217,37.043217,37.043217,37.043217,0,0
W8A.DE,D,20200508,000000,36.999744,36.999744,36.381472,36.71959,667,0
W8A.DE,D,20200511,000000,36.709929,37.091519,36.709929,37.091519,60,0
W8A.DE,D,20200512,000000,37.618017,37.618017,36.709929,36.801704,333,0
W8A.DE,D,20200513,000000,35.618292,36.304188,34.772997,34.772997,659,0
W8A.DE,D,20200514,000000,34.323784,34.323784,32.840896,33.415696,290,0
W8A.DE,D,20200515,000000,34.391407,35.280174,33.86974,33.86974,395,0
W8A.DE,D,20200518,000000,34.299632,35.748709,34.299632,35.473384,1660,0
W8A.DE,D,20200519,000000,36.073462,36.073462,36.073462,36.073462,0,0
W8A.DE,D,20200520,000000,35.765643,36.024602,35.765643,35.926882,880,0
W8A.DE,D,20200521,000000,35.741213,35.741213,35.653265,35.653265,20,0
W8A.DE,D,20200522,000000,35.736327,36.034374,35.418736,35.418736,507,0
W8A.DE,D,20200525,000000,36.146752,36.361737,35.223295,36.190726,493,0
W8A.DE,D,20200526,000000,36.864997,37.163044,35.711897,36.772162,317,0
W8A.DE,D,20200527,000000,37.436661,37.764024,37.436661,37.764024,62,0
W8A.DE,D,20200528,000000,37.954578,37.954578,37.954578,37.954578,20,0
W8A.DE,D,20200529,000000,37.133728,37.133728,36.606038,36.606038,452,0
W8A.DE,D,20200602,000000,37.900832,37.900832,37.900832,37.900832,0,0
W8A.DE,D,20200603,000000,37.8422,38.423636,37.837314,38.277056,850,0
W8A.DE,D,20200604,000000,37.91549,38.022983,37.133728,37.597899,557,0
W8A.DE,D,20200605,000000,38.834062,39.664684,38.032755,39.664684,849,0
W8A.DE,D,20200608,000000,39.811265,40.778696,38.794973,40.778696,627,0
W8A.DE,D,20200609,000000,40.260778,40.260778,39.410612,39.410612,234,0
W8A.DE,D,20200610,000000,38.882922,38.882922,38.462724,38.462724,600,0
W8A.DE,D,20200611,000000,38.032755,38.032755,35.995286,36.371509,371,0
W8A.DE,D,20200612,000000,36.698872,36.742846,35.794959,36.156524,1852,0
W8A.DE,D,20200615,000000,35.9904,35.9904,35.228181,35.228181,170,0
W8A.DE,D,20200616,000000,36.860111,36.904085,36.044146,36.200498,580,0
W8A.DE,D,20200617,000000,36.76239,36.76239,36.76239,36.76239,0,0
W8A.DE,D,20200618,000000,37.006691,37.006691,36.171182,36.620696,770,0
W8A.DE,D,20200619,000000,37.084868,37.568583,37.084868,37.514837,42,0
W8A.DE,D,20200622,000000,37.451319,38.150019,37.451319,37.509951,125,0
W8A.DE,D,20200623,000000,37.886174,37.886174,37.24122,37.24122,60,0
W8A.DE,D,20200624,000000,36.435027,37.285194,35.760757,35.760757,220,0
W8A.DE,D,20200625,000000,36.146752,36.51809,36.146752,36.51809,68,0
W8A.DE,D,20200626,000000,35.843819,35.843819,35.843819,35.843819,0,0
W8A.DE,D,20200629,000000,36.654898,36.654898,36.654898,36.654898,0,0
W8A.DE,D,20200630,000000,37.294966,37.412231,36.601152,36.601152,604,0
W8A.DE,D,20200701,000000,36.356851,36.356851,36.03926,36.03926,250,0
W8A.DE,D,20200702,000000,36.03926,36.395939,36.03926,36.395939,38,0
W8A.DE,D,20200703,000000,36.884541,36.884541,36.73796,36.73796,35,0
W8A.DE,D,20200706,000000,36.698872,37.822656,36.698872,37.822656,188,0
W8A.DE,D,20200707,000000,37.627215,37.627215,36.508318,36.650012,3420,0
W8A.DE,D,20200708,000000,37.133728,37.133728,36.488773,36.488773,50,0
W8A.DE,D,20200709,000000,35.667923,35.667923,33.18094,33.18094,1085,0
W8A.DE,D,20200710,000000,34.035993,34.715149,33.923615,34.35847,450,0
W8A.DE,D,20200713,000000,34.895932,35.379648,34.148371,34.43176,1515,0
W8A.DE,D,20200714,000000,34.158143,34.158143,34.158143,34.158143,0,0
W8A.DE,D,20200715,000000,35.110917,35.110917,34.21189,34.817756,70,0
W8A.DE,D,20200716,000000,34.641859,35.467596,34.641859,35.467596,150,0
W8A.DE,D,20200717,000000,34.993652,35.467596,34.993652,35.457824,82,0
W8A.DE,D,20200720,000000,35.452938,35.452938,34.397558,34.563683,212,0
W8A.DE,D,20200721,000000,34.241206,34.754237,34.241206,34.754237,40,0
W8A.DE,D,20200722,000000,34.207004,34.207004,33.987133,33.987133,115,0
W8A.DE,D,20200723,000000,34.451304,34.485507,34.451304,34.485507,45,0
W8A.DE,D,20200724,000000,33.581593,34.495279,33.581593,34.060423,549,0
W8A.DE,D,20200727,000000,34.148371,34.148371,32.540872,32.902437,1768,0
W8A.DE,D,20200728,000000,33.796578,33.821008,33.620682,33.821008,971,0
W8A.DE,D,20200729,000000,34.23632,34.23632,33.850324,33.850324,30,0
W8A.DE,D,20200730,000000,33.430127,33.591365,33.430127,33.591365,310,0
W8A.DE,D,20200731,000000,33.498531,33.498531,33.498531,33.498531,0,0
W8A.DE,D,20200803,000000,33.869868,34.026221,33.869868,34.026221,267,0
W8A.DE,D,20200804,000000,33.87964,33.87964,33.87964,33.87964,0,0
W8A.DE,D,20200805,000000,33.767262,33.767262,33.767262,33.767262,0,0
W8A.DE,D,20200806,000000,33.982247,34.23632,33.982247,34.23632,64,0
W8A.DE,D,20200807,000000,33.20537,34.378014,33.200484,33.952931,250,0
W8A.DE,D,20200810,000000,34.529481,35.501798,34.529481,35.189093,617,0
W8A.DE,D,20200811,000000,35.765643,36.03926,35.697239,35.697239,1016,0
W8A.DE,D,20200812,000000,35.081601,35.081601,34.925248,34.925248,56,0
W8A.DE,D,20200813,000000,34.461076,34.461076,33.904071,33.943159,325,0
W8A.DE,D,20200814,000000,33.948045,34.387786,33.948045,34.387786,38,0
W8A.DE,D,20200817,000000,34.729807,34.729807,33.948045,33.948045,155,0
W8A.DE,D,20200818,000000,33.475416,34.399523,33.475416,34.162319,280,0
W8A.DE,D,20200819,000000,33.752154,33.82628,33.707678,33.707678,50,0
W8A.DE,D,20200820,000000,33.702736,33.702736,33.208561,33.208561,50,0
W8A.DE,D,20200821,000000,33.603901,33.603901,33.213503,33.213503,150,0
W8A.DE,D,20200824,000000,33.455649,33.455649,32.615551,33.34693,665,0
W8A.DE,D,20200825,000000,33.080076,33.870756,32.773687,32.773687,2337,0
W8A.DE,D,20200826,000000,32.897231,32.897231,32.111493,32.136201,690,0
W8A.DE,D,20200827,000000,32.165852,32.492008,32.165852,32.492008,329,0
W8A.DE,D,20200828,000000,33.030658,33.030658,32.343755,32.398114,456,0
W8A.DE,D,20200831,000000,32.121376,32.121376,31.414706,31.414706,283,0
W8A.DE,D,20200901,000000,31.627201,32.002774,30.673443,30.708036,701,0
W8A.DE,D,20200902,000000,31.019366,31.029249,30.74757,30.994657,1308,0
W8A.DE,D,20200903,000000,30.638851,31.350463,30.638851,31.167618,156,0
W8A.DE,D,20200904,000000,31.320813,31.617318,30.638851,31.009482,2234,0
W8A.DE,D,20200907,000000,31.009482,31.953357,31.009482,31.68156,1423,0
W8A.DE,D,20200908,000000,31.528366,31.528366,30.317637,30.525191,412,0
W8A.DE,D,20200909,000000,29.566491,29.78887,29.566491,29.78887,335,0
W8A.DE,D,20200910,000000,29.650501,29.650501,29.092083,29.116792,191,0
W8A.DE,D,20200911,000000,28.785695,29.181035,28.484248,29.181035,487,0
W8A.DE,D,20200914,000000,29.156326,29.314462,29.156326,29.156326,293,0
W8A.DE,D,20200915,000000,29.650501,29.650501,29.106909,29.329287,1638,0
W8A.DE,D,20200916,000000,29.818521,30.485657,29.818521,30.485657,359,0
W8A.DE,D,20200917,000000,30.144676,31.049016,30.144676,30.955123,1330,0
W8A.DE,D,20200918,000000,31.360347,31.686502,30.653676,30.653676,593,0
W8A.DE,D,20200921,000000,30.77722,31.029249,30.35223,30.35223,14331,0
W8A.DE,D,20200922,000000,30.515307,30.515307,30.065608,30.065608,239,0
W8A.DE,D,20200923,000000,30.648735,30.653676,30.045841,30.347288,352,0
W8A.DE,D,20200924,000000,29.502249,29.502249,29.413297,29.413297,200,0
W8A.DE,D,20200925,000000,29.650501,29.655443,29.581317,29.655443,130,0
W8A.DE,D,20200928,000000,30.258336,30.638851,30.258336,30.638851,85,0
W8A.DE,D,20200929,000000,30.688269,30.688269,30.035958,30.218802,415,0
W8A.DE,D,20200930,000000,30.124909,30.124909,30.124909,30.124909,0,0
W8A.DE,D,20201001,000000,30.668502,30.668502,30.223744,30.223744,1,0
W8A.DE,D,20201002,000000,30.66356,30.66356,30.001365,30.001365,606,0
W8A.DE,D,20201005,000000,30.732744,30.732744,30.57955,30.57955,260,0
W8A.DE,D,20201006,000000,31.044075,31.044075,30.74757,30.74757,235,0
W8A.DE,D,20201007,000000,30.619084,30.619084,30.619084,30.619084,0,0
W8A.DE,D,20201008,000000,31.37023,31.37023,30.999599,30.999599,70,0
W8A.DE,D,20201009,000000,31.706269,31.706269,30.732744,30.89088,826,0
W8A.DE,D,20201012,000000,30.796987,31.320813,30.796987,31.25657,868,0
W8A.DE,D,20201013,000000,31.147851,31.147851,30.144676,30.391764,527,0
W8A.DE,D,20201014,000000,31.063842,31.068783,30.055725,30.105142,1310,0
W8A.DE,D,20201015,000000,29.947006,31.706269,29.778987,31.251628,545,0
W8A.DE,D,20201016,000000,32.506833,32.576017,31.063842,31.53825,5221,0
W8A.DE,D,20201019,000000,32.210328,32.210328,31.320813,31.320813,619,0
W8A.DE,D,20201020,000000,31.034191,31.034191,30.772278,31.014424,1760,0
W8A.DE,D,20201021,000000,30.915589,31.45424,30.915589,31.17256,216,0
W8A.DE,D,20201022,000000,31.533308,31.533308,30.960065,31.08855,1748,0
W8A.DE,D,20201023,000000,31.513541,31.627201,31.513541,31.602492,209,0
W8A.DE,D,20201026,000000,31.627201,31.819929,31.113259,31.113259,1051,0
W8A.DE,D,20201027,000000,30.668502,30.668502,30.668502,30.668502,0,0
W8A.DE,D,20201028,000000,30.144676,30.347288,29.353996,29.640618,751,0
W8A.DE,D,20201029,000000,29.225511,29.225511,28.479306,28.592967,1584,0
W8A.DE,D,20201030,000000,29.185977,29.185977,28.464481,28.785695,3357,0
W8A.DE,D,20201102,000000,29.27987,29.966773,29.27987,29.966773,277,0
W8A.DE,D,20201103,000000,30.480715,31.518483,30.480715,31.474007,600,0
W8A.DE,D,20201104,000000,31.192327,31.864405,31.192327,31.503657,1290,0
W8A.DE,D,20201105,000000,31.187385,31.187385,30.480715,31.162677,1597,0
W8A.DE,D,20201106,000000,30.846405,31.622259,30.846405,31.474007,952,0
W8A.DE,D,20201109,000000,31.760628,33.974533,31.696386,32.80828,806,0
W8A.DE,D,20201110,000000,33.425998,36.351514,33.238212,35.980883,2088,0
W8A.DE,D,20201111,000000,36.652961,36.652961,34.819572,34.913465,1732,0
W8A.DE,D,20201112,000000,34.295123,34.85353,33.998623,34.201231,1577,0
W8A.DE,D,20201113,000000,34.512556,34.91283,34.512556,34.91283,730,0
W8A.DE,D,20201116,000000,36.25202,37.418252,35.698554,37.270002,2056,0
W8A.DE,D,20201117,000000,37.428136,37.428136,32.259159,33.430332,12480,0
W8A.DE,D,20201118,000000,33.445,33.8,32.78,32.91,3137,0
W8A.DE,D,20201119,000000,32.63,32.9,31.56,31.56,2129,0
W8A.DE,D,20201120,000000,31.655,32.195,31.38,31.38,1843,0
W8A.DE,D,20201123,000000,31.96,31.96,31.5,31.665,1029,0
W8A.DE,D,20201124,000000,32.16,32.45,32.145,32.235,16114,0
W8A.DE,D,20201125,000000,32.315,32.565,32.315,32.565,407,0
W8A.DE,D,20201126,000000,32.52,33.315,32.52,32.885,271,0
W8A.DE,D,20201127,000000,33,33,32.64,32.64,1611,0
W8A.DE,D,20201130,000000,33.335,33.335,32.31,32.445,2861,0
W8A.DE,D,20201201,000000,32.445,32.445,31.94,31.995,3120,0
W8A.DE,D,20201202,000000,31.955,33.015,31.955,33,792,0
W8A.DE,D,20201203,000000,32.755,35.16,32.725,35.16,1073,0
W8A.DE,D,20201204,000000,35.735,35.91,35.025,35.025,949,0
W8A.DE,D,20201207,000000,36.14,36.14,34.99,35.175,540,0
W8A.DE,D,20201208,000000,35.06,35.06,34.65,34.65,567,0
W8A.DE,D,20201209,000000,34.65,34.77,34.455,34.455,250,0
W8A.DE,D,20201210,000000,34.415,34.875,34.225,34.315,2087,0
W8A.DE,D,20201211,000000,34.865,34.865,33.81,33.81,1256,0
W8A.DE,D,20201214,000000,34.685,34.83,34.395,34.395,670,0
W8A.DE,D,20201215,000000,34.745,34.745,34.155,34.155,767,0
W8A.DE,D,20201216,000000,33.27,33.27,33.27,33.27,0,0
W8A.DE,D,20201217,000000,33.695,33.695,33.025,33.025,1223,0
W8A.DE,D,20201218,000000,33.08,33.465,33.08,33.465,16,0
W8A.DE,D,20201221,000000,33.825,33.825,33.02,33.12,2499,0
W8A.DE,D,20201222,000000,33.2,33.54,32.795,32.805,1499,0
W8A.DE,D,20201223,000000,32.38,32.89,32.38,32.715,505,0
W8A.DE,D,20201228,000000,32.96,32.96,32.355,32.355,2878,0
W8A.DE,D,20201229,000000,32.86,32.935,32.26,32.355,2219,0
W8A.DE,D,20201230,000000,32.425,32.425,32.03,32.15,456,0
W8A.DE,D,20210104,000000,32.66,33.21,32.56,33.01,3286,0
W8A.DE,D,20210105,000000,33.83,33.96,33.42,33.42,1160,0
W8A.DE,D,20210106,000000,33.455,35.01,33.275,34.935,5328,0
W8A.DE,D,20210107,000000,35.95,38.095,35.63,37.53,5974,0
W8A.DE,D,20210108,000000,37.51,37.88,36.405,37.77,3928,0
W8A.DE,D,20210111,000000,37.005,38.97,37.005,38.97,2875,0
W8A.DE,D,20210112,000000,39.4,39.745,38.64,39.51,4588,0
W8A.DE,D,20210113,000000,39.8,40.47,39.545,39.645,1741,0
W8A.DE,D,20210114,000000,40.47,40.8,40.265,40.5,1799,0
W8A.DE,D,20210115,000000,40.87,40.87,40.195,40.5,1055,0
W8A.DE,D,20210118,000000,39.965,40.1,39.965,40.08,525,0
W8A.DE,D,20210119,000000,39.85,40.34,39.615,39.69,1714,0
W8A.DE,D,20210120,000000,39.92,39.92,39,39.15,426,0
W8A.DE,D,20210121,000000,39.93,39.93,38.835,39.075,168,0
W8A.DE,D,20210122,000000,38.495,38.495,38,38.325,526,0
W8A.DE,D,20210125,000000,39.435,39.435,38.49,38.73,531,0
W8A.DE,D,20210126,000000,39.625,39.685,39.1,39.48,2271,0
W8A.DE,D,20210127,000000,42.095,44.54,42.095,42.165,4664,0
W8A.DE,D,20210128,000000,42.63,42.905,41.165,42.24,6400,0
W8A.DE,D,20210129,000000,41.87,42.145,41.105,41.46,1078,0
W8A.DE,D,20210201,000000,41.545,41.845,40.83,40.83,1306,0
W8A.DE,D,20210202,000000,41.275,41.335,39.75,40.56,1074,0
W8A.DE,D,20210203,000000,40.885,40.885,40.11,40.26,460,0
W8A.DE,D,20210204,000000,41.15,41.66,40.55,41.055,1028,0
W8A.DE,D,20210205,000000,41.61,41.61,41.105,41.37,119,0
W8A.DE,D,20210208,000000,41.9,41.9,41.115,41.115,492,0
W8A.DE,D,20210209,000000,41.075,41.755,41,41.61,463,0
W8A.DE,D,20210210,000000,41.305,42,41.21,41.745,362,0
W8A.DE,D,20210211,000000,42.995,42.995,41.63,41.63,88,0
W8A.DE,D,20210212,000000,41.075,41.505,41.075,41.505,133,0
W8A.DE,D,20210215,000000,41.865,41.92,41.38,41.6,203,0
W8A.DE,D,20210216,000000,41.6,41.675,40.695,40.695,539,0
W8A.DE,D,20210217,000000,40.68,41.04,40.68,41.04,6,0
W8A.DE,D,20210218,000000,40.68,41.065,40.46,40.62,547,0
W8A.DE,D,20210219,000000,40.62,40.68,40.56,40.62,171,0
W8A.DE,D,20210222,000000,40.145,40.47,39.705,40.05,2590,0
W8A.DE,D,20210223,000000,40.62,40.625,39.48,39.6,874,0
W8A.DE,D,20210224,000000,39.54,40.04,39.515,39.93,1017,0
W8A.DE,D,20210225,000000,40.615,40.855,39.94,40.41,1657,0
W8A.DE,D,20210226,000000,39.8,39.8,39.75,39.775,60,0
W8A.DE,D,20210301,000000,40.575,40.625,39.6,39.6,1554,0
W8A.DE,D,20210302,000000,40.045,40.045,39.15,39.15,1,0
W8A.DE,D,20210303,000000,39.73,39.73,39.2,39.2,56,0
W8A.DE,D,20210304,000000,39.4,39.6,39.4,39.575,112,0
W8A.DE,D,20210305,000000,39.2,39.6,38.75,39.35,872,0
W8A.DE,D,20210308,000000,40.025,40.845,39.3,40.775,1605,0
W8A.DE,D,20210309,000000,41.005,41.1,40.915,40.915,1799,0
W8A.DE,D,20210310,000000,41,42.45,41,42.375,749,0
W8A.DE,D,20210311,000000,42.385,43.005,42.385,42.95,863,0
W8A.DE,D,20210312,000000,43.445,44,42.75,43.9,2566,0
W8A.DE,D,20210315,000000,45.14,45.7,44.455,45.7,762,0
W8A.DE,D,20210316,000000,46.675,47,45.8,46.65,9783,0
W8A.DE,D,20210317,000000,46.2,46.625,45.3,45.3,2484,0
W8A.DE,D,20210318,000000,45.2,45.2,44.585,44.675,213,0
W8A.DE,D,20210319,000000,43.98,44.75,43.98,44.75,52,0
W8A.DE,D,20210322,000000,44.7,44.7,43.705,43.8,868,0
W8A.DE,D,20210323,000000,44.405,44.425,44.135,44.175,653,0
W8A.DE,D,20210324,000000,44.46,44.965,44.17,44.95,1527,0
W8A.DE,D,20210325,000000,42.93,43.675,42.5,43.675,1986,0
W8A.DE,D,20210326,000000,43.8,44.5,43.8,44.1,349,0
W8A.DE,D,20210329,000000,44.155,44.945,44,44.05,867,0
W8A.DE,D,20210330,000000,45.4,45.4,44.785,45.225,4,0
W8A.DE,D,20210331,000000,45.955,48.215,45.165,48.04,883,0
W8A.DE,D,20210401,000000,47.76,47.76,46.3,46.525,958,0
W8A.DE,D,20210406,000000,48.125,48.275,47.375,47.375,806,0
W8A.DE,D,20210407,000000,47.325,47.325,46.74,47.225,207,0
W8A.DE,D,20210408,000000,46.23,47.215,45.8,45.9,1148,0
W8A.DE,D,20210409,000000,46.18,46.18,45.45,45.7,380,0
W8A.DE,D,20210412,000000,46.94,46.94,45.57,45.65,2175,0
W8A.DE,D,20210413,000000,46.325,46.325,45.15,45.575,3119,0
W8A.DE,D,20210414,000000,45.975,45.98,45.55,45.825,776,0
W8A.DE,D,20210415,000000,46.13,46.13,45,45,1076,0
W8A.DE,D,20210416,000000,44.86,45.1,44.505,45.1,441,0
W8A.DE,D,20210419,000000,44.68,44.755,44,44.6,4243,0
W8A.DE,D,20210420,000000,44.7,44.7,44.04,44.325,1030,0
W8A.DE,D,20210421,000000,44.125,44.5,44.125,44.5,1,0
W8A.DE,D,20210422,000000,45.14,45.14,44.225,44.225,60,0
W8A.DE,D,20210423,000000,43.7,44.1,43.49,44.1,711,0
W8A.DE,D,20210426,000000,43.86,43.86,43.345,43.5,366,0
W8A.DE,D,20210427,000000,43.695,43.7,43.55,43.55,282,0
W8A.DE,D,20210428,000000,43.735,43.735,43.3,43.3,200,0
W8A.DE,D,20210429,000000,43.15,43.665,43.15,43.6,87,0
W8A.DE,D,20210430,000000,43.68,44.2,43.68,44.05,1126,0
W8A.DE,D,20210503,000000,44.57,45,44.085,45,311,0
W8A.DE,D,20210504,000000,45.255,45.255,44.145,44.2,1373,0
W8A.DE,D,20210505,000000,45.265,45.265,44.85,45.05,2466,0
W8A.DE,D,20210506,000000,45.595,45.595,44.57,44.625,612,0
W8A.DE,D,20210507,000000,44.83,45.295,44.83,45.05,1461,0
W8A.DE,D,20210510,000000,44.75,45.875,44.75,45.875,330,0
W8A.DE,D,20210511,000000,44.875,45.5,44.875,44.925,447,0
W8A.DE,D,20210512,000000,44.34,44.6,44.34,44.6,36,0
W8A.DE,D,20210513,000000,43.905,44.4,43.825,44.4,262,0
W8A.DE,D,20210514,000000,44.88,44.94,44.575,44.875,1373,0
W8A.DE,D,20210517,000000,44.725,45.325,44.725,45.325,247,0
W8A.DE,D,20210518,000000,45.505,45.675,45.225,45.675,666,0
W8A.DE,D,20210519,000000,45.305,45.305,44.115,44.625,355,0
W8A.DE,D,20210520,000000,44.84,44.84,44.305,44.7,430,0
W8A.DE,D,20210521,000000,44.905,45.1,44.905,45.1,5,0
W8A.DE,D,20210525,000000,44.645,44.945,44.35,44.35,146,0
W8A.DE,D,20210526,000000,44.59,44.59,42.18,42.6,1339,0
W8A.DE,D,20210527,000000,42.905,43.265,42.605,43.25,1836,0
W8A.DE,D,20210528,000000,43.58,43.925,43.54,43.55,723,0
W8A.DE,D,20210531,000000,43.56,43.56,43.22,43.22,15,0
W8A.DE,D,20210601,000000,43.575,43.575,43,43.1,1698,0
W8A.DE,D,20210602,000000,43.37,43.37,43.275,43.35,500,0
W8A.DE,D,20210603,000000,43.875,44.9,43.875,44.9,10,0
W8A.DE,D,20210604,000000,44.895,45.21,44.895,45.05,370,0
W8A.DE,D,20210607,000000,45.36,45.36,44.95,44.975,288,0
W8A.DE,D,20210608,000000,45.055,45.055,44.05,44.05,2715,0
W8A.DE,D,20210609,000000,44.35,44.35,44.01,44.2,135,0
W8A.DE,D,20210610,000000,43.785,43.785,43.36,43.785,600,0
W8A.DE,D,20210611,000000,45.68,45.695,45.55,45.65,377,0
W8A.DE,D,20210614,000000,45.7,45.7,44.65,44.65,619,0
W8A.DE,D,20210615,000000,45.27,45.27,44.69,44.9,44,0
W8A.DE,D,20210616,000000,44.5,44.895,44.5,44.6,478,0
W8A.DE,D,20210617,000000,44.5,44.715,44.175,44.25,1283,0
W8A.DE,D,20210618,000000,43.98,44.475,43.15,43.4,2141,0
W8A.DE,D,20210621,000000,42.995,43.48,42.8,43.48,851,0
W8A.DE,D,20210622,000000,43.54,43.65,43.515,43.65,400,0
W8A.DE,D,20210623,000000,43.5,43.5,43.48,43.5,176,0
W8A.DE,D,20210624,000000,43.675,44.15,42.65,43.5,4997,0
W8A.DE,D,20210625,000000,43.55,43.855,43.48,43.75,135,0
W8A.DE,D,20210628,000000,43.975,44.015,43.75,43.825,239,0
W8A.DE,D,20210629,000000,44,44.15,44,44.15,88,0
W8A.DE,D,20210630,000000,43.73,44.05,43.73,44.05,246,0
W8A.DE,D,20210701,000000,44.45,46,41.035,41.75,7644,0
W8A.DE,D,20210702,000000,41.8,41.8,40.26,40.475,14021,0
W8A.DE,D,20210705,000000,41.06,41.06,39.725,40.555,7639,0
W8A.DE,D,20210706,000000,40.85,40.965,40,40.195,2556,0
W8A.DE,D,20210707,000000,40.615,40.67,39.905,40.25,1996,0
W8A.DE,D,20210708,000000,40,40.155,39.23,39.45,2387,0
W8A.DE,D,20210709,000000,39.49,39.8,39.13,39.8,1269,0
W8A.DE,D,20210712,000000,40.355,40.355,39.7,40.1,777,0
W8A.DE,D,20210713,000000,40.3,40.385,40.23,40.385,135,0
W8A.DE,D,20210714,000000,40.09,40.225,39.56,39.65,1354,0
W8A.DE,D,20210715,000000,39.725,39.725,39.35,39.35,776,0
W8A.DE,D,20210716,000000,39.46,39.46,39.04,39.15,1342,0
W8A.DE,D,20210719,000000,39.235,39.235,38.4,38.485,1896,0
W8A.DE,D,20210720,000000,39.12,39.645,38.825,39.415,1430,0
W8A.DE,D,20210721,000000,39.54,39.62,39.05,39.05,1383,0
W8A.DE,D,20210722,000000,39.835,39.835,39.32,39.32,162,0
W8A.DE,D,20210723,000000,39.42,39.875,39.42,39.525,1127,0
W8A.DE,D,20210726,000000,38.96,39.97,38.96,39.83,875,0
W8A.DE,D,20210727,000000,40,40.21,39.695,40.05,2029,0
W8A.DE,D,20210728,000000,39.765,39.765,39.5,39.65,137,0
W8A.DE,D,20210729,000000,39.95,39.99,39.605,39.605,786,0
W8A.DE,D,20210730,000000,39.53,39.8,39.53,39.775,417,0
W8A.DE,D,20210802,000000,40.21,40.21,39.57,39.57,1526,0
W8A.DE,D,20210803,000000,39.815,39.9,39.4,39.9,521,0
W8A.DE,D,20210804,000000,40.09,40.13,39.35,39.55,3859,0
W8A.DE,D,20210805,000000,39.3,39.58,39.26,39.45,1181,0
W8A.DE,D,20210806,000000,39.94,40.075,39.875,40,211,0
W8A.DE,D,20210809,000000,40,40.535,40,40.2,1679,0
W8A.DE,D,20210810,000000,40.685,40.89,40.5,40.85,591,0
W8A.DE,D,20210811,000000,41.44,41.92,41.25,41.885,1244,0
W8A.DE,D,20210812,000000,42.425,42.605,41.9,41.9,2085,0
W8A.DE,D,20210813,000000,42.095,42.3,41.7,41.9,1387,0
W8A.DE,D,20210816,000000,42.085,42.355,41.655,41.9,7694,0
W8A.DE,D,20210817,000000,41.405,41.91,41.405,41.775,2090,0
W8A.DE,D,20210818,000000,42.235,42.235,41.84,42.15,663,0
W8A.DE,D,20210819,000000,41.575,41.63,40.725,40.725,3499,0
W8A.DE,D,20210820,000000,40.58,41.125,40.4,41.05,4118,0
W8A.DE,D,20210823,000000,41.815,41.815,41.155,41.55,697,0
W8A.DE,D,20210824,000000,41.505,41.55,41.25,41.3,697,0
