<TICKER>,<PER>,<DATE>,<TIME>,<OPEN>,<HIGH>,<LOW>,<CLOSE>,<VOL>,<OPENINT>
WDP.DE,D,20190603,000000,117.98,118.64,117.38,118.12,1368,0
WDP.DE,D,20190604,000000,117.98,119.16,117.78,119.16,1516,0
WDP.DE,D,20190605,000000,120,120.48,119.72,120.48,3161,0
WDP.DE,D,20190606,000000,120.62,121.7,120.6,120.98,3816,0
WDP.DE,D,20190607,000000,121.82,122.34,121,121.74,4404,0
WDP.DE,D,20190611,000000,121.98,122.06,120.22,120.4,3853,0
WDP.DE,D,20190612,000000,119.3,120.3,118.5,119.94,1592,0
WDP.DE,D,20190613,000000,120.72,123.34,120.72,123.16,4079,0
WDP.DE,D,20190614,000000,125.12,127.22,125.02,127.06,7476,0
WDP.DE,D,20190617,000000,126.52,126.88,124.02,125.12,5355,0
WDP.DE,D,20190618,000000,125.72,127.96,124.86,125.8,3306,0
WDP.DE,D,20190619,000000,124.84,124.84,123.78,124.44,1568,0
WDP.DE,D,20190620,000000,125.68,126.02,124.44,124.72,2047,0
WDP.DE,D,20190621,000000,125.98,125.98,124.28,125.1,5119,0
WDP.DE,D,20190624,000000,123.78,123.9,121.18,121.66,4003,0
WDP.DE,D,20190625,000000,121.56,123.06,121.56,123.06,953,0
WDP.DE,D,20190626,000000,123.08,124,122.86,123.02,7073,0
WDP.DE,D,20190627,000000,123.68,124.54,122.18,122.56,2424,0
WDP.DE,D,20190628,000000,122.96,123.02,121.8,121.9,1018,0
WDP.DE,D,20190701,000000,125.5,125.5,122.84,124.84,3591,0
WDP.DE,D,20190702,000000,125.58,126.3,125,125.9,983,0
WDP.DE,D,20190703,000000,126.58,127.14,126,126.38,1292,0
WDP.DE,D,20190704,000000,126.94,126.94,126.32,126.54,843,0
WDP.DE,D,20190705,000000,126.9,126.9,125,125,3092,0
WDP.DE,D,20190708,000000,126.9,126.98,126,126.22,3008,0
WDP.DE,D,20190709,000000,125.98,126.16,124.86,125.88,881,0
WDP.DE,D,20190710,000000,126.44,127.2,125.82,126.38,2046,0
WDP.DE,D,20190711,000000,127.52,128.8,127.5,128.6,4561,0
WDP.DE,D,20190712,000000,127.88,129.1,127.2,129.1,2440,0
WDP.DE,D,20190715,000000,128.88,129.06,128.1,128.42,3973,0
WDP.DE,D,20190716,000000,128.62,129.52,128.24,128.8,1387,0
WDP.DE,D,20190717,000000,129.08,129.1,126.92,127.32,3153,0
WDP.DE,D,20190718,000000,126.62,127.52,125.18,125.18,5795,0
WDP.DE,D,20190719,000000,126.28,126.66,125.64,125.7,2470,0
WDP.DE,D,20190722,000000,125.2,126.22,124.7,125.74,4255,0
WDP.DE,D,20190723,000000,126.28,127.44,126,126.64,3327,0
WDP.DE,D,20190724,000000,126.92,126.94,126.1,126.4,2330,0
WDP.DE,D,20190725,000000,127.2,127.64,126.52,127.6,4720,0
WDP.DE,D,20190726,000000,128.92,130.08,128.58,130.08,5565,0
WDP.DE,D,20190729,000000,130.2,132.12,130.08,131.62,4241,0
WDP.DE,D,20190730,000000,131.9,131.9,130.38,130.68,4557,0
WDP.DE,D,20190731,000000,130.58,130.6,128.4,129.16,2968,0
WDP.DE,D,20190801,000000,129.6,130.7,129.46,130.44,2406,0
WDP.DE,D,20190802,000000,128,128.68,126.2,126.66,6944,0
WDP.DE,D,20190805,000000,126.82,126.84,123.26,124.08,9900,0
WDP.DE,D,20190806,000000,122.96,126.04,122.8,123.94,10924,0
WDP.DE,D,20190807,000000,121.7,123.24,117.94,119.9,27567,0
WDP.DE,D,20190808,000000,121.12,123.18,120.72,122.04,12716,0
WDP.DE,D,20190809,000000,122.96,123,122.2,122.36,3426,0
WDP.DE,D,20190812,000000,123.8,124.34,121.6,121.82,4251,0
WDP.DE,D,20190813,000000,121.3,123.18,120.6,122.36,3050,0
WDP.DE,D,20190814,000000,122.98,122.98,119.38,119.7,3599,0
WDP.DE,D,20190815,000000,119.68,120.74,118.58,120.44,8850,0
WDP.DE,D,20190816,000000,121.28,122.12,120.52,121.78,3950,0
WDP.DE,D,20190819,000000,123.58,124,122.52,123.2,2351,0
WDP.DE,D,20190820,000000,122.98,122.98,120.34,122.02,6783,0
WDP.DE,D,20190821,000000,121.74,122.52,120.98,122.52,3690,0
WDP.DE,D,20190822,000000,122.82,123.24,121.52,121.82,928,0
WDP.DE,D,20190823,000000,123.54,123.54,120.04,120.04,1760,0
WDP.DE,D,20190826,000000,120.02,120.68,118.2,120.26,5143,0
WDP.DE,D,20190827,000000,121.2,122.6,120.88,122.18,4049,0
WDP.DE,D,20190828,000000,122.58,122.96,120.7,122.78,1521,0
WDP.DE,D,20190829,000000,123.02,125.24,123.02,124.86,5411,0
WDP.DE,D,20190830,000000,124.88,125.78,124,124.92,8216,0
WDP.DE,D,20190902,000000,125.18,125.44,124.88,125.24,3554,0
WDP.DE,D,20190903,000000,125.06,125.34,123.28,123.94,3199,0
WDP.DE,D,20190904,000000,124.8,125.26,123.92,124.38,1600,0
WDP.DE,D,20190905,000000,125.1,126.3,125.1,125.3,1841,0
WDP.DE,D,20190906,000000,126.88,126.88,125.24,125.5,1740,0
WDP.DE,D,20190909,000000,126.68,127.1,126.12,126.4,2174,0
WDP.DE,D,20190910,000000,124.88,125.98,123.96,123.96,1871,0
WDP.DE,D,20190911,000000,123.28,123.76,122.8,123.2,2011,0
WDP.DE,D,20190912,000000,124.28,125.1,123.48,124.82,2910,0
WDP.DE,D,20190913,000000,124.4,124.68,123.64,124.56,1274,0
WDP.DE,D,20190916,000000,124.38,124.86,123.58,124.04,3116,0
WDP.DE,D,20190917,000000,123.7,123.7,122.94,123.1,549,0
WDP.DE,D,20190918,000000,123.28,123.52,122.94,123.32,1925,0
WDP.DE,D,20190919,000000,123.78,124.06,122.38,122.72,543,0
WDP.DE,D,20190920,000000,120.5,121.32,119.84,120.44,4522,0
WDP.DE,D,20190923,000000,120.48,120.8,119.92,120.7,2290,0
WDP.DE,D,20190924,000000,121.1,122.1,120.92,120.92,2461,0
WDP.DE,D,20190925,000000,120.5,120.96,119.38,120.96,3145,0
WDP.DE,D,20190926,000000,121.64,122.42,117.94,118.84,3629,0
WDP.DE,D,20190927,000000,120.58,120.6,118.58,119.34,2737,0
WDP.DE,D,20190930,000000,118.98,120,118.98,119.76,2611,0
WDP.DE,D,20191001,000000,120,120.72,119.2,119.36,4043,0
WDP.DE,D,20191002,000000,118.86,118.86,116.6,116.82,5538,0
WDP.DE,D,20191004,000000,117.22,118.18,116.14,117.86,3478,0
WDP.DE,D,20191007,000000,119.18,119.22,117.46,119.22,3472,0
WDP.DE,D,20191008,000000,119.68,119.68,117.54,117.56,4516,0
WDP.DE,D,20191009,000000,117.5,117.94,116.8,117.18,1422,0
WDP.DE,D,20191010,000000,117.38,118.1,116.86,118.08,3276,0
WDP.DE,D,20191011,000000,118.98,118.98,117.5,118.06,2571,0
WDP.DE,D,20191014,000000,118.04,118.48,117.46,117.74,1337,0
WDP.DE,D,20191015,000000,117.98,118.54,117.7,118.3,3033,0
WDP.DE,D,20191016,000000,118,118.68,117.22,118.22,4603,0
WDP.DE,D,20191017,000000,119.08,119.84,117.46,119.72,6723,0
WDP.DE,D,20191018,000000,119.18,119.3,118,118,2644,0
WDP.DE,D,20191021,000000,117.82,118.12,117.14,117.4,2383,0
WDP.DE,D,20191022,000000,117.3,120.2,116.68,119.18,4691,0
WDP.DE,D,20191023,000000,118.78,119.64,118.16,118.16,2738,0
WDP.DE,D,20191024,000000,117.96,118.4,117.1,117.76,7023,0
WDP.DE,D,20191025,000000,117.4,118.84,117.06,118.7,2188,0
WDP.DE,D,20191028,000000,118.98,118.98,117.5,117.68,5579,0
WDP.DE,D,20191029,000000,117.98,118.22,116.84,117.48,1958,0
WDP.DE,D,20191030,000000,116.76,117.04,116.16,116.56,2686,0
WDP.DE,D,20191031,000000,116.02,116.7,115.6,116.16,6804,0
WDP.DE,D,20191101,000000,116.66,118.58,116.66,118.56,4017,0
WDP.DE,D,20191104,000000,119.48,120.42,119.2,119.52,8017,0
WDP.DE,D,20191105,000000,119.78,120.24,118.12,119.34,4495,0
WDP.DE,D,20191106,000000,118.5,119.1,118,118.5,2619,0
WDP.DE,D,20191107,000000,119.8,121,119.2,120.66,7482,0
WDP.DE,D,20191108,000000,126.14,128.6,124.88,125.46,17092,0
WDP.DE,D,20191111,000000,125.02,125.5,123.78,123.94,8786,0
WDP.DE,D,20191112,000000,124.38,126.6,124.06,126.16,4701,0
WDP.DE,D,20191113,000000,126.8,126.8,124.52,124.52,4276,0
WDP.DE,D,20191114,000000,134.5,136.76,133.94,133.94,16465,0
WDP.DE,D,20191115,000000,134.2,134.2,131.56,132.06,6620,0
WDP.DE,D,20191118,000000,131.58,134.42,129.7,134.42,4895,0
WDP.DE,D,20191119,000000,133.68,134.24,132.8,133.22,3510,0
WDP.DE,D,20191120,000000,134,134.4,133.18,133.68,3972,0
WDP.DE,D,20191121,000000,133.1,133.74,132.06,132.76,1480,0
WDP.DE,D,20191122,000000,132.02,134.58,132.02,133.92,3611,0
WDP.DE,D,20191125,000000,135.32,135.84,134.3,135.84,4712,0
WDP.DE,D,20191126,000000,136,138.66,135.9,138.6,7633,0
WDP.DE,D,20191127,000000,138.2,139,137.52,137.66,4577,0
WDP.DE,D,20191128,000000,137.5,137.8,137.02,137.34,2520,0
WDP.DE,D,20191129,000000,137.64,138.38,137.22,137.96,3633,0
WDP.DE,D,20191202,000000,138.58,138.8,134.8,135.34,5299,0
WDP.DE,D,20191203,000000,136.02,136.34,133,133.6,7368,0
WDP.DE,D,20191204,000000,133.5,135.86,133.5,134.04,5312,0
WDP.DE,D,20191205,000000,136,136,133.42,133.42,1362,0
WDP.DE,D,20191206,000000,133.2,134,132.7,133.98,2222,0
WDP.DE,D,20191209,000000,133.78,134.08,132.74,132.96,4114,0
WDP.DE,D,20191210,000000,132.4,132.4,131,132.02,2583,0
WDP.DE,D,20191211,000000,132.08,133.34,131.9,132.68,3022,0
WDP.DE,D,20191212,000000,132.88,133.78,132.36,133,2153,0
WDP.DE,D,20191213,000000,132.4,132.62,131.68,132.04,5327,0
WDP.DE,D,20191216,000000,132.7,132.72,131.52,132.48,3916,0
WDP.DE,D,20191217,000000,133.4,133.4,131.98,132.68,4447,0
WDP.DE,D,20191218,000000,132.78,133.22,131.8,132.08,5272,0
WDP.DE,D,20191219,000000,131.88,131.96,130.6,131.8,2676,0
WDP.DE,D,20191220,000000,131.22,133,131.22,132.78,5196,0
WDP.DE,D,20191223,000000,132.88,132.9,131.12,131.28,5644,0
WDP.DE,D,20191227,000000,131.48,131.48,130.4,131.04,6086,0
WDP.DE,D,20191230,000000,130.48,130.84,130.02,130.44,3522,0
WDP.DE,D,20200102,000000,130.12,131.46,129.72,130.7,7473,0
WDP.DE,D,20200103,000000,132.18,132.44,131.14,131.38,6181,0
WDP.DE,D,20200106,000000,131.38,131.38,128.98,129.54,6144,0
WDP.DE,D,20200107,000000,130.22,131.52,130.22,131.46,7175,0
WDP.DE,D,20200108,000000,130,131.3,129.82,131.04,7615,0
WDP.DE,D,20200109,000000,131.12,132,130.88,131.02,2789,0
WDP.DE,D,20200110,000000,130.98,131.1,130.3,130.3,3375,0
WDP.DE,D,20200113,000000,130.38,130.78,128.92,129.26,3936,0
WDP.DE,D,20200114,000000,129.28,130.92,128.1,130.92,40717,0
WDP.DE,D,20200115,000000,130.3,130.82,129.86,130.22,3278,0
WDP.DE,D,20200116,000000,130,130.48,129.42,130.3,8080,0
WDP.DE,D,20200117,000000,130.48,131.32,130.26,130.6,3959,0
WDP.DE,D,20200120,000000,130.48,131.6,130.12,131.6,3697,0
WDP.DE,D,20200121,000000,130.42,130.42,128.98,129.24,11577,0
WDP.DE,D,20200122,000000,130.18,130.64,129.56,129.84,6839,0
WDP.DE,D,20200123,000000,129.98,130.3,127.92,128.06,4330,0
WDP.DE,D,20200124,000000,128.98,129.32,127.08,127.72,12036,0
WDP.DE,D,20200127,000000,125.88,126,122.32,123.52,24390,0
WDP.DE,D,20200128,000000,124.12,125.48,123.58,125.08,6378,0
WDP.DE,D,20200129,000000,125.5,126.42,124,124.56,3869,0
WDP.DE,D,20200130,000000,122.68,123.98,122.22,123.66,9000,0
WDP.DE,D,20200131,000000,125.4,126.38,124,124.6,17505,0
WDP.DE,D,20200203,000000,125.52,128.3,125.34,127.58,6885,0
WDP.DE,D,20200204,000000,128.9,131.68,128.9,130.54,9810,0
WDP.DE,D,20200205,000000,132.2,133.64,128.04,128.54,21350,0
WDP.DE,D,20200206,000000,129.3,130.08,128.56,129.88,11743,0
WDP.DE,D,20200207,000000,129.8,130.56,127.8,128.9,5960,0
WDP.DE,D,20200210,000000,129.2,129.66,128.38,129.62,6825,0
WDP.DE,D,20200211,000000,131.18,131.22,129.36,129.56,5458,0
WDP.DE,D,20200212,000000,129,130.5,129,130,5417,0
WDP.DE,D,20200213,000000,129.98,130.76,129,130.74,8184,0
WDP.DE,D,20200214,000000,130.28,130.5,129.14,129.5,2868,0
WDP.DE,D,20200217,000000,129.1,129.2,128.54,128.8,3229,0
WDP.DE,D,20200218,000000,128.72,129.12,127.78,128.06,6538,0
WDP.DE,D,20200219,000000,129.3,130.6,128.96,130.58,3935,0
WDP.DE,D,20200220,000000,131.12,131.38,128.92,128.92,2918,0
WDP.DE,D,20200221,000000,129.46,129.56,128.06,128.32,2378,0
WDP.DE,D,20200224,000000,125.32,126.16,121.4,121.4,18042,0
WDP.DE,D,20200225,000000,123.74,123.9,119.66,119.92,9324,0
WDP.DE,D,20200226,000000,114,118.24,112.1,116.56,32108,0
WDP.DE,D,20200227,000000,112.7,112.88,107.32,110.14,24384,0
WDP.DE,D,20200228,000000,102.92,106.96,102.8,105.24,36621,0
WDP.DE,D,20200302,000000,109.7,110,104.3,105.52,40297,0
WDP.DE,D,20200303,000000,108.98,111.12,105.3,105.66,32036,0
WDP.DE,D,20200304,000000,105.8,108.02,103.94,104.82,15211,0
WDP.DE,D,20200305,000000,106.68,106.7,101.44,102.42,23038,0
WDP.DE,D,20200306,000000,101.18,101.46,97.4,100.28,21339,0
WDP.DE,D,20200309,000000,96.94,96.94,93.09,93.11,28712,0
WDP.DE,D,20200310,000000,94.71,96.99,90.15,92.44,29449,0
WDP.DE,D,20200311,000000,97,97.77,92.67,93.69,21178,0
WDP.DE,D,20200312,000000,90.44,90.6,83,83.25,25081,0
WDP.DE,D,20200313,000000,84.27,90.93,82.5,85.98,40353,0
WDP.DE,D,20200316,000000,87.8,87.86,80.73,85.35,25677,0
WDP.DE,D,20200317,000000,89.29,90,83.21,85.64,28539,0
WDP.DE,D,20200318,000000,83.49,83.49,77.25,77.25,32438,0
WDP.DE,D,20200319,000000,81.94,88.78,78.9,86,44744,0
WDP.DE,D,20200320,000000,94.39,94.39,82.57,83.18,48020,0
WDP.DE,D,20200323,000000,79.84,82.33,75.5,76.94,97588,0
WDP.DE,D,20200324,000000,83.99,92,82.11,90.8,60424,0
WDP.DE,D,20200325,000000,93.9,96.75,88.43,95.15,89451,0
WDP.DE,D,20200326,000000,91.6,97.5,87.93,97.48,31153,0
WDP.DE,D,20200327,000000,94.06,94.6,87.48,89.38,26933,0
WDP.DE,D,20200330,000000,87.99,88.69,83.69,88.69,38226,0
WDP.DE,D,20200331,000000,91.1,93.85,90,92.62,31009,0
WDP.DE,D,20200401,000000,86.06,88.95,84.75,88.15,32990,0
WDP.DE,D,20200402,000000,88.09,89.32,86.41,88.1,17963,0
WDP.DE,D,20200403,000000,88.79,89.84,86.75,86.9,14722,0
WDP.DE,D,20200406,000000,90.49,91.48,87.82,90.21,26524,0
WDP.DE,D,20200407,000000,92.99,97,92.22,95.22,36736,0
WDP.DE,D,20200408,000000,93.29,93.71,90.75,93.29,20274,0
WDP.DE,D,20200409,000000,99.69,102.3,95.6,96.06,49425,0
WDP.DE,D,20200414,000000,99.14,99.15,94.87,95.66,31560,0
WDP.DE,D,20200415,000000,97,97.99,94.46,95.19,30446,0
WDP.DE,D,20200416,000000,95.69,97.14,92.93,93.98,27763,0
WDP.DE,D,20200417,000000,98.11,100.22,96,96.75,28772,0
WDP.DE,D,20200420,000000,98.3,98.3,94,95.96,36038,0
WDP.DE,D,20200421,000000,94.45,95.22,91.31,91.58,27108,0
WDP.DE,D,20200422,000000,94.09,95.22,93.42,94.32,22592,0
WDP.DE,D,20200423,000000,93.59,94.5,92.16,93.59,62556,0
WDP.DE,D,20200424,000000,93.49,95.2,92.54,92.54,46726,0
WDP.DE,D,20200427,000000,94.59,97.07,93.8,97.02,55555,0
WDP.DE,D,20200428,000000,98.15,101.38,98,99.55,43448,0
WDP.DE,D,20200429,000000,99.19,102.76,98.61,102.68,18572,0
WDP.DE,D,20200430,000000,104.48,104.5,99.27,99.67,47555,0
WDP.DE,D,20200504,000000,96.4,96.4,92.14,93.19,36768,0
WDP.DE,D,20200505,000000,95.49,96.69,93.13,96.06,38937,0
WDP.DE,D,20200506,000000,92.01,97.31,91.36,95.36,74237,0
WDP.DE,D,20200507,000000,94.01,96.85,94.01,96.67,21269,0
WDP.DE,D,20200508,000000,99,101.02,98.4,99.43,25271,0
WDP.DE,D,20200511,000000,101.38,101.5,98.32,99.18,16055,0
WDP.DE,D,20200512,000000,99.24,100.58,99,99.56,11437,0
WDP.DE,D,20200513,000000,96.99,97.19,94.41,94.66,20389,0
WDP.DE,D,20200514,000000,95.19,96,92.43,95.22,17675,0
WDP.DE,D,20200515,000000,98,98.76,96.23,98.25,22588,0
WDP.DE,D,20200518,000000,101.58,110.14,101.12,107.24,39846,0
WDP.DE,D,20200519,000000,107.3,108.2,103.82,105.46,21770,0
WDP.DE,D,20200520,000000,105.18,107,104.06,106.68,12213,0
WDP.DE,D,20200521,000000,108.98,109.54,106.66,106.9,19138,0
WDP.DE,D,20200522,000000,107.08,108.88,106.12,107.66,20263,0
WDP.DE,D,20200525,000000,109.58,109.98,108.62,109.78,12370,0
WDP.DE,D,20200526,000000,109.98,111.36,109.34,111,22946,0
WDP.DE,D,20200527,000000,111.88,112.96,109,110.5,30900,0
WDP.DE,D,20200528,000000,111.18,111.2,107.26,107.94,22011,0
WDP.DE,D,20200529,000000,104.98,105.22,103,103.4,20743,0
WDP.DE,D,20200602,000000,107.02,107.78,105.66,106.04,15702,0
WDP.DE,D,20200603,000000,106.48,108.38,105.84,108.38,11463,0
WDP.DE,D,20200604,000000,108.48,109.64,107.5,109.62,12536,0
WDP.DE,D,20200605,000000,109.68,113.04,109.18,112.34,21460,0
WDP.DE,D,20200608,000000,111.16,112,109.74,110.38,13797,0
WDP.DE,D,20200609,000000,112.6,112.6,109.06,109.34,21030,0
WDP.DE,D,20200610,000000,109.78,109.78,106.38,107.8,12906,0
WDP.DE,D,20200611,000000,106.14,106.14,101.4,101.62,24473,0
WDP.DE,D,20200612,000000,101.4,103.46,100.64,101.62,38317,0
WDP.DE,D,20200615,000000,97.5,102.46,97.5,101.76,23501,0
WDP.DE,D,20200616,000000,105.22,108.02,103.44,104.92,27942,0
WDP.DE,D,20200617,000000,105,106.64,104.48,104.98,12110,0
WDP.DE,D,20200618,000000,104.44,105.5,103.52,104.74,7867,0
WDP.DE,D,20200619,000000,106.1,107,105.5,106.3,11412,0
WDP.DE,D,20200622,000000,102.96,103.38,100.74,101.78,20323,0
WDP.DE,D,20200623,000000,103.12,104.46,102.36,103.02,13806,0
WDP.DE,D,20200624,000000,103.14,103.3,99.51,99.65,13959,0
WDP.DE,D,20200625,000000,99.19,99.65,96.51,97.82,29251,0
WDP.DE,D,20200626,000000,98.73,99.13,97.1,97.25,10897,0
WDP.DE,D,20200629,000000,97.09,98.51,95.95,98.14,12686,0
WDP.DE,D,20200630,000000,99.55,99.97,98.59,98.9,8241,0
WDP.DE,D,20200701,000000,99.5,102.74,98.56,100.1,12686,0
WDP.DE,D,20200702,000000,100.78,102.02,99.93,100.58,8641,0
WDP.DE,D,20200703,000000,100.78,100.8,99,99,4091,0
WDP.DE,D,20200706,000000,101.86,102,99.9,100.28,12828,0
WDP.DE,D,20200707,000000,100.98,101,99.81,100.32,6465,0
WDP.DE,D,20200708,000000,100.98,101.24,99.78,100.36,9462,0
WDP.DE,D,20200709,000000,102.52,103.8,101.66,102.66,19777,0
WDP.DE,D,20200710,000000,103.1,105.22,101.14,105.22,12181,0
WDP.DE,D,20200713,000000,106.82,107.44,103.8,105.4,12113,0
WDP.DE,D,20200714,000000,103.28,103.52,100.4,103.52,8463,0
WDP.DE,D,20200715,000000,105.62,107,104.8,106.2,13250,0
WDP.DE,D,20200716,000000,105,105.24,102.74,104.24,21357,0
WDP.DE,D,20200717,000000,104.28,104.68,102.48,103.32,7358,0
WDP.DE,D,20200720,000000,103.2,103.58,102.24,103.22,6516,0
WDP.DE,D,20200721,000000,103.52,105.08,102.98,104.24,5639,0
WDP.DE,D,20200722,000000,102.78,102.98,101.9,102.16,6197,0
WDP.DE,D,20200723,000000,102.68,103.28,102,102.1,3775,0
WDP.DE,D,20200724,000000,100.88,101.64,99.25,101.02,14776,0
WDP.DE,D,20200727,000000,101.24,101.48,98.57,98.84,5195,0
WDP.DE,D,20200728,000000,99.11,99.72,97.8,99.28,6554,0
WDP.DE,D,20200729,000000,98.99,99.3,97.98,98.11,4892,0
WDP.DE,D,20200730,000000,98.16,98.38,96.26,97.56,10077,0
WDP.DE,D,20200731,000000,96.17,100.28,96,97.22,13184,0
WDP.DE,D,20200803,000000,98.66,99.99,98.23,99.33,8097,0
WDP.DE,D,20200804,000000,99.09,100.28,98.25,100.28,10868,0
WDP.DE,D,20200805,000000,103.78,109.12,102.8,108.94,50779,0
WDP.DE,D,20200806,000000,107.48,108.5,105.92,107.84,22744,0
WDP.DE,D,20200807,000000,110,111.94,108.54,110.92,14043,0
WDP.DE,D,20200810,000000,110.52,111.34,109.68,110.24,6381,0
WDP.DE,D,20200811,000000,109.98,112.82,109.7,112.14,10864,0
WDP.DE,D,20200812,000000,111.88,112.8,110.72,112,7176,0
WDP.DE,D,20200813,000000,111.48,111.5,110.36,111,2990,0
WDP.DE,D,20200814,000000,111.28,111.46,109.72,110.32,3306,0
WDP.DE,D,20200817,000000,110.62,110.86,108.38,108.7,5539,0
WDP.DE,D,20200818,000000,108.88,109.18,107.84,108.46,2456,0
WDP.DE,D,20200819,000000,108.2,109.12,107.76,108.52,9065,0
WDP.DE,D,20200820,000000,107.12,108.44,107.1,108.04,3490,0
WDP.DE,D,20200821,000000,108.1,109,107.42,108.18,3276,0
WDP.DE,D,20200824,000000,108.58,110.86,108.02,110.62,3805,0
WDP.DE,D,20200825,000000,110.98,111.5,109.16,109.16,3541,0
WDP.DE,D,20200826,000000,109.12,110.64,109.12,110,2517,0
WDP.DE,D,20200827,000000,111.82,115.48,111.08,114.36,10264,0
WDP.DE,D,20200828,000000,114.36,114.36,112.22,113.92,4740,0
WDP.DE,D,20200831,000000,113.98,114.88,111.1,111.1,5820,0
WDP.DE,D,20200901,000000,111.02,112,109.38,111.08,5798,0
WDP.DE,D,20200902,000000,112.56,113.8,112.56,112.98,4007,0
WDP.DE,D,20200903,000000,114.76,115.8,111.88,112.2,9123,0
WDP.DE,D,20200904,000000,110.98,114,109.62,110.44,10956,0
WDP.DE,D,20200907,000000,112,112.06,111.12,111.68,1293,0
WDP.DE,D,20200908,000000,112.52,116.2,110.8,115.16,11369,0
WDP.DE,D,20200909,000000,113.52,114.88,112,113.6,9838,0
WDP.DE,D,20200910,000000,113.2,114.74,111.82,114.2,7283,0
WDP.DE,D,20200911,000000,113.28,113.46,111.52,112,4739,0
WDP.DE,D,20200914,000000,111.62,112.7,110.72,111.56,4071,0
WDP.DE,D,20200915,000000,110.98,111.48,110.18,111.08,4335,0
WDP.DE,D,20200916,000000,111.18,112.54,110.74,112.36,2764,0
WDP.DE,D,20200917,000000,111.7,111.7,110.06,110.68,6622,0
WDP.DE,D,20200918,000000,110.4,110.4,108.98,109.2,4704,0
WDP.DE,D,20200921,000000,109.52,110.16,105.2,105.78,12418,0
WDP.DE,D,20200922,000000,106.34,108,106.26,107.8,4735,0
WDP.DE,D,20200923,000000,108.8,109.44,106.88,107.16,3225,0
WDP.DE,D,20200924,000000,105.68,106.08,103.98,104.98,6413,0
WDP.DE,D,20200925,000000,105.48,106.26,104.12,105.72,6621,0
WDP.DE,D,20200928,000000,107.38,108.46,107.3,108.46,5761,0
WDP.DE,D,20200929,000000,108.3,108.94,105.92,105.96,3884,0
WDP.DE,D,20200930,000000,104.42,107.2,103.9,105.96,10322,0
WDP.DE,D,20201001,000000,106.26,106.88,105.58,105.68,4990,0
WDP.DE,D,20201002,000000,104.02,104.92,102.84,104.72,9195,0
WDP.DE,D,20201005,000000,104.82,105.66,103.8,104.46,5526,0
WDP.DE,D,20201006,000000,104.44,105.22,103.82,104.46,3507,0
WDP.DE,D,20201007,000000,103.42,104.16,102.8,104,4006,0
WDP.DE,D,20201008,000000,105.02,105.48,104.4,104.4,78308,0
WDP.DE,D,20201009,000000,104.84,105.8,104.44,104.86,4354,0
WDP.DE,D,20201012,000000,105.92,106.58,104.88,105.98,2317,0
WDP.DE,D,20201013,000000,110.72,111.84,108.86,111.66,10254,0
WDP.DE,D,20201014,000000,110.54,110.9,107.92,108,3682,0
WDP.DE,D,20201015,000000,107.18,108.42,105,108.2,14986,0
WDP.DE,D,20201016,000000,108.58,109.42,107.92,108.02,4519,0
WDP.DE,D,20201019,000000,108.8,109.8,106.68,106.74,4752,0
WDP.DE,D,20201020,000000,106.02,106.38,104.6,105.44,5658,0
WDP.DE,D,20201021,000000,106,106.54,104.5,105.86,5777,0
WDP.DE,D,20201022,000000,105.98,107.8,105.96,107.44,4767,0
WDP.DE,D,20201023,000000,107.62,109.4,107.1,107.1,2545,0
WDP.DE,D,20201026,000000,107.28,107.46,105,105.02,5388,0
WDP.DE,D,20201027,000000,105.9,105.9,104.38,104.72,2088,0
WDP.DE,D,20201028,000000,103.88,104.62,100.96,102.18,10587,0
WDP.DE,D,20201029,000000,101.54,103.48,100.36,103,3271,0
WDP.DE,D,20201030,000000,102.48,104,102.02,103.36,7000,0
WDP.DE,D,20201102,000000,104.48,105.84,103.86,104.3,6163,0
WDP.DE,D,20201103,000000,103.68,105.78,103.64,105.74,7344,0
WDP.DE,D,20201104,000000,106.48,107.34,104.6,107.34,11364,0
WDP.DE,D,20201105,000000,107,108.72,106.5,107.62,7373,0
WDP.DE,D,20201106,000000,106.98,107,105.1,106.52,5062,0
WDP.DE,D,20201109,000000,107.9,123.18,107.9,118.54,48928,0
WDP.DE,D,20201110,000000,118.9,120.94,116.68,117.62,21255,0
WDP.DE,D,20201111,000000,119.86,120.9,117.82,118.28,12228,0
WDP.DE,D,20201112,000000,116.78,116.94,115.02,116.34,9873,0
WDP.DE,D,20201113,000000,118.4,119.84,115.48,116.84,14395,0
WDP.DE,D,20201116,000000,118.4,121.62,117.28,121.24,16143,0
WDP.DE,D,20201117,000000,121.2,121.72,120.04,121.72,11457,0
WDP.DE,D,20201118,000000,121.38,122.52,120.94,122.34,4065,0
WDP.DE,D,20201119,000000,121.12,121.76,119.74,119.86,7724,0
WDP.DE,D,20201120,000000,118.68,120.2,118.4,119.64,3970,0
WDP.DE,D,20201123,000000,119.6,121.36,119,120.08,7405,0
WDP.DE,D,20201124,000000,123.8,126.8,123.32,126.2,11729,0
WDP.DE,D,20201125,000000,127.3,127.78,123.7,124.32,13430,0
WDP.DE,D,20201126,000000,125.02,125.48,124.14,124.7,4872,0
WDP.DE,D,20201127,000000,124.52,125.74,123.54,123.56,5439,0
WDP.DE,D,20201130,000000,122.2,123.66,121.36,123,4443,0
WDP.DE,D,20201201,000000,124.7,125.9,124.2,125.2,4374,0
WDP.DE,D,20201202,000000,123.06,125.4,123,125.38,6750,0
WDP.DE,D,20201203,000000,126.22,126.78,125.34,125.84,3751,0
WDP.DE,D,20201204,000000,126.08,127.2,125.84,126.02,4263,0
WDP.DE,D,20201207,000000,127,127.26,125.42,126.7,5320,0
WDP.DE,D,20201208,000000,125.52,127.64,125.52,127.4,5643,0
WDP.DE,D,20201209,000000,126.2,130,126.2,128.04,12001,0
WDP.DE,D,20201210,000000,127.6,129.46,125.58,127.4,13606,0
WDP.DE,D,20201211,000000,132.1,146.98,131.38,145.68,52274,0
WDP.DE,D,20201214,000000,144,145.78,141.24,141.24,24084,0
WDP.DE,D,20201215,000000,139,140.7,138.44,139.78,11813,0
WDP.DE,D,20201216,000000,142.72,144.14,141,142.74,6746,0
WDP.DE,D,20201217,000000,142.86,142.86,140.4,141,4705,0
WDP.DE,D,20201218,000000,142,143.22,141.08,143.08,5247,0
WDP.DE,D,20201221,000000,140.3,141.64,136.18,139.68,21675,0
WDP.DE,D,20201222,000000,139.5,140.3,138.36,139.06,8031,0
WDP.DE,D,20201223,000000,140,143.08,139.52,142.34,3972,0
WDP.DE,D,20201228,000000,142.34,145.8,142.22,145.74,9034,0
WDP.DE,D,20201229,000000,147.3,147.78,144.1,145,13598,0
WDP.DE,D,20201230,000000,145.3,146.02,144.98,145.44,5733,0
WDP.DE,D,20210104,000000,149,150,142.8,143.58,13777,0
WDP.DE,D,20210105,000000,145.4,146.86,143.5,145.4,11455,0
WDP.DE,D,20210106,000000,144.9,147.88,143.04,147.2,8331,0
WDP.DE,D,20210107,000000,147.22,147.7,145,145.66,8715,0
WDP.DE,D,20210108,000000,147.24,147.66,144.5,145.28,6447,0
WDP.DE,D,20210111,000000,146.5,149.12,145.72,147.44,8574,0
WDP.DE,D,20210112,000000,147.56,148.44,144.5,144.72,5712,0
WDP.DE,D,20210113,000000,144.5,145.66,142.68,145.18,7932,0
WDP.DE,D,20210114,000000,144.38,147,144.38,145.68,4054,0
WDP.DE,D,20210115,000000,143.48,143.9,141.42,141.74,10924,0
WDP.DE,D,20210118,000000,141.6,142.4,140.88,142.4,3018,0
WDP.DE,D,20210119,000000,142.68,143,141.5,142,7465,0
WDP.DE,D,20210120,000000,144.02,146.94,143.54,143.94,12356,0
WDP.DE,D,20210121,000000,144,144.1,141,141.96,8272,0
WDP.DE,D,20210122,000000,142,143.96,141.1,141.46,19994,0
WDP.DE,D,20210125,000000,142.92,143.18,139.5,140.54,12236,0
WDP.DE,D,20210126,000000,140.86,142.72,139.5,140.12,6023,0
WDP.DE,D,20210127,000000,140,140,133,134.54,21887,0
WDP.DE,D,20210128,000000,134,140.64,131.1,140.64,24766,0
WDP.DE,D,20210129,000000,140.28,140.54,137.42,138.48,9072,0
WDP.DE,D,20210201,000000,139.8,141.46,139.22,140.64,7001,0
WDP.DE,D,20210202,000000,142.98,149.24,141.9,149.02,8186,0
WDP.DE,D,20210203,000000,147.54,148.68,146.2,146.2,8495,0
WDP.DE,D,20210204,000000,146.3,149.6,146.12,148.48,8284,0
WDP.DE,D,20210205,000000,150.62,151.5,149.32,150.22,6484,0
WDP.DE,D,20210208,000000,151.86,156.48,151.86,156.48,12845,0
WDP.DE,D,20210209,000000,158.14,158.68,153.88,154.8,13834,0
WDP.DE,D,20210210,000000,156.2,157.2,153.3,154.08,9596,0
WDP.DE,D,20210211,000000,156.02,157.8,154.76,155.9,11834,0
WDP.DE,D,20210212,000000,159.56,161,154.28,155.82,23756,0
WDP.DE,D,20210215,000000,155.8,156.2,155.34,156.2,5722,0
WDP.DE,D,20210216,000000,156.78,156.78,153.24,153.54,13397,0
WDP.DE,D,20210217,000000,154,154.56,151.76,152.6,6560,0
WDP.DE,D,20210218,000000,154.4,154.4,151.72,151.72,10332,0
WDP.DE,D,20210219,000000,151.3,152.18,150.38,151.34,4634,0
WDP.DE,D,20210222,000000,150.7,158.12,147.86,158.12,14246,0
WDP.DE,D,20210223,000000,158.9,161.36,154.68,161.36,33561,0
WDP.DE,D,20210224,000000,161.9,165.16,161.1,164.06,18618,0
WDP.DE,D,20210225,000000,162.8,162.8,158.7,160.08,7959,0
WDP.DE,D,20210226,000000,155.68,159.12,153.42,157.2,15947,0
WDP.DE,D,20210301,000000,159,163.3,158.58,161.82,14404,0
WDP.DE,D,20210302,000000,162.68,164.12,160.66,160.66,7164,0
WDP.DE,D,20210303,000000,161.68,163,160.94,161.8,6910,0
WDP.DE,D,20210304,000000,159.4,159.76,155.92,157.42,11266,0
WDP.DE,D,20210305,000000,155.5,159.42,154.04,154.78,10148,0
WDP.DE,D,20210308,000000,162.48,167,160.32,166.5,18369,0
WDP.DE,D,20210309,000000,170.7,171.42,165.52,165.74,20606,0
WDP.DE,D,20210310,000000,164.98,166.66,164.14,165.68,18308,0
WDP.DE,D,20210311,000000,164.98,165.76,163.7,165.74,11416,0
WDP.DE,D,20210312,000000,166.72,166.72,163.68,165.26,9226,0
WDP.DE,D,20210315,000000,166.2,167.46,163.84,163.92,9637,0
WDP.DE,D,20210316,000000,165.18,165.28,162.4,162.68,6824,0
WDP.DE,D,20210317,000000,162.48,164.66,161.18,163.5,6961,0
WDP.DE,D,20210318,000000,163.44,164.16,161,162.64,5762,0
WDP.DE,D,20210319,000000,161.6,162.62,159.96,162.16,9262,0
WDP.DE,D,20210322,000000,160.8,164.52,160.5,162.08,8091,0
WDP.DE,D,20210323,000000,162.16,162.16,159.74,159.76,6220,0
WDP.DE,D,20210324,000000,159.64,161.4,157.08,157.96,4770,0
WDP.DE,D,20210325,000000,156.3,157.82,152.76,157.82,11720,0
WDP.DE,D,20210326,000000,160.12,160.66,157.56,157.68,5966,0
WDP.DE,D,20210329,000000,157.06,157.88,155.6,156.4,6836,0
WDP.DE,D,20210330,000000,157.78,158.78,156.4,158.5,7550,0
WDP.DE,D,20210331,000000,158.18,159.28,157.42,158.5,4287,0
WDP.DE,D,20210401,000000,158.34,160,157.28,159.78,4616,0
WDP.DE,D,20210406,000000,160,160.64,159,159.88,8633,0
WDP.DE,D,20210407,000000,160.16,160.3,158.1,158.1,5415,0
WDP.DE,D,20210408,000000,158.98,158.98,155.98,156.98,4155,0
WDP.DE,D,20210409,000000,157.18,158.76,156.84,157.28,5236,0
WDP.DE,D,20210412,000000,157.98,158.58,155.88,155.9,7838,0
WDP.DE,D,20210413,000000,156.78,157.2,154.78,155.38,6725,0
WDP.DE,D,20210414,000000,155,159.1,155,157.98,5581,0
WDP.DE,D,20210415,000000,158.38,158.66,156.42,156.68,5494,0
WDP.DE,D,20210416,000000,155.48,158,155,156.62,4337,0
WDP.DE,D,20210419,000000,156.6,158.08,155.06,156.26,9613,0
WDP.DE,D,20210420,000000,155.56,156.04,151.26,151.42,6804,0
WDP.DE,D,20210421,000000,152.18,153.16,149.72,151.2,9227,0
WDP.DE,D,20210422,000000,152.02,153.52,151.82,153.48,5520,0
WDP.DE,D,20210423,000000,152.48,152.48,150.78,151.92,4089,0
WDP.DE,D,20210426,000000,151.88,153.62,151.24,152.06,3063,0
WDP.DE,D,20210427,000000,152.74,153.84,152.5,153.6,2659,0
WDP.DE,D,20210428,000000,153.68,153.68,151.5,151.6,2896,0
WDP.DE,D,20210429,000000,151.66,153,151.54,151.54,1552,0
WDP.DE,D,20210430,000000,152.68,153.66,152,153.18,2822,0
WDP.DE,D,20210503,000000,155.98,157,154.76,154.94,7197,0
WDP.DE,D,20210504,000000,154.9,154.9,151.96,152.52,6751,0
WDP.DE,D,20210505,000000,153.98,154.6,152.52,153.26,3381,0
WDP.DE,D,20210506,000000,151.28,151.92,149.22,150.24,6007,0
WDP.DE,D,20210507,000000,150.86,152.04,149.9,151.96,3217,0
WDP.DE,D,20210510,000000,152.54,153.56,151.6,152.58,4365,0
WDP.DE,D,20210511,000000,151.68,151.68,146.94,148.12,17249,0
WDP.DE,D,20210512,000000,149.06,150.68,148.68,148.94,5404,0
WDP.DE,D,20210513,000000,148.04,149.5,141.02,148.58,20467,0
WDP.DE,D,20210514,000000,142,142.94,139.5,142.2,19464,0
WDP.DE,D,20210517,000000,143.4,143.4,139.48,139.8,10042,0
WDP.DE,D,20210518,000000,139.82,140.92,138.84,139.7,12624,0
WDP.DE,D,20210519,000000,138.4,138.4,136.9,137.54,9764,0
WDP.DE,D,20210520,000000,138.88,140,137.86,140,6222,0
WDP.DE,D,20210521,000000,140.78,141.8,140.24,140.88,7886,0
WDP.DE,D,20210525,000000,143.22,144.8,142.6,143.66,3415,0
WDP.DE,D,20210526,000000,144.98,145.54,144.2,145.34,3401,0
WDP.DE,D,20210527,000000,144.98,146,143.88,145.56,3970,0
WDP.DE,D,20210528,000000,147.9,148.18,146.5,146.82,3233,0
WDP.DE,D,20210531,000000,146.74,147.02,145.58,145.58,1319,0
WDP.DE,D,20210601,000000,146.88,147.74,146.24,146.52,5401,0
WDP.DE,D,20210602,000000,145.7,147.74,145.46,145.88,7216,0
WDP.DE,D,20210603,000000,145.02,145.34,143.98,145.06,4660,0
WDP.DE,D,20210604,000000,145.6,145.9,144.3,145.04,4742,0
WDP.DE,D,20210607,000000,145.78,146.04,145.12,145.42,2939,0
WDP.DE,D,20210608,000000,145.12,145.66,143.98,144.14,15134,0
WDP.DE,D,20210609,000000,145.22,145.44,144.2,145.14,2680,0
WDP.DE,D,20210610,000000,145,145.5,144.18,144.74,2825,0
WDP.DE,D,20210611,000000,144.98,146.98,144.54,146.54,2151,0
WDP.DE,D,20210614,000000,146.4,147.18,145.94,146.32,2185,0
WDP.DE,D,20210615,000000,147.4,147.54,145.56,145.56,2181,0
WDP.DE,D,20210616,000000,145.9,145.9,144.5,144.86,1421,0
WDP.DE,D,20210617,000000,145.18,147.34,145,147.12,1503,0
WDP.DE,D,20210618,000000,145.88,147.26,145.3,145.56,3283,0
WDP.DE,D,20210621,000000,144.94,145.96,143.96,145.44,3209,0
WDP.DE,D,20210622,000000,147.68,147.68,144.92,145.86,2008,0
WDP.DE,D,20210623,000000,144.72,146.2,144.66,146.2,1959,0
WDP.DE,D,20210624,000000,147.34,149.2,147.22,148.8,3406,0
WDP.DE,D,20210625,000000,147.04,149.6,147.04,148.8,2064,0
WDP.DE,D,20210628,000000,149.98,149.98,146.86,146.86,5503,0
WDP.DE,D,20210629,000000,148.42,148.9,146.38,146.38,2487,0
WDP.DE,D,20210630,000000,146.32,147.94,145.6,147.78,3424,0
WDP.DE,D,20210701,000000,148.8,149.42,147.36,149.02,4139,0
WDP.DE,D,20210702,000000,149.9,150.4,148.22,148.22,2273,0
WDP.DE,D,20210705,000000,148.98,149.64,148.54,149.6,1310,0
WDP.DE,D,20210706,000000,148.58,149.76,146.38,146.74,2437,0
WDP.DE,D,20210707,000000,146.5,147.5,146,147.5,3228,0
WDP.DE,D,20210708,000000,145.88,145.88,143.1,145.76,8255,0
WDP.DE,D,20210709,000000,145.9,148.74,145.9,148.68,798,0
WDP.DE,D,20210712,000000,149.22,151.94,148.62,151.7,5327,0
WDP.DE,D,20210713,000000,155.68,156.4,154,155.18,8538,0
WDP.DE,D,20210714,000000,155.44,157.5,154.58,154.58,7341,0
WDP.DE,D,20210715,000000,155.18,156.58,154.2,156.08,4336,0
WDP.DE,D,20210716,000000,156,156.76,153.56,153.9,3153,0
WDP.DE,D,20210719,000000,151.72,151.72,146.36,147.84,14770,0
WDP.DE,D,20210720,000000,147.98,149.34,146.38,149.08,9342,0
WDP.DE,D,20210721,000000,150.12,151.58,148.94,149.18,1988,0
WDP.DE,D,20210722,000000,150.5,150.5,147.76,147.92,970,0
WDP.DE,D,20210723,000000,149.02,149.9,148.02,149.42,6393,0
WDP.DE,D,20210726,000000,148.98,150.38,147.76,150.06,2306,0
WDP.DE,D,20210727,000000,151.04,151.84,149.24,149.86,3557,0
WDP.DE,D,20210728,000000,151.5,152.92,151.02,151.58,2782,0
WDP.DE,D,20210729,000000,151.8,152.44,150.9,152.24,2949,0
WDP.DE,D,20210730,000000,149.2,150.86,148.4,149.58,1177,0
WDP.DE,D,20210802,000000,149.38,150.34,148.6,148.66,3341,0
WDP.DE,D,20210803,000000,148.18,148.62,144.26,145,3086,0
WDP.DE,D,20210804,000000,145.62,146.44,144.66,145.26,2128,0
WDP.DE,D,20210805,000000,145.58,149.32,144.42,149.24,2972,0
WDP.DE,D,20210806,000000,149.7,151.28,148.84,150.78,3152,0
WDP.DE,D,20210809,000000,150.28,150.5,149,149.8,3910,0
WDP.DE,D,20210810,000000,150.72,151,150,150.98,2064,0
WDP.DE,D,20210811,000000,150.98,152,150.44,151.46,1537,0
WDP.DE,D,20210812,000000,151.78,152.18,150.54,151.42,2312,0
WDP.DE,D,20210813,000000,160.7,161.3,155.9,156.24,25230,0
WDP.DE,D,20210816,000000,153.38,153.86,149.9,151,5481,0
WDP.DE,D,20210817,000000,151.7,151.86,150.2,150.72,4215,0
WDP.DE,D,20210818,000000,150.02,150.64,149.44,149.94,3448,0
WDP.DE,D,20210819,000000,148.92,149,147.16,147.96,4124,0
WDP.DE,D,20210820,000000,147.38,149.42,147.36,149.42,4540,0
WDP.DE,D,20210823,000000,151.38,151.38,149.9,150.78,14641,0
WDP.DE,D,20210824,000000,151.76,153.06,151.22,152.5,2057,0
