<TICKER>,<PER>,<DATE>,<TIME>,<OPEN>,<HIGH>,<LOW>,<CLOSE>,<VOL>,<OPENINT>
WSO1.DE,D,20170920,000000,2.58875,2.655625,2.5125,2.6125,1286,0
WSO1.DE,D,20170921,000000,2.52625,2.975,2.52625,2.9125,2048,0
WSO1.DE,D,20170922,000000,2.9,2.949375,2.8125,2.8375,1190,0
WSO1.DE,D,20170925,000000,2.875,2.933125,2.80625,2.933125,2187,0
WSO1.DE,D,20170926,000000,2.8375,2.8725,2.6875,2.75,1837,0
WSO1.DE,D,20170927,000000,2.71875,3.1425,2.71875,3.11,9323,0
WSO1.DE,D,20170928,000000,3.0075,3.109375,3,3.079375,2479,0
WSO1.DE,D,20170929,000000,3.10875,3.11,3.004375,3.084375,2625,0
WSO1.DE,D,20171002,000000,3.03125,3.3125,3.03125,3.26875,909,0
WSO1.DE,D,20171004,000000,3.3125,3.3125,3.22375,3.29625,3796,0
WSO1.DE,D,20171005,000000,3.3125,3.3125,3.288125,3.288125,1186,0
WSO1.DE,D,20171006,000000,3.3125,3.750625,3.3125,3.40875,6730,0
WSO1.DE,D,20171009,000000,3.565,3.72875,3.565,3.72875,3353,0
WSO1.DE,D,20171010,000000,3.874375,4.125,3.84375,4.125,3493,0
WSO1.DE,D,20171011,000000,4.125,4.375,4.054375,4.1675,9244,0
WSO1.DE,D,20171012,000000,4.311875,4.75,4.153125,4.5275,5587,0
WSO1.DE,D,20171013,000000,4.461875,4.75,4.461875,4.65625,3867,0
WSO1.DE,D,20171016,000000,4.625,4.68375,4.03,4.14375,5410,0
WSO1.DE,D,20171017,000000,4.025,4.12875,3.66375,3.7175,7575,0
WSO1.DE,D,20171018,000000,3.70625,4.1125,3.614375,4.025,6438,0
WSO1.DE,D,20171019,000000,4.06625,4.06625,3.975,3.97625,522,0
WSO1.DE,D,20171020,000000,3.999375,4.249375,3.999375,4.05625,3067,0
WSO1.DE,D,20171023,000000,4.0125,4.0125,3.4375,3.875,5645,0
WSO1.DE,D,20171024,000000,3.745,3.745,3.493125,3.5625,7134,0
WSO1.DE,D,20171025,000000,3.62625,3.855,3.53125,3.59875,3336,0
WSO1.DE,D,20171026,000000,3.5375,3.5375,3.28125,3.304375,4611,0
WSO1.DE,D,20171027,000000,3.231875,3.349375,2.97125,2.97125,8993,0
WSO1.DE,D,20171030,000000,3.0375,3.603125,3.03125,3.603125,3569,0
WSO1.DE,D,20171101,000000,3.8375,4.1875,3.8375,3.91875,4587,0
WSO1.DE,D,20171102,000000,3.825,4.1,3.825,3.984375,2017,0
WSO1.DE,D,20171103,000000,4.05,4.1225,3.9775,3.9775,1600,0
WSO1.DE,D,20171106,000000,3.905,4.25,3.9,4.25,2880,0
WSO1.DE,D,20171107,000000,4.1725,4.2275,4.1725,4.18,191,0
WSO1.DE,D,20171108,000000,4.2375,4.2375,3.99875,4.06375,2120,0
WSO1.DE,D,20171109,000000,4.13625,4.24875,4.09875,4.140625,772,0
WSO1.DE,D,20171110,000000,4.1075,4.18375,4.106875,4.145,283,0
WSO1.DE,D,20171113,000000,4.224375,4.224375,4.106875,4.2125,552,0
WSO1.DE,D,20171114,000000,4.224375,4.225,4.224375,4.225,140,0
WSO1.DE,D,20171115,000000,4.106875,4.106875,3.9375,3.96125,1782,0
WSO1.DE,D,20171116,000000,3.890625,3.96125,3.890625,3.96125,10,0
WSO1.DE,D,20171117,000000,3.875,4.015,3.873125,4.000625,384,0
WSO1.DE,D,20171120,000000,3.92875,4.056875,3.871875,3.9425,152,0
WSO1.DE,D,20171121,000000,3.87125,3.92375,3.853125,3.92375,225,0
WSO1.DE,D,20171122,000000,3.8525,4.043125,3.805625,4.043125,1961,0
WSO1.DE,D,20171123,000000,4.115625,4.115625,3.985,3.985,100,0
WSO1.DE,D,20171124,000000,3.9125,3.999375,3.9125,3.95,125,0
WSO1.DE,D,20171127,000000,4,4.02125,3.97125,3.97125,410,0
WSO1.DE,D,20171128,000000,4,4,3.985,3.985,42,0
WSO1.DE,D,20171129,000000,3.9125,4.1675,3.895,4.1675,2001,0
WSO1.DE,D,20171130,000000,4.0925,4.22375,4.0925,4.22375,1910,0
WSO1.DE,D,20171201,000000,4.14625,4.4875,4.14625,4.29,3818,0
WSO1.DE,D,20171204,000000,4.361875,4.361875,4.29,4.303438,1505,0
WSO1.DE,D,20171205,000000,4.343125,4.343125,4.2425,4.293125,251,0
WSO1.DE,D,20171206,000000,4.343125,4.34375,4.25125,4.279375,1319,0
WSO1.DE,D,20171207,000000,4.219375,4.56875,4.219375,4.56875,3724,0
WSO1.DE,D,20171208,000000,4.503125,4.860625,4.4375,4.77625,2452,0
WSO1.DE,D,20171211,000000,4.73125,4.73125,4.69,4.69,484,0
WSO1.DE,D,20171212,000000,4.605,4.625625,4.145625,4.625,3500,0
WSO1.DE,D,20171213,000000,4.724375,4.81,4.724375,4.780312,299,0
WSO1.DE,D,20171214,000000,4.866875,5.1,4.76875,4.925,2921,0
WSO1.DE,D,20171215,000000,4.825625,4.999375,4.825625,4.9125,120,0
WSO1.DE,D,20171218,000000,5.056875,5.4,4.916875,5.2175,6838,0
WSO1.DE,D,20171219,000000,5.311875,5.3125,5.1875,5.28125,793,0
WSO1.DE,D,20171220,000000,5.3125,5.3125,5.185,5.2125,1452,0
WSO1.DE,D,20171221,000000,5.249375,5.51,5.249375,5.459375,1219,0
WSO1.DE,D,20171222,000000,5.4625,5.849375,5.438125,5.715625,1486,0
WSO1.DE,D,20171227,000000,5.836875,6.0625,5.836875,6.001875,1996,0
WSO1.DE,D,20171228,000000,6.121875,6.121875,5.8425,5.8425,2247,0
WSO1.DE,D,20171229,000000,5.96375,6.09125,5.791875,5.906875,471,0
WSO1.DE,D,20180102,000000,5.799375,6,5.799375,5.94375,385,0
WSO1.DE,D,20180103,000000,6,6.088125,5.975,6.063125,125,0
WSO1.DE,D,20180104,000000,6.14375,6.375,6.103125,6.36625,1494,0
WSO1.DE,D,20180105,000000,6.375,6.4375,6.33125,6.33125,611,0
WSO1.DE,D,20180108,000000,6.4375,6.4375,6.241875,6.3325,961,0
WSO1.DE,D,20180109,000000,6.5,6.56875,6.34625,6.46125,1383,0
WSO1.DE,D,20180110,000000,6.57875,7.37625,6.5,6.84375,7713,0
WSO1.DE,D,20180111,000000,6.84375,7.3125,6.59875,7.0125,3612,0
WSO1.DE,D,20180112,000000,7.24625,7.375,7.24625,7.35,1199,0
WSO1.DE,D,20180115,000000,7.48125,8.1725,6.75,7.65625,4297,0
WSO1.DE,D,20180116,000000,7.79,8.10375,7.25,7.535,3201,0
WSO1.DE,D,20180117,000000,7.4025,7.49375,6.7575,6.85125,4919,0
WSO1.DE,D,20180118,000000,7.11125,7.11125,6.2625,6.2625,6100,0
WSO1.DE,D,20180119,000000,6.4675,6.68,6.43,6.52125,1890,0
WSO1.DE,D,20180122,000000,6.76125,6.875,6.6875,6.8125,2247,0
WSO1.DE,D,20180123,000000,6.9375,7.105,6.5975,6.7925,2252,0
WSO1.DE,D,20180124,000000,6.6175,6.69,6.3975,6.435,290,0
WSO1.DE,D,20180125,000000,6.24375,6.8125,5.919375,6.80625,4117,0
WSO1.DE,D,20180126,000000,6.80625,6.80625,6.57125,6.68125,474,0
WSO1.DE,D,20180129,000000,6.46,6.55,5.88125,6.31625,7576,0
WSO1.DE,D,20180130,000000,6.0875,6.55,5.7,6.1375,9207,0
WSO1.DE,D,20180131,000000,6.225,6.4,5.9625,5.9625,1971,0
WSO1.DE,D,20180201,000000,5.875,6.1,5.8125,5.8125,1126,0
WSO1.DE,D,20180202,000000,5.775,5.975,5.3125,5.9375,6865,0
WSO1.DE,D,20180205,000000,6.025,6.1875,5.525,5.6875,6772,0
WSO1.DE,D,20180206,000000,5.325,6.1875,5,5.5125,6979,0
WSO1.DE,D,20180207,000000,5.3875,5.6375,5.3875,5.525,1984,0
WSO1.DE,D,20180208,000000,5.65,5.775,5.6125,5.6625,1152,0
WSO1.DE,D,20180209,000000,5.5625,5.575,5.3625,5.3625,2535,0
WSO1.DE,D,20180212,000000,5.3875,5.525,5.2625,5.425,2670,0
WSO1.DE,D,20180213,000000,5.5,5.5,5.2875,5.3625,1534,0
WSO1.DE,D,20180214,000000,5.2875,5.625,5,5.625,4471,0
WSO1.DE,D,20180215,000000,5.575,5.7375,5.575,5.6625,267,0
WSO1.DE,D,20180216,000000,5.75,5.8625,5.5625,5.7875,1144,0
WSO1.DE,D,20180219,000000,5.8625,6.175,5.8,6.0875,4349,0
WSO1.DE,D,20180220,000000,6,6.2125,6,6.2125,663,0
WSO1.DE,D,20180221,000000,6.1875,6.1875,6.1875,6.1875,146,0
WSO1.DE,D,20180222,000000,6.1125,7.125,6.0375,6.8,5036,0
WSO1.DE,D,20180223,000000,6.625,7.3,6.375,6.875,6085,0
WSO1.DE,D,20180226,000000,7.125,7.975,7.125,7.175,5943,0
WSO1.DE,D,20180227,000000,7.225,7.325,6.775,6.875,3594,0
WSO1.DE,D,20180228,000000,6.875,7.025,6.4,6.675,6670,0
WSO1.DE,D,20180301,000000,6.575,6.875,6.45,6.5,2591,0
WSO1.DE,D,20180302,000000,6.4,6.575,5.75,5.85,6067,0
WSO1.DE,D,20180305,000000,5.7,6.15,5.7,6.05,1745,0
WSO1.DE,D,20180306,000000,6.15,6.725,5.8125,6.6,15482,0
WSO1.DE,D,20180307,000000,6.25,6.25,6.25,6.25,576,0
WSO1.DE,D,20180308,000000,6.275,6.275,6.1125,6.2125,258,0
WSO1.DE,D,20180309,000000,6.3,6.55,6.275,6.275,1561,0
WSO1.DE,D,20180312,000000,6.375,6.475,5.8625,6.275,4803,0
WSO1.DE,D,20180313,000000,6.35,6.725,5.8125,6.1625,8659,0
WSO1.DE,D,20180314,000000,6.1125,6.425,5.975,6.2125,4211,0
WSO1.DE,D,20180315,000000,6.275,6.625,6.25,6.3,4355,0
WSO1.DE,D,20180316,000000,6.25,6.3,6.25,6.3,25,0
WSO1.DE,D,20180319,000000,6.4,6.525,6.15,6.15,1641,0
WSO1.DE,D,20180320,000000,6.05,6.375,6.0125,6.0875,1156,0
WSO1.DE,D,20180321,000000,6.0125,6.15,5.975,6.05,216,0
WSO1.DE,D,20180322,000000,6.025,6.025,5.75,5.75,488,0
WSO1.DE,D,20180323,000000,5.65,5.8625,5.025,5.425,7851,0
WSO1.DE,D,20180326,000000,5.4375,5.55,4.625,5,7023,0
WSO1.DE,D,20180327,000000,5.1,6.1125,4.8125,5.5875,11286,0
WSO1.DE,D,20180328,000000,5.3625,5.3625,5.1375,5.2,1163,0
WSO1.DE,D,20180329,000000,5.125,5.4125,4.7125,4.875,3505,0
WSO1.DE,D,20180403,000000,4.8625,5.025,4.8125,5.025,1083,0
WSO1.DE,D,20180404,000000,4.95,5.025,4.775,4.825,350,0
WSO1.DE,D,20180405,000000,4.9125,5.375,4.9125,5.125,1702,0
WSO1.DE,D,20180406,000000,5.225,5.5,4.9625,5.1125,1864,0
WSO1.DE,D,20180409,000000,5.2,5.2,4.975,4.975,206,0
WSO1.DE,D,20180410,000000,5.05,5.05,4.825,4.8625,575,0
WSO1.DE,D,20180411,000000,4.8375,4.875,4.775,4.8375,369,0
WSO1.DE,D,20180412,000000,4.8,4.95,4.8,4.9,2066,0
WSO1.DE,D,20180413,000000,4.9375,5.5,4.875,5.25,2412,0
WSO1.DE,D,20180416,000000,5.325,6.2375,5.3,5.8125,12828,0
WSO1.DE,D,20180417,000000,5.75,5.9375,5.75,5.925,1375,0
WSO1.DE,D,20180418,000000,5.975,6.25,5.8625,6.1875,1819,0
WSO1.DE,D,20180419,000000,6.1875,6.45,6.125,6.125,2299,0
WSO1.DE,D,20180420,000000,6.125,6.875,6,6.675,6858,0
WSO1.DE,D,20180423,000000,6.75,6.775,6,6.375,3212,0
WSO1.DE,D,20180424,000000,6.55,6.6,6.0125,6.45,8518,0
WSO1.DE,D,20180425,000000,6.35,6.7,6.05,6.45,1114,0
WSO1.DE,D,20180426,000000,6.325,6.725,6.0125,6.475,5141,0
WSO1.DE,D,20180427,000000,6.375,6.85,6.375,6.6,1272,0
WSO1.DE,D,20180430,000000,6.675,6.85,6.1375,6.625,5899,0
WSO1.DE,D,20180502,000000,6.525,6.6,6.5,6.55,283,0
WSO1.DE,D,20180503,000000,6.475,6.5,6.375,6.425,832,0
WSO1.DE,D,20180504,000000,6.375,6.425,6.325,6.425,1561,0
WSO1.DE,D,20180507,000000,6.45,6.475,6.45,6.45,56,0
WSO1.DE,D,20180508,000000,6.45,6.5,6.375,6.425,317,0
WSO1.DE,D,20180509,000000,6.375,6.5,6.35,6.45,502,0
WSO1.DE,D,20180510,000000,6.4,6.475,6.4,6.45,143,0
WSO1.DE,D,20180511,000000,6.4,6.4,6.35,6.375,528,0
WSO1.DE,D,20180514,000000,6.375,6.425,6.35,6.425,722,0
WSO1.DE,D,20180515,000000,6.325,6.4,6.25,6.35,408,0
WSO1.DE,D,20180516,000000,6.25,6.425,6.2125,6.375,7134,0
WSO1.DE,D,20180517,000000,6.3,6.4,6.025,6.275,9449,0
WSO1.DE,D,20180518,000000,6.275,6.275,6.075,6.2,2181,0
WSO1.DE,D,20180522,000000,6.25,6.275,6.2125,6.225,681,0
WSO1.DE,D,20180523,000000,6.275,6.35,6.025,6.025,2326,0
WSO1.DE,D,20180524,000000,6.025,6.2125,6.025,6.1,1317,0
WSO1.DE,D,20180525,000000,6.1,6.2,6.0375,6.2,518,0
WSO1.DE,D,20180528,000000,6.2375,6.2375,6,6.1125,3966,0
WSO1.DE,D,20180529,000000,6.05,6.125,6.0375,6.0875,783,0
WSO1.DE,D,20180530,000000,6.0375,6.0875,6.025,6.0875,2033,0
WSO1.DE,D,20180531,000000,6.125,6.125,6.0375,6.0875,323,0
WSO1.DE,D,20180601,000000,6.0375,6.0375,5.325,5.9,3896,0
WSO1.DE,D,20180604,000000,5.8875,5.9375,5.8875,5.9375,1423,0
WSO1.DE,D,20180605,000000,5.8875,6.025,5.8875,5.9125,356,0
WSO1.DE,D,20180606,000000,5.8875,5.8875,5.8875,5.8875,252,0
WSO1.DE,D,20180607,000000,5.8875,5.8875,5.8875,5.8875,886,0
WSO1.DE,D,20180608,000000,5.8875,5.8875,5.8875,5.8875,401,0
WSO1.DE,D,20180611,000000,5.8875,5.925,5.8875,5.925,100,0
WSO1.DE,D,20180612,000000,5.8875,6,5.8875,5.9375,355,0
WSO1.DE,D,20180613,000000,5.975,5.975,5.95,5.95,45,0
WSO1.DE,D,20180614,000000,5.8875,5.925,5.8875,5.925,459,0
WSO1.DE,D,20180615,000000,5.8875,5.8875,5.525,5.7625,1895,0
WSO1.DE,D,20180618,000000,5.7,6.05,5.7,5.95,2484,0
WSO1.DE,D,20180619,000000,6.0125,6.0125,5.6375,5.825,1685,0
WSO1.DE,D,20180620,000000,5.825,5.825,5.825,5.825,0,0
WSO1.DE,D,20180621,000000,5.775,5.775,5.70625,5.70625,500,0
WSO1.DE,D,20180622,000000,5.65,5.65,5.625,5.625,1500,0
WSO1.DE,D,20180625,000000,5.525,6.0125,5.4,5.50625,1515,0
WSO1.DE,D,20180626,000000,5.5625,6.0125,5.55,5.63125,795,0
WSO1.DE,D,20180627,000000,5.55,5.55,5.125,5.34375,1484,0
WSO1.DE,D,20180628,000000,5.275,5.275,5.075,5.24375,840,0
WSO1.DE,D,20180629,000000,5.21875,5.21875,5.21875,5.21875,0,0
WSO1.DE,D,20180702,000000,5.15,5.25,4.775,5.08125,2209,0
WSO1.DE,D,20180703,000000,5.11875,5.11875,5.11875,5.11875,0,0
WSO1.DE,D,20180704,000000,5.025,5.08125,4.5375,5.08125,1382,0
WSO1.DE,D,20180705,000000,5.0375,5.1125,5.0375,5.1125,417,0
WSO1.DE,D,20180706,000000,5.15,5.2625,5.15,5.2125,1182,0
WSO1.DE,D,20180709,000000,5.2625,5.36875,5.2625,5.36875,1258,0
WSO1.DE,D,20180710,000000,5.475,5.5,5.3375,5.4125,824,0
WSO1.DE,D,20180711,000000,5.375,5.375,5,5.29375,974,0
WSO1.DE,D,20180712,000000,5.375,5.575,5.375,5.45,1034,0
WSO1.DE,D,20180713,000000,5.5375,5.775,5.25,5.5,1869,0
WSO1.DE,D,20180716,000000,5.4125,6.25,5.4125,5.9,2452,0
WSO1.DE,D,20180717,000000,5.8125,5.9625,5.75,5.8375,546,0
WSO1.DE,D,20180718,000000,5.75,5.75,5.4125,5.55,1152,0
WSO1.DE,D,20180719,000000,5.625,5.725,5.625,5.725,50,0
WSO1.DE,D,20180720,000000,5.7875,5.7875,5.725,5.725,150,0
WSO1.DE,D,20180723,000000,5.8625,5.8625,5.375,5.725,1363,0
WSO1.DE,D,20180724,000000,5.6625,5.7375,5.5625,5.7375,1114,0
WSO1.DE,D,20180725,000000,5.7125,5.7125,5.7125,5.7125,0,0
WSO1.DE,D,20180726,000000,5.75,5.75,5.75,5.75,0,0
WSO1.DE,D,20180727,000000,5.675,5.725,5.675,5.725,150,0
WSO1.DE,D,20180730,000000,5.675,6,5.375,5.675,4177,0
WSO1.DE,D,20180731,000000,5.625,5.675,5.625,5.675,166,0
WSO1.DE,D,20180801,000000,5.55,5.7,5.5,5.625,1457,0
WSO1.DE,D,20180802,000000,5.6,5.6625,5.6,5.6,50,0
WSO1.DE,D,20180803,000000,5.6375,5.7625,5.625,5.7375,331,0
WSO1.DE,D,20180806,000000,5.7,5.8,5.675,5.7,745,0
WSO1.DE,D,20180807,000000,5.7375,5.7375,5.7375,5.7375,0,0
WSO1.DE,D,20180808,000000,5.7375,5.7375,5.7375,5.7375,0,0
WSO1.DE,D,20180809,000000,5.6875,5.7625,5.65,5.7125,506,0
WSO1.DE,D,20180810,000000,5.6375,5.7875,5.5,5.5875,1825,0
WSO1.DE,D,20180813,000000,5.55,5.6625,5.5,5.6625,1900,0
WSO1.DE,D,20180814,000000,5.65,6,5.65,5.8,3465,0
WSO1.DE,D,20180815,000000,5.8625,5.8625,5.6875,5.6875,130,0
WSO1.DE,D,20180816,000000,5.675,5.675,5.675,5.675,0,0
WSO1.DE,D,20180817,000000,5.6,5.6,5.5,5.5,511,0
WSO1.DE,D,20180820,000000,5.4375,5.4375,5.3875,5.3875,200,0
WSO1.DE,D,20180821,000000,5.3875,5.3875,5.3875,5.3875,0,0
WSO1.DE,D,20180822,000000,5.4,5.4,5.4,5.4,0,0
WSO1.DE,D,20180823,000000,5.5,5.5,5.275,5.275,1739,0
WSO1.DE,D,20180824,000000,5.1375,5.1375,5.0125,5.125,1378,0
WSO1.DE,D,20180827,000000,5.1375,5.35,4.9875,5.1,4372,0
WSO1.DE,D,20180828,000000,5.0375,5.0375,5.0375,5.0375,0,0
WSO1.DE,D,20180829,000000,5.0375,5.225,4.9375,5,2361,0
WSO1.DE,D,20180830,000000,5,5.1875,4.9375,5.1,2900,0
WSO1.DE,D,20180831,000000,5.075,5.075,5.075,5.075,0,0
WSO1.DE,D,20180903,000000,5.125,5.2125,5.125,5.15,580,0
WSO1.DE,D,20180904,000000,5.15,5.15,5.15,5.15,0,0
WSO1.DE,D,20180905,000000,5.0875,5.0875,4.9375,4.9375,1433,0
WSO1.DE,D,20180906,000000,4.8625,4.875,4.625,4.825,3667,0
WSO1.DE,D,20180907,000000,4.9,5,4.9,4.975,373,0
WSO1.DE,D,20180910,000000,4.9,5,4.9,4.9625,1307,0
WSO1.DE,D,20180911,000000,4.8875,4.9,4.875,4.9,493,0
WSO1.DE,D,20180912,000000,4.975,5,4.8625,4.95,182,0
WSO1.DE,D,20180913,000000,4.95,4.95,4.95,4.95,0,0
WSO1.DE,D,20180914,000000,5,5,4.8875,4.9375,50,0
WSO1.DE,D,20180917,000000,4.9375,4.9375,4.9375,4.9375,0,0
WSO1.DE,D,20180918,000000,4.9375,4.9375,4.9375,4.9375,0,0
WSO1.DE,D,20180919,000000,4.9375,4.9375,4.9375,4.9375,0,0
WSO1.DE,D,20180920,000000,4.9375,4.9375,4.9375,4.9375,0,0
WSO1.DE,D,20180921,000000,4.925,4.925,4.925,4.925,0,0
WSO1.DE,D,20180924,000000,4.9375,4.9375,4.9375,4.9375,0,0
WSO1.DE,D,20180925,000000,4.875,4.875,4.7125,4.75,980,0
WSO1.DE,D,20180926,000000,4.7625,4.7625,4.7625,4.7625,0,0
WSO1.DE,D,20180927,000000,4.7125,4.9875,4.625,4.925,3004,0
WSO1.DE,D,20180928,000000,4.95,4.9625,4.7875,4.7875,616,0
WSO1.DE,D,20181001,000000,4.7875,4.7875,4.675,4.675,990,0
WSO1.DE,D,20181002,000000,4.65,4.675,4.65,4.675,50,0
WSO1.DE,D,20181004,000000,4.625,4.625,4.375,4.4125,4576,0
WSO1.DE,D,20181005,000000,4.4625,4.4625,4.375,4.425,900,0
WSO1.DE,D,20181008,000000,4.3875,4.475,4.375,4.4375,605,0
WSO1.DE,D,20181009,000000,4.3875,4.5125,4.225,4.225,4872,0
WSO1.DE,D,20181010,000000,4.275,4.2875,4.2375,4.2875,911,0
WSO1.DE,D,20181011,000000,4.1375,4.1375,4,4.05,1335,0
WSO1.DE,D,20181012,000000,4,4,3.6375,3.8125,2915,0
WSO1.DE,D,20181015,000000,3.525,3.9875,3.525,3.8125,658,0
WSO1.DE,D,20181016,000000,3.8125,4.15,3.8125,4.075,1880,0
WSO1.DE,D,20181017,000000,4.0375,4.0375,3.75,3.9,2309,0
WSO1.DE,D,20181018,000000,3.9375,3.9375,3.9,3.9,70,0
WSO1.DE,D,20181019,000000,3.9375,3.9375,3.9,3.9,15,0
WSO1.DE,D,20181022,000000,3.9375,4.2125,3.9375,4.0625,2830,0
WSO1.DE,D,20181023,000000,4.1125,4.1125,3.65,3.9375,2253,0
WSO1.DE,D,20181024,000000,3.9,3.9,3.6875,3.7625,1068,0
WSO1.DE,D,20181025,000000,3.625,3.65,3.5,3.6375,3616,0
WSO1.DE,D,20181026,000000,3.525,3.625,3.525,3.625,300,0
WSO1.DE,D,20181029,000000,3.55,3.5875,3.525,3.5875,506,0
WSO1.DE,D,20181030,000000,3.5125,3.55,3.5125,3.55,20,0
WSO1.DE,D,20181031,000000,3.5875,3.5875,3.55,3.55,78,0
WSO1.DE,D,20181101,000000,3.575,3.875,3.575,3.8,2322,0
WSO1.DE,D,20181102,000000,3.8375,3.8625,3.75,3.75,1270,0
WSO1.DE,D,20181105,000000,3.7875,4.1625,3.7375,3.7375,2773,0
WSO1.DE,D,20181106,000000,3.6875,3.6875,3.475,3.475,1624,0
WSO1.DE,D,20181107,000000,3.5,3.6125,3.5,3.55,1035,0
WSO1.DE,D,20181108,000000,3.5,3.5,3.375,3.375,710,0
WSO1.DE,D,20181109,000000,3.425,3.4625,3.425,3.4625,100,0
WSO1.DE,D,20181112,000000,3.4375,3.5625,3.4375,3.4375,610,0
WSO1.DE,D,20181113,000000,3.3875,3.4,3.3875,3.4,300,0
WSO1.DE,D,20181114,000000,3.375,3.4,3.375,3.4,540,0
WSO1.DE,D,20181115,000000,3.4,3.4,3.4,3.4,0,0
WSO1.DE,D,20181116,000000,3.375,3.375,3.125,3.2875,2390,0
WSO1.DE,D,20181119,000000,3.2375,3.2375,3.125,3.175,672,0
WSO1.DE,D,20181120,000000,3.125,3.15,3.125,3.15,261,0
WSO1.DE,D,20181121,000000,3.1625,3.1625,3.1625,3.1625,0,0
WSO1.DE,D,20181122,000000,3.125,3.1625,3.125,3.1625,200,0
WSO1.DE,D,20181123,000000,3.1875,3.1875,3.1125,3.1125,1150,0
WSO1.DE,D,20181126,000000,3.125,3.225,3.125,3.2,1250,0
WSO1.DE,D,20181127,000000,3.225,3.25,3.1875,3.1875,6954,0
WSO1.DE,D,20181128,000000,3.225,3.225,3.2,3.2,242,0
WSO1.DE,D,20181129,000000,3.1625,3.1625,3.05,3.1,2561,0
WSO1.DE,D,20181130,000000,3.1375,3.1625,3.1,3.1,389,0
WSO1.DE,D,20181203,000000,3.1,3.1125,3.0625,3.0875,910,0
WSO1.DE,D,20181204,000000,3.1,3.125,3.1,3.125,1284,0
WSO1.DE,D,20181205,000000,3.15,3.15,3.15,3.15,0,0
WSO1.DE,D,20181206,000000,3.1125,3.275,3,3.075,7287,0
WSO1.DE,D,20181207,000000,3.0625,3.125,3.05,3.05,2810,0
WSO1.DE,D,20181210,000000,3.025,3.0625,3.025,3.0625,105,0
WSO1.DE,D,20181211,000000,3.0125,3.0125,2.95,2.95,723,0
WSO1.DE,D,20181212,000000,2.925,2.9375,2.9125,2.9375,1900,0
WSO1.DE,D,20181213,000000,2.975,3.275,2.975,3,4316,0
WSO1.DE,D,20181214,000000,3.05,3.0625,3.05,3.0625,40,0
WSO1.DE,D,20181217,000000,2.9875,3.025,2.9375,3.025,1308,0
WSO1.DE,D,20181218,000000,2.975,3.05,2.975,3.05,924,0
WSO1.DE,D,20181219,000000,3.025,3.025,2.9625,2.9875,1734,0
WSO1.DE,D,20181220,000000,2.9625,3,2.9625,3,700,0
WSO1.DE,D,20181221,000000,3.0125,3.0125,3.0125,3.0125,0,0
WSO1.DE,D,20181227,000000,2.9625,2.9625,2.875,2.95,2107,0
WSO1.DE,D,20181228,000000,2.9375,3.0375,2.8875,3.0375,1586,0
WSO1.DE,D,20190102,000000,3.0375,3.0375,2.975,3,1317,0
WSO1.DE,D,20190103,000000,2.9875,3,2.775,3,3989,0
WSO1.DE,D,20190104,000000,2.925,3,2.925,3,200,0
WSO1.DE,D,20190107,000000,3,3,3,3,0,0
WSO1.DE,D,20190108,000000,3.0125,3.0125,3,3,80,0
WSO1.DE,D,20190109,000000,3.0375,3.075,3.0375,3.075,1000,0
WSO1.DE,D,20190110,000000,3.05,3.05,3.0125,3.025,400,0
WSO1.DE,D,20190111,000000,3.025,3.025,3.025,3.025,0,0
WSO1.DE,D,20190114,000000,2.975,3.025,2.975,3.025,10,0
WSO1.DE,D,20190115,000000,2.975,3.075,2.975,3.05,463,0
WSO1.DE,D,20190116,000000,3.0375,3.05,2.875,3.05,2989,0
WSO1.DE,D,20190117,000000,3,3.075,2.975,3,111,0
WSO1.DE,D,20190118,000000,2.975,3.0875,2.975,3.0375,430,0
WSO1.DE,D,20190121,000000,3,3.1625,2.975,3.1625,5318,0
WSO1.DE,D,20190122,000000,3.2,3.2,3.075,3.2,1594,0
WSO1.DE,D,20190123,000000,3.2375,3.525,3.2375,3.4125,3056,0
WSO1.DE,D,20190124,000000,3.4125,3.4125,3.3625,3.3625,58,0
WSO1.DE,D,20190125,000000,3.3625,3.3625,3.2875,3.2875,785,0
WSO1.DE,D,20190128,000000,3.3625,3.375,3.3625,3.3625,2866,0
WSO1.DE,D,20190129,000000,3.45,3.625,3.45,3.5625,4698,0
WSO1.DE,D,20190130,000000,3.6375,4.2625,3.6375,3.9,3367,0
WSO1.DE,D,20190131,000000,3.975,4,3.8375,3.8375,1370,0
WSO1.DE,D,20190201,000000,3.8875,4.0625,3.75,3.8875,2360,0
WSO1.DE,D,20190204,000000,3.7875,3.7875,3.7875,3.7875,201,0
WSO1.DE,D,20190205,000000,3.7875,3.7875,3.7625,3.7625,99,0
WSO1.DE,D,20190206,000000,3.6875,3.875,3.6875,3.875,1394,0
WSO1.DE,D,20190207,000000,3.7875,3.7875,3.7375,3.7625,910,0
WSO1.DE,D,20190208,000000,3.7,3.7,3.575,3.675,1760,0
WSO1.DE,D,20190211,000000,3.7375,3.85,3.6375,3.85,1696,0
WSO1.DE,D,20190212,000000,3.875,3.9625,3.75,3.8125,1869,0
WSO1.DE,D,20190213,000000,3.7375,3.875,3.675,3.7,752,0
WSO1.DE,D,20190214,000000,3.75,3.7875,3.725,3.7875,1175,0
WSO1.DE,D,20190215,000000,3.7625,3.7625,3.7625,3.7625,0,0
WSO1.DE,D,20190218,000000,3.7375,3.75,3.6375,3.6625,1899,0
WSO1.DE,D,20190219,000000,3.625,3.725,3.625,3.7125,721,0
WSO1.DE,D,20190220,000000,3.65,3.65,3.5875,3.5875,306,0
WSO1.DE,D,20190221,000000,3.4875,3.625,3.45,3.575,901,0
WSO1.DE,D,20190222,000000,3.625,3.625,3.625,3.625,400,0
WSO1.DE,D,20190225,000000,3.675,3.675,3.575,3.625,109,0
WSO1.DE,D,20190226,000000,3.6875,3.6875,3.625,3.625,725,0
WSO1.DE,D,20190227,000000,3.7125,3.7625,3.7125,3.7625,400,0
WSO1.DE,D,20190228,000000,3.8,4.55,3.8,4.1625,3461,0
WSO1.DE,D,20190301,000000,4.2375,4.3625,3.7625,4.175,1825,0
WSO1.DE,D,20190304,000000,4.0875,4.1625,4.0875,4.1625,800,0
WSO1.DE,D,20190305,000000,4.25,4.275,4,4.1125,3871,0
WSO1.DE,D,20190306,000000,4.15,4.1875,4.15,4.1875,317,0
WSO1.DE,D,20190307,000000,4.15,4.7375,4.125,4.375,1941,0
WSO1.DE,D,20190308,000000,4.3625,4.5375,4.3625,4.4375,5605,0
WSO1.DE,D,20190311,000000,4.45,4.525,4.45,4.525,653,0
WSO1.DE,D,20190312,000000,4.45,4.525,4.45,4.45,234,0
WSO1.DE,D,20190313,000000,4.5125,4.675,4.5125,4.65,1469,0
WSO1.DE,D,20190314,000000,4.7,4.8125,4.7,4.8,192,0
WSO1.DE,D,20190315,000000,4.875,4.875,4.6875,4.7625,2955,0
WSO1.DE,D,20190318,000000,4.85,4.85,4.625,4.7625,1979,0
WSO1.DE,D,20190319,000000,4.6625,4.75,4.6,4.6625,341,0
WSO1.DE,D,20190320,000000,4.725,4.725,4.725,4.725,0,0
WSO1.DE,D,20190321,000000,4.65,4.6875,4.65,4.6875,120,0
WSO1.DE,D,20190322,000000,4.6125,4.725,4.6125,4.7,132,0
WSO1.DE,D,20190325,000000,4.5625,4.575,4.5625,4.575,145,0
WSO1.DE,D,20190326,000000,4.4875,4.55,4.4875,4.55,28,0
WSO1.DE,D,20190327,000000,4.575,4.625,4.55,4.625,106,0
WSO1.DE,D,20190328,000000,4.5375,4.5875,4.5375,4.5875,1206,0
WSO1.DE,D,20190329,000000,4.5,4.575,4.5,4.575,900,0
WSO1.DE,D,20190401,000000,4.4875,4.6,4.3625,4.5375,1449,0
WSO1.DE,D,20190402,000000,4.5625,4.7,4.55,4.6125,900,0
WSO1.DE,D,20190403,000000,4.5625,4.5625,4.4375,4.525,1028,0
WSO1.DE,D,20190404,000000,4.6125,4.6125,4.4125,4.4125,2172,0
WSO1.DE,D,20190405,000000,4.5,4.5,4.5,4.5,300,0
WSO1.DE,D,20190408,000000,4.475,4.475,4.475,4.475,0,0
WSO1.DE,D,20190409,000000,4.45,4.45,4.45,4.45,0,0
WSO1.DE,D,20190410,000000,4.4,4.45,4.3875,4.45,200,0
WSO1.DE,D,20190411,000000,4.4625,4.4625,4.4625,4.4625,0,0
WSO1.DE,D,20190412,000000,4.5125,4.5125,4.5125,4.5125,150,0
WSO1.DE,D,20190415,000000,4.525,4.525,4.525,4.525,150,0
WSO1.DE,D,20190416,000000,4.4375,4.4625,4.4375,4.4625,340,0
WSO1.DE,D,20190417,000000,4.5125,4.5125,4.45,4.45,301,0
WSO1.DE,D,20190418,000000,4.525,4.65,4.525,4.65,1702,0
WSO1.DE,D,20190423,000000,4.6,4.9375,4.6,4.8375,1000,0
WSO1.DE,D,20190424,000000,4.925,4.9375,4.925,4.9375,300,0
WSO1.DE,D,20190425,000000,4.8625,4.8625,4.625,4.7625,927,0
WSO1.DE,D,20190426,000000,4.7375,4.9875,4.7125,4.7875,2790,0
WSO1.DE,D,20190429,000000,4.8625,4.8625,4.8,4.8,50,0
WSO1.DE,D,20190430,000000,4.75,4.8375,4.7125,4.725,660,0
WSO1.DE,D,20190502,000000,4.7625,4.7625,4.7625,4.7625,0,0
WSO1.DE,D,20190503,000000,4.7625,4.7625,4.7625,4.7625,0,0
WSO1.DE,D,20190506,000000,4.7625,4.925,4.7625,4.925,785,0
WSO1.DE,D,20190507,000000,5,5.375,4.9875,4.9875,1675,0
WSO1.DE,D,20190508,000000,5.05,5.05,5,5,719,0
WSO1.DE,D,20190509,000000,5.05,5.325,5.0125,5.0625,3253,0
WSO1.DE,D,20190510,000000,5.2,5.2,5.1375,5.1375,50,0
WSO1.DE,D,20190513,000000,5.05,5.05,4.875,4.95,673,0
WSO1.DE,D,20190514,000000,5.0375,5.0375,4.8625,4.9375,1695,0
WSO1.DE,D,20190515,000000,4.9625,4.9625,4.9625,4.9625,0,0
WSO1.DE,D,20190516,000000,4.95,5,4.9375,5,150,0
WSO1.DE,D,20190517,000000,5.075,5.0875,5.0375,5.0375,66,0
WSO1.DE,D,20190520,000000,5.1125,5.1125,4.8875,4.8875,601,0
WSO1.DE,D,20190521,000000,4.85,5.1375,4.775,4.9625,5872,0
WSO1.DE,D,20190522,000000,5,5.15,4.9625,5,1778,0
WSO1.DE,D,20190523,000000,5.025,5.1375,4.9625,5.0625,954,0
WSO1.DE,D,20190524,000000,5.1375,5.1375,5.0875,5.0875,10,0
WSO1.DE,D,20190527,000000,5.175,5.225,5.175,5.1875,632,0
WSO1.DE,D,20190528,000000,5.25,5.6,5.2375,5.3625,6603,0
WSO1.DE,D,20190529,000000,5.5,5.5875,5.375,5.4875,3385,0
WSO1.DE,D,20190530,000000,5.5625,5.8125,5.5625,5.5875,1473,0
WSO1.DE,D,20190531,000000,5.6375,5.65,5.25,5.25,7779,0
WSO1.DE,D,20190603,000000,5.3125,5.6125,5.3125,5.6,2659,0
WSO1.DE,D,20190604,000000,5.5125,5.5125,5.45,5.45,409,0
WSO1.DE,D,20190605,000000,5.4375,5.85,5.275,5.8,4955,0
WSO1.DE,D,20190606,000000,5.85,5.9125,5.8125,5.8375,455,0
WSO1.DE,D,20190607,000000,6,6,5.85,5.8625,1301,0
WSO1.DE,D,20190611,000000,5.775,6.2375,5.775,6.075,3925,0
WSO1.DE,D,20190612,000000,5.9875,6.0625,5.9,5.9,728,0
WSO1.DE,D,20190613,000000,6.025,6.2375,6.025,6.2375,1280,0
WSO1.DE,D,20190614,000000,6.125,6.1875,6.0625,6.0625,789,0
WSO1.DE,D,20190617,000000,6.175,6.2,6.0375,6.0375,939,0
WSO1.DE,D,20190618,000000,6.075,6.2125,6.0125,6.2125,140,0
WSO1.DE,D,20190619,000000,6.1,6.1,5.9125,6.1,781,0
WSO1.DE,D,20190620,000000,5.9625,6.1,5.9625,6.025,1460,0
WSO1.DE,D,20190621,000000,6.15,6.15,5.825,5.95,1402,0
WSO1.DE,D,20190624,000000,5.9375,6.225,5.7,6.225,1888,0
WSO1.DE,D,20190625,000000,6.1875,6.1875,5.9375,6.0875,1083,0
WSO1.DE,D,20190626,000000,6.125,6.35,6,6.35,3366,0
WSO1.DE,D,20190627,000000,6.4,6.425,6.125,6.25,1804,0
WSO1.DE,D,20190628,000000,6.3,6.35,6.3,6.325,844,0
WSO1.DE,D,20190701,000000,6.325,6.325,6.175,6.1875,411,0
WSO1.DE,D,20190702,000000,6.275,6.275,6.175,6.2375,566,0
WSO1.DE,D,20190703,000000,6.3,6.375,6.15,6.15,3270,0
WSO1.DE,D,20190704,000000,6.15,6.25,6.075,6.15,1997,0
WSO1.DE,D,20190705,000000,5.9875,5.9875,5.75,5.875,6504,0
WSO1.DE,D,20190708,000000,5.75,5.75,5.5,5.65,11138,0
WSO1.DE,D,20190709,000000,5.65,5.65,5.4875,5.6375,2046,0
WSO1.DE,D,20190710,000000,5.5625,5.625,5.55,5.55,843,0
WSO1.DE,D,20190711,000000,5.6125,5.6125,5.5125,5.6125,1298,0
WSO1.DE,D,20190712,000000,5.6125,5.6125,5.475,5.4875,738,0
WSO1.DE,D,20190715,000000,5.575,5.6125,5.525,5.575,1242,0
WSO1.DE,D,20190716,000000,5.6125,5.625,5.5875,5.6125,777,0
WSO1.DE,D,20190717,000000,5.6,5.625,5.6,5.625,543,0
WSO1.DE,D,20190718,000000,5.5625,5.5625,5.1,5.4375,8548,0
WSO1.DE,D,20190719,000000,5.375,5.4375,5.225,5.4375,1066,0
WSO1.DE,D,20190722,000000,5.375,5.4375,5.375,5.4375,289,0
WSO1.DE,D,20190723,000000,5.4875,5.5375,5.4375,5.5375,2215,0
WSO1.DE,D,20190724,000000,5.6125,5.6125,5.6,5.6125,344,0
WSO1.DE,D,20190725,000000,5.5625,5.6,5.3875,5.6,2728,0
WSO1.DE,D,20190726,000000,5.5375,5.625,5.475,5.625,1020,0
WSO1.DE,D,20190729,000000,5.4875,5.6,5.4625,5.6,697,0
WSO1.DE,D,20190730,000000,5.45,5.6125,5.325,5.4375,3641,0
WSO1.DE,D,20190731,000000,5.4375,5.4625,5.35,5.45,411,0
WSO1.DE,D,20190801,000000,5.4125,5.4125,5.4125,5.4125,0,0
WSO1.DE,D,20190802,000000,5.4625,5.4625,5.125,5.275,1572,0
WSO1.DE,D,20190805,000000,5.275,5.35,5.2125,5.35,437,0
WSO1.DE,D,20190806,000000,5.1875,5.25,5.1625,5.25,1940,0
WSO1.DE,D,20190807,000000,5.275,5.3875,5.25,5.25,457,0
WSO1.DE,D,20190808,000000,5.175,5.3,5.1625,5.25,432,0
WSO1.DE,D,20190809,000000,5.325,5.4375,5.325,5.4125,313,0
WSO1.DE,D,20190812,000000,5.325,5.4125,5.325,5.3375,331,0
WSO1.DE,D,20190813,000000,5.3125,5.3125,5.3125,5.3125,131,0
WSO1.DE,D,20190814,000000,5.2875,5.2875,5.225,5.225,1052,0
WSO1.DE,D,20190815,000000,5.1375,5.2125,4.575,5.025,3829,0
WSO1.DE,D,20190816,000000,4.875,5.025,4.75,5.025,2148,0
WSO1.DE,D,20190819,000000,5.125,5.125,4.6875,5.0625,2042,0
WSO1.DE,D,20190820,000000,5.05,5.1125,4.9625,5.075,489,0
WSO1.DE,D,20190821,000000,4.9625,4.9875,4.85,4.875,419,0
WSO1.DE,D,20190822,000000,4.85,5.025,4.825,5.025,772,0
WSO1.DE,D,20190823,000000,5.1,5.125,5.1,5.1125,1275,0
WSO1.DE,D,20190826,000000,5,5.05,4.9125,5.05,1541,0
WSO1.DE,D,20190827,000000,5.125,5.3625,5.125,5.3,816,0
WSO1.DE,D,20190828,000000,5.375,5.5,5.375,5.4125,1149,0
WSO1.DE,D,20190829,000000,5.4875,5.4875,5.4375,5.4375,100,0
WSO1.DE,D,20190830,000000,5.45,5.45,5.3625,5.4,200,0
WSO1.DE,D,20190902,000000,5.3375,5.3375,5.2125,5.2875,1335,0
WSO1.DE,D,20190903,000000,5.25,5.375,5.2,5.3375,7329,0
WSO1.DE,D,20190904,000000,5.2625,5.5,5.2375,5.325,4831,0
WSO1.DE,D,20190905,000000,5.35,5.35,5.25,5.325,2436,0
WSO1.DE,D,20190906,000000,5.25,5.375,5.25,5.375,2953,0
WSO1.DE,D,20190909,000000,5.4625,5.4625,5.3625,5.3625,50,0
WSO1.DE,D,20190910,000000,5.3,5.3625,5.25,5.3625,2338,0
WSO1.DE,D,20190911,000000,5.275,5.3375,5.25,5.3375,694,0
WSO1.DE,D,20190912,000000,5.3,5.3,5.0875,5.1875,3341,0
WSO1.DE,D,20190913,000000,5.1125,5.25,5.1125,5.2375,874,0
WSO1.DE,D,20190916,000000,5.15,5.2875,5.15,5.2875,346,0
WSO1.DE,D,20190917,000000,5.2875,5.2875,5.025,5.2375,1239,0
WSO1.DE,D,20190918,000000,5.3,5.3,5.25,5.2875,125,0
WSO1.DE,D,20190919,000000,5.175,5.35,5.025,5.2375,6819,0
WSO1.DE,D,20190920,000000,5.1625,5.2125,5.075,5.15,1053,0
WSO1.DE,D,20190923,000000,5.0875,5.15,5.0875,5.15,99,0
WSO1.DE,D,20190924,000000,5.0875,5.4875,5.0875,5.3125,1949,0
WSO1.DE,D,20190925,000000,5.2375,5.3125,5,5.225,4486,0
WSO1.DE,D,20190926,000000,5.25,5.25,5.25,5.25,294,0
WSO1.DE,D,20190927,000000,5.275,5.475,5.1625,5.4625,1446,0
WSO1.DE,D,20190930,000000,5.4875,5.7,5.4375,5.475,6638,0
WSO1.DE,D,20191001,000000,5.6,5.6,5.2875,5.4,1973,0
WSO1.DE,D,20191002,000000,5.4375,5.4625,5.15,5.325,2943,0
WSO1.DE,D,20191004,000000,5.325,5.525,5.0875,5.2875,2619,0
WSO1.DE,D,20191007,000000,5.2,5.275,5.125,5.2375,497,0
WSO1.DE,D,20191008,000000,5.2375,5.375,5.0625,5.2875,2741,0
WSO1.DE,D,20191009,000000,5.1375,5.275,5.125,5.275,1909,0
WSO1.DE,D,20191010,000000,5.2,5.575,5.0375,5.575,2674,0
WSO1.DE,D,20191011,000000,5.4125,5.4125,5.3375,5.3875,598,0
WSO1.DE,D,20191014,000000,5.375,5.375,5.225,5.35,948,0
WSO1.DE,D,20191015,000000,5.3875,5.3875,5.2625,5.325,280,0
WSO1.DE,D,20191016,000000,5.2375,5.35,5.2375,5.35,501,0
WSO1.DE,D,20191017,000000,5.275,5.3875,5.2,5.3875,1287,0
WSO1.DE,D,20191018,000000,5.3,5.3125,5.1875,5.275,651,0
WSO1.DE,D,20191021,000000,5.25,5.2875,5.1125,5.175,6179,0
WSO1.DE,D,20191022,000000,5.125,5.375,5.125,5.2,1619,0
WSO1.DE,D,20191023,000000,5.1625,5.225,5.1625,5.225,63,0
WSO1.DE,D,20191024,000000,5.25,5.2625,5.25,5.2625,265,0
WSO1.DE,D,20191025,000000,5.25,5.3125,5.2,5.2,5172,0
WSO1.DE,D,20191028,000000,5.15,5.2125,5.125,5.1875,2067,0
WSO1.DE,D,20191029,000000,5.15,5.2,5.125,5.125,400,0
WSO1.DE,D,20191030,000000,5.1375,5.1375,5.1375,5.1375,0,0
WSO1.DE,D,20191031,000000,5.2,5.2125,5.05,5.125,2588,0
WSO1.DE,D,20191101,000000,5.1875,5.1875,5.1375,5.1375,50,0
WSO1.DE,D,20191104,000000,5.2,5.2,5.15,5.15,225,0
WSO1.DE,D,20191105,000000,5.125,5.125,5.125,5.125,12,0
WSO1.DE,D,20191106,000000,5.2,5.5875,5.1625,5.525,5707,0
WSO1.DE,D,20191107,000000,5.5625,5.8125,5.5,5.625,5255,0
WSO1.DE,D,20191108,000000,5.5125,5.6,5.5125,5.5625,685,0
WSO1.DE,D,20191111,000000,5.5125,5.5375,5.5,5.525,1246,0
WSO1.DE,D,20191112,000000,5.5,5.5,5.4375,5.5,3119,0
WSO1.DE,D,20191113,000000,5.475,5.475,5.375,5.375,3851,0
WSO1.DE,D,20191114,000000,5.425,5.425,5.25,5.25,1595,0
WSO1.DE,D,20191115,000000,5.3125,5.375,5.3125,5.3625,1916,0
WSO1.DE,D,20191118,000000,5.375,5.4125,5.35,5.35,1031,0
WSO1.DE,D,20191119,000000,5.4125,5.4125,5.35,5.35,12,0
WSO1.DE,D,20191120,000000,5.325,5.4625,5.2875,5.375,1288,0
WSO1.DE,D,20191121,000000,5.375,5.4375,5.375,5.4125,1194,0
WSO1.DE,D,20191122,000000,5.375,5.5625,5.3125,5.3125,4346,0
WSO1.DE,D,20191125,000000,5.3375,5.425,5.3375,5.3625,4974,0
WSO1.DE,D,20191126,000000,5.3625,5.4125,5.3625,5.4125,300,0
WSO1.DE,D,20191127,000000,5.375,5.45,5.375,5.4375,1138,0
WSO1.DE,D,20191128,000000,5.5,5.5,5.4375,5.4625,250,0
WSO1.DE,D,20191129,000000,5.5375,5.625,5.5125,5.55,5406,0
WSO1.DE,D,20191202,000000,5.4875,5.5625,5.4875,5.5625,1001,0
WSO1.DE,D,20191203,000000,5.5625,5.5625,5.5,5.5625,3404,0
WSO1.DE,D,20191204,000000,5.5,5.7125,5.5,5.6125,5975,0
WSO1.DE,D,20191205,000000,5.625,5.625,5.575,5.625,3318,0
WSO1.DE,D,20191206,000000,5.625,5.725,5.625,5.675,3288,0
WSO1.DE,D,20191209,000000,5.7,5.7,5.625,5.65,3481,0
WSO1.DE,D,20191210,000000,5.6125,5.7125,5.6,5.6875,5231,0
WSO1.DE,D,20191211,000000,5.7125,6,5.7,6,5102,0
WSO1.DE,D,20191212,000000,6.0875,6.875,6.0875,6.875,13948,0
WSO1.DE,D,20191213,000000,6.875,7.025,6.675,6.975,14503,0
WSO1.DE,D,20191216,000000,6.975,7,6.75,6.75,6325,0
WSO1.DE,D,20191217,000000,6.7,6.825,6.7,6.8,1678,0
WSO1.DE,D,20191218,000000,6.75,6.75,6.5,6.65,2555,0
WSO1.DE,D,20191219,000000,6.75,6.775,6.45,6.525,6205,0
WSO1.DE,D,20191220,000000,6.5,6.575,6.5,6.525,868,0
WSO1.DE,D,20191223,000000,6.575,6.725,6.45,6.7,2052,0
WSO1.DE,D,20191227,000000,6.675,6.675,6.575,6.6,982,0
WSO1.DE,D,20191230,000000,6.525,6.575,6.375,6.375,990,0
WSO1.DE,D,20200102,000000,6.4,6.775,6.4,6.775,2031,0
WSO1.DE,D,20200103,000000,6.775,6.825,6.5,6.575,2077,0
WSO1.DE,D,20200106,000000,6.5,6.55,6.5,6.55,490,0
WSO1.DE,D,20200107,000000,6.525,6.525,6.525,6.525,0,0
WSO1.DE,D,20200108,000000,6.5,6.55,6.5,6.525,893,0
WSO1.DE,D,20200109,000000,6.625,6.65,6.475,6.5,2041,0
WSO1.DE,D,20200110,000000,6.45,6.625,6.45,6.575,1146,0
WSO1.DE,D,20200113,000000,6.525,6.6,6.5,6.5,643,0
WSO1.DE,D,20200114,000000,6.45,6.45,6.15,6.25,5293,0
WSO1.DE,D,20200115,000000,6.3,6.425,6.25,6.425,2835,0
WSO1.DE,D,20200116,000000,6.4,6.45,6.4,6.45,487,0
WSO1.DE,D,20200117,000000,6.4,6.525,6.4,6.5,595,0
WSO1.DE,D,20200120,000000,6.425,6.7,6.425,6.7,904,0
WSO1.DE,D,20200121,000000,6.725,6.925,6.65,6.85,3269,0
WSO1.DE,D,20200122,000000,6.775,6.775,6.525,6.575,2385,0
WSO1.DE,D,20200123,000000,6.475,6.625,6.45,6.45,1896,0
WSO1.DE,D,20200124,000000,6.425,6.55,6.375,6.475,3775,0
WSO1.DE,D,20200127,000000,6.375,6.375,6.125,6.175,3220,0
WSO1.DE,D,20200128,000000,6.1125,6.275,6.075,6.275,1268,0
WSO1.DE,D,20200129,000000,6.375,6.45,6.35,6.45,650,0
WSO1.DE,D,20200130,000000,6.45,6.45,6.275,6.3,1510,0
WSO1.DE,D,20200131,000000,6.275,6.275,6.125,6.25,1786,0
WSO1.DE,D,20200203,000000,6.125,6.275,6.1,6.275,3931,0
WSO1.DE,D,20200204,000000,6.3,6.425,6.25,6.325,1426,0
WSO1.DE,D,20200205,000000,6.1875,6.1875,6.1875,6.1875,891,0
WSO1.DE,D,20200206,000000,6.275,6.4,6.1625,6.2125,2466,0
WSO1.DE,D,20200207,000000,6.275,6.325,6.2,6.2,3052,0
WSO1.DE,D,20200210,000000,6.2375,6.375,6.225,6.3,4516,0
WSO1.DE,D,20200211,000000,6.275,6.925,6.225,6.8,7434,0
WSO1.DE,D,20200212,000000,6.825,6.875,6.575,6.8,5832,0
WSO1.DE,D,20200213,000000,6.775,7.025,6.775,6.95,10818,0
WSO1.DE,D,20200214,000000,7,7.225,6.975,7.125,6908,0
WSO1.DE,D,20200217,000000,7.125,7.175,7.05,7.1,2961,0
WSO1.DE,D,20200218,000000,7.1,7.375,7.1,7.35,3633,0
WSO1.DE,D,20200219,000000,7.375,7.475,7.325,7.45,1233,0
WSO1.DE,D,20200220,000000,7.475,7.475,7.275,7.275,877,0
WSO1.DE,D,20200221,000000,7.375,7.375,7.25,7.275,1731,0
WSO1.DE,D,20200224,000000,7.175,7.175,6.4,6.475,5764,0
WSO1.DE,D,20200225,000000,6.825,6.875,6.525,6.725,8278,0
WSO1.DE,D,20200226,000000,6.65,6.65,6.0125,6.45,6854,0
WSO1.DE,D,20200227,000000,6.425,6.425,6.15,6.15,2648,0
WSO1.DE,D,20200228,000000,6,6,5.5,5.5,7033,0
WSO1.DE,D,20200302,000000,5.9875,5.9875,5.5125,5.625,5238,0
WSO1.DE,D,20200303,000000,5.7,6.0375,5.6625,5.925,6083,0
WSO1.DE,D,20200304,000000,5.8875,6.025,5.8375,5.9,4619,0
WSO1.DE,D,20200305,000000,5.8625,5.9625,5.7875,5.8,2682,0
WSO1.DE,D,20200306,000000,5.775,5.775,5.375,5.5,4088,0
WSO1.DE,D,20200309,000000,5.05,5.2,4.9,4.95,5094,0
WSO1.DE,D,20200310,000000,5.05,5.25,5,5.0375,2439,0
WSO1.DE,D,20200311,000000,5.05,5.05,4.65,4.65,8224,0
WSO1.DE,D,20200312,000000,4.375,4.3875,3.6875,3.6875,3512,0
WSO1.DE,D,20200313,000000,3.8,4,3.7875,3.9125,5048,0
WSO1.DE,D,20200316,000000,3.875,3.875,3.3625,3.375,12511,0
WSO1.DE,D,20200317,000000,3.4125,3.55,3.3125,3.4125,5933,0
WSO1.DE,D,20200318,000000,3.3625,3.3625,3.2,3.225,1132,0
WSO1.DE,D,20200319,000000,3.1875,3.1875,3.0625,3.1375,3597,0
WSO1.DE,D,20200320,000000,3.3125,3.5375,3.3125,3.3875,5872,0
WSO1.DE,D,20200323,000000,3.325,3.325,3,3.0625,9520,0
WSO1.DE,D,20200324,000000,3.1875,3.75,3.1875,3.7,8270,0
WSO1.DE,D,20200325,000000,4.0125,4.15,3.725,3.9,21657,0
WSO1.DE,D,20200326,000000,3.8625,3.8875,3.7,3.8625,3194,0
WSO1.DE,D,20200327,000000,3.925,3.925,3.875,3.9,949,0
WSO1.DE,D,20200330,000000,3.8375,3.8375,3.6625,3.8125,2056,0
WSO1.DE,D,20200331,000000,3.85,4.0125,3.85,3.9,4536,0
WSO1.DE,D,20200401,000000,3.775,3.925,3.75,3.775,4114,0
WSO1.DE,D,20200402,000000,3.775,3.95,3.7375,3.8375,5548,0
WSO1.DE,D,20200403,000000,3.875,3.9875,3.8,3.8,4731,0
WSO1.DE,D,20200406,000000,3.9375,4.3,3.9375,4.3,7330,0
WSO1.DE,D,20200407,000000,4.325,4.4875,4.325,4.3375,2507,0
WSO1.DE,D,20200408,000000,4.375,4.4125,4.15,4.15,5006,0
WSO1.DE,D,20200409,000000,4.2125,4.625,4.2125,4.625,8067,0
WSO1.DE,D,20200414,000000,4.675,4.8625,4.675,4.7875,5426,0
WSO1.DE,D,20200415,000000,4.7625,4.7625,4.625,4.6625,3397,0
WSO1.DE,D,20200416,000000,4.7125,4.8375,4.625,4.75,8716,0
WSO1.DE,D,20200417,000000,4.8375,5.05,4.725,5,9251,0
WSO1.DE,D,20200420,000000,5.0375,5.1,4.9125,4.925,4084,0
WSO1.DE,D,20200421,000000,4.9625,5.0375,4.775,4.925,5008,0
WSO1.DE,D,20200422,000000,4.9625,5.1375,4.95,5.0625,6557,0
WSO1.DE,D,20200423,000000,5,5.15,4.9375,5.0125,4733,0
WSO1.DE,D,20200424,000000,4.9875,5.0625,4.8,4.9125,4805,0
WSO1.DE,D,20200427,000000,5,5.3625,4.9375,5.3625,5013,0
WSO1.DE,D,20200428,000000,5.2875,5.375,5.2125,5.2375,3833,0
WSO1.DE,D,20200429,000000,5.2875,5.4625,5.2875,5.4125,6525,0
WSO1.DE,D,20200430,000000,5.5125,5.6125,5.3875,5.3875,4429,0
WSO1.DE,D,20200504,000000,5.375,5.375,5.1875,5.2,1686,0
WSO1.DE,D,20200505,000000,5.2375,5.4375,5.225,5.425,3091,0
WSO1.DE,D,20200506,000000,5.525,5.6,5.4125,5.4125,4938,0
WSO1.DE,D,20200507,000000,5.55,5.55,5.4,5.4125,1392,0
WSO1.DE,D,20200508,000000,5.475,5.6125,5.475,5.575,3627,0
WSO1.DE,D,20200511,000000,5.625,6,5.575,5.8125,3141,0
WSO1.DE,D,20200512,000000,5.775,6.25,5.775,6.0875,3288,0
WSO1.DE,D,20200513,000000,6.0625,6.1125,5.9375,6,3424,0
WSO1.DE,D,20200514,000000,5.975,6.325,5.8625,6.3,5924,0
WSO1.DE,D,20200515,000000,6.35,6.375,6.2125,6.275,3071,0
WSO1.DE,D,20200518,000000,6.375,6.775,6.35,6.675,4063,0
WSO1.DE,D,20200519,000000,6.725,6.925,6.7,6.9,2649,0
WSO1.DE,D,20200520,000000,7.025,7.175,6.975,7.025,3655,0
WSO1.DE,D,20200521,000000,7.075,7.25,7.05,7.05,1417,0
WSO1.DE,D,20200522,000000,7.125,7.15,6.975,7.1,2831,0
WSO1.DE,D,20200525,000000,7.025,7.1,6.85,6.85,1985,0
WSO1.DE,D,20200526,000000,6.8,6.8,6.525,6.6,2365,0
WSO1.DE,D,20200527,000000,6.675,6.95,6.675,6.875,2047,0
WSO1.DE,D,20200528,000000,6.9,7.125,6.8,6.875,2353,0
WSO1.DE,D,20200529,000000,6.8,6.875,6.6,6.65,2706,0
WSO1.DE,D,20200602,000000,6.625,6.725,6.575,6.65,879,0
WSO1.DE,D,20200603,000000,6.625,6.875,6.625,6.8,1789,0
WSO1.DE,D,20200604,000000,6.825,6.95,6.825,6.9,1059,0
WSO1.DE,D,20200605,000000,6.95,6.95,6.725,6.75,2090,0
WSO1.DE,D,20200608,000000,6.7,6.7,6.2,6.55,2443,0
WSO1.DE,D,20200609,000000,6.5,6.5,6.3,6.4,2290,0
WSO1.DE,D,20200610,000000,6.55,6.775,6.425,6.475,1555,0
WSO1.DE,D,20200611,000000,6.475,6.475,5.8375,6.3,3709,0
WSO1.DE,D,20200612,000000,6.3,6.475,6.1125,6.35,3201,0
WSO1.DE,D,20200615,000000,6.35,6.375,6.25,6.325,796,0
WSO1.DE,D,20200616,000000,6.35,6.55,6.325,6.425,1462,0
WSO1.DE,D,20200617,000000,6.425,6.6,6.425,6.575,710,0
WSO1.DE,D,20200618,000000,6.525,6.575,5.875,6.125,4292,0
WSO1.DE,D,20200619,000000,6.2,6.35,6.1125,6.325,2272,0
WSO1.DE,D,20200622,000000,6.25,6.375,6.25,6.375,539,0
WSO1.DE,D,20200623,000000,6.375,6.375,6.075,6.25,2023,0
WSO1.DE,D,20200624,000000,6.1875,6.1875,6.0625,6.0875,383,0
WSO1.DE,D,20200625,000000,6.125,6.125,5.975,6.05,1289,0
WSO1.DE,D,20200626,000000,6.0125,6.0125,5.8,5.975,3055,0
WSO1.DE,D,20200629,000000,5.9875,6,5.8625,6,946,0
WSO1.DE,D,20200630,000000,5.85,6.1375,5.85,6.025,1690,0
WSO1.DE,D,20200701,000000,6,6.125,6,6.125,594,0
WSO1.DE,D,20200702,000000,6.1625,6.55,6.15,6.55,2625,0
WSO1.DE,D,20200703,000000,6.5,6.75,6.5,6.75,1153,0
WSO1.DE,D,20200706,000000,6.825,6.925,6.8,6.9,1946,0
WSO1.DE,D,20200707,000000,6.925,7.175,6.925,7.175,3387,0
WSO1.DE,D,20200708,000000,7.15,7.3,7,7.2,2792,0
WSO1.DE,D,20200709,000000,7.5,7.7,7.375,7.65,4353,0
WSO1.DE,D,20200710,000000,7.625,7.825,7.625,7.75,3943,0
WSO1.DE,D,20200713,000000,7.975,8.35,7.925,8.125,8626,0
WSO1.DE,D,20200714,000000,8.5,8.5,7.95,7.975,7448,0
WSO1.DE,D,20200715,000000,8.15,8.5,8.15,8.425,2757,0
WSO1.DE,D,20200716,000000,8.375,8.65,8.35,8.575,2321,0
WSO1.DE,D,20200717,000000,8.7,8.975,8.425,8.95,8742,0
WSO1.DE,D,20200720,000000,9.05,9.125,8.95,9,3879,0
WSO1.DE,D,20200721,000000,9,9.075,8.7,8.7,3170,0
WSO1.DE,D,20200722,000000,8.725,8.8,8.7,8.75,975,0
WSO1.DE,D,20200723,000000,8.825,8.9,8.7,8.775,1160,0
WSO1.DE,D,20200724,000000,8.6,8.6,7.7,8.15,8342,0
WSO1.DE,D,20200727,000000,8.175,8.25,8.05,8.05,1197,0
WSO1.DE,D,20200728,000000,8.175,8.2,8,8.15,1159,0
WSO1.DE,D,20200729,000000,8.15,8.25,8.1,8.1,1042,0
WSO1.DE,D,20200730,000000,8.05,8.225,7.925,8.05,1323,0
WSO1.DE,D,20200731,000000,8.025,8.175,7.8,7.875,2126,0
WSO1.DE,D,20200803,000000,8,8.15,7.95,8.15,580,0
WSO1.DE,D,20200804,000000,8.2,8.225,8,8.1,1046,0
WSO1.DE,D,20200805,000000,8.1,8.225,7.95,8,1266,0
WSO1.DE,D,20200806,000000,8.55,8.55,7.9,8.025,2309,0
WSO1.DE,D,20200807,000000,7.875,7.9,7.725,7.85,1557,0
WSO1.DE,D,20200810,000000,7.825,8.05,7.5,7.65,2167,0
WSO1.DE,D,20200811,000000,8.125,8.125,7.725,7.975,2619,0
WSO1.DE,D,20200812,000000,7.925,7.95,7.725,7.95,507,0
WSO1.DE,D,20200813,000000,7.975,8.075,7.725,7.975,2734,0
WSO1.DE,D,20200814,000000,8.05,8.15,7.875,8,2653,0
WSO1.DE,D,20200817,000000,7.975,8.05,7.6,7.75,2943,0
WSO1.DE,D,20200818,000000,7.875,8.2,7.875,8.125,1291,0
WSO1.DE,D,20200819,000000,8.2,8.575,8.2,8.5,2769,0
WSO1.DE,D,20200820,000000,8.4,8.45,8.325,8.425,531,0
WSO1.DE,D,20200821,000000,8.425,8.425,8.025,8.1,978,0
WSO1.DE,D,20200824,000000,8.175,8.175,8.025,8.025,599,0
WSO1.DE,D,20200825,000000,8.175,8.3,8.05,8.05,926,0
WSO1.DE,D,20200826,000000,8,8,7.875,7.975,655,0
WSO1.DE,D,20200827,000000,8,8.05,7.975,8.025,1400,0
WSO1.DE,D,20200828,000000,8.1,8.35,8,8.325,1001,0
WSO1.DE,D,20200831,000000,8.325,8.425,8.1,8.175,1917,0
WSO1.DE,D,20200901,000000,8.15,8.15,7.925,8.125,1571,0
WSO1.DE,D,20200902,000000,8.025,8.15,8,8.05,934,0
WSO1.DE,D,20200903,000000,8,8.125,7.925,8.075,2357,0
WSO1.DE,D,20200904,000000,8,8.15,8,8.15,6106,0
WSO1.DE,D,20200907,000000,8.075,8.95,8.075,8.725,4318,0
WSO1.DE,D,20200908,000000,8.85,9.6,8.85,9.45,10471,0
WSO1.DE,D,20200909,000000,9.35,9.725,9.225,9.625,6404,0
WSO1.DE,D,20200910,000000,9.725,10.25,9.7,10.25,6590,0
WSO1.DE,D,20200911,000000,10.25,10.675,10.2,10.375,4413,0
WSO1.DE,D,20200914,000000,10.4,10.7,10.375,10.65,4918,0
WSO1.DE,D,20200915,000000,10.7,11.225,10.675,10.875,9419,0
WSO1.DE,D,20200916,000000,10.9,10.95,10.525,10.525,7529,0
WSO1.DE,D,20200917,000000,10.525,10.6,9.575,9.9,9964,0
WSO1.DE,D,20200918,000000,10.025,10.55,9.975,10.55,1662,0
WSO1.DE,D,20200921,000000,10.125,10.125,9.95,9.95,3052,0
WSO1.DE,D,20200922,000000,9.975,10.325,9.975,10.3,587,0
WSO1.DE,D,20200923,000000,10.275,10.6,10.275,10.55,600,0
WSO1.DE,D,20200924,000000,10.4,10.425,10.3,10.425,236,0
WSO1.DE,D,20200925,000000,10.325,10.35,10,10.075,1933,0
WSO1.DE,D,20200928,000000,10.125,10.2,10.075,10.15,993,0
WSO1.DE,D,20200929,000000,10.2,10.3,10.175,10.3,1530,0
WSO1.DE,D,20200930,000000,10.325,10.825,10.3,10.55,4021,0
WSO1.DE,D,20201001,000000,10.625,11.05,10.45,10.9,5022,0
WSO1.DE,D,20201002,000000,10.75,10.875,10.625,10.8,1210,0
WSO1.DE,D,20201005,000000,10.65,10.8,10.275,10.75,2041,0
WSO1.DE,D,20201006,000000,10.725,10.8,10.625,10.75,919,0
WSO1.DE,D,20201007,000000,10.625,11.3,10.6,11.3,2857,0
WSO1.DE,D,20201008,000000,11.375,11.5,11.175,11.3,1152,0
WSO1.DE,D,20201009,000000,11.3,11.55,11.05,11.4,3514,0
WSO1.DE,D,20201012,000000,11.5,11.75,11.425,11.75,8318,0
WSO1.DE,D,20201013,000000,11.75,12.1,11.75,11.85,7542,0
WSO1.DE,D,20201014,000000,12.2,12.2,11.45,11.8,12531,0
WSO1.DE,D,20201015,000000,11.65,11.65,10.85,11.6,15885,0
WSO1.DE,D,20201016,000000,11.7,11.85,11.4,11.55,9957,0
WSO1.DE,D,20201019,000000,11.6,11.75,11.55,11.6,7926,0
WSO1.DE,D,20201020,000000,11.55,11.6,10.95,10.95,15046,0
WSO1.DE,D,20201021,000000,10.9,11,10.6,11,10994,0
WSO1.DE,D,20201022,000000,10.2,10.9,9.5,10.65,37132,0
WSO1.DE,D,20201023,000000,10.65,10.9,10.55,10.8,10217,0
WSO1.DE,D,20201026,000000,10.6,10.65,10.3,10.6,16501,0
WSO1.DE,D,20201027,000000,10.6,10.6,10.2,10.5,11563,0
WSO1.DE,D,20201028,000000,10.45,10.5,8.64,9.42,98811,0
WSO1.DE,D,20201029,000000,9.2,10.4,9.2,10.4,21486,0
WSO1.DE,D,20201030,000000,10.4,10.4,10,10.4,15221,0
WSO1.DE,D,20201102,000000,10.4,11,10.1,11,12510,0
WSO1.DE,D,20201103,000000,10.95,11.2,10.9,11.2,5483,0
WSO1.DE,D,20201104,000000,11.05,11.5,11.05,11.5,6096,0
WSO1.DE,D,20201105,000000,11.85,12.5,11.8,12.4,18392,0
WSO1.DE,D,20201106,000000,12.4,12.5,11.9,12.5,12041,0
WSO1.DE,D,20201109,000000,12.6,13.7,12.6,12.85,38655,0
WSO1.DE,D,20201110,000000,12.8,13.25,12.1,12.4,19701,0
WSO1.DE,D,20201111,000000,12.45,12.65,12.15,12.4,24362,0
WSO1.DE,D,20201112,000000,12.2,12.45,12.2,12.4,6603,0
WSO1.DE,D,20201113,000000,12.2,12.7,12.2,12.65,9865,0
WSO1.DE,D,20201116,000000,12.85,13.3,12.65,13.25,19184,0
WSO1.DE,D,20201117,000000,13.5,14.2,13.2,13.25,13928,0
WSO1.DE,D,20201118,000000,13.35,14,13.25,13.7,33367,0
WSO1.DE,D,20201119,000000,13.3,14,13.3,14,9673,0
WSO1.DE,D,20201120,000000,13.8,14.3,13.75,13.75,16190,0
WSO1.DE,D,20201123,000000,13.9,14.4,13.75,13.85,11928,0
WSO1.DE,D,20201124,000000,13.95,13.95,13,13.55,21243,0
WSO1.DE,D,20201125,000000,13.65,13.65,12.45,13.2,20029,0
WSO1.DE,D,20201126,000000,13.2,14.25,13,14.1,23345,0
WSO1.DE,D,20201127,000000,14,14.1,13.9,14,16667,0
WSO1.DE,D,20201130,000000,14,14.6,13.9,14.3,19898,0
WSO1.DE,D,20201201,000000,14.25,14.5,14.05,14.3,15925,0
WSO1.DE,D,20201202,000000,14.3,15.6,14.05,15.6,44194,0
WSO1.DE,D,20201203,000000,15.5,15.85,14.7,15.65,69815,0
WSO1.DE,D,20201204,000000,15.7,15.7,15,15.5,30824,0
WSO1.DE,D,20201207,000000,15.1,15.6,14.8,15.5,25128,0
WSO1.DE,D,20201208,000000,15.5,15.95,14.7,14.7,24617,0
WSO1.DE,D,20201209,000000,14.65,14.9,13.85,14.3,18114,0
WSO1.DE,D,20201210,000000,14.15,15.3,14.15,14.6,19154,0
WSO1.DE,D,20201211,000000,14.3,14.75,14.15,14.15,13902,0
WSO1.DE,D,20201214,000000,14.4,14.4,13.8,14.05,11270,0
WSO1.DE,D,20201215,000000,14.2,14.5,14.1,14.5,7280,0
WSO1.DE,D,20201216,000000,14.5,14.95,13.9,14.1,15531,0
WSO1.DE,D,20201217,000000,14.3,14.45,14.25,14.35,17936,0
WSO1.DE,D,20201218,000000,14.4,15.15,14.15,15.15,19817,0
WSO1.DE,D,20201221,000000,15.4,15.4,14.05,14.5,19932,0
WSO1.DE,D,20201222,000000,14.4,15,14.2,14.55,5020,0
WSO1.DE,D,20201223,000000,14.45,14.45,13.75,13.8,17965,0
WSO1.DE,D,20201228,000000,14.2,14.3,13.85,14.15,11636,0
WSO1.DE,D,20201229,000000,14.25,14.25,13.8,13.9,5023,0
WSO1.DE,D,20201230,000000,13.8,15,13.8,15,13976,0
WSO1.DE,D,20210104,000000,15,16.05,14.95,15.7,28623,0
WSO1.DE,D,20210105,000000,15.55,16.15,15.3,15.5,38691,0
WSO1.DE,D,20210106,000000,15.4,15.6,15.35,15.4,16881,0
WSO1.DE,D,20210107,000000,15.4,16.1,15.3,16,23950,0
WSO1.DE,D,20210108,000000,16,17.25,16,17,18310,0
WSO1.DE,D,20210111,000000,17.1,19,17.1,18.1,41095,0
WSO1.DE,D,20210112,000000,18.1,18.75,18.1,18.65,27639,0
WSO1.DE,D,20210113,000000,18.75,19.2,18.15,18.35,18403,0
WSO1.DE,D,20210114,000000,18.6,18.95,18.5,18.55,32820,0
WSO1.DE,D,20210115,000000,18.6,18.75,18.1,18.35,14195,0
WSO1.DE,D,20210118,000000,18.45,18.6,18.2,18.55,18434,0
WSO1.DE,D,20210119,000000,18.55,18.8,18.2,18.6,40759,0
WSO1.DE,D,20210120,000000,18.8,19.05,18.25,19.05,41465,0
WSO1.DE,D,20210121,000000,19.05,19.5,18.9,19.2,26629,0
WSO1.DE,D,20210122,000000,19.2,19.25,18.7,19,10474,0
WSO1.DE,D,20210125,000000,19.25,19.25,18.1,18.15,18888,0
WSO1.DE,D,20210126,000000,18.65,19,18.4,18.4,19261,0
WSO1.DE,D,20210127,000000,18.9,19.1,16.1,17.4,57739,0
WSO1.DE,D,20210128,000000,16.75,17.8,16.2,17.55,24667,0
WSO1.DE,D,20210129,000000,17.7,18,16.95,17.25,13178,0
WSO1.DE,D,20210201,000000,17.15,18.6,17.15,18.45,14458,0
WSO1.DE,D,20210202,000000,18.55,20.1,18.55,19.8,29084,0
WSO1.DE,D,20210203,000000,20.5,22.4,20.3,22.3,42230,0
WSO1.DE,D,20210204,000000,22.5,23.5,21.6,21.9,63701,0
WSO1.DE,D,20210205,000000,22.4,23.1,22.1,22.6,25662,0
WSO1.DE,D,20210208,000000,23.4,25.1,23.1,24.2,57486,0
WSO1.DE,D,20210209,000000,24.4,24.4,23.6,23.9,19501,0
WSO1.DE,D,20210210,000000,24.5,24.5,21.9,23.6,41703,0
WSO1.DE,D,20210211,000000,23.7,24.8,23.6,24.6,24244,0
WSO1.DE,D,20210212,000000,24.8,26.5,24.7,25.7,41515,0
WSO1.DE,D,20210215,000000,26.3,29.7,26.3,28,59677,0
WSO1.DE,D,20210216,000000,29,29.3,28.6,28.9,30028,0
WSO1.DE,D,20210217,000000,29.2,29.5,26.9,27.1,26838,0
WSO1.DE,D,20210218,000000,27.4,27.6,22.8,23.6,48521,0
WSO1.DE,D,20210219,000000,24.1,27,23.9,24.4,64184,0
WSO1.DE,D,20210222,000000,25.3,26,24.7,25.5,22604,0
WSO1.DE,D,20210223,000000,25.7,25.7,22.3,23.4,58705,0
WSO1.DE,D,20210224,000000,23.4,24.8,23.4,23.6,20773,0
WSO1.DE,D,20210225,000000,24.1,24.7,21.2,21.9,49440,0
WSO1.DE,D,20210226,000000,21,22.8,20.3,22,57407,0
WSO1.DE,D,20210301,000000,22.1,23.2,21.9,23.2,26509,0
WSO1.DE,D,20210302,000000,23.4,23.5,22,22.1,15763,0
WSO1.DE,D,20210303,000000,22.3,22.5,21.4,21.5,10847,0
WSO1.DE,D,20210304,000000,21,21.1,18.1,18.2,147340,0
WSO1.DE,D,20210305,000000,18.25,19,17.5,18.1,24345,0
WSO1.DE,D,20210308,000000,18.35,18.7,18.05,18.1,16264,0
WSO1.DE,D,20210309,000000,18.2,20.2,18,19.05,49046,0
WSO1.DE,D,20210310,000000,19.75,19.9,18.8,18.8,28104,0
WSO1.DE,D,20210311,000000,19.45,19.45,18.85,19.15,19101,0
WSO1.DE,D,20210312,000000,19.45,19.6,19,19.4,22841,0
WSO1.DE,D,20210315,000000,19.4,20.9,19.4,20,25427,0
WSO1.DE,D,20210316,000000,20,21.1,20,20,20051,0
WSO1.DE,D,20210317,000000,20.6,20.6,19.3,19.3,14001,0
WSO1.DE,D,20210318,000000,19.2,20.2,19.15,19.8,30864,0
WSO1.DE,D,20210319,000000,19.4,19.5,19,19.3,5093,0
WSO1.DE,D,20210322,000000,19.75,19.75,19.3,19.4,6393,0
WSO1.DE,D,20210323,000000,19.3,19.4,18.25,18.25,19390,0
WSO1.DE,D,20210324,000000,18.15,19.15,18.15,18.15,17874,0
WSO1.DE,D,20210325,000000,18.05,18.1,17.25,17.95,15945,0
WSO1.DE,D,20210326,000000,17.75,18.5,17.75,17.95,9334,0
WSO1.DE,D,20210329,000000,18.15,18.3,17.75,17.85,4585,0
WSO1.DE,D,20210330,000000,17.75,17.95,17.4,17.9,8669,0
WSO1.DE,D,20210331,000000,17.9,19.2,17.9,19.05,14755,0
WSO1.DE,D,20210401,000000,18.45,19,18.45,18.8,2081,0
WSO1.DE,D,20210406,000000,18.95,19.15,18.4,18.4,8716,0
WSO1.DE,D,20210407,000000,18.8,18.8,18.1,18.15,3844,0
WSO1.DE,D,20210408,000000,17.9,18.1,17.8,17.95,3711,0
WSO1.DE,D,20210409,000000,17.95,18.25,17.8,18.1,2986,0
WSO1.DE,D,20210412,000000,18,18.05,16.4,17.75,58744,0
WSO1.DE,D,20210413,000000,17.25,18.15,17.25,17.8,14036,0
WSO1.DE,D,20210414,000000,18.25,19.2,18.2,18.9,15792,0
WSO1.DE,D,20210415,000000,18.9,19.75,18.4,19.6,18023,0
WSO1.DE,D,20210416,000000,19.95,20.9,19.7,20.7,36410,0
WSO1.DE,D,20210419,000000,21.4,21.6,20.5,21.2,19517,0
WSO1.DE,D,20210420,000000,20.9,21.3,20.2,20.2,17650,0
WSO1.DE,D,20210421,000000,20.1,21.4,20.1,21.4,21408,0
WSO1.DE,D,20210422,000000,20.8,21,20,20.5,7061,0
WSO1.DE,D,20210423,000000,20.6,22.1,20.4,20.9,38050,0
WSO1.DE,D,20210426,000000,21.5,22.2,21.2,22.2,18716,0
WSO1.DE,D,20210427,000000,22.2,23.5,22.2,23.4,12345,0
WSO1.DE,D,20210428,000000,23.7,24.1,22.8,23.7,14126,0
WSO1.DE,D,20210429,000000,23.6,23.8,22.4,22.8,8630,0
WSO1.DE,D,20210430,000000,22.4,22.7,21.7,22.7,13748,0
WSO1.DE,D,20210503,000000,22.3,22.7,22,22.5,4530,0
WSO1.DE,D,20210504,000000,22.8,22.9,20.7,21.4,14705,0
WSO1.DE,D,20210505,000000,21,21.7,20.9,21.3,7564,0
WSO1.DE,D,20210506,000000,20.7,22.8,20.5,21.6,35255,0
WSO1.DE,D,20210507,000000,21.8,22.5,21.7,22,7421,0
WSO1.DE,D,20210510,000000,22.2,22.2,21.5,21.8,9572,0
WSO1.DE,D,20210511,000000,21.8,22.2,21.2,22,17990,0
WSO1.DE,D,20210512,000000,22,22.8,21.6,22.5,14595,0
WSO1.DE,D,20210513,000000,22.4,22.8,20.9,22.8,26885,0
WSO1.DE,D,20210514,000000,22.9,23,22.3,23,11710,0
WSO1.DE,D,20210517,000000,23.2,23.2,22.5,23.2,5509,0
WSO1.DE,D,20210518,000000,23,23,22.6,22.9,3210,0
WSO1.DE,D,20210519,000000,22.7,23.1,22.7,23,9970,0
WSO1.DE,D,20210520,000000,22.8,25.5,22.8,25.4,57711,0
WSO1.DE,D,20210521,000000,25.4,25.4,24.5,24.7,48160,0
WSO1.DE,D,20210525,000000,25.3,26.5,25.3,26,36102,0
WSO1.DE,D,20210526,000000,25.6,27.6,25.6,27.5,21443,0
WSO1.DE,D,20210527,000000,27.5,27.7,26.6,27.2,15674,0
WSO1.DE,D,20210528,000000,27.1,28.6,27.1,28.5,11662,0
WSO1.DE,D,20210531,000000,28.8,29.7,28.6,29.2,10867,0
WSO1.DE,D,20210601,000000,29,29.6,26.2,26.9,39043,0
WSO1.DE,D,20210602,000000,27,29,26.9,28.1,19130,0
WSO1.DE,D,20210603,000000,27.9,28.1,26.9,27.1,9700,0
WSO1.DE,D,20210604,000000,27.5,28.6,27.3,28.4,10184,0
WSO1.DE,D,20210607,000000,28.5,29.2,28,28.7,7646,0
WSO1.DE,D,20210608,000000,28.6,29.1,27.5,28.4,14637,0
WSO1.DE,D,20210609,000000,28,28.2,27.1,28,7849,0
WSO1.DE,D,20210610,000000,28.2,28.2,27,27.7,14168,0
WSO1.DE,D,20210611,000000,27.6,29,27.6,28.7,24826,0
WSO1.DE,D,20210614,000000,28.9,29,28.8,29,7158,0
WSO1.DE,D,20210615,000000,29,29.4,27.1,27.1,12130,0
WSO1.DE,D,20210616,000000,27,27.7,25.8,27.2,62843,0
WSO1.DE,D,20210617,000000,26.6,26.6,24.6,26.2,62265,0
WSO1.DE,D,20210618,000000,26.1,26.4,24.9,25.7,29871,0
WSO1.DE,D,20210621,000000,25.8,26.4,25.5,26.2,9141,0
WSO1.DE,D,20210622,000000,26.2,26.4,25.8,26,9631,0
WSO1.DE,D,20210623,000000,26.3,26.3,25.5,25.5,5843,0
WSO1.DE,D,20210624,000000,25.8,26.4,25.8,26.1,3920,0
WSO1.DE,D,20210625,000000,26.2,26.4,25.8,26.4,8732,0
WSO1.DE,D,20210628,000000,26.6,26.6,26,26.1,6786,0
WSO1.DE,D,20210629,000000,26.6,26.7,26.3,26.5,2333,0
WSO1.DE,D,20210630,000000,26.7,26.7,24.6,24.9,22616,0
WSO1.DE,D,20210701,000000,25.5,25.5,24.3,24.7,12737,0
WSO1.DE,D,20210702,000000,24.7,25.6,24.3,25.4,18513,0
WSO1.DE,D,20210705,000000,25.2,26.4,25.2,26.1,10092,0
WSO1.DE,D,20210706,000000,26.3,26.5,25.6,26,9274,0
WSO1.DE,D,20210707,000000,26.2,26.4,26,26.1,5137,0
WSO1.DE,D,20210708,000000,26,26,23.8,24,17237,0
WSO1.DE,D,20210709,000000,24.7,26,24.7,25.6,10226,0
WSO1.DE,D,20210712,000000,25.2,26,24.9,25.5,11114,0
WSO1.DE,D,20210713,000000,25.3,25.5,24.2,24.9,10818,0
WSO1.DE,D,20210714,000000,24.6,24.7,23.2,23.6,51867,0
WSO1.DE,D,20210715,000000,23.3,23.3,22.5,23.1,17907,0
WSO1.DE,D,20210716,000000,23,23,21.7,22,34274,0
WSO1.DE,D,20210719,000000,22.1,22.1,19.95,21,36171,0
WSO1.DE,D,20210720,000000,21,21.7,21,21.2,14679,0
WSO1.DE,D,20210721,000000,21.5,23,21.5,21.9,35154,0
WSO1.DE,D,20210722,000000,23.1,23.7,22.5,22.8,32774,0
WSO1.DE,D,20210723,000000,23,23.2,22.5,22.5,14888,0
WSO1.DE,D,20210726,000000,22.8,22.9,22.5,22.5,6917,0
WSO1.DE,D,20210727,000000,22.4,22.6,22,22.6,4493,0
WSO1.DE,D,20210728,000000,22.3,23.6,22.2,23.2,7501,0
WSO1.DE,D,20210729,000000,23.4,24.5,23.4,23.5,9397,0
WSO1.DE,D,20210730,000000,23.9,24.4,23.2,23.4,18760,0
WSO1.DE,D,20210802,000000,23.5,23.5,21.8,22.9,13337,0
WSO1.DE,D,20210803,000000,23,23,21.8,22.1,16305,0
WSO1.DE,D,20210804,000000,22.4,22.6,22.2,22.3,6984,0
WSO1.DE,D,20210805,000000,22.6,23.2,22.4,23.1,19169,0
WSO1.DE,D,20210806,000000,23.2,23.6,22.9,23.2,6164,0
WSO1.DE,D,20210809,000000,23.5,24.6,23.2,24.4,22913,0
WSO1.DE,D,20210810,000000,24.5,25.1,24.5,24.7,12725,0
WSO1.DE,D,20210811,000000,24.5,25.1,24,24.9,22884,0
WSO1.DE,D,20210812,000000,25.2,25.2,24.4,24.7,12986,0
WSO1.DE,D,20210813,000000,24.8,25.5,24.2,24.5,19949,0
WSO1.DE,D,20210816,000000,24.6,24.6,23.4,23.6,5471,0
WSO1.DE,D,20210817,000000,23.4,23.8,23.1,23.8,3778,0
WSO1.DE,D,20210818,000000,23.9,24.1,23.7,23.9,1856,0
WSO1.DE,D,20210819,000000,23.6,23.7,22.6,23.2,25052,0
WSO1.DE,D,20210820,000000,23.2,25.5,22.8,25.2,27753,0
WSO1.DE,D,20210823,000000,25.1,25.3,23.5,24.8,12141,0
WSO1.DE,D,20210824,000000,25,25.8,24.2,24.6,27052,0
