<TICKER>,<PER>,<DATE>,<TIME>,<OPEN>,<HIGH>,<LOW>,<CLOSE>,<VOL>,<OPENINT>
XDEW.DE,D,20150121,000000,32.09,32.3,31.94,32.299999,1228,0
XDEW.DE,D,20150122,000000,32.65,32.98,32.65,32.959999,2512,0
XDEW.DE,D,20150123,000000,33.53,34.13,33.53,33.630001,682,0
XDEW.DE,D,20150126,000000,33.64,33.64,33.34,33.459999,228,0
XDEW.DE,D,20150127,000000,33.7,33.7,33.08,33.080002,271,0
XDEW.DE,D,20150128,000000,33.14,33.44,33.099998,33.099998,1248,0
XDEW.DE,D,20150129,000000,33,33,32.709999,32.709999,93,0
XDEW.DE,D,20150130,000000,32.72,32.810001,32.72,32.810001,836,0
XDEW.DE,D,20150202,000000,32.8,32.8,32.799999,32.799999,0,0
XDEW.DE,D,20150203,000000,33.16,33.16,32.82,32.869999,2045,0
XDEW.DE,D,20150204,000000,33.09,33.330002,33.09,33.330002,835,0
XDEW.DE,D,20150205,000000,33.11,33.5,33.11,33.48,390,0
XDEW.DE,D,20150206,000000,33.39,33.85,33.39,33.849998,26468,0
XDEW.DE,D,20150209,000000,33.46,33.69,33.46,33.689999,181,0
XDEW.DE,D,20150210,000000,33.84,33.84,33.689999,33.689999,87,0
XDEW.DE,D,20150211,000000,33.89,33.89,33.86,33.880001,301,0
XDEW.DE,D,20150212,000000,34.04,34.04,33.88,33.880001,40,0
XDEW.DE,D,20150213,000000,34.04,34.11,34.04,34.040001,3821,0
XDEW.DE,D,20150216,000000,34.1,34.16,34.1,34.16,18528,0
XDEW.DE,D,20150217,000000,34.25,34.25,33.9,34.110001,542,0
XDEW.DE,D,20150218,000000,34.33,34.33,34.12,34.279999,448,0
XDEW.DE,D,20150219,000000,34.13,34.34,34.13,34.279999,713,0
XDEW.DE,D,20150220,000000,34.53,34.53,34.279999,34.279999,105,0
XDEW.DE,D,20150223,000000,34.63,34.63,34.51,34.52,226,0
XDEW.DE,D,20150224,000000,34.69,34.69,34.51,34.610001,428,0
XDEW.DE,D,20150225,000000,34.54,34.61,34.49,34.549999,805,0
XDEW.DE,D,20150226,000000,34.55,34.93,34.52,34.93,3469,0
XDEW.DE,D,20150227,000000,34.73,34.86,34.73,34.830002,210,0
XDEW.DE,D,20150302,000000,34.86,34.990002,34.62,34.990002,556,0
XDEW.DE,D,20150303,000000,35.06,35.12,34.75,34.75,599,0
XDEW.DE,D,20150304,000000,34.85,35.05,34.85,35.049999,8,0
XDEW.DE,D,20150305,000000,34.99,35.27,34.99,35.27,480,0
XDEW.DE,D,20150306,000000,35.59,35.59,35.439999,35.439999,179,0
XDEW.DE,D,20150309,000000,35.4,35.44,35.17,35.369999,502,0
XDEW.DE,D,20150310,000000,35.67,35.67,35.41,35.41,829,0
XDEW.DE,D,20150311,000000,35.95,35.95,35.76,35.790001,173,0
XDEW.DE,D,20150312,000000,35.8,36.040001,35.64,36.040001,8062,0
XDEW.DE,D,20150313,000000,36.07,36.21,36.06,36.060001,1177,0
XDEW.DE,D,20150316,000000,36.21,36.3,36.16,36.25,477,0
XDEW.DE,D,20150317,000000,36.11,36.21,36.11,36.209999,5,0
XDEW.DE,D,20150318,000000,36.2,36.2,36.04,36.049999,2003,0
XDEW.DE,D,20150319,000000,36.48,36.48,36.34,36.380001,406,0
XDEW.DE,D,20150320,000000,36.11,36.16,36.11,36.16,6,0
XDEW.DE,D,20150323,000000,35.9,36.04,35.9,35.91,585,0
XDEW.DE,D,20150324,000000,35.78,35.78,35.54,35.77,1575,0
XDEW.DE,D,20150325,000000,35.34,35.34,35.11,35.110001,307,0
XDEW.DE,D,20150326,000000,34.79,35.1,34.79,35.099998,42123,0
XDEW.DE,D,20150327,000000,35.31,35.31,35.17,35.18,677,0
XDEW.DE,D,20150330,000000,35.59,35.85,35.59,35.849998,184,0
XDEW.DE,D,20150331,000000,36.1,36.150002,36.1,36.150002,404,0
XDEW.DE,D,20150401,000000,35.87,35.87,35.69,35.69,2720,0
XDEW.DE,D,20150402,000000,35.4,35.650002,35.4,35.650002,1131,0
XDEW.DE,D,20150407,000000,35.94,36.04,35.94,36.009998,1254,0
XDEW.DE,D,20150408,000000,35.73,36.01,35.64,36.009998,992,0
XDEW.DE,D,20150409,000000,36.23,36.44,35.99,36.439999,1618,0
XDEW.DE,D,20150410,000000,36.95,37.01,36.95,37.009998,622,0
XDEW.DE,D,20150413,000000,37.11,37.110001,37.11,37.110001,0,0
XDEW.DE,D,20150414,000000,36.99,37.05,36.63,36.630001,197,0
XDEW.DE,D,20150415,000000,37.08,37.16,36.95,37.080002,5488,0
XDEW.DE,D,20150416,000000,36.85,36.85,36.619999,36.619999,563,0
XDEW.DE,D,20150417,000000,36.07,36.09,36.07,36.09,111,0
XDEW.DE,D,20150420,000000,36.35,36.51,36.35,36.490002,3649,0
XDEW.DE,D,20150421,000000,36.83,36.83,36.41,36.41,3093,0
XDEW.DE,D,20150422,000000,36.22,36.5,36.19,36.5,1430,0
XDEW.DE,D,20150423,000000,36.46,36.46,36.31,36.369999,839,0
XDEW.DE,D,20150424,000000,36.28,36.28,36.209999,36.209999,918,0
XDEW.DE,D,20150427,000000,36.31,36.31,36.13,36.130001,1844,0
XDEW.DE,D,20150428,000000,35.64,35.82,35.64,35.669998,998,0
XDEW.DE,D,20150429,000000,35.74,35.74,35.04,35.040001,1529,0
XDEW.DE,D,20150430,000000,34.9,34.9,34.75,34.849998,226,0
XDEW.DE,D,20150504,000000,35.35,35.35,35.27,35.27,60,0
XDEW.DE,D,20150505,000000,35.35,35.35,34.83,34.830002,1170,0
XDEW.DE,D,20150506,000000,34.71,34.71,34.169998,34.169998,111,0
XDEW.DE,D,20150507,000000,33.79,34.37,33.79,34.369999,2542,0
XDEW.DE,D,20150508,000000,34.56,34.98,34.56,34.98,143,0
XDEW.DE,D,20150511,000000,35.2,35.200001,35.2,35.200001,479,0
XDEW.DE,D,20150512,000000,34.49,34.700001,34.49,34.700001,670,0
XDEW.DE,D,20150513,000000,34.88,34.88,34.33,34.330002,669,0
XDEW.DE,D,20150514,000000,34.17,34.51,34.17,34.509998,56,0
XDEW.DE,D,20150515,000000,34.74,34.74,34.349998,34.349998,1621,0
XDEW.DE,D,20150518,000000,34.4,34.76,34.4,34.759998,1173,0
XDEW.DE,D,20150519,000000,35.48,35.48,35.37,35.419998,438,0
XDEW.DE,D,20150520,000000,35.46,35.55,35.46,35.549999,206,0
XDEW.DE,D,20150521,000000,35.19,35.57,35.19,35.57,321,0
XDEW.DE,D,20150522,000000,35.31,35.77,35.31,35.77,306,0
XDEW.DE,D,20150526,000000,36.25,36.25,35.919998,35.919998,1394,0
XDEW.DE,D,20150527,000000,35.81,36.02,35.81,36.02,215,0
XDEW.DE,D,20150528,000000,35.89,35.96,35.89,35.959999,549,0
XDEW.DE,D,20150529,000000,35.81,35.95,35.57,35.57,557,0
XDEW.DE,D,20150601,000000,35.78,35.78,35.779999,35.779999,0,0
XDEW.DE,D,20150602,000000,35.54,35.54,35.139999,35.139999,118,0
XDEW.DE,D,20150603,000000,34.85,34.85,34.849998,34.849998,0,0
XDEW.DE,D,20150604,000000,34.55,34.55,34.549999,34.549999,0,0
XDEW.DE,D,20150605,000000,34.9,35.05,34.889999,34.889999,135,0
XDEW.DE,D,20150608,000000,34.93,34.93,34.5,34.5,2064,0
XDEW.DE,D,20150609,000000,34.25,34.290001,34.12,34.290001,571,0
XDEW.DE,D,20150610,000000,34.25,34.48,34.25,34.48,458,0
XDEW.DE,D,20150611,000000,34.58,34.740002,34.58,34.740002,21,0
XDEW.DE,D,20150612,000000,34.92,34.92,34.509998,34.509998,86,0
XDEW.DE,D,20150615,000000,34.43,34.56,34.32,34.32,385,0
XDEW.DE,D,20150616,000000,34.29,34.46,34.29,34.459999,439,0
XDEW.DE,D,20150617,000000,34.63,34.66,34.549999,34.549999,42,0
XDEW.DE,D,20150618,000000,34.14,34.450001,34.14,34.450001,23,0
XDEW.DE,D,20150619,000000,34.71,34.86,34.6,34.650002,1141,0
XDEW.DE,D,20150622,000000,34.86,34.86,34.58,34.599998,18364,0
XDEW.DE,D,20150623,000000,35.13,35.13,35.03,35.07,454,0
XDEW.DE,D,20150624,000000,35.05,35.05,35.029999,35.029999,220,0
XDEW.DE,D,20150625,000000,34.98,34.98,34.83,34.830002,25114,0
XDEW.DE,D,20150626,000000,34.72,34.89,34.65,34.889999,225,0
XDEW.DE,D,20150629,000000,34.68,34.69,34.369999,34.369999,571,0
XDEW.DE,D,20150630,000000,34.03,34.3,34.03,34.200001,41314,0
XDEW.DE,D,20150701,000000,34.54,34.78,34.54,34.630001,8759,0
XDEW.DE,D,20150702,000000,34.76,34.81,34.58,34.580002,420,0
XDEW.DE,D,20150703,000000,34.61,34.65,34.47,34.52,3154,0
XDEW.DE,D,20150706,000000,34.47,34.62,34.47,34.549999,1232,0
XDEW.DE,D,20150707,000000,35.03,35.03,34.49,34.490002,2294,0
XDEW.DE,D,20150708,000000,34.43,34.71,34.27,34.360001,630,0
XDEW.DE,D,20150709,000000,34.24,34.65,34.24,34.52,2131,0
XDEW.DE,D,20150710,000000,34.58,34.58,34.17,34.349998,1695,0
XDEW.DE,D,20150713,000000,34.44,35.05,34.44,35.049999,1346,0
XDEW.DE,D,20150714,000000,35.33,35.33,34.93,35.240002,5291,0
XDEW.DE,D,20150715,000000,35.31,35.380001,35.31,35.380001,107,0
XDEW.DE,D,20150716,000000,35.71,35.77,35.59,35.77,3491,0
XDEW.DE,D,20150717,000000,35.77,35.8,35.64,35.650002,31040,0
XDEW.DE,D,20150720,000000,35.86,35.86,35.6,35.669998,2336,0
XDEW.DE,D,20150721,000000,35.84,35.84,35.29,35.290001,2336,0
XDEW.DE,D,20150722,000000,35.28,35.34,35.28,35.34,1341,0
XDEW.DE,D,20150723,000000,35.21,35.21,35,35.09,313,0
XDEW.DE,D,20150724,000000,35,35.2,34.77,34.77,1176,0
XDEW.DE,D,20150727,000000,34.3,34.3,33.97,33.97,1824,0
XDEW.DE,D,20150728,000000,34.34,34.39,34.23,34.39,2974,0
XDEW.DE,D,20150729,000000,34.51,34.84,34.49,34.84,675,0
XDEW.DE,D,20150730,000000,35,35.21,35,35.21,807,0
XDEW.DE,D,20150731,000000,35.26,35.26,35.02,35.03,367,0
XDEW.DE,D,20150803,000000,35,35.22,34.98,35.12,9865,0
XDEW.DE,D,20150804,000000,35.03,35.06,34.81,35.06,5456,0
XDEW.DE,D,20150805,000000,35.4,35.56,35.4,35.56,613,0
XDEW.DE,D,20150806,000000,35.28,35.45,34.94,34.94,729,0
XDEW.DE,D,20150807,000000,35.01,35.06,34.74,34.74,1619,0
XDEW.DE,D,20150810,000000,34.9,35.16,34.9,35.14,9049,0
XDEW.DE,D,20150811,000000,35.2,35.2,34.64,34.64,1328,0
XDEW.DE,D,20150812,000000,34.2,34.2,33.88,33.88,19,0
XDEW.DE,D,20150813,000000,34.72,34.73,34.35,34.41,1105,0
XDEW.DE,D,20150814,000000,34.33,34.52,34.33,34.52,112,0
XDEW.DE,D,20150817,000000,34.78,34.86,34.56,34.86,519,0
XDEW.DE,D,20150818,000000,35,35.16,35,35.06,1722,0
XDEW.DE,D,20150819,000000,34.81,34.81,34.51,34.51,500,0
XDEW.DE,D,20150820,000000,34.34,34.34,33.77,33.88,1002,0
XDEW.DE,D,20150821,000000,33,33.35,32.44,32.44,12736,0
XDEW.DE,D,20150824,000000,31.1,31.31,29.96,30.55,97284,0
XDEW.DE,D,20150825,000000,30.69,31.3,30.69,31.3,47377,0
XDEW.DE,D,20150826,000000,30.48,30.96,30.48,30.53,36111,0
XDEW.DE,D,20150827,000000,31.53,32.31,31.53,32.31,267,0
XDEW.DE,D,20150828,000000,32.44,32.81,32.26,32.81,8057,0
XDEW.DE,D,20150831,000000,32.45,32.55,32.36,32.55,407,0
XDEW.DE,D,20150901,000000,31.92,31.92,31.46,31.72,1687,0
XDEW.DE,D,20150902,000000,31.87,31.87,31.59,31.59,395,0
XDEW.DE,D,20150903,000000,32.17,32.72,32.07,32.72,1237,0
XDEW.DE,D,20150904,000000,32.1,32.13,31.89,32.01,875,0
XDEW.DE,D,20150907,000000,32.1,32.16,32,32.07,9113,0
XDEW.DE,D,20150908,000000,32.42,32.62,32.3,32.3,142,0
XDEW.DE,D,20150909,000000,33.02,33.02,32.72,32.75,160,0
XDEW.DE,D,20150910,000000,32.21,32.53,31.98,31.98,68038,0
XDEW.DE,D,20150911,000000,31.84,31.95,31.69,31.69,66250,0
XDEW.DE,D,20150914,000000,31.99,31.99,31.85,31.85,11,0
XDEW.DE,D,20150915,000000,32.21,32.21,32.21,32.21,0,0
XDEW.DE,D,20150916,000000,32.45,32.52,32.33,32.52,245,0
XDEW.DE,D,20150917,000000,32.72,32.72,32.6,32.68,95,0
XDEW.DE,D,20150918,000000,32.32,32.32,31.92,32.09,1142,0
XDEW.DE,D,20150921,000000,31.87,32.56,31.87,32.56,2484,0
XDEW.DE,D,20150922,000000,32.03,32.24,32.02,32.02,116,0
XDEW.DE,D,20150923,000000,32.22,32.22,31.93,31.93,482,0
XDEW.DE,D,20150924,000000,31.43,31.43,31.07,31.19,449,0
XDEW.DE,D,20150925,000000,32.21,32.21,31.92,31.92,271,0
XDEW.DE,D,20150928,000000,31.48,31.61,31.01,31.01,208,0
XDEW.DE,D,20150929,000000,30.8,30.92,30.72,30.72,3877,0
XDEW.DE,D,20150930,000000,30.96,31.39,30.96,31.39,755,0
XDEW.DE,D,20151001,000000,31.81,31.81,31.33,31.33,139,0
XDEW.DE,D,20151002,000000,31.74,31.74,30.88,31.15,6319,0
XDEW.DE,D,20151005,000000,31.93,32.38,31.93,32.38,300,0
XDEW.DE,D,20151006,000000,32.49,32.52,32.38,32.38,150,0
XDEW.DE,D,20151007,000000,32.74,32.74,32.44,32.44,80,0
XDEW.DE,D,20151008,000000,32.55,32.71,32.46,32.71,18937,0
XDEW.DE,D,20151009,000000,32.79,32.88,32.79,32.82,209,0
XDEW.DE,D,20151012,000000,32.76,32.78,32.67,32.73,317,0
XDEW.DE,D,20151013,000000,32.6,32.72,32.6,32.7,397,0
XDEW.DE,D,20151014,000000,32.33,32.38,32.14,32.14,755,0
XDEW.DE,D,20151015,000000,32.32,32.32,32.32,32.32,0,0
XDEW.DE,D,20151016,000000,32.82,32.87,32.73,32.78,295,0
XDEW.DE,D,20151019,000000,32.84,32.96,32.84,32.89,283,0
XDEW.DE,D,20151020,000000,32.82,32.9,32.59,32.9,3077,0
XDEW.DE,D,20151021,000000,32.94,32.98,32.76,32.89,417,0
XDEW.DE,D,20151022,000000,32.8,33.58,32.74,33.58,20347,0
XDEW.DE,D,20151023,000000,33.88,34.09,33.88,34.09,256,0
XDEW.DE,D,20151026,000000,34.08,34.08,33.91,34.03,236,0
XDEW.DE,D,20151027,000000,33.99,33.99,33.78,33.78,2046,0
XDEW.DE,D,20151028,000000,33.95,34.08,33.81,34.08,5436,0
XDEW.DE,D,20151029,000000,34.41,34.52,34.41,34.48,611,0
XDEW.DE,D,20151030,000000,34.5,34.51,34.34,34.34,11464,0
XDEW.DE,D,20151102,000000,34.2,34.46,34.2,34.46,10704,0
XDEW.DE,D,20151103,000000,34.72,34.95,34.72,34.95,759,0
XDEW.DE,D,20151104,000000,35.1,35.35,35.1,35.12,6561,0
XDEW.DE,D,20151105,000000,35.26,35.26,35.01,35.01,1468,0
XDEW.DE,D,20151106,000000,35.02,35.52,35.02,35.33,1755,0
XDEW.DE,D,20151109,000000,35.4,35.4,34.88,34.88,278,0
XDEW.DE,D,20151110,000000,35.03,35.26,35.03,35.17,1385,0
XDEW.DE,D,20151111,000000,35.33,35.45,35.04,35.04,1178,0
XDEW.DE,D,20151112,000000,35.11,35.11,34.66,34.66,1838,0
XDEW.DE,D,20151113,000000,34.38,34.38,34.2,34.3,3740,0
XDEW.DE,D,20151116,000000,34.21,34.3,34.21,34.3,1743,0
XDEW.DE,D,20151117,000000,34.85,35.19,34.85,35.19,4318,0
XDEW.DE,D,20151118,000000,34.95,35.2,34.87,35.2,5949,0
XDEW.DE,D,20151119,000000,35.37,35.38,35.06,35.06,8217,0
XDEW.DE,D,20151120,000000,35.39,35.57,35.39,35.57,366,0
XDEW.DE,D,20151123,000000,35.64,35.8,35.56,35.8,254,0
XDEW.DE,D,20151124,000000,35.38,35.45,35.33,35.45,1030,0
XDEW.DE,D,20151125,000000,35.91,35.91,35.76,35.76,933,0
XDEW.DE,D,20151126,000000,35.85,35.96,35.85,35.92,465,0
XDEW.DE,D,20151127,000000,35.63,35.89,35.63,35.84,11080,0
XDEW.DE,D,20151130,000000,35.77,35.99,35.77,35.89,1964,0
XDEW.DE,D,20151201,000000,35.86,35.88,35.68,35.8,107279,0
XDEW.DE,D,20151202,000000,36,36.15,35.95,35.95,1839,0
XDEW.DE,D,20151203,000000,36.01,36.08,34.45,34.45,796,0
XDEW.DE,D,20151204,000000,34.42,34.5,34.32,34.5,270,0
XDEW.DE,D,20151207,000000,34.9,35.03,34.52,34.52,1797,0
XDEW.DE,D,20151208,000000,34.52,34.52,34.23,34.23,553,0
XDEW.DE,D,20151209,000000,34.02,34.02,33.8,33.96,14451,0
XDEW.DE,D,20151210,000000,33.79,33.87,33.79,33.87,88,0
XDEW.DE,D,20151211,000000,33.79,33.79,33.19,33.19,4588,0
XDEW.DE,D,20151214,000000,33.37,33.37,32.55,32.55,9720,0
XDEW.DE,D,20151215,000000,33.11,33.59,33.11,33.59,18246,0
XDEW.DE,D,20151216,000000,33.69,33.87,33.66,33.66,1209,0
XDEW.DE,D,20151217,000000,34.44,34.46,33.97,33.97,2767,0
XDEW.DE,D,20151218,000000,33.68,33.68,33.48,33.48,291,0
XDEW.DE,D,20151221,000000,33.45,33.48,33.02,33.02,6678,0
XDEW.DE,D,20151222,000000,33.43,33.43,33.24,33.27,7386,0
XDEW.DE,D,20151223,000000,33.75,34.19,33.69,34.19,1376,0
XDEW.DE,D,20151228,000000,33.79,33.83,33.65,33.65,885,0
XDEW.DE,D,20151229,000000,34,34.35,34,34.35,1478,0
XDEW.DE,D,20151230,000000,34.34,34.34,34.26,34.28,1041,0
XDEW.DE,D,20160104,000000,33.41,33.57,33.28,33.57,722,0
XDEW.DE,D,20160105,000000,33.83,34.07,33.82,34.07,1544,0
XDEW.DE,D,20160106,000000,33.75,33.75,33.6,33.6,875,0
XDEW.DE,D,20160107,000000,32.34,32.71,32.34,32.71,2409,0
XDEW.DE,D,20160108,000000,31.94,31.94,31.94,31.94,0,0
XDEW.DE,D,20160111,000000,31.94,32.08,31.66,31.66,1559,0
XDEW.DE,D,20160112,000000,32.02,32.02,31.78,31.78,19,0
XDEW.DE,D,20160113,000000,32.29,32.29,31.96,31.96,20314,0
XDEW.DE,D,20160114,000000,30.87,31.27,30.84,31.27,4408,0
XDEW.DE,D,20160115,000000,30.89,31.02,30.64,30.64,4547,0
XDEW.DE,D,20160118,000000,30.98,31.1,30.89,30.93,4497,0
XDEW.DE,D,20160119,000000,31.36,31.46,31.03,31.03,3996,0
XDEW.DE,D,20160120,000000,30.09,30.2,29.98,29.98,1747,0
XDEW.DE,D,20160121,000000,30.45,30.98,30.32,30.98,27237,0
XDEW.DE,D,20160122,000000,31.54,31.54,31.41,31.41,10,0
XDEW.DE,D,20160125,000000,31.59,31.59,31.25,31.25,1400,0
XDEW.DE,D,20160126,000000,31.29,31.29,31.29,31.29,0,0
XDEW.DE,D,20160127,000000,31.25,31.53,31.25,31.53,23712,0
XDEW.DE,D,20160128,000000,31.26,31.3,30.91,30.91,5340,0
XDEW.DE,D,20160129,000000,31.47,31.83,31.2,31.83,3058,0
XDEW.DE,D,20160201,000000,31.83,31.95,31.74,31.95,1775,0
XDEW.DE,D,20160202,000000,31.64,31.64,31.44,31.5,7888,0
XDEW.DE,D,20160203,000000,31.46,31.46,30.63,30.77,841,0
XDEW.DE,D,20160204,000000,30.95,30.95,30.94,30.94,64,0
XDEW.DE,D,20160205,000000,30.97,30.97,30.64,30.64,356,0
XDEW.DE,D,20160208,000000,30.09,30.32,29.68,29.68,1553,0
XDEW.DE,D,20160209,000000,29.79,29.93,29.28,29.33,6075,0
XDEW.DE,D,20160210,000000,29.85,30.2,29.77,29.77,50049,0
XDEW.DE,D,20160211,000000,28.7,28.78,28.61,28.61,556,0
XDEW.DE,D,20160212,000000,29.14,29.75,29.14,29.75,6573,0
XDEW.DE,D,20160215,000000,30.07,30.41,30.07,30.41,5373,0
XDEW.DE,D,20160216,000000,30.33,30.41,30.32,30.38,17792,0
XDEW.DE,D,20160217,000000,30.76,31.33,30.71,31.22,19676,0
XDEW.DE,D,20160218,000000,31.31,31.48,31.24,31.24,17935,0
XDEW.DE,D,20160219,000000,31.19,31.19,31.1,31.1,100,0
XDEW.DE,D,20160222,000000,31.88,31.88,31.88,31.88,0,0
XDEW.DE,D,20160223,000000,31.85,31.85,31.6,31.6,200,0
XDEW.DE,D,20160224,000000,31.61,31.61,31.21,31.21,36100,0
XDEW.DE,D,20160225,000000,31.75,31.88,31.74,31.76,1554,0
XDEW.DE,D,20160226,000000,32.46,32.6,32.23,32.5,4128,0
XDEW.DE,D,20160229,000000,32.35,32.79,32.35,32.79,346,0
XDEW.DE,D,20160301,000000,32.66,32.93,32.66,32.93,11233,0
XDEW.DE,D,20160302,000000,33.16,33.26,33.13,33.26,5581,0
XDEW.DE,D,20160303,000000,33.28,33.34,33.17,33.17,134,0
XDEW.DE,D,20160304,000000,33.46,33.6,33.38,33.57,779,0
XDEW.DE,D,20160307,000000,33.49,33.67,33.45,33.6,12911,0
XDEW.DE,D,20160308,000000,33.38,33.46,33.05,33.05,107,0
XDEW.DE,D,20160309,000000,33.18,33.18,33.18,33.18,0,0
XDEW.DE,D,20160310,000000,33.39,33.95,32.43,32.43,942,0
XDEW.DE,D,20160311,000000,33.37,33.37,33.15,33.31,1065,0
XDEW.DE,D,20160314,000000,33.59,33.59,33.46,33.46,15142,0
XDEW.DE,D,20160315,000000,33.37,33.39,33.23,33.23,1101,0
XDEW.DE,D,20160316,000000,33.4,33.53,33.4,33.48,16350,0
XDEW.DE,D,20160317,000000,33.3,33.3,32.94,33.28,742,0
XDEW.DE,D,20160318,000000,33.48,33.7,33.48,33.6,1700,0
XDEW.DE,D,20160321,000000,33.7,33.7,33.56,33.63,119,0
XDEW.DE,D,20160322,000000,33.52,33.83,33.52,33.83,432,0
XDEW.DE,D,20160323,000000,33.95,33.96,33.63,33.74,2111,0
XDEW.DE,D,20160324,000000,33.59,33.59,33.34,33.34,1213,0
XDEW.DE,D,20160329,000000,33.67,33.67,33.42,33.43,463,0
XDEW.DE,D,20160330,000000,33.66,33.66,33.52,33.52,517,0
XDEW.DE,D,20160331,000000,33.54,33.54,33.35,33.38,609,0
XDEW.DE,D,20160401,000000,33.37,33.38,33.37,33.38,18,0
XDEW.DE,D,20160404,000000,33.4,33.65,33.4,33.42,2454,0
XDEW.DE,D,20160405,000000,33.12,33.12,33,33.02,42908,0
XDEW.DE,D,20160406,000000,33.1,33.1,33.1,33.1,0,0
XDEW.DE,D,20160407,000000,33.1,33.19,32.99,32.99,774,0
XDEW.DE,D,20160408,000000,33.23,33.23,33.01,33.01,789,0
XDEW.DE,D,20160411,000000,32.96,33.17,32.94,32.94,646,0
XDEW.DE,D,20160412,000000,32.99,33.2,32.99,33.2,317,0
XDEW.DE,D,20160413,000000,33.71,33.98,33.71,33.98,957,0
XDEW.DE,D,20160414,000000,34.03,34.11,34.01,34.11,627,0
XDEW.DE,D,20160415,000000,34.02,34.02,33.86,33.96,843,0
XDEW.DE,D,20160418,000000,33.82,33.99,33.82,33.99,237,0
XDEW.DE,D,20160419,000000,34.2,34.23,34.11,34.11,2510,0
XDEW.DE,D,20160420,000000,34.16,34.33,34.16,34.33,37,0
XDEW.DE,D,20160421,000000,34.39,34.5,34.37,34.37,3059,0
XDEW.DE,D,20160422,000000,34.39,34.54,34.22,34.47,4034,0
XDEW.DE,D,20160425,000000,34.4,34.49,34.2,34.2,770,0
XDEW.DE,D,20160426,000000,34.37,34.39,34.33,34.33,219,0
XDEW.DE,D,20160427,000000,34.48,34.5,34.42,34.5,714,0
XDEW.DE,D,20160428,000000,34.29,34.63,34.23,34.63,1654,0
XDEW.DE,D,20160429,000000,34.04,34.07,33.4,33.4,2250,0
XDEW.DE,D,20160502,000000,33.52,33.52,33.51,33.52,383,0
XDEW.DE,D,20160503,000000,33.45,33.46,33.12,33.13,792,0
XDEW.DE,D,20160504,000000,33.39,33.39,33.05,33.05,1082,0
XDEW.DE,D,20160505,000000,33.37,33.48,33.37,33.48,269,0
XDEW.DE,D,20160506,000000,33.23,33.24,33.02,33.22,1939,0
XDEW.DE,D,20160509,000000,33.78,33.78,33.37,33.37,195,0
XDEW.DE,D,20160510,000000,33.73,33.75,33.62,33.75,1657,0
XDEW.DE,D,20160511,000000,33.83,33.83,33.63,33.63,1997,0
XDEW.DE,D,20160512,000000,33.63,33.74,33.38,33.38,2400,0
XDEW.DE,D,20160513,000000,33.51,33.81,33.48,33.81,1795,0
XDEW.DE,D,20160517,000000,33.71,33.74,33.71,33.74,222,0
XDEW.DE,D,20160518,000000,33.7,33.72,33.67,33.72,617,0
XDEW.DE,D,20160519,000000,33.66,33.7,33.44,33.48,41108,0
XDEW.DE,D,20160520,000000,33.76,34.01,33.76,34.01,114,0
XDEW.DE,D,20160523,000000,33.9,33.97,33.76,33.97,455,0
XDEW.DE,D,20160524,000000,33.89,34.49,33.89,34.49,2462,0
XDEW.DE,D,20160525,000000,34.67,34.75,34.67,34.75,170,0
XDEW.DE,D,20160526,000000,34.75,34.8,34.7,34.7,214,0
XDEW.DE,D,20160527,000000,34.65,34.98,34.65,34.98,10947,0
XDEW.DE,D,20160530,000000,35.05,35.11,35.05,35.11,3572,0
XDEW.DE,D,20160531,000000,35.03,35.03,35.03,35.03,0,0
XDEW.DE,D,20160601,000000,34.8,34.88,34.8,34.88,9700,0
XDEW.DE,D,20160602,000000,34.81,35.01,34.81,35.01,181,0
XDEW.DE,D,20160603,000000,35.24,35.24,34.34,34.34,1604,0
XDEW.DE,D,20160606,000000,34.44,34.62,34.44,34.62,370,0
XDEW.DE,D,20160607,000000,34.87,34.87,34.87,34.87,0,0
XDEW.DE,D,20160608,000000,34.79,34.83,34.74,34.74,514,0
XDEW.DE,D,20160609,000000,34.67,34.83,34.67,34.81,2059,0
XDEW.DE,D,20160610,000000,34.84,34.84,34.63,34.75,2226,0
XDEW.DE,D,20160613,000000,34.36,34.66,34.36,34.47,2091,0
XDEW.DE,D,20160614,000000,34.27,34.27,34.27,34.27,234,0
XDEW.DE,D,20160615,000000,34.37,34.41,34.37,34.41,22,0
XDEW.DE,D,20160616,000000,34.05,34.38,34.05,34.38,1178,0
XDEW.DE,D,20160617,000000,34.26,34.28,34.15,34.22,2112,0
XDEW.DE,D,20160620,000000,34.44,34.66,34.44,34.66,355,0
XDEW.DE,D,20160621,000000,34.6,34.6,34.6,34.6,0,0
XDEW.DE,D,20160622,000000,34.65,34.67,34.65,34.67,144,0
XDEW.DE,D,20160623,000000,34.46,34.67,34.46,34.67,773,0
XDEW.DE,D,20160624,000000,34.11,34.47,34.11,34.47,2130,0
XDEW.DE,D,20160627,000000,34.09,34.09,33.58,33.58,408,0
XDEW.DE,D,20160628,000000,33.63,33.8,33.46,33.8,1941,0
XDEW.DE,D,20160629,000000,34.2,34.45,34.2,34.45,891,0
XDEW.DE,D,20160630,000000,34.53,34.81,34.53,34.81,178,0
XDEW.DE,D,20160701,000000,35.2,35.22,34.96,35.08,2263,0
XDEW.DE,D,20160704,000000,35.41,35.41,35.1,35.1,3049,0
XDEW.DE,D,20160705,000000,34.86,34.98,34.77,34.77,50957,0
XDEW.DE,D,20160706,000000,34.89,34.89,34.82,34.82,984,0
XDEW.DE,D,20160707,000000,35.12,35.18,35.09,35.18,2027,0
XDEW.DE,D,20160708,000000,35.23,35.73,35.23,35.73,463,0
XDEW.DE,D,20160711,000000,35.85,36.03,35.85,36.03,558,0
XDEW.DE,D,20160712,000000,35.92,36.32,35.92,36.32,779,0
XDEW.DE,D,20160713,000000,36.4,36.4,36.06,36.06,1708,0
XDEW.DE,D,20160714,000000,36.4,36.48,36.32,36.32,1575,0
XDEW.DE,D,20160715,000000,36.4,36.45,36.4,36.45,88,0
XDEW.DE,D,20160718,000000,36.48,36.48,36.42,36.42,63,0
XDEW.DE,D,20160719,000000,36.33,36.57,36.33,36.57,27,0
XDEW.DE,D,20160720,000000,36.74,36.78,36.62,36.78,175,0
XDEW.DE,D,20160721,000000,36.58,36.82,36.58,36.82,497,0
XDEW.DE,D,20160722,000000,36.66,36.86,36.62,36.86,4011,0
XDEW.DE,D,20160725,000000,36.89,36.96,36.83,36.83,1785,0
XDEW.DE,D,20160726,000000,36.78,36.97,36.75,36.89,1255,0
XDEW.DE,D,20160727,000000,37.03,37.03,36.83,36.83,10289,0
XDEW.DE,D,20160728,000000,36.48,36.48,36.41,36.41,356,0
XDEW.DE,D,20160729,000000,36.4,36.4,36.28,36.28,1022,0
XDEW.DE,D,20160801,000000,36.53,36.53,36.29,36.29,259,0
XDEW.DE,D,20160802,000000,35.99,36.06,35.63,35.63,306,0
XDEW.DE,D,20160803,000000,35.64,35.91,35.64,35.91,163,0
XDEW.DE,D,20160804,000000,36.11,36.2,36.11,36.2,1780,0
XDEW.DE,D,20160805,000000,36.67,36.69,36.67,36.69,70,0
XDEW.DE,D,20160808,000000,36.63,36.79,36.63,36.75,742,0
XDEW.DE,D,20160809,000000,36.63,36.63,36.63,36.63,0,0
XDEW.DE,D,20160810,000000,36.41,36.42,36.23,36.23,1461,0
XDEW.DE,D,20160811,000000,36.32,36.48,36.32,36.48,307,0
XDEW.DE,D,20160812,000000,36.28,36.51,36.28,36.51,1873,0
XDEW.DE,D,20160815,000000,36.61,36.61,36.61,36.61,0,0
XDEW.DE,D,20160816,000000,36.21,36.21,36.15,36.18,4220,0
XDEW.DE,D,20160817,000000,36.13,36.15,35.93,35.93,1570,0
XDEW.DE,D,20160818,000000,36.05,36.09,36.01,36.09,1385,0
XDEW.DE,D,20160819,000000,36.02,36.11,36.02,36.11,3300,0
XDEW.DE,D,20160822,000000,36.16,36.18,36.05,36.05,2179,0
XDEW.DE,D,20160823,000000,36.15,36.33,36.15,36.33,55,0
XDEW.DE,D,20160824,000000,36.42,36.42,36.42,36.42,0,0
XDEW.DE,D,20160825,000000,36.14,36.25,36.14,36.25,463,0
XDEW.DE,D,20160826,000000,36.15,36.4,36.15,36.4,135,0
XDEW.DE,D,20160829,000000,36.38,36.61,36.38,36.61,893,0
XDEW.DE,D,20160830,000000,36.59,36.59,36.59,36.59,24,0
XDEW.DE,D,20160831,000000,36.39,36.39,36.39,36.39,0,0
XDEW.DE,D,20160901,000000,36.64,36.64,36.16,36.16,146,0
XDEW.DE,D,20160902,000000,36.25,36.61,36.24,36.57,3652,0
XDEW.DE,D,20160905,000000,36.56,36.61,36.55,36.61,3997,0
XDEW.DE,D,20160906,000000,36.57,36.6,36.3,36.3,1437,0
XDEW.DE,D,20160907,000000,36.33,36.37,36.29,36.37,883,0
XDEW.DE,D,20160908,000000,36.48,36.48,36.37,36.37,596,0
XDEW.DE,D,20160909,000000,36.09,36.09,36.01,36.01,270,0
XDEW.DE,D,20160912,000000,35.13,35.65,35.12,35.65,151,0
XDEW.DE,D,20160913,000000,35.83,35.83,35.33,35.33,813,0
XDEW.DE,D,20160914,000000,35.47,35.54,35.28,35.28,1324,0
XDEW.DE,D,20160915,000000,35.31,35.66,35.27,35.66,459,0
XDEW.DE,D,20160916,000000,35.58,35.68,35.53,35.68,372,0
XDEW.DE,D,20160919,000000,35.94,35.94,35.94,35.94,758,0
XDEW.DE,D,20160920,000000,35.84,35.84,35.83,35.84,565,0
XDEW.DE,D,20160921,000000,35.94,35.94,35.94,35.94,0,0
XDEW.DE,D,20160922,000000,35.94,36.21,35.94,36.21,1229,0
XDEW.DE,D,20160923,000000,36.27,36.27,36.27,36.27,0,0
XDEW.DE,D,20160926,000000,35.98,35.98,35.76,35.76,2426,0
XDEW.DE,D,20160927,000000,36.06,36.06,35.92,36,709,0
XDEW.DE,D,20160928,000000,36.24,36.24,36,36,9613,0
XDEW.DE,D,20160929,000000,36.32,36.32,36.18,36.18,4553,0
XDEW.DE,D,20160930,000000,36.19,36.19,36.14,36.19,1170,0
XDEW.DE,D,20161004,000000,36.33,36.42,36.22,36.29,11372,0
XDEW.DE,D,20161005,000000,35.83,36.15,35.83,36.15,89,0
XDEW.DE,D,20161006,000000,36.14,36.18,36.08,36.12,4632,0
XDEW.DE,D,20161007,000000,36.39,36.39,36.1,36.1,846,0
XDEW.DE,D,20161010,000000,36.15,36.36,36.1,36.36,190,0
XDEW.DE,D,20161011,000000,36.37,36.37,36.13,36.13,103,0
XDEW.DE,D,20161012,000000,36.24,36.27,36.17,36.27,2218,0
XDEW.DE,D,20161013,000000,35.99,35.99,35.94,35.94,240,0
XDEW.DE,D,20161014,000000,36.23,36.25,36.23,36.23,341,0
XDEW.DE,D,20161017,000000,36.1,36.1,36.05,36.09,1546,0
XDEW.DE,D,20161018,000000,36.17,36.34,36.15,36.28,3278,0
XDEW.DE,D,20161019,000000,36.31,36.53,36.13,36.53,2031,0
XDEW.DE,D,20161020,000000,36.5,36.59,36.5,36.55,608,0
XDEW.DE,D,20161021,000000,36.54,36.72,36.49,36.72,42000,0
XDEW.DE,D,20161024,000000,36.87,36.9,36.87,36.87,311,0
XDEW.DE,D,20161025,000000,36.87,36.87,36.65,36.65,421,0
XDEW.DE,D,20161026,000000,36.43,36.59,36.43,36.59,265,0
XDEW.DE,D,20161027,000000,36.57,36.65,36.31,36.31,1757,0
XDEW.DE,D,20161028,000000,36.13,36.47,36.13,36.47,5607,0
XDEW.DE,D,20161031,000000,36.34,36.34,36.25,36.27,6749,0
XDEW.DE,D,20161101,000000,36.2,36.2,35.65,35.65,787,0
XDEW.DE,D,20161102,000000,35.34,35.47,35.26,35.26,932,0
XDEW.DE,D,20161103,000000,35.22,35.22,35.22,35.22,0,0
XDEW.DE,D,20161104,000000,35.04,35.26,35.03,35.26,1145,0
XDEW.DE,D,20161107,000000,35.58,35.97,35.58,35.93,16784,0
XDEW.DE,D,20161108,000000,36.02,36.12,35.99,36.12,2313,0
XDEW.DE,D,20161109,000000,34.88,36.81,34.88,36.81,3163,0
XDEW.DE,D,20161110,000000,37.22,37.53,37.22,37.39,14364,0
XDEW.DE,D,20161111,000000,37.45,37.45,37.25,37.38,9112,0
XDEW.DE,D,20161114,000000,37.89,38.32,37.88,38.21,12760,0
XDEW.DE,D,20161115,000000,38.23,38.33,38.13,38.33,396,0
XDEW.DE,D,20161116,000000,38.52,38.63,38.45,38.54,12216,0
XDEW.DE,D,20161117,000000,38.4,38.76,38.4,38.76,458,0
XDEW.DE,D,20161118,000000,38.95,39.08,38.91,39,1102,0
XDEW.DE,D,20161121,000000,38.97,39.17,38.9,39.17,1454,0
XDEW.DE,D,20161122,000000,39.24,39.33,39.17,39.17,3658,0
XDEW.DE,D,20161123,000000,39.35,39.53,39.22,39.53,2622,0
XDEW.DE,D,20161124,000000,39.7,39.7,39.6,39.67,941,0
XDEW.DE,D,20161125,000000,39.55,39.58,39.44,39.58,1677,0
XDEW.DE,D,20161128,000000,39.22,39.63,39.22,39.47,606,0
XDEW.DE,D,20161129,000000,39.37,39.48,39.33,39.4,899,0
XDEW.DE,D,20161130,000000,39.25,39.72,39.25,39.66,10132,0
XDEW.DE,D,20161201,000000,39.3,39.45,39.25,39.34,828,0
XDEW.DE,D,20161202,000000,39.07,39.13,39,39.13,999,0
XDEW.DE,D,20161205,000000,39.32,39.42,39.09,39.17,2317,0
XDEW.DE,D,20161206,000000,38.99,39.14,38.99,39.07,8935,0
XDEW.DE,D,20161207,000000,39.22,39.37,39.22,39.37,1886,0
XDEW.DE,D,20161208,000000,39.48,40.33,39.48,40.33,706,0
XDEW.DE,D,20161209,000000,40.41,40.71,40.41,40.69,2833,0
XDEW.DE,D,20161212,000000,40.76,40.76,40.48,40.48,1246,0
XDEW.DE,D,20161213,000000,40.48,40.49,40.28,40.28,1037,0
XDEW.DE,D,20161214,000000,40.41,40.41,40.21,40.21,45,0
XDEW.DE,D,20161215,000000,40.79,41.15,40.73,41.15,25515,0
XDEW.DE,D,20161216,000000,40.89,40.98,40.82,40.92,1643,0
XDEW.DE,D,20161219,000000,40.81,40.95,40.8,40.8,1111,0
XDEW.DE,D,20161220,000000,41.18,41.31,41.18,41.25,3814,0
XDEW.DE,D,20161221,000000,41.14,41.14,41.02,41.04,3556,0
XDEW.DE,D,20161222,000000,40.81,40.88,40.64,40.66,11702,0
XDEW.DE,D,20161223,000000,40.73,40.77,40.73,40.75,2122,0
XDEW.DE,D,20161227,000000,40.94,40.94,40.81,40.91,9180,0
XDEW.DE,D,20161228,000000,40.89,41.13,40.89,40.94,5202,0
XDEW.DE,D,20161229,000000,40.43,40.56,40.38,40.38,3688,0
XDEW.DE,D,20161230,000000,40.18,40.3,40.18,40.3,10082,0
XDEW.DE,D,20170102,000000,40.44,40.65,40.15,40.65,5634,0
XDEW.DE,D,20170103,000000,40.82,41.18,40.75,40.75,4599,0
XDEW.DE,D,20170104,000000,40.86,40.94,40.81,40.94,1603,0
XDEW.DE,D,20170105,000000,40.63,40.93,40.33,40.33,576,0
XDEW.DE,D,20170106,000000,40.46,40.65,40.36,40.65,5458,0
XDEW.DE,D,20170109,000000,40.86,40.86,40.52,40.52,1097,0
XDEW.DE,D,20170110,000000,40.41,40.53,40.41,40.53,514,0
XDEW.DE,D,20170111,000000,40.56,40.95,40.56,40.6,4090,0
XDEW.DE,D,20170112,000000,40.18,40.26,39.88,39.92,13971,0
XDEW.DE,D,20170113,000000,40.22,40.43,40.19,40.43,6797,0
XDEW.DE,D,20170116,000000,40.38,40.48,40.37,40.39,1804,0
XDEW.DE,D,20170117,000000,40.07,40.13,39.85,40.02,2273,0
XDEW.DE,D,20170118,000000,40.07,40.12,40.07,40.12,270,0
XDEW.DE,D,20170119,000000,40.26,40.26,40.26,40.26,0,0
XDEW.DE,D,20170120,000000,40.11,40.28,40.11,40.15,949,0
XDEW.DE,D,20170123,000000,39.77,39.89,39.68,39.71,14725,0
XDEW.DE,D,20170124,000000,39.79,39.97,39.75,39.97,885,0
XDEW.DE,D,20170125,000000,40.25,40.45,40.19,40.37,2118,0
XDEW.DE,D,20170126,000000,40.6,40.74,40.51,40.74,359,0
XDEW.DE,D,20170127,000000,40.72,40.72,40.46,40.46,995,0
XDEW.DE,D,20170130,000000,40.52,40.55,40.01,40.01,221,0
XDEW.DE,D,20170131,000000,40.05,40.05,39.63,39.63,2251,0
XDEW.DE,D,20170201,000000,40.04,40.17,39.88,39.93,12044,0
XDEW.DE,D,20170202,000000,39.63,39.87,39.58,39.85,11375,0
XDEW.DE,D,20170203,000000,40.06,40.21,40.05,40.21,5000,0
XDEW.DE,D,20170206,000000,40.32,40.36,40.31,40.31,3557,0
XDEW.DE,D,20170207,000000,40.61,40.61,40.44,40.44,1010,0
XDEW.DE,D,20170208,000000,40.6,40.6,40.32,40.37,546,0
XDEW.DE,D,20170209,000000,40.42,40.89,40.42,40.89,393,0
XDEW.DE,D,20170210,000000,41.01,41.01,41,41,104,0
XDEW.DE,D,20170213,000000,41.2,41.44,41.17,41.44,4016,0
XDEW.DE,D,20170214,000000,41.34,41.55,41.33,41.55,1458,0
XDEW.DE,D,20170215,000000,41.8,41.81,41.71,41.71,559,0
XDEW.DE,D,20170216,000000,41.68,41.68,41.38,41.38,193,0
XDEW.DE,D,20170217,000000,41.47,41.5,41.26,41.5,3856,0
XDEW.DE,D,20170220,000000,41.75,41.78,41.72,41.78,1049,0
XDEW.DE,D,20170221,000000,42.1,42.17,42.08,42.17,1536,0
XDEW.DE,D,20170222,000000,42.37,42.38,42.19,42.19,2178,0
XDEW.DE,D,20170223,000000,42.22,42.22,41.92,41.92,1445,0
XDEW.DE,D,20170224,000000,41.89,41.92,41.64,41.92,3431,0
XDEW.DE,D,20170227,000000,42.02,42.05,41.94,41.94,1646,0
XDEW.DE,D,20170228,000000,42.06,42.13,41.88,41.93,4623,0
XDEW.DE,D,20170301,000000,42.31,42.52,42.31,42.52,1132,0
XDEW.DE,D,20170302,000000,42.8,42.8,42.5,42.5,1230,0
XDEW.DE,D,20170303,000000,42.34,42.34,42.17,42.22,3623,0
XDEW.DE,D,20170306,000000,41.83,42.08,41.83,41.9,1644,0
XDEW.DE,D,20170307,000000,41.98,42.06,41.85,41.85,1020,0
XDEW.DE,D,20170308,000000,41.85,41.96,41.85,41.94,834,0
XDEW.DE,D,20170309,000000,41.94,41.94,41.68,41.76,791,0
XDEW.DE,D,20170310,000000,41.71,41.74,41.46,41.46,2056,0
XDEW.DE,D,20170313,000000,41.42,41.51,41.42,41.51,660,0
XDEW.DE,D,20170314,000000,41.66,41.7,41.43,41.43,4652,0
XDEW.DE,D,20170315,000000,41.75,41.75,41.75,41.75,10,0
XDEW.DE,D,20170316,000000,41.76,41.76,41.45,41.48,21635,0
XDEW.DE,D,20170317,000000,41.41,41.49,41.32,41.48,1922,0
XDEW.DE,D,20170320,000000,41.28,41.38,41.24,41.36,1036,0
XDEW.DE,D,20170321,000000,41.21,41.21,40.66,40.66,26050,0
XDEW.DE,D,20170322,000000,40.48,40.6,40.47,40.56,875,0
XDEW.DE,D,20170323,000000,40.7,40.94,40.7,40.94,832,0
XDEW.DE,D,20170324,000000,40.7,40.78,40.61,40.74,1921,0
XDEW.DE,D,20170327,000000,40.16,40.22,39.98,40.22,3495,0
XDEW.DE,D,20170328,000000,40.46,40.56,40.3,40.56,2501,0
XDEW.DE,D,20170329,000000,40.97,41.17,40.97,41.17,244,0
XDEW.DE,D,20170330,000000,41.21,41.5,41.21,41.5,2080,0
XDEW.DE,D,20170331,000000,41.51,41.58,41.51,41.55,387,0
XDEW.DE,D,20170403,000000,41.6,41.72,41.32,41.32,2074,0
XDEW.DE,D,20170404,000000,41.52,41.52,41.4,41.41,1487,0
XDEW.DE,D,20170405,000000,41.35,41.7,41.35,41.7,3697,0
XDEW.DE,D,20170406,000000,41.34,41.58,41.34,41.58,155,0
XDEW.DE,D,20170407,000000,41.64,41.68,41.64,41.68,541,0
XDEW.DE,D,20170410,000000,41.87,41.97,41.79,41.79,2731,0
XDEW.DE,D,20170411,000000,41.71,41.71,41.5,41.5,235,0
XDEW.DE,D,20170412,000000,41.8,41.8,41.48,41.48,344,0
XDEW.DE,D,20170413,000000,41.39,41.49,41.32,41.49,1187,0
XDEW.DE,D,20170418,000000,41.47,41.47,41.06,41.06,1264,0
XDEW.DE,D,20170419,000000,41.13,41.28,41.09,41.28,1048,0
XDEW.DE,D,20170420,000000,41.01,41.08,40.93,41.08,2613,0
XDEW.DE,D,20170421,000000,41.44,41.5,41.36,41.36,1184,0
XDEW.DE,D,20170424,000000,41.26,41.3,41.04,41.04,46924,0
XDEW.DE,D,20170425,000000,41.13,41.13,41.01,41.01,2156,0
XDEW.DE,D,20170426,000000,41.26,41.49,41.25,41.49,1459,0
XDEW.DE,D,20170427,000000,41.2,41.33,41.2,41.25,795,0
XDEW.DE,D,20170428,000000,41.22,41.22,40.96,40.96,6900,0
XDEW.DE,D,20170502,000000,40.98,41,40.89,40.95,1437,0
XDEW.DE,D,20170503,000000,40.92,40.92,40.76,40.78,1203,0
XDEW.DE,D,20170504,000000,40.84,40.84,40.73,40.73,1269,0
XDEW.DE,D,20170505,000000,40.67,40.74,40.63,40.71,2331,0
XDEW.DE,D,20170508,000000,40.82,41.05,40.82,40.98,1083,0
XDEW.DE,D,20170509,000000,40.97,41.24,40.97,41.16,758,0
XDEW.DE,D,20170510,000000,41.09,41.29,41.08,41.29,610,0
XDEW.DE,D,20170511,000000,41.21,41.3,41.08,41.08,958,0
XDEW.DE,D,20170512,000000,41.08,41.08,40.82,40.82,836,0
XDEW.DE,D,20170515,000000,40.79,40.87,40.79,40.87,44,0
XDEW.DE,D,20170516,000000,40.59,40.59,40.35,40.35,245,0
XDEW.DE,D,20170517,000000,40.06,40.06,39.69,39.69,1785,0
XDEW.DE,D,20170518,000000,39.43,39.69,39.43,39.69,711,0
XDEW.DE,D,20170519,000000,39.71,39.71,39.71,39.71,0,0
XDEW.DE,D,20170522,000000,39.86,39.86,39.55,39.74,4149,0
XDEW.DE,D,20170523,000000,39.92,39.92,39.82,39.82,608,0
XDEW.DE,D,20170524,000000,39.96,40.05,39.95,40.05,1255,0
XDEW.DE,D,20170525,000000,39.95,40.1,39.95,40.09,1039,0
XDEW.DE,D,20170526,000000,40.13,40.24,40.06,40.24,1522,0
XDEW.DE,D,20170529,000000,40.27,40.28,40.19,40.24,3023,0
XDEW.DE,D,20170530,000000,40.37,40.37,40.13,40.13,722,0
XDEW.DE,D,20170531,000000,39.81,39.81,39.81,39.81,0,0
XDEW.DE,D,20170601,000000,40.05,40.26,40.03,40.26,17,0
XDEW.DE,D,20170602,000000,40.53,40.53,40.2,40.3,771,0
XDEW.DE,D,20170606,000000,40.36,40.36,40.13,40.13,154,0
XDEW.DE,D,20170607,000000,40.18,40.18,40.18,40.18,0,0
XDEW.DE,D,20170608,000000,40.24,40.34,40.24,40.32,4118,0
XDEW.DE,D,20170609,000000,40.42,40.71,40.42,40.7,1859,0
XDEW.DE,D,20170612,000000,40.39,40.53,40.35,40.53,2417,0
XDEW.DE,D,20170613,000000,40.59,40.7,40.59,40.7,1775,0
XDEW.DE,D,20170614,000000,40.75,40.84,40.43,40.44,323,0
XDEW.DE,D,20170615,000000,40.54,40.77,40.54,40.77,9732,0
XDEW.DE,D,20170616,000000,40.85,40.85,40.56,40.56,1356,0
XDEW.DE,D,20170619,000000,40.74,40.97,40.74,40.97,428,0
XDEW.DE,D,20170620,000000,41.07,41.08,40.82,40.96,410,0
XDEW.DE,D,20170621,000000,40.78,40.82,40.73,40.73,1740,0
XDEW.DE,D,20170622,000000,40.56,40.72,40.51,40.72,4447,0
XDEW.DE,D,20170623,000000,40.56,40.64,40.56,40.61,1110,0
XDEW.DE,D,20170626,000000,40.72,40.72,40.64,40.69,12,0
XDEW.DE,D,20170627,000000,40.5,40.51,40.37,40.37,4323,0
XDEW.DE,D,20170628,000000,40,40.23,40,40.23,4011,0
XDEW.DE,D,20170629,000000,39.97,40.02,39.71,39.71,4610,0
XDEW.DE,D,20170630,000000,39.75,39.84,39.75,39.81,975,0
XDEW.DE,D,20170703,000000,40.08,40.29,40.07,40.11,956,0
XDEW.DE,D,20170704,000000,40.3,40.32,40.23,40.23,677,0
XDEW.DE,D,20170705,000000,40.31,40.31,40.13,40.25,335,0
XDEW.DE,D,20170706,000000,39.92,39.92,39.72,39.72,376,0
XDEW.DE,D,20170707,000000,39.49,39.79,39.48,39.79,1558,0
XDEW.DE,D,20170710,000000,39.78,39.86,39.78,39.82,2729,0
XDEW.DE,D,20170711,000000,39.74,39.76,39.55,39.55,1894,0
XDEW.DE,D,20170712,000000,39.61,39.98,39.61,39.98,3281,0
XDEW.DE,D,20170713,000000,40.02,40.17,39.95,40.17,160,0
XDEW.DE,D,20170714,000000,40.08,40.11,40.01,40.04,2071,0
XDEW.DE,D,20170717,000000,40.2,40.22,40.08,40.16,1606,0
XDEW.DE,D,20170718,000000,39.97,40,39.6,39.65,22617,0
XDEW.DE,D,20170719,000000,39.85,40,39.85,40,4,0
XDEW.DE,D,20170720,000000,40.23,40.29,39.68,39.68,88,0
XDEW.DE,D,20170721,000000,39.69,39.71,39.64,39.65,1218,0
XDEW.DE,D,20170724,000000,39.62,39.71,39.62,39.65,10814,0
XDEW.DE,D,20170725,000000,39.7,39.83,39.7,39.83,2553,0
XDEW.DE,D,20170726,000000,39.9,39.9,39.82,39.82,251,0
XDEW.DE,D,20170727,000000,39.51,39.63,39.51,39.63,18218,0
XDEW.DE,D,20170728,000000,39.38,39.41,39.25,39.25,1190,0
XDEW.DE,D,20170731,000000,39.38,39.45,39.15,39.15,1271,0
XDEW.DE,D,20170801,000000,39.22,39.22,38.99,39.06,1086,0
XDEW.DE,D,20170802,000000,38.9,39.01,38.72,38.72,3935,0
XDEW.DE,D,20170803,000000,38.79,38.89,38.68,38.68,13506,0
XDEW.DE,D,20170804,000000,38.75,39.12,38.74,39.12,6056,0
XDEW.DE,D,20170807,000000,39.04,39.06,38.97,39.02,3396,0
XDEW.DE,D,20170808,000000,38.99,39.35,38.92,39.34,3199,0
XDEW.DE,D,20170809,000000,39.03,39.06,38.96,39.01,6716,0
XDEW.DE,D,20170810,000000,39.11,39.12,38.72,38.72,2698,0
XDEW.DE,D,20170811,000000,38.45,38.45,38.36,38.37,412,0
XDEW.DE,D,20170814,000000,38.49,38.81,38.49,38.81,5467,0
XDEW.DE,D,20170815,000000,38.85,38.91,38.85,38.86,1534,0
XDEW.DE,D,20170816,000000,38.88,39.09,38.88,39.09,1390,0
XDEW.DE,D,20170817,000000,38.96,39.02,38.75,38.75,1607,0
XDEW.DE,D,20170818,000000,38.27,38.36,38.27,38.32,3012,0
XDEW.DE,D,20170821,000000,38.16,38.25,37.91,38.01,3189,0
XDEW.DE,D,20170822,000000,38.43,38.43,38.43,38.43,1740,0
XDEW.DE,D,20170824,000000,38.3,38.42,38.28,38.28,1738,0
XDEW.DE,D,20170825,000000,38.43,38.43,38.14,38.14,917,0
XDEW.DE,D,20170828,000000,38.04,38.04,37.78,37.78,52,0
XDEW.DE,D,20170829,000000,37.45,37.47,37.23,37.47,9008,0
XDEW.DE,D,20170830,000000,37.9,38.03,37.86,38.03,271,0
XDEW.DE,D,20170831,000000,38.4,38.44,38.39,38.39,211,0
XDEW.DE,D,20170901,000000,38.47,38.68,38.39,38.59,967,0
XDEW.DE,D,20170904,000000,38.34,38.41,38.34,38.4,1940,0
XDEW.DE,D,20170905,000000,38.55,38.55,38.33,38.33,104,0
XDEW.DE,D,20170906,000000,38.17,38.28,38.17,38.23,808,0
XDEW.DE,D,20170907,000000,38.23,38.23,37.9,37.9,1184,0
XDEW.DE,D,20170908,000000,37.81,38.01,37.79,38.01,684,0
XDEW.DE,D,20170911,000000,38.29,38.51,38.24,38.51,13537,0
XDEW.DE,D,20170912,000000,38.58,38.71,38.58,38.71,227,0
XDEW.DE,D,20170913,000000,38.65,38.98,38.64,38.98,1900,0
XDEW.DE,D,20170914,000000,38.94,39.04,38.91,39,4811,0
XDEW.DE,D,20170915,000000,38.84,38.85,38.71,38.77,2928,0
XDEW.DE,D,20170918,000000,38.9,38.95,38.9,38.94,1432,0
XDEW.DE,D,20170919,000000,38.78,38.85,38.78,38.8,2352,0
XDEW.DE,D,20170920,000000,38.69,38.8,38.68,38.79,286,0
XDEW.DE,D,20170921,000000,39.04,39.04,38.91,38.91,104,0
XDEW.DE,D,20170922,000000,38.73,38.84,38.71,38.82,1917,0
XDEW.DE,D,20170925,000000,39.03,39.23,39.03,39.23,1804,0
XDEW.DE,D,20170926,000000,39.38,39.61,39.38,39.61,2995,0
XDEW.DE,D,20170927,000000,39.78,39.82,39.69,39.69,1032,0
XDEW.DE,D,20170928,000000,39.88,39.88,39.64,39.64,47950,0
XDEW.DE,D,20170929,000000,39.63,39.73,39.6,39.73,244,0
XDEW.DE,D,20171002,000000,40.12,40.12,39.98,40.09,1292,0
XDEW.DE,D,20171004,000000,40.09,40.28,40.09,40.28,227,0
XDEW.DE,D,20171005,000000,40.42,40.57,40.42,40.57,883,0
XDEW.DE,D,20171006,000000,40.63,40.63,40.44,40.44,403,0
XDEW.DE,D,20171009,000000,40.44,40.47,40.34,40.34,2006,0
XDEW.DE,D,20171010,000000,40.22,40.24,40.14,40.14,708,0
XDEW.DE,D,20171011,000000,40.08,40.08,39.97,40,3252,0
XDEW.DE,D,20171012,000000,39.93,40.06,39.93,40.06,13145,0
XDEW.DE,D,20171013,000000,40.13,40.25,40.12,40.18,1112,0
XDEW.DE,D,20171016,000000,40.25,40.29,40.19,40.21,1341,0
XDEW.DE,D,20171017,000000,40.45,40.45,40.36,40.36,454,0
XDEW.DE,D,20171018,000000,40.43,40.44,40.38,40.38,478,0
XDEW.DE,D,20171019,000000,40.21,40.21,40,40.05,2036,0
XDEW.DE,D,20171020,000000,40.4,40.59,40.36,40.59,2791,0
XDEW.DE,D,20171023,000000,40.73,40.86,40.73,40.84,1885,0
XDEW.DE,D,20171024,000000,40.66,40.66,40.6,40.62,10855,0
XDEW.DE,D,20171025,000000,40.66,40.66,40.15,40.15,4096,0
XDEW.DE,D,20171026,000000,40.18,40.71,40.18,40.71,32716,0
XDEW.DE,D,20171027,000000,40.89,41.06,40.89,41.06,1103,0
XDEW.DE,D,20171030,000000,40.9,40.97,40.75,40.75,17732,0
XDEW.DE,D,20171101,000000,40.85,41.09,40.85,40.94,3434,0
XDEW.DE,D,20171102,000000,40.63,40.78,40.63,40.78,72,0
XDEW.DE,D,20171103,000000,40.75,40.99,40.74,40.99,4517,0
XDEW.DE,D,20171106,000000,40.96,41.21,40.96,41.2,2629,0
XDEW.DE,D,20171107,000000,41.24,41.34,41.24,41.29,1858,0
XDEW.DE,D,20171108,000000,41.07,41.12,41.05,41.11,2464,0
XDEW.DE,D,20171109,000000,41.06,41.06,40.87,40.93,1182,0
XDEW.DE,D,20171110,000000,40.9,40.9,40.76,40.83,100,0
XDEW.DE,D,20171113,000000,40.87,40.89,40.77,40.89,2288,0
XDEW.DE,D,20171114,000000,40.55,40.6,40.45,40.48,1395,0
XDEW.DE,D,20171115,000000,40.11,40.33,40.11,40.33,1550,0
XDEW.DE,D,20171116,000000,40.38,40.62,40.38,40.62,618,0
XDEW.DE,D,20171117,000000,40.53,40.65,40.53,40.63,848,0
XDEW.DE,D,20171120,000000,40.52,40.84,40.52,40.84,780,0
XDEW.DE,D,20171121,000000,40.98,41.09,40.98,41.01,488,0
XDEW.DE,D,20171122,000000,40.98,41.08,40.84,40.84,1657,0
XDEW.DE,D,20171123,000000,40.66,40.71,40.62,40.68,4503,0
XDEW.DE,D,20171124,000000,40.66,40.71,40.35,40.35,1666,0
XDEW.DE,D,20171127,000000,40.44,40.45,40.3,40.35,3457,0
XDEW.DE,D,20171128,000000,40.48,40.72,40.48,40.72,5203,0
XDEW.DE,D,20171129,000000,41.12,41.36,41.12,41.27,89,0
XDEW.DE,D,20171130,000000,41.43,41.43,41.34,41.34,1706,0
XDEW.DE,D,20171201,000000,41.29,41.35,40.83,40.83,2381,0
XDEW.DE,D,20171204,000000,41.89,41.89,41.89,41.89,3421,0
XDEW.DE,D,20171205,000000,41.69,41.69,41.61,41.675,1896,0
XDEW.DE,D,20171206,000000,41.55,41.6,41.49,41.545,11081,0
XDEW.DE,D,20171207,000000,41.53,41.665,41.52,41.665,1842,0
XDEW.DE,D,20171208,000000,42.01,42.05,41.94,41.97,15297,0
XDEW.DE,D,20171211,000000,41.92,41.95,41.89,41.915,1272,0
XDEW.DE,D,20171212,000000,42.03,42.315,42.03,42.315,3366,0
XDEW.DE,D,20171213,000000,42.11,42.15,42.09,42.13,11964,0
XDEW.DE,D,20171214,000000,41.92,42,41.78,41.935,3532,0
XDEW.DE,D,20171215,000000,41.81,42.175,41.77,42.175,20028,0
XDEW.DE,D,20171218,000000,42.29,42.33,42.2,42.33,14121,0
XDEW.DE,D,20171219,000000,42.37,42.41,42.28,42.28,2794,0
XDEW.DE,D,20171220,000000,42.12,42.22,41.97,41.97,419,0
XDEW.DE,D,20171221,000000,41.9,42.07,41.9,42.07,9905,0
XDEW.DE,D,20171222,000000,42.18,42.18,42.09,42.09,1538,0
XDEW.DE,D,20171227,000000,42.18,42.18,42.06,42.06,6531,0
XDEW.DE,D,20171228,000000,42,42,41.82,41.82,1965,0
XDEW.DE,D,20171229,000000,41.89,41.93,41.89,41.91,478,0
XDEW.DE,D,20180102,000000,41.44,41.705,41.335,41.555,20025,0
XDEW.DE,D,20180103,000000,41.88,41.915,41.88,41.915,20,0
XDEW.DE,D,20180104,000000,41.995,42.005,41.9,41.955,15069,0
XDEW.DE,D,20180105,000000,42.025,42.215,42.025,42.215,2009,0
XDEW.DE,D,20180108,000000,42.455,42.59,42.45,42.55,4173,0
XDEW.DE,D,20180109,000000,42.815,42.965,42.8,42.965,530,0
XDEW.DE,D,20180110,000000,42.51,42.58,42.51,42.58,367,0
XDEW.DE,D,20180111,000000,42.805,42.805,42.47,42.56,3414,0
XDEW.DE,D,20180112,000000,42.745,42.745,42.455,42.6,877,0
XDEW.DE,D,20180115,000000,42.55,42.55,42.28,42.345,441,0
XDEW.DE,D,20180116,000000,42.395,42.595,42.33,42.405,3913,0
XDEW.DE,D,20180117,000000,42.17,42.39,42.17,42.305,529,0
XDEW.DE,D,20180118,000000,42.435,42.435,42.26,42.26,1502,0
XDEW.DE,D,20180119,000000,42.125,42.45,42.125,42.45,7072,0
XDEW.DE,D,20180122,000000,42.41,42.575,42.41,42.55,577,0
XDEW.DE,D,20180123,000000,42.9,42.9,42.665,42.765,9063,0
XDEW.DE,D,20180124,000000,42.69,42.69,42.43,42.43,382,0
XDEW.DE,D,20180222,000000,40.45,40.775,40.45,40.775,1149,0
XDEW.DE,D,20180223,000000,40.75,40.8,40.75,40.785,214,0
XDEW.DE,D,20180226,000000,41.255,41.27,41.15,41.15,1410,0
XDEW.DE,D,20180227,000000,41.465,41.6,41.44,41.44,1317,0
XDEW.DE,D,20180228,000000,41.24,41.35,41.145,41.145,556,0
XDEW.DE,D,20180301,000000,40.915,40.94,40.655,40.785,393,0
XDEW.DE,D,20180302,000000,40.16,40.16,39.595,39.805,11672,0
XDEW.DE,D,20180305,000000,40.045,40.48,40.045,40.48,2403,0
XDEW.DE,D,20180306,000000,40.715,40.715,40.345,40.345,481,0
XDEW.DE,D,20180307,000000,40.315,40.54,40.315,40.54,195,0
XDEW.DE,D,20180308,000000,40.56,40.825,40.515,40.825,2615,0
XDEW.DE,D,20180309,000000,41.095,41.39,41.095,41.38,2319,0
XDEW.DE,D,20180312,000000,41.685,41.79,41.58,41.58,984,0
XDEW.DE,D,20180313,000000,41.58,41.645,41.28,41.29,23658,0
XDEW.DE,D,20180314,000000,41.24,41.385,41.055,41.055,173,0
XDEW.DE,D,20180315,000000,41.075,41.145,41.035,41.11,3371,0
XDEW.DE,D,20180316,000000,41.14,41.48,41.06,41.38,10291,0
XDEW.DE,D,20180319,000000,41.125,41.125,40.65,40.68,7646,0
XDEW.DE,D,20180320,000000,40.81,41.045,40.81,40.995,3129,0
XDEW.DE,D,20180321,000000,40.885,41.18,40.885,41.18,6795,0
XDEW.DE,D,20180322,000000,40.59,40.635,40.425,40.525,4858,0
XDEW.DE,D,20180323,000000,39.605,39.915,39.605,39.645,3603,0
XDEW.DE,D,20180326,000000,39.39,39.41,39.065,39.065,1261,0
XDEW.DE,D,20180327,000000,39.76,40.03,39.685,39.795,16494,0
XDEW.DE,D,20180328,000000,39.345,39.485,39.185,39.46,9075,0
XDEW.DE,D,20180329,000000,39.6,39.93,39.59,39.93,2628,0
XDEW.DE,D,20180403,000000,39.185,39.555,39.15,39.445,2076,0
XDEW.DE,D,20180404,000000,39.39,39.595,38.98,39.595,12481,0
XDEW.DE,D,20180405,000000,40.455,40.75,40.3,40.75,6406,0
XDEW.DE,D,20180406,000000,40.365,40.375,40.02,40.02,4796,0
XDEW.DE,D,20180409,000000,39.87,39.94,39.655,39.94,3069,0
XDEW.DE,D,20180410,000000,40.065,40.135,39.95,40.135,2706,0
XDEW.DE,D,20180411,000000,39.665,39.84,39.475,39.84,4682,0
XDEW.DE,D,20180412,000000,40.18,40.19,40.18,40.19,50,0
XDEW.DE,D,20180413,000000,40.135,40.285,40.135,40.145,4573,0
XDEW.DE,D,20180416,000000,40.205,40.21,39.96,40.21,2283,0
XDEW.DE,D,20180417,000000,40.57,40.725,40.53,40.725,586,0
XDEW.DE,D,20180418,000000,40.75,40.885,40.685,40.885,13,0
XDEW.DE,D,20180419,000000,40.68,40.68,40.55,40.55,2832,0
XDEW.DE,D,20180420,000000,40.435,40.775,40.435,40.505,770,0
XDEW.DE,D,20180423,000000,40.485,40.835,40.485,40.835,1799,0
XDEW.DE,D,20180424,000000,40.905,41.03,40.815,40.815,6212,0
XDEW.DE,D,20180425,000000,40.275,40.52,40.205,40.39,3444,0
XDEW.DE,D,20180426,000000,40.79,40.92,40.695,40.92,2921,0
XDEW.DE,D,20180427,000000,41.135,41.155,41.09,41.15,828,0
XDEW.DE,D,20180430,000000,41.32,41.41,41.295,41.36,1919,0
XDEW.DE,D,20180502,000000,41.17,41.265,41.16,41.18,1616,0
XDEW.DE,D,20180503,000000,40.94,40.94,40.515,40.545,1002,0
XDEW.DE,D,20180504,000000,40.815,41.34,40.815,41.34,142,0
XDEW.DE,D,20180507,000000,41.585,41.71,41.55,41.62,9121,0
XDEW.DE,D,20180508,000000,41.73,41.75,41.73,41.75,495,0
XDEW.DE,D,20180509,000000,41.835,41.835,41.79,41.825,652,0
XDEW.DE,D,20180510,000000,42.065,42.2,42.065,42.2,88,0
XDEW.DE,D,20180511,000000,42.21,42.245,42.175,42.245,5201,0
XDEW.DE,D,20180514,000000,42.215,42.215,41.98,42.155,9790,0
XDEW.DE,D,20180515,000000,42.19,42.395,42.19,42.265,101,0
XDEW.DE,D,20180516,000000,42.36,42.705,42.35,42.645,3656,0
XDEW.DE,D,20180517,000000,42.735,42.85,42.625,42.85,1521,0
XDEW.DE,D,20180518,000000,42.835,42.86,42.835,42.845,2371,0
XDEW.DE,D,20180522,000000,43.165,43.165,42.93,43.1,1777,0
XDEW.DE,D,20180523,000000,42.885,43.07,42.82,43.07,1318,0
XDEW.DE,D,20180524,000000,43,43.055,42.9,43.015,1376,0
XDEW.DE,D,20180525,000000,43.33,43.33,43.265,43.33,1426,0
XDEW.DE,D,20180528,000000,43.265,43.47,43.265,43.45,1442,0
XDEW.DE,D,20180529,000000,43.405,43.405,43.34,43.385,2627,0
XDEW.DE,D,20180530,000000,43.26,43.425,43.17,43.36,146,0
XDEW.DE,D,20180531,000000,43.185,43.355,43.185,43.205,3372,0
XDEW.DE,D,20180601,000000,43.105,43.275,42.98,43.275,1841,0
XDEW.DE,D,20180604,000000,43.275,43.365,43.25,43.345,1597,0
XDEW.DE,D,20180605,000000,43.36,43.485,43.36,43.415,810,0
XDEW.DE,D,20180606,000000,43.295,43.36,43.23,43.325,1328,0
XDEW.DE,D,20180607,000000,43.325,43.39,43.28,43.35,849,0
XDEW.DE,D,20180608,000000,43.345,43.635,43.345,43.55,1605,0
XDEW.DE,D,20180611,000000,43.675,43.75,43.635,43.75,179,0
XDEW.DE,D,20180612,000000,43.815,43.83,43.71,43.83,2107,0
XDEW.DE,D,20180613,000000,44.09,44.09,43.92,43.92,523,0
XDEW.DE,D,20180614,000000,43.475,44.44,43.475,44.32,2567,0
XDEW.DE,D,20180615,000000,44.52,44.52,44.19,44.19,1905,0
XDEW.DE,D,20180618,000000,44.355,44.365,44.155,44.365,2670,0
XDEW.DE,D,20180619,000000,43.895,44.385,43.895,44.2325,81810,0
XDEW.DE,D,20180620,000000,44.5,44.65,44.3975,44.3975,6158,0
XDEW.DE,D,20180621,000000,44.71,44.71,44.1925,44.1925,1263,0
XDEW.DE,D,20180622,000000,44.145,44.1975,44.145,44.1975,225,0
XDEW.DE,D,20180625,000000,43.82,43.82,43.2625,43.2625,1093,0
XDEW.DE,D,20180626,000000,43.425,43.4925,43.35,43.4925,4361,0
XDEW.DE,D,20180627,000000,43.465,44,43.465,43.905,8303,0
XDEW.DE,D,20180628,000000,43.82,43.82,43.4725,43.4725,5070,0
XDEW.DE,D,20180629,000000,43.665,43.6775,43.37,43.6775,4913,0
XDEW.DE,D,20180702,000000,43.315,43.3825,43.19,43.3825,723,0
XDEW.DE,D,20180703,000000,43.495,43.64,43.495,43.64,275,0
XDEW.DE,D,20180704,000000,43.59,43.59,43.505,43.5375,115,0
XDEW.DE,D,20180705,000000,43.475,43.505,43.375,43.375,327,0
XDEW.DE,D,20180706,000000,43.385,43.6775,43.385,43.6775,105,0
XDEW.DE,D,20180709,000000,43.725,44.0225,43.7,44.0225,5474,0
XDEW.DE,D,20180710,000000,44.13,44.32,44.13,44.1525,31337,0
XDEW.DE,D,20180711,000000,43.885,44.065,43.885,44.0125,7833,0
XDEW.DE,D,20180712,000000,44.335,44.4,44.1575,44.1575,278,0
XDEW.DE,D,20180713,000000,44.565,44.565,44.435,44.4925,135,0
XDEW.DE,D,20180716,000000,44.405,44.42,44.135,44.135,2420,0
XDEW.DE,D,20180717,000000,44.01,44.28,44.01,44.28,501,0
XDEW.DE,D,20180718,000000,44.595,44.595,44.515,44.585,6181,0
XDEW.DE,D,20180719,000000,44.6,44.725,44.545,44.725,6791,0
XDEW.DE,D,20180720,000000,44.4,44.4,44.275,44.275,1706,0
XDEW.DE,D,20180723,000000,44.175,44.205,44.105,44.19,396,0
XDEW.DE,D,20180724,000000,44.33,44.335,44.23,44.325,3409,0
XDEW.DE,D,20180725,000000,44.25,44.415,44.125,44.415,843,0
XDEW.DE,D,20180726,000000,44.675,44.965,44.675,44.955,273,0
XDEW.DE,D,20180727,000000,45.115,45.115,44.815,44.815,527,0
XDEW.DE,D,20180730,000000,44.53,44.53,44.4,44.4,218,0
XDEW.DE,D,20180731,000000,44.26,44.585,44.26,44.585,441,0
XDEW.DE,D,20180801,000000,44.655,44.66,44.525,44.545,621,0
XDEW.DE,D,20180802,000000,44.475,44.655,44.415,44.655,5599,0
XDEW.DE,D,20180803,000000,44.975,45.025,44.955,45.01,168,0
XDEW.DE,D,20180806,000000,45.24,45.33,45.18,45.33,281,0
XDEW.DE,D,20180807,000000,45.355,45.39,45.26,45.35,1135,0
XDEW.DE,D,20180808,000000,45.195,45.195,45.195,45.195,0,0
XDEW.DE,D,20180809,000000,45.225,45.43,45.225,45.385,186,0
XDEW.DE,D,20180810,000000,45.52,45.725,45.515,45.725,35991,0
XDEW.DE,D,20180813,000000,45.595,45.595,45.5,45.5,715,0
XDEW.DE,D,20180814,000000,45.54,45.96,45.535,45.96,194,0
XDEW.DE,D,20180815,000000,45.99,45.99,45.77,45.77,261,0
XDEW.DE,D,20180816,000000,45.66,45.93,45.66,45.93,10,0
XDEW.DE,D,20180817,000000,45.91,45.915,45.895,45.895,653,0
XDEW.DE,D,20180820,000000,46.145,46.15,46.065,46.065,5805,0
XDEW.DE,D,20180821,000000,45.89,45.93,45.845,45.92,488,0
XDEW.DE,D,20180822,000000,45.675,45.675,45.385,45.61,814,0
XDEW.DE,D,20180823,000000,45.595,45.63,45.485,45.485,12442,0
XDEW.DE,D,20180824,000000,45.59,45.59,45.5,45.515,46,0
XDEW.DE,D,20180827,000000,45.74,45.74,45.625,45.625,83,0
XDEW.DE,D,20180828,000000,45.605,45.605,45.445,45.445,1487,0
XDEW.DE,D,20180829,000000,45.72,45.72,45.625,45.71,582,0
XDEW.DE,D,20180830,000000,45.67,45.75,45.67,45.74,801,0
XDEW.DE,D,20180831,000000,45.42,45.785,45.42,45.785,2613,0
XDEW.DE,D,20180903,000000,45.96,45.96,45.875,45.875,271,0
XDEW.DE,D,20180904,000000,46.07,46.07,45.91,45.915,2410,0
XDEW.DE,D,20180905,000000,45.875,45.875,45.595,45.635,5843,0
XDEW.DE,D,20180906,000000,45.665,45.72,45.64,45.64,204,0
XDEW.DE,D,20180907,000000,45.505,45.805,45.505,45.805,155,0
XDEW.DE,D,20180910,000000,45.9,45.915,45.765,45.765,6546,0
XDEW.DE,D,20180911,000000,45.765,45.82,45.635,45.82,255,0
XDEW.DE,D,20180912,000000,45.84,45.915,45.72,45.72,3330,0
XDEW.DE,D,20180913,000000,45.735,45.79,45.675,45.675,2412,0
XDEW.DE,D,20180914,000000,45.765,45.89,45.7,45.89,1179,0
XDEW.DE,D,20180917,000000,45.975,45.975,45.775,45.775,1027,0
XDEW.DE,D,20180918,000000,45.705,45.78,45.665,45.78,1870,0
XDEW.DE,D,20180919,000000,45.8,45.91,45.795,45.91,419,0
XDEW.DE,D,20180920,000000,45.85,45.85,45.68,45.75,3565,0
XDEW.DE,D,20180921,000000,45.875,45.985,45.875,45.985,60,0
XDEW.DE,D,20180924,000000,45.805,45.805,45.455,45.455,2172,0
XDEW.DE,D,20180925,000000,45.615,45.62,45.44,45.48,702,0
XDEW.DE,D,20180926,000000,45.51,45.51,45.47,45.47,132,0
XDEW.DE,D,20180927,000000,45.39,45.735,45.39,45.735,144,0
XDEW.DE,D,20180928,000000,45.895,45.895,45.875,45.875,309,0
XDEW.DE,D,20181001,000000,46.22,46.225,46.055,46.195,423,0
XDEW.DE,D,20181002,000000,46.16,46.16,46.035,46.035,134,0
XDEW.DE,D,20181004,000000,46.225,46.225,45.97,45.97,506,0
XDEW.DE,D,20181005,000000,46.005,46.005,45.74,45.74,5029,0
XDEW.DE,D,20181008,000000,45.755,45.8,45.705,45.705,1149,0
XDEW.DE,D,20181009,000000,45.905,45.905,45.765,45.765,7,0
XDEW.DE,D,20181010,000000,45.505,45.585,44.8,44.8,750,0
XDEW.DE,D,20181011,000000,44.02,44.02,43.5,43.53,7891,0
XDEW.DE,D,20181012,000000,43.56,43.645,43.395,43.395,6800,0
XDEW.DE,D,20181015,000000,43.205,43.475,43.205,43.39,3774,0
XDEW.DE,D,20181016,000000,43.345,43.88,43.3,43.88,772,0
XDEW.DE,D,20181017,000000,44.05,44.065,44,44.065,200,0
XDEW.DE,D,20181018,000000,44.2,44.355,43.985,43.985,276,0
XDEW.DE,D,20181019,000000,44.005,44.17,44,44,884,0
XDEW.DE,D,20181022,000000,43.615,43.82,43.61,43.655,2699,0
XDEW.DE,D,20181023,000000,42.915,42.94,42.665,42.775,1461,0
XDEW.DE,D,20181024,000000,43.37,43.37,43.05,43.05,602,0
XDEW.DE,D,20181025,000000,42.405,43.005,42.405,43.005,4182,0
XDEW.DE,D,20181026,000000,42.745,42.745,41.995,42.37,6731,0
XDEW.DE,D,20181029,000000,42.25,43.02,42.25,42.77,1324,0
XDEW.DE,D,20181030,000000,42.52,42.855,42.375,42.815,27414,0
XDEW.DE,D,20181031,000000,43.44,43.73,43.44,43.73,345,0
XDEW.DE,D,20181101,000000,43.46,43.785,43.46,43.785,1329,0
XDEW.DE,D,20181102,000000,44.225,44.265,43.705,43.705,1890,0
XDEW.DE,D,20181105,000000,44.01,44.085,43.925,43.925,103,0
XDEW.DE,D,20181106,000000,44.11,44.255,44.08,44.155,3717,0
XDEW.DE,D,20181107,000000,44.41,44.535,44.38,44.535,495,0
XDEW.DE,D,20181108,000000,44.995,45.075,44.955,45.02,1785,0
XDEW.DE,D,20181109,000000,45.15,45.15,44.815,44.95,1742,0
XDEW.DE,D,20181112,000000,45.345,45.345,44.8,44.8,1308,0
XDEW.DE,D,20181113,000000,44.825,44.965,44.64,44.775,373,0
XDEW.DE,D,20181114,000000,44.205,44.205,44.205,44.205,0,0
XDEW.DE,D,20181115,000000,43.99,44.065,43.655,43.975,4458,0
XDEW.DE,D,20181116,000000,43.91,43.95,43.91,43.95,226,0
XDEW.DE,D,20181119,000000,44.195,44.195,43.63,43.63,250,0
XDEW.DE,D,20181120,000000,43.3,43.34,42.955,43.025,6732,0
XDEW.DE,D,20181121,000000,43.08,43.365,43.08,43.365,300,0
XDEW.DE,D,20181122,000000,42.91,42.91,42.745,42.805,2,0
XDEW.DE,D,20181123,000000,43.065,43.375,43.065,43.375,109,0
XDEW.DE,D,20181126,000000,43.53,43.75,43.53,43.555,79,0
XDEW.DE,D,20181127,000000,43.73,43.875,43.73,43.875,2,0
XDEW.DE,D,20181128,000000,44.12,44.12,44.12,44.12,13,0
XDEW.DE,D,20181129,000000,44.37,44.37,44.245,44.245,124,0
XDEW.DE,D,20181130,000000,44.505,44.505,44.505,44.505,0,0
XDEW.DE,D,20181203,000000,45.31,45.35,44.88,44.88,2962,0
XDEW.DE,D,20181204,000000,44.88,44.88,44.63,44.67,824,0
XDEW.DE,D,20181205,000000,43.995,44.075,43.895,43.895,7500,0
XDEW.DE,D,20181206,000000,43.485,43.485,42.555,42.61,2702,0
XDEW.DE,D,20181207,000000,43.175,43.545,42.98,42.98,152,0
XDEW.DE,D,20181210,000000,42.375,42.375,41.915,41.965,574,0
XDEW.DE,D,20181211,000000,42.515,43.185,42.515,42.98,13900,0
XDEW.DE,D,20181212,000000,42.84,43.07,42.785,43.07,148,0
XDEW.DE,D,20181213,000000,42.94,42.94,42.645,42.765,1074,0
XDEW.DE,D,20181214,000000,42.24,42.755,42.24,42.525,1889,0
XDEW.DE,D,20181217,000000,42.165,42.17,41.79,41.905,597,0
XDEW.DE,D,20181218,000000,41.23,41.4,41.125,41.255,4208,0
XDEW.DE,D,20181219,000000,40.925,41.11,40.925,41.01,2186,0
XDEW.DE,D,20181220,000000,39.83,40.12,39.795,39.795,1182,0
XDEW.DE,D,20181221,000000,39.58,39.755,39.48,39.75,1727,0
XDEW.DE,D,20181227,000000,39.835,39.835,38.845,39.105,786,0
XDEW.DE,D,20181228,000000,39.725,40.05,39.64,40.015,571,0
XDEW.DE,D,20190102,000000,39.305,40.32,39.255,40.31,2079,0
XDEW.DE,D,20190103,000000,39.785,40.105,39.725,39.725,6024,0
XDEW.DE,D,20190104,000000,39.83,40.575,39.83,40.4,360,0
XDEW.DE,D,20190107,000000,40.635,40.95,40.43,40.95,2082,0
XDEW.DE,D,20190108,000000,41.06,41.24,41.005,41.005,1873,0
XDEW.DE,D,20190109,000000,41.335,41.455,41.315,41.38,134,0
XDEW.DE,D,20190110,000000,41.015,41.56,41.015,41.56,2,0
XDEW.DE,D,20190111,000000,41.555,41.76,41.46,41.76,3135,0
XDEW.DE,D,20190114,000000,41.575,41.67,41.5,41.67,2615,0
XDEW.DE,D,20190115,000000,41.805,42.135,41.805,42.125,723,0
XDEW.DE,D,20190116,000000,42.245,42.42,42.22,42.42,640,0
XDEW.DE,D,20190117,000000,42.1,42.55,42.1,42.55,225,0
XDEW.DE,D,20190118,000000,42.89,43.475,42.89,43.475,2333,0
XDEW.DE,D,20190121,000000,43.34,43.39,43.3,43.335,301,0
XDEW.DE,D,20190122,000000,43.34,43.34,43.01,43.14,310,0
XDEW.DE,D,20190123,000000,42.875,43.225,42.72,42.72,7184,0
XDEW.DE,D,20190124,000000,42.865,43.16,42.835,43.16,202,0
XDEW.DE,D,20190125,000000,43.375,43.43,43.375,43.43,138,0
XDEW.DE,D,20190128,000000,43.215,43.235,42.975,42.975,2910,0
XDEW.DE,D,20190129,000000,42.975,43.145,42.975,43.14,0,0
XDEW.DE,D,20190130,000000,43.09,43.4,43.09,43.4,907,0
XDEW.DE,D,20190131,000000,43.455,43.79,43.4,43.79,11201,0
XDEW.DE,D,20190201,000000,44.02,44.02,43.735,43.86,2228,0
XDEW.DE,D,20190204,000000,43.995,44.065,43.94,44.065,103,0
XDEW.DE,D,20190205,000000,44.28,44.555,44.28,44.48,526,0
XDEW.DE,D,20190206,000000,44.51,44.6,44.455,44.595,1047,0
XDEW.DE,D,20190207,000000,44.645,44.65,44.1,44.1,313,0
XDEW.DE,D,20190208,000000,44.325,44.41,44.195,44.195,61,0
XDEW.DE,D,20190211,000000,44.585,44.845,44.585,44.845,619,0
XDEW.DE,D,20190212,000000,45.175,45.295,45.095,45.295,552,0
XDEW.DE,D,20190213,000000,45.445,45.495,45.37,45.495,0,0
XDEW.DE,D,20190214,000000,45.81,45.81,45.485,45.485,419,0
XDEW.DE,D,20190215,000000,45.365,46.09,45.365,46.02,1077,0
XDEW.DE,D,20190218,000000,45.965,45.965,45.78,45.925,79,0
XDEW.DE,D,20190219,000000,45.98,45.98,45.855,45.855,0,0
XDEW.DE,D,20190220,000000,45.88,45.94,45.84,45.91,304,0
XDEW.DE,D,20190221,000000,46.185,46.185,45.8,45.935,1743,0
XDEW.DE,D,20190222,000000,45.89,46.135,45.89,46.135,580,0
XDEW.DE,D,20190225,000000,46.22,46.33,46.185,46.33,1652,0
XDEW.DE,D,20190226,000000,45.95,46.1,45.945,46.04,239,0
XDEW.DE,D,20190227,000000,45.68,45.815,45.635,45.815,1001,0
XDEW.DE,D,20190228,000000,45.725,45.805,45.61,45.805,2453,0
XDEW.DE,D,20190301,000000,45.98,46.115,45.855,45.86,2227,0
XDEW.DE,D,20190304,000000,46.3,46.35,46.085,46.085,285,0
XDEW.DE,D,20190305,000000,46.06,46.135,45.93,46.135,11047,0
XDEW.DE,D,20190306,000000,45.935,45.965,45.77,45.77,1648,0
XDEW.DE,D,20190307,000000,45.465,45.71,45.465,45.71,372,0
XDEW.DE,D,20190308,000000,45.47,45.47,45.115,45.185,2773,0
XDEW.DE,D,20190311,000000,45.49,45.815,45.42,45.815,881,0
XDEW.DE,D,20190312,000000,45.96,45.96,45.825,45.88,2281,0
XDEW.DE,D,20190313,000000,45.805,46.185,45.805,46.155,1094,0
XDEW.DE,D,20190314,000000,46.065,46.21,46.065,46.11,493,0
XDEW.DE,D,20190315,000000,46.045,46.255,46.045,46.255,232,0
XDEW.DE,D,20190318,000000,46.095,46.16,46.095,46.15,50,0
XDEW.DE,D,20190319,000000,46.29,46.46,46.29,46.415,90553,0
XDEW.DE,D,20190320,000000,46.16,46.245,45.665,45.665,54,0
XDEW.DE,D,20190321,000000,45.46,46.27,45.46,46.27,73,0
XDEW.DE,D,20190322,000000,46.28,46.405,45.78,45.78,1164,0
XDEW.DE,D,20190325,000000,45.53,45.645,45.485,45.575,444,0
XDEW.DE,D,20190326,000000,45.8,46.055,45.74,46.01,131,0
XDEW.DE,D,20190327,000000,46.36,46.36,46.01,46.01,730,0
XDEW.DE,D,20190328,000000,46.085,46.285,46.085,46.285,1352,0
XDEW.DE,D,20190329,000000,46.425,46.685,46.425,46.685,1246,0
XDEW.DE,D,20190401,000000,46.9,47.215,46.9,47.21,1484,0
XDEW.DE,D,20190402,000000,47.4,47.48,47.275,47.41,199,0
XDEW.DE,D,20190403,000000,47.45,47.545,47.385,47.545,1647,0
XDEW.DE,D,20190404,000000,47.385,47.505,47.37,47.505,2351,0
XDEW.DE,D,20190405,000000,47.65,47.905,47.615,47.89,900,0
XDEW.DE,D,20190408,000000,47.845,47.845,47.6,47.71,901,0
XDEW.DE,D,20190409,000000,47.665,47.725,47.42,47.42,1120,0
XDEW.DE,D,20190410,000000,47.355,47.535,47.355,47.53,399,0
XDEW.DE,D,20190411,000000,47.61,47.75,47.57,47.705,3,0
XDEW.DE,D,20190412,000000,47.835,47.85,47.665,47.74,281,0
XDEW.DE,D,20190415,000000,47.99,47.99,47.795,47.81,241,0
XDEW.DE,D,20190416,000000,47.835,47.92,47.82,47.82,336,0
XDEW.DE,D,20190417,000000,47.94,47.94,47.61,47.61,1597,0
XDEW.DE,D,20190418,000000,47.4,47.775,47.4,47.775,1,0
XDEW.DE,D,20190423,000000,47.835,48.285,47.705,48.285,354,0
XDEW.DE,D,20190424,000000,48.32,48.53,48.31,48.515,3493,0
XDEW.DE,D,20190425,000000,48.455,48.505,48.27,48.455,419,0
XDEW.DE,D,20190426,000000,48.3,48.415,48.3,48.415,0,0
XDEW.DE,D,20190429,000000,48.49,48.665,48.48,48.545,1485,0
XDEW.DE,D,20190430,000000,48.47,48.47,48.2,48.295,2290,0
XDEW.DE,D,20190502,000000,48.24,48.24,47.96,47.96,3736,0
XDEW.DE,D,20190503,000000,48.195,48.465,48.195,48.36,12,0
XDEW.DE,D,20190506,000000,47.69,48.025,47.69,48.025,696,0
XDEW.DE,D,20190507,000000,48.105,48.105,47.645,47.645,3431,0
XDEW.DE,D,20190508,000000,47.55,47.635,47.265,47.445,1632,0
XDEW.DE,D,20190509,000000,47.325,47.325,46.625,46.735,8417,0
XDEW.DE,D,20190510,000000,47.195,47.195,46.525,46.525,58,0
XDEW.DE,D,20190513,000000,47,47,46.24,46.24,355,0
XDEW.DE,D,20190514,000000,46.355,46.9,46.355,46.9,400,0
XDEW.DE,D,20190515,000000,47.09,47.09,46.595,46.965,4464,0
XDEW.DE,D,20190516,000000,46.765,47.605,46.765,47.605,4722,0
XDEW.DE,D,20190517,000000,47.25,47.445,47.15,47.445,241,0
XDEW.DE,D,20190520,000000,47.35,47.35,46.84,46.84,11675,0
XDEW.DE,D,20190521,000000,47.055,47.325,47.055,47.325,8827,0
XDEW.DE,D,20190522,000000,47.325,47.325,47.175,47.175,12882,0
XDEW.DE,D,20190523,000000,46.94,46.94,46.45,46.45,1643,0
XDEW.DE,D,20190524,000000,46.63,46.69,46.325,46.37,431,0
XDEW.DE,D,20190527,000000,46.55,46.55,46.48,46.48,430,0
XDEW.DE,D,20190528,000000,46.63,46.81,46.455,46.455,3987,0
XDEW.DE,D,20190529,000000,45.945,45.99,45.83,45.845,300,0
XDEW.DE,D,20190530,000000,45.95,45.95,45.915,45.94,0,0
XDEW.DE,D,20190531,000000,45.82,45.825,45.39,45.58,13729,0
XDEW.DE,D,20190603,000000,45.145,45.56,45.1,45.44,2818,0
XDEW.DE,D,20190604,000000,45.22,45.985,45.22,45.985,1906,0
XDEW.DE,D,20190605,000000,46.225,46.535,45.99,46.325,5767,0
XDEW.DE,D,20190606,000000,46.675,46.815,46.47,46.475,2,0
XDEW.DE,D,20190607,000000,46.83,46.925,46.79,46.815,274,0
XDEW.DE,D,20190611,000000,47.115,47.205,47.05,47.05,2102,0
XDEW.DE,D,20190612,000000,46.775,46.895,46.775,46.855,651,0
XDEW.DE,D,20190613,000000,46.965,47.2,46.965,47.2,1662,0
XDEW.DE,D,20190614,000000,47.275,47.385,47.275,47.375,0,0
XDEW.DE,D,20190617,000000,47.565,47.565,47.34,47.4,2135,0
XDEW.DE,D,20190618,000000,47.28,48.04,47.28,48.04,4085,0
XDEW.DE,D,20190619,000000,47.97,48.02,47.825,47.855,460,0
XDEW.DE,D,20190620,000000,48.03,48.145,47.975,47.975,1519,0
XDEW.DE,D,20190621,000000,48.085,48.13,47.73,48.005,88,0
XDEW.DE,D,20190624,000000,47.685,47.745,47.515,47.54,1461,0
XDEW.DE,D,20190625,000000,47.275,47.49,47.275,47.365,3500,0
XDEW.DE,D,20190626,000000,47.245,47.45,47.155,47.155,42,0
XDEW.DE,D,20190627,000000,47.315,47.315,47.075,47.27,159,0
XDEW.DE,D,20190628,000000,47.435,47.575,47.42,47.575,591,0
XDEW.DE,D,20190701,000000,48.275,48.545,48.275,48.35,8612,0
XDEW.DE,D,20190702,000000,48.485,48.485,48.305,48.305,473,0
XDEW.DE,D,20190703,000000,48.525,48.87,48.525,48.87,113,0
XDEW.DE,D,20190704,000000,48.89,49.025,48.89,49.025,10,0
XDEW.DE,D,20190705,000000,48.97,48.985,48.865,48.94,386,0
XDEW.DE,D,20190708,000000,48.975,49.075,48.915,48.915,222,0
XDEW.DE,D,20190709,000000,48.735,48.765,48.66,48.765,8,0
XDEW.DE,D,20190710,000000,48.74,48.755,48.635,48.755,4320,0
XDEW.DE,D,20190711,000000,48.755,48.79,48.72,48.735,836,0
XDEW.DE,D,20190712,000000,48.915,49.055,48.91,49.055,3325,0
XDEW.DE,D,20190715,000000,49.01,49.205,49.01,49.07,3669,0
XDEW.DE,D,20190716,000000,49.275,49.36,49.205,49.36,52,0
XDEW.DE,D,20190717,000000,49.31,49.31,48.955,48.955,0,0
XDEW.DE,D,20190718,000000,48.635,48.83,48.55,48.65,22,0
XDEW.DE,D,20190719,000000,48.86,49.04,48.84,49.01,22,0
XDEW.DE,D,20190722,000000,48.85,48.88,48.78,48.78,351,0
XDEW.DE,D,20190723,000000,48.985,49.245,48.985,49.2,443,0
XDEW.DE,D,20190724,000000,49.49,49.62,49.435,49.62,0,0
XDEW.DE,D,20190725,000000,49.99,49.99,49.57,49.57,66,0
XDEW.DE,D,20190726,000000,49.565,49.82,49.565,49.82,0,0
XDEW.DE,D,20190729,000000,49.76,49.89,49.675,49.675,52227,0
XDEW.DE,D,20190730,000000,49.855,49.855,49.51,49.595,34,0
XDEW.DE,D,20190731,000000,49.595,49.76,49.59,49.76,726,0
XDEW.DE,D,20190801,000000,49.56,49.845,49.56,49.845,584,0
XDEW.DE,D,20190802,000000,48.73,48.87,48.22,48.22,13802,0
XDEW.DE,D,20190805,000000,47.9,47.9,46.82,47.025,3389,0
XDEW.DE,D,20190806,000000,46.495,46.935,46.495,46.555,2261,0
XDEW.DE,D,20190807,000000,46.97,47.19,46.31,46.59,982,0
XDEW.DE,D,20190808,000000,47.29,47.705,47.06,47.705,388,0
XDEW.DE,D,20190809,000000,47.87,47.87,47.375,47.375,951,0
XDEW.DE,D,20190812,000000,47.745,47.745,46.985,46.985,0,0
XDEW.DE,D,20190813,000000,46.86,47.645,46.63,47.565,933,0
XDEW.DE,D,20190814,000000,47.69,47.69,46.745,46.745,592,0
XDEW.DE,D,20190815,000000,46.875,46.875,46.31,46.59,1133,0
XDEW.DE,D,20190816,000000,46.7,47.265,46.7,47.265,183,0
XDEW.DE,D,20190819,000000,47.75,47.91,47.63,47.91,2928,0
XDEW.DE,D,20190820,000000,48.06,48.06,47.75,47.75,2238,0
XDEW.DE,D,20190821,000000,47.7,47.86,47.675,47.86,516,0
XDEW.DE,D,20190822,000000,48.03,48.055,47.79,47.845,9017,0
XDEW.DE,D,20190823,000000,48.145,48.145,46.905,46.905,154,0
XDEW.DE,D,20190826,000000,46.685,46.855,46.625,46.855,846,0
XDEW.DE,D,20190827,000000,46.875,47.155,46.875,46.98,304,0
XDEW.DE,D,20190828,000000,46.815,47.15,46.61,47.15,726,0
XDEW.DE,D,20190829,000000,47.2,47.93,47.2,47.93,185,0
XDEW.DE,D,20190830,000000,48.04,48.53,48.04,48.295,552,0
XDEW.DE,D,20190902,000000,48.34,48.34,48.175,48.2,1471,0
XDEW.DE,D,20190903,000000,48.16,48.16,47.985,48.02,20,0
XDEW.DE,D,20190904,000000,48.355,48.465,48.195,48.28,170,0
XDEW.DE,D,20190905,000000,48.7,49.09,48.575,49.07,2673,0
XDEW.DE,D,20190906,000000,49.075,49.305,49.025,49.195,557,0
XDEW.DE,D,20190909,000000,49.36,49.36,49.225,49.295,267,0
XDEW.DE,D,20190910,000000,49.28,49.405,49.23,49.23,97,0
XDEW.DE,D,20190911,000000,49.63,50.05,49.63,50.04,250,0
XDEW.DE,D,20190912,000000,50.24,50.24,49.895,50.03,1667,0
XDEW.DE,D,20190913,000000,49.94,50.14,49.85,50.13,493,0
XDEW.DE,D,20190916,000000,49.78,50.26,49.62,50.26,5488,0
XDEW.DE,D,20190917,000000,50.31,50.31,49.935,49.985,3142,0
XDEW.DE,D,20190918,000000,49.99,50.06,49.8,49.8,222,0
XDEW.DE,D,20190919,000000,49.785,50.18,49.785,50.18,473,0
XDEW.DE,D,20190920,000000,49.875,50.24,49.875,50.24,93,0
XDEW.DE,D,20190923,000000,49.98,49.995,49.9,49.995,435,0
XDEW.DE,D,20190924,000000,50.13,50.24,49.845,49.845,358,0
XDEW.DE,D,20190925,000000,49.62,49.92,49.43,49.89,86,0
XDEW.DE,D,20190926,000000,49.98,50.26,49.86,49.86,634,0
XDEW.DE,D,20190927,000000,50.17,50.23,50.05,50.12,699,0
XDEW.DE,D,20191001,000000,50.5,50.5,49.745,49.745,307,0
XDEW.DE,D,20191002,000000,49.325,49.325,48.21,48.21,243,0
XDEW.DE,D,20191004,000000,48.435,48.81,48.235,48.81,51,0
XDEW.DE,D,20191007,000000,48.8,48.995,48.8,48.995,1843,0
XDEW.DE,D,20191008,000000,48.86,48.86,48.155,48.175,117,0
XDEW.DE,D,20191009,000000,48.05,48.355,48.05,48.26,193,0
XDEW.DE,D,20191010,000000,48.235,48.675,48.075,48.675,309,0
XDEW.DE,D,20191011,000000,48.745,49.5,48.745,49.5,0,0
XDEW.DE,D,20191014,000000,49.245,49.245,48.985,49.14,766,0
XDEW.DE,D,20191015,000000,49.27,49.565,49.23,49.48,152,0
XDEW.DE,D,20191016,000000,49.355,49.385,49.33,49.33,0,0
XDEW.DE,D,20191017,000000,49.24,49.24,49.105,49.125,155,0
XDEW.DE,D,20191018,000000,49.16,49.16,49,49.02,300,0
XDEW.DE,D,20191021,000000,49.005,49.365,49.005,49.365,96,0
XDEW.DE,D,20191022,000000,49.385,49.505,49.35,49.505,535,0
XDEW.DE,D,20191023,000000,49.45,49.585,49.38,49.585,494,0
XDEW.DE,D,20191024,000000,49.63,49.765,49.63,49.765,0,0
XDEW.DE,D,20191025,000000,49.815,50.06,49.76,50.06,284,0
XDEW.DE,D,20191028,000000,49.975,50.11,49.94,50.11,11084,0
XDEW.DE,D,20191029,000000,50.15,50.26,50.04,50.25,482,0
XDEW.DE,D,20191030,000000,50.06,50.08,49.885,49.885,0,0
XDEW.DE,D,20191031,000000,49.855,49.855,49.5,49.5,620,0
XDEW.DE,D,20191101,000000,49.71,50.14,49.71,50.12,602,0
XDEW.DE,D,20191104,000000,50.31,50.64,50.31,50.64,133,0
XDEW.DE,D,20191105,000000,50.66,51.07,50.66,51.07,1602,0
XDEW.DE,D,20191106,000000,50.88,50.94,50.82,50.92,1184,0
XDEW.DE,D,20191107,000000,51.11,51.32,51.03,51.28,1876,0
XDEW.DE,D,20191108,000000,51.27,51.27,51.18,51.23,2,0
XDEW.DE,D,20191111,000000,51.19,51.19,50.99,51.1,4077,0
XDEW.DE,D,20191112,000000,51.25,51.45,51.25,51.45,877,0
XDEW.DE,D,20191113,000000,51.3,51.32,51.12,51.32,911,0
XDEW.DE,D,20191114,000000,51.25,51.39,51.25,51.3,883,0
XDEW.DE,D,20191115,000000,51.55,51.55,51.43,51.54,931,0
XDEW.DE,D,20191118,000000,51.66,51.66,51.27,51.37,437,0
XDEW.DE,D,20191119,000000,51.5,51.54,51.32,51.32,241,0
XDEW.DE,D,20191120,000000,51.25,51.36,51.21,51.36,497,0
XDEW.DE,D,20191121,000000,51.09,51.11,51.01,51.01,1386,0
XDEW.DE,D,20191122,000000,51.17,51.31,51.13,51.29,2424,0
XDEW.DE,D,20191125,000000,51.58,51.87,51.58,51.87,667,0
XDEW.DE,D,20191126,000000,51.96,51.99,51.84,51.99,134,0
XDEW.DE,D,20191127,000000,52.21,52.21,52.1,52.19,308,0
XDEW.DE,D,20191128,000000,52.06,52.23,52.06,52.2,1184,0
XDEW.DE,D,20191129,000000,52.08,52.22,52.05,52.05,182,0
XDEW.DE,D,20191202,000000,52.02,52.21,51.27,51.27,549,0
XDEW.DE,D,20191203,000000,51.2,51.2,50.63,50.63,1786,0
XDEW.DE,D,20191204,000000,50.73,51.34,50.73,51.26,244,0
XDEW.DE,D,20191205,000000,51.3,51.3,51.08,51.08,334,0
XDEW.DE,D,20191206,000000,51.25,52.01,51.25,52.01,0,0
XDEW.DE,D,20191209,000000,51.78,51.82,51.72,51.82,263,0
XDEW.DE,D,20191210,000000,51.69,51.69,51.42,51.6,10616,0
XDEW.DE,D,20191211,000000,51.59,51.65,51.54,51.54,2,0
XDEW.DE,D,20191212,000000,51.5,51.95,51.5,51.95,0,0
XDEW.DE,D,20191213,000000,52.01,52.01,51.7,51.8,2499,0
XDEW.DE,D,20191216,000000,51.77,52.24,51.77,52.24,4120,0
XDEW.DE,D,20191217,000000,52.22,52.22,52.02,52.08,499,0
XDEW.DE,D,20191218,000000,52.15,52.31,52.15,52.31,527,0
XDEW.DE,D,20191219,000000,52.29,52.44,52.27,52.44,1164,0
XDEW.DE,D,20191220,000000,52.38,53.03,52.38,53.03,1453,0
XDEW.DE,D,20191223,000000,52.99,53.17,52.93,52.97,2357,0
XDEW.DE,D,20191227,000000,52.99,53.02,52.7,52.7,179,0
XDEW.DE,D,20191230,000000,52.71,52.71,52.48,52.52,917,0
XDEW.DE,D,20200102,000000,52.59,52.9,52.44,52.44,989,0
XDEW.DE,D,20200103,000000,52.52,52.52,52.2,52.44,13,0
XDEW.DE,D,20200106,000000,52.32,52.32,52.06,52.28,1149,0
XDEW.DE,D,20200107,000000,52.52,52.8,52.44,52.73,9782,0
XDEW.DE,D,20200108,000000,52.79,52.9,52.52,52.9,2385,0
XDEW.DE,D,20200109,000000,53.22,53.25,53.04,53.16,1120,0
XDEW.DE,D,20200110,000000,53.25,53.36,53.17,53.17,433,0
XDEW.DE,D,20200113,000000,53.09,53.11,52.97,53.1,344,0
XDEW.DE,D,20200114,000000,53.35,53.35,53.1,53.35,103,0
XDEW.DE,D,20200115,000000,53.4,53.48,53.28,53.48,343,0
XDEW.DE,D,20200116,000000,53.61,53.8,53.5,53.75,184,0
XDEW.DE,D,20200117,000000,54.01,54.24,53.95,54.2,1055,0
XDEW.DE,D,20200120,000000,54.11,54.14,54.08,54.12,1365,0
XDEW.DE,D,20200121,000000,53.97,54.03,53.85,54.03,110,0
XDEW.DE,D,20200122,000000,54.25,54.27,54.14,54.14,139,0
XDEW.DE,D,20200123,000000,53.69,54.02,53.69,54,82,0
XDEW.DE,D,20200124,000000,54.34,54.47,54.03,54.03,104,0
XDEW.DE,D,20200127,000000,53.3,53.34,52.96,53.07,19198,0
XDEW.DE,D,20200128,000000,53.28,53.55,53.06,53.51,1614,0
XDEW.DE,D,20200129,000000,53.63,53.74,53.55,53.62,3916,0
XDEW.DE,D,20200130,000000,52.85,52.94,52.82,52.92,88,0
XDEW.DE,D,20200131,000000,53.21,53.21,52.22,52.24,3022,0
XDEW.DE,D,20200203,000000,52.43,52.75,52.25,52.56,6580,0
XDEW.DE,D,20200204,000000,52.71,53.48,52.71,53.48,1720,0
XDEW.DE,D,20200205,000000,53.87,54.17,53.87,54.17,4659,0
XDEW.DE,D,20200206,000000,54.62,54.62,54.45,54.45,1130,0
XDEW.DE,D,20200207,000000,54.33,54.58,54.2,54.25,857,0
XDEW.DE,D,20200210,000000,54.37,54.41,54.12,54.41,244,0
XDEW.DE,D,20200211,000000,54.55,55.02,54.55,54.86,4447,0
XDEW.DE,D,20200212,000000,55.01,55.32,55,55.32,1095,0
XDEW.DE,D,20200213,000000,55.01,55.52,55.01,55.52,2796,0
XDEW.DE,D,20200214,000000,55.71,55.71,55.58,55.58,30,0
XDEW.DE,D,20200217,000000,55.73,55.92,55.52,55.73,4114,0
XDEW.DE,D,20200218,000000,55.58,55.79,55.25,55.38,11753,0
XDEW.DE,D,20200219,000000,55.75,55.96,55.7,55.91,27615,0
XDEW.DE,D,20200220,000000,55.87,55.89,55.48,55.48,101694,0
XDEW.DE,D,20200221,000000,55.42,55.71,54.91,55.08,8880,0
XDEW.DE,D,20200224,000000,54.37,54.68,53.54,53.54,170021,0
XDEW.DE,D,20200225,000000,53.57,53.81,52.57,52.57,3966,0
XDEW.DE,D,20200226,000000,51.9,52.12,51.21,51.92,37891,0
XDEW.DE,D,20200227,000000,50.42,50.42,48.655,49.605,6759,0
XDEW.DE,D,20200228,000000,47.23,47.985,46.58,47.165,25860,0
XDEW.DE,D,20200302,000000,48.11,48.435,46.665,47.845,29749,0
XDEW.DE,D,20200303,000000,48.635,49.255,48.115,48.115,22908,0
XDEW.DE,D,20200304,000000,48.24,48.875,48.24,48.52,11352,0
XDEW.DE,D,20200305,000000,48.97,48.97,48.125,48.28,8066,0
XDEW.DE,D,20200306,000000,46.865,46.925,45.405,45.905,8052,0
XDEW.DE,D,20200309,000000,45.5,45.5,42.1,42.4,6010,0
XDEW.DE,D,20200310,000000,42.785,44.13,42.17,42.17,18790,0
XDEW.DE,D,20200311,000000,43.225,43.32,42.41,42.42,12013,0
XDEW.DE,D,20200312,000000,40.35,40.35,38.82,38.82,6824,0
XDEW.DE,D,20200313,000000,39.855,40.225,38.27,39.03,10889,0
XDEW.DE,D,20200316,000000,38.06,38.665,36.03,38.16,8906,0
XDEW.DE,D,20200317,000000,38.75,38.95,36.485,38.36,3803,0
XDEW.DE,D,20200318,000000,37.03,37.03,35.775,36.24,6164,0
XDEW.DE,D,20200319,000000,36.37,37.2,36.065,36.845,11908,0
XDEW.DE,D,20200320,000000,38.015,38.425,36.89,36.89,19888,0
XDEW.DE,D,20200323,000000,34.4,35.825,33.835,34.22,3643,0
XDEW.DE,D,20200324,000000,35.63,37.415,35.2,37.415,1004,0
XDEW.DE,D,20200325,000000,37.915,39.175,37.065,39.175,7220,0
XDEW.DE,D,20200326,000000,37.65,39.805,37.165,39.805,48211,0
XDEW.DE,D,20200327,000000,39.455,39.455,38.395,38.58,14875,0
XDEW.DE,D,20200330,000000,38.49,39.365,38.065,39.275,9176,0
XDEW.DE,D,20200331,000000,40.015,40.015,39.49,39.96,4300,0
XDEW.DE,D,20200401,000000,37.94,38.16,37.58,37.83,15684,0
XDEW.DE,D,20200402,000000,37.95,38.325,37.325,38.29,3140,0
XDEW.DE,D,20200403,000000,38.03,38.54,37.955,38.005,2077,0
XDEW.DE,D,20200406,000000,39.345,40.045,39.3,40.005,3033,0
XDEW.DE,D,20200407,000000,41.21,42.115,41.21,41.82,23037,0
XDEW.DE,D,20200408,000000,40.985,41.94,40.87,41.94,1324,0
XDEW.DE,D,20200409,000000,42.73,43.61,42.485,43.395,198,0
XDEW.DE,D,20200414,000000,42.86,43.16,42.855,42.985,151,0
XDEW.DE,D,20200415,000000,42.995,42.995,41.925,41.945,188033,0
XDEW.DE,D,20200416,000000,42.55,42.55,41.65,42.23,8143,0
XDEW.DE,D,20200417,000000,43.48,43.785,43.185,43.185,20108,0
XDEW.DE,D,20200420,000000,43.625,43.625,42.96,43.6,2123,0
XDEW.DE,D,20200421,000000,42.97,42.97,41.695,41.695,286,0
XDEW.DE,D,20200422,000000,42.03,42.62,42.03,42.485,82,0
XDEW.DE,D,20200423,000000,42.785,43.3,42.785,43.165,1256,0
XDEW.DE,D,20200424,000000,42.735,43.13,42.735,42.835,1873,0
XDEW.DE,D,20200427,000000,43.44,44.12,43.44,44.12,381,0
XDEW.DE,D,20200428,000000,44.38,45.61,44.38,45.08,422,0
XDEW.DE,D,20200429,000000,45.465,46.435,45.3,46.435,6704,0
XDEW.DE,D,20200430,000000,46.595,46.785,45.21,45.21,14095,0
XDEW.DE,D,20200504,000000,43.04,43.115,42.785,43.03,4055,0
XDEW.DE,D,20200505,000000,43.9,44.63,43.9,44.63,3528,0
XDEW.DE,D,20200506,000000,44.435,44.525,43.76,43.81,5066,0
XDEW.DE,D,20200507,000000,43.85,44.725,43.85,44.725,1358,0
XDEW.DE,D,20200508,000000,44.59,44.965,44.59,44.965,5363,0
XDEW.DE,D,20200511,000000,45.495,45.495,44.58,44.865,3446,0
XDEW.DE,D,20200512,000000,44.485,44.99,44.485,44.545,202,0
XDEW.DE,D,20200513,000000,43.6,43.675,42.635,42.635,10102,0
XDEW.DE,D,20200514,000000,42.365,42.48,41.52,42.305,27443,0
XDEW.DE,D,20200515,000000,43.415,43.415,42.645,42.98,10915,0
XDEW.DE,D,20200518,000000,43.795,45.245,43.76,45.245,14036,0
XDEW.DE,D,20200519,000000,45.445,45.445,44.695,45.155,876,0
XDEW.DE,D,20200520,000000,44.635,45.185,44.55,45.185,544,0
XDEW.DE,D,20200521,000000,44.79,44.875,44.745,44.875,288,0
XDEW.DE,D,20200522,000000,44.65,45.215,44.65,44.925,20205,0
XDEW.DE,D,20200525,000000,45.44,45.855,45.44,45.835,1582,0
XDEW.DE,D,20200526,000000,46.09,46.47,45.995,46.455,2337,0
XDEW.DE,D,20200527,000000,46.95,47.24,46.77,46.87,55582,0
XDEW.DE,D,20200528,000000,47.525,47.755,47.07,47.175,138829,0
XDEW.DE,D,20200529,000000,46.555,46.74,45.965,45.965,5063,0
XDEW.DE,D,20200602,000000,46.8,47.135,46.8,47.03,32924,0
XDEW.DE,D,20200603,000000,47.28,48.305,47.28,48.305,15697,0
XDEW.DE,D,20200604,000000,48.235,48.235,47.98,47.98,21405,0
XDEW.DE,D,20200605,000000,48.385,50.6,48.385,50.5,18598,0
XDEW.DE,D,20200608,000000,50,50.86,50,50.79,11003,0
XDEW.DE,D,20200609,000000,51.28,51.28,49.725,49.725,36882,0
XDEW.DE,D,20200610,000000,50.09,50.09,48.675,48.675,6151,0
XDEW.DE,D,20200611,000000,47.47,47.47,46.005,46.005,69385,0
XDEW.DE,D,20200612,000000,45.795,46.935,45.795,46.175,25483,0
XDEW.DE,D,20200615,000000,44.945,45.9,44.945,45.9,5846,0
XDEW.DE,D,20200616,000000,47.025,48.685,47.025,47.92,23668,0
XDEW.DE,D,20200617,000000,47.83,48.48,47.61,47.785,12326,0
XDEW.DE,D,20200618,000000,47.27,47.55,46.985,47.525,68544,0
XDEW.DE,D,20200619,000000,47.605,48.175,47.605,47.885,14987,0
XDEW.DE,D,20200622,000000,47.025,47.025,46.635,46.68,15047,0
XDEW.DE,D,20200623,000000,46.965,47.325,46.89,46.92,3231,0
XDEW.DE,D,20200624,000000,46.65,46.83,45.42,45.42,435,0
XDEW.DE,D,20200625,000000,45.275,45.59,45.12,45.26,45537,0
XDEW.DE,D,20200626,000000,45.955,46.08,45.245,45.245,2910,0
XDEW.DE,D,20200629,000000,45.25,45.7,45.205,45.7,14135,0
XDEW.DE,D,20200630,000000,46.105,46.215,45.885,46.215,17998,0
XDEW.DE,D,20200701,000000,46.385,46.945,46.315,46.315,1406,0
XDEW.DE,D,20200702,000000,46.41,47.22,46.41,47.02,22228,0
XDEW.DE,D,20200703,000000,46.965,46.965,46.535,46.575,1557,0
XDEW.DE,D,20200706,000000,47.335,47.43,46.91,46.94,6239,0
XDEW.DE,D,20200707,000000,46.78,46.82,46.64,46.685,7125,0
XDEW.DE,D,20200708,000000,46.3,46.4,45.96,45.96,10688,0
XDEW.DE,D,20200709,000000,46.09,46.195,45.27,45.37,1035,0
XDEW.DE,D,20200710,000000,45.3,45.96,45.3,45.96,4045,0
XDEW.DE,D,20200713,000000,46.495,46.57,46.245,46.56,4580,0
XDEW.DE,D,20200714,000000,46.2,46.2,45.69,46.175,70120,0
XDEW.DE,D,20200715,000000,46.75,47.33,46.61,47.21,49356,0
XDEW.DE,D,20200716,000000,47.375,47.555,47.375,47.51,5485,0
XDEW.DE,D,20200717,000000,47.505,47.64,47.41,47.475,14103,0
XDEW.DE,D,20200720,000000,47.18,47.405,47.18,47.23,47543,0
XDEW.DE,D,20200721,000000,47.41,47.855,47.41,47.785,21290,0
XDEW.DE,D,20200722,000000,47.37,47.425,46.995,47.335,3605,0
XDEW.DE,D,20200723,000000,47.55,47.765,47.515,47.665,7612,0
XDEW.DE,D,20200724,000000,47.12,47.485,46.92,46.92,8470,0
XDEW.DE,D,20200727,000000,46.635,46.64,46.225,46.35,2239,0
XDEW.DE,D,20200728,000000,46.645,46.715,46.44,46.68,2944,0
XDEW.DE,D,20200729,000000,46.43,46.71,46.43,46.71,5231,0
XDEW.DE,D,20200730,000000,46.865,46.865,46.05,46.485,2297,0
XDEW.DE,D,20200731,000000,45.935,46.32,45.89,45.945,11138,0
XDEW.DE,D,20200803,000000,46.455,47.075,46.455,46.9,3060,0
XDEW.DE,D,20200804,000000,46.82,47.03,46.57,46.98,39459,0
XDEW.DE,D,20200805,000000,46.945,47.04,46.855,46.855,553,0
XDEW.DE,D,20200806,000000,46.905,46.905,46.845,46.855,349,0
XDEW.DE,D,20200807,000000,46.85,47.285,46.835,47.275,595,0
XDEW.DE,D,20200810,000000,47.775,48.27,47.775,48.27,1768,0
XDEW.DE,D,20200811,000000,48.555,48.955,48.555,48.715,103473,0
XDEW.DE,D,20200812,000000,48.805,48.815,48.37,48.465,1012,0
XDEW.DE,D,20200813,000000,48.34,48.34,48.07,48.12,6774,0
XDEW.DE,D,20200814,000000,48.265,48.265,47.87,48.23,6882,0
XDEW.DE,D,20200817,000000,48.11,48.11,48.02,48.085,10405,0
XDEW.DE,D,20200818,000000,47.84,47.965,47.555,47.655,1979,0
XDEW.DE,D,20200819,000000,47.535,47.79,47.535,47.79,1402,0
XDEW.DE,D,20200820,000000,47.52,47.605,47.37,47.485,5151,0
XDEW.DE,D,20200821,000000,47.485,47.56,47.3,47.54,5636,0
XDEW.DE,D,20200824,000000,47.685,48.155,47.52,48.155,439,0
XDEW.DE,D,20200825,000000,48.69,48.69,48.015,48.09,21177,0
XDEW.DE,D,20200826,000000,48.185,48.3,48.035,48.035,6870,0
XDEW.DE,D,20200827,000000,48.215,48.69,48.05,48.525,3852,0
XDEW.DE,D,20200828,000000,48.425,48.425,48.05,48.16,1436,0
XDEW.DE,D,20200831,000000,48.205,48.555,47.98,47.98,2443,0
XDEW.DE,D,20200901,000000,47.855,47.985,47.5,47.985,4518,0
XDEW.DE,D,20200902,000000,48.43,49.055,48.43,49.055,3100,0
XDEW.DE,D,20200903,000000,49.535,49.695,48.37,48.485,12128,0
XDEW.DE,D,20200904,000000,48.33,49,47.82,47.82,7544,0
XDEW.DE,D,20200907,000000,48.04,48.46,48.04,48.46,2429,0
XDEW.DE,D,20200908,000000,48.495,48.595,47.505,47.515,18895,0
XDEW.DE,D,20200909,000000,47.485,47.89,47.485,47.815,11929,0
XDEW.DE,D,20200910,000000,47.8,47.82,47.235,47.615,14142,0
XDEW.DE,D,20200911,000000,47.34,47.455,47.15,47.35,3374,0
XDEW.DE,D,20200914,000000,47.85,47.94,47.475,47.87,10928,0
XDEW.DE,D,20200915,000000,47.93,48.405,47.93,48.355,1309,0
XDEW.DE,D,20200916,000000,48.225,48.705,48.195,48.705,15459,0
XDEW.DE,D,20200917,000000,47.94,48.31,47.9,48.31,23273,0
XDEW.DE,D,20200918,000000,48.03,48.285,47.88,47.88,1427,0
XDEW.DE,D,20200921,000000,47.65,47.65,46.54,46.575,53937,0
XDEW.DE,D,20200922,000000,46.695,47.075,46.695,46.79,1760,0
XDEW.DE,D,20200923,000000,47.34,47.47,47.185,47.185,8818,0
XDEW.DE,D,20200924,000000,46.335,46.55,46.155,46.245,2981,0
XDEW.DE,D,20200925,000000,46.405,46.81,46.15,46.81,4611,0
XDEW.DE,D,20200928,000000,47.525,48.005,47.475,48.005,62783,0
XDEW.DE,D,20200929,000000,47.97,47.97,47.225,47.285,6287,0
XDEW.DE,D,20200930,000000,47.06,47.87,47.06,47.74,3322,0
XDEW.DE,D,20201001,000000,47.83,48.01,47.56,47.605,97911,0
XDEW.DE,D,20201002,000000,47.035,47.72,46.93,47.72,45333,0
XDEW.DE,D,20201005,000000,48.255,48.405,48.01,48.35,4600,0
XDEW.DE,D,20201006,000000,48.455,48.86,48.41,48.83,6233,0
XDEW.DE,D,20201007,000000,48.465,49.005,48.465,48.77,95185,0
XDEW.DE,D,20201008,000000,49.35,49.665,49.145,49.33,26871,0
XDEW.DE,D,20201009,000000,49.75,49.765,49.525,49.525,102,0
XDEW.DE,D,20201012,000000,49.625,49.945,49.625,49.945,13971,0
XDEW.DE,D,20201013,000000,49.98,50.12,49.53,49.745,129897,0
XDEW.DE,D,20201014,000000,49.82,50.01,49.6,49.905,8749,0
XDEW.DE,D,20201015,000000,49.525,49.675,49.24,49.585,22097,0
XDEW.DE,D,20201016,000000,49.965,50.16,49.825,50.14,10397,0
XDEW.DE,D,20201019,000000,50.2,50.2,49.58,49.58,125385,0
XDEW.DE,D,20201020,000000,49.09,49.275,49.085,49.255,3893,0
XDEW.DE,D,20201021,000000,49.01,49.255,48.73,48.855,8881,0
XDEW.DE,D,20201022,000000,48.66,49.225,48.66,49.075,3858,0
XDEW.DE,D,20201023,000000,49.525,49.705,49.515,49.53,2849,0
XDEW.DE,D,20201026,000000,49.065,49.255,48.395,48.395,14823,0
XDEW.DE,D,20201027,000000,48.75,48.81,48.26,48.26,3508,0
XDEW.DE,D,20201028,000000,47.91,47.91,47.05,47.23,58007,0
XDEW.DE,D,20201029,000000,47.435,47.455,46.835,47.455,8628,0
XDEW.DE,D,20201030,000000,46.985,47.66,46.91,47.405,47857,0
XDEW.DE,D,20201102,000000,47.62,48.69,47.62,48.615,40767,0
XDEW.DE,D,20201103,000000,48.865,49.48,48.865,49.435,62439,0
XDEW.DE,D,20201104,000000,49.05,49.99,48.9,49.99,188501,0
XDEW.DE,D,20201105,000000,49.675,50.1,49.525,50.01,6186,0
XDEW.DE,D,20201106,000000,49.84,49.84,49.21,49.54,30195,0
XDEW.DE,D,20201109,000000,49.97,54.99,49.965,52.25,193273,0
XDEW.DE,D,20201110,000000,51.8,52.68,51.8,51.97,179723,0
XDEW.DE,D,20201111,000000,52.35,52.9,52.17,52.41,85339,0
XDEW.DE,D,20201112,000000,51.82,51.86,51.68,51.73,7759,0
XDEW.DE,D,20201113,000000,51.37,52,51.37,51.98,5569,0
XDEW.DE,D,20201116,000000,52.71,53.79,52.69,53.26,28708,0
XDEW.DE,D,20201117,000000,53.44,53.44,52.42,53.05,11310,0
XDEW.DE,D,20201118,000000,52.89,53.6,52.87,53.39,107914,0
XDEW.DE,D,20201119,000000,52.73,52.73,52.32,52.32,10490,0
XDEW.DE,D,20201120,000000,52.49,52.95,52.4,52.62,12980,0
XDEW.DE,D,20201123,000000,52.66,53.36,52.56,53.12,5860,0
XDEW.DE,D,20201124,000000,53.8,54.29,53.69,54.29,52604,0
XDEW.DE,D,20201125,000000,54.29,54.29,53.7,53.74,52090,0
XDEW.DE,D,20201126,000000,53.76,53.88,53.63,53.65,10395,0
XDEW.DE,D,20201127,000000,53.64,53.87,53.46,53.46,4385,0
XDEW.DE,D,20201130,000000,53.26,53.26,52.76,52.95,8263,0
XDEW.DE,D,20201201,000000,53.4,53.85,53.26,53.26,49946,0
XDEW.DE,D,20201202,000000,52.9,53.01,52.7,52.99,47578,0
XDEW.DE,D,20201203,000000,52.83,53.32,52.73,53.25,22395,0
XDEW.DE,D,20201204,000000,53.17,53.8,53.14,53.8,15181,0
XDEW.DE,D,20201207,000000,53.95,53.95,53.66,53.8,27117,0
XDEW.DE,D,20201208,000000,53.75,54,53.39,53.97,21677,0
XDEW.DE,D,20201209,000000,54.06,54.24,54.02,54.02,11761,0
XDEW.DE,D,20201210,000000,54,54.04,53.5,53.81,24341,0
XDEW.DE,D,20201211,000000,53.77,53.77,53.15,53.36,50978,0
XDEW.DE,D,20201214,000000,53.57,54,53.41,53.41,22551,0
XDEW.DE,D,20201215,000000,53.11,53.42,53.11,53.3,19956,0
XDEW.DE,D,20201216,000000,53.74,53.85,53.5,53.67,24541,0
XDEW.DE,D,20201217,000000,53.71,53.71,53.34,53.43,9818,0
XDEW.DE,D,20201218,000000,53.55,53.7,53.39,53.39,7302,0
XDEW.DE,D,20201221,000000,53.45,53.45,51.82,52.7,68594,0
XDEW.DE,D,20201222,000000,52.93,53.23,52.93,53.18,6884,0
XDEW.DE,D,20201223,000000,53.12,53.68,53.12,53.68,33612,0
XDEW.DE,D,20201228,000000,53.4,54.15,53.4,53.66,53936,0
XDEW.DE,D,20201229,000000,53.52,53.75,53.25,53.27,7703,0
XDEW.DE,D,20201230,000000,53.35,53.39,53.14,53.14,8632,0
XDEW.DE,D,20210104,000000,53.95,54.08,52.93,52.93,9403,0
XDEW.DE,D,20210105,000000,52.8,53.24,52.8,53.22,6193,0
XDEW.DE,D,20210106,000000,53.49,54.73,53.21,54.73,10428,0
XDEW.DE,D,20210107,000000,54.93,55.43,54.78,55.19,37059,0
XDEW.DE,D,20210108,000000,55.66,55.76,55.32,55.36,19361,0
XDEW.DE,D,20210111,000000,55.62,56.05,55.36,55.75,14632,0
XDEW.DE,D,20210112,000000,55.9,56.26,55.83,56.16,31791,0
XDEW.DE,D,20210113,000000,56.11,56.17,55.86,55.96,35047,0
XDEW.DE,D,20210114,000000,56.16,56.53,56.16,56.37,22334,0
XDEW.DE,D,20210115,000000,56.14,56.18,55.72,55.98,25589,0
XDEW.DE,D,20210118,000000,56.07,56.23,56.04,56.19,10796,0
XDEW.DE,D,20210119,000000,56.36,56.36,56.08,56.13,23351,0
XDEW.DE,D,20210120,000000,56.09,56.95,56.02,56.44,34002,0
XDEW.DE,D,20210121,000000,56.72,56.72,56.19,56.19,37921,0
XDEW.DE,D,20210122,000000,55.72,55.87,55.42,55.69,46582,0
XDEW.DE,D,20210125,000000,55.96,55.96,55.42,55.53,36486,0
XDEW.DE,D,20210126,000000,55.76,56.05,55.54,55.57,13419,0
XDEW.DE,D,20210127,000000,55.13,55.27,54.61,54.98,15038,0
XDEW.DE,D,20210128,000000,54.56,55.22,54.17,55.16,11227,0
XDEW.DE,D,20210129,000000,54.37,54.75,54.13,54.24,30459,0
XDEW.DE,D,20210201,000000,54.36,54.78,54.14,54.51,23070,0
XDEW.DE,D,20210202,000000,55.13,56.06,55.09,56.06,9084,0
XDEW.DE,D,20210203,000000,55.98,55.98,55.71,55.76,14006,0
XDEW.DE,D,20210204,000000,55.98,56.78,55.97,56.73,18358,0
XDEW.DE,D,20210205,000000,56.98,57.28,56.91,57.04,10899,0
XDEW.DE,D,20210208,000000,56.96,57.29,56.96,57.24,43989,0
XDEW.DE,D,20210209,000000,57.36,57.44,57.06,57.14,9790,0
XDEW.DE,D,20210210,000000,57.24,57.5,57,57.2,24809,0
XDEW.DE,D,20210211,000000,57.42,57.49,57.28,57.33,10690,0
XDEW.DE,D,20210212,000000,57.21,57.55,57.09,57.51,11068,0
XDEW.DE,D,20210215,000000,57.91,58.08,57.77,57.96,13791,0
XDEW.DE,D,20210216,000000,57.89,58.08,57.75,57.84,12953,0
XDEW.DE,D,20210217,000000,57.99,58.15,57.7,57.7,18108,0
XDEW.DE,D,20210218,000000,57.76,58,57.35,57.41,28788,0
XDEW.DE,D,20210219,000000,57.38,57.94,57.31,57.85,41046,0
XDEW.DE,D,20210222,000000,57.56,58.05,57.38,57.86,24882,0
XDEW.DE,D,20210223,000000,57.84,58.31,57,57.55,86875,0
XDEW.DE,D,20210224,000000,57.88,58.64,57.73,58.62,46476,0
XDEW.DE,D,20210225,000000,58.6,58.71,57.93,57.98,15713,0
XDEW.DE,D,20210226,000000,57.39,57.89,57.06,57.66,28961,0
XDEW.DE,D,20210301,000000,58.08,58.99,57.88,58.92,18367,0
XDEW.DE,D,20210302,000000,58.67,58.94,58.41,58.41,36746,0
XDEW.DE,D,20210303,000000,58.72,58.87,58.36,58.64,22296,0
XDEW.DE,D,20210304,000000,58.18,58.46,57.83,58.16,24495,0
XDEW.DE,D,20210305,000000,57.87,58.74,57.71,57.71,36306,0
XDEW.DE,D,20210308,000000,59.29,60.59,59.26,60.49,35395,0
XDEW.DE,D,20210309,000000,60.13,60.63,60.04,60.39,44046,0
XDEW.DE,D,20210310,000000,59.99,60.53,59.84,60.53,88893,0
XDEW.DE,D,20210311,000000,60.74,61.05,60.33,61,38438,0
XDEW.DE,D,20210312,000000,60.89,61.09,60.69,60.94,26935,0
XDEW.DE,D,20210315,000000,61.57,61.58,61.21,61.35,51859,0
XDEW.DE,D,20210316,000000,61.9,61.9,61.44,61.5,38084,0
XDEW.DE,D,20210317,000000,61.48,61.54,61.13,61.29,27753,0
XDEW.DE,D,20210318,000000,61.53,61.87,61.29,61.76,37154,0
XDEW.DE,D,20210319,000000,61.38,61.38,60.79,61.25,90948,0
XDEW.DE,D,20210322,000000,60.88,60.92,60.7,60.79,34773,0
XDEW.DE,D,20210323,000000,61.03,61.04,60.8,60.93,9367,0
XDEW.DE,D,20210324,000000,60.71,61.31,60.56,61.23,33789,0
XDEW.DE,D,20210325,000000,60.75,61.09,60.09,61.09,21584,0
XDEW.DE,D,20210326,000000,61.79,62.08,61.56,61.98,295744,0
XDEW.DE,D,20210329,000000,62.33,62.58,62.15,62.23,46736,0
XDEW.DE,D,20210330,000000,62.69,62.73,62.36,62.61,20894,0
XDEW.DE,D,20210331,000000,62.7,62.8,62.41,62.66,34729,0
XDEW.DE,D,20210401,000000,62.8,63.02,62.58,62.73,26108,0
XDEW.DE,D,20210406,000000,63.48,63.49,63.18,63.35,23309,0
XDEW.DE,D,20210407,000000,63.01,63.29,62.81,62.81,14234,0
XDEW.DE,D,20210408,000000,63.1,63.14,62.57,62.76,26425,0
XDEW.DE,D,20210409,000000,63.14,63.25,62.96,63.04,19219,0
XDEW.DE,D,20210412,000000,63.26,63.29,63.09,63.18,19876,0
XDEW.DE,D,20210413,000000,63.4,63.51,62.77,63.03,32789,0
XDEW.DE,D,20210414,000000,63.05,63.36,62.83,63.34,47278,0
XDEW.DE,D,20210415,000000,63.33,63.45,63.13,63.45,41217,0
XDEW.DE,D,20210416,000000,63.52,63.82,63.38,63.64,37900,0
XDEW.DE,D,20210419,000000,63.64,63.64,62.98,63.18,190048,0
XDEW.DE,D,20210420,000000,63.03,63.05,62.46,62.54,26622,0
XDEW.DE,D,20210421,000000,62.79,63.28,62.72,63.12,27935,0
XDEW.DE,D,20210422,000000,63.51,63.75,63.27,63.75,21267,0
XDEW.DE,D,20210423,000000,63.14,63.54,62.94,63.53,19541,0
XDEW.DE,D,20210426,000000,63.46,63.88,63.4,63.76,31316,0
XDEW.DE,D,20210427,000000,63.65,63.83,63.58,63.69,8586,0
XDEW.DE,D,20210428,000000,63.99,63.99,63.67,63.72,18094,0
XDEW.DE,D,20210429,000000,63.85,63.9,63.69,63.71,37224,0
XDEW.DE,D,20210430,000000,63.95,63.95,63.69,63.85,15070,0
XDEW.DE,D,20210503,000000,64.21,64.35,63.95,64.16,84031,0
XDEW.DE,D,20210504,000000,64.33,64.48,63.8,63.91,44839,0
XDEW.DE,D,20210505,000000,64.45,65.14,64.2,64.5,27185,0
XDEW.DE,D,20210506,000000,64.65,64.65,63.84,64.22,45085,0
XDEW.DE,D,20210507,000000,64.57,64.67,64.09,64.54,38707,0
XDEW.DE,D,20210510,000000,64.92,65.19,64.66,65.15,19535,0
XDEW.DE,D,20210511,000000,64.39,64.39,63.19,63.59,97492,0
XDEW.DE,D,20210512,000000,63.82,63.82,63.38,63.48,83090,0
XDEW.DE,D,20210513,000000,62.58,63.66,62.3,63.46,50108,0
XDEW.DE,D,20210514,000000,63.9,64.11,63.56,64.11,31706,0
XDEW.DE,D,20210517,000000,64.24,64.24,63.79,63.94,25489,0
XDEW.DE,D,20210518,000000,64.02,64.26,63.64,63.76,39026,0
XDEW.DE,D,20210519,000000,62.76,62.96,61.99,62.37,49351,0
XDEW.DE,D,20210520,000000,63.02,63.32,62.61,63.32,11995,0
XDEW.DE,D,20210521,000000,63.49,63.92,63.34,63.8,12785,0
XDEW.DE,D,20210525,000000,63.8,63.8,63.53,63.53,19883,0
XDEW.DE,D,20210526,000000,63.44,63.67,63.42,63.67,52095,0
XDEW.DE,D,20210527,000000,63.76,64.22,63.65,64.14,82705,0
XDEW.DE,D,20210528,000000,64.55,64.69,64.25,64.26,19517,0
XDEW.DE,D,20210531,000000,64.18,64.35,63.92,63.92,5970,0
XDEW.DE,D,20210601,000000,64.24,64.57,64.13,64.25,18109,0
XDEW.DE,D,20210602,000000,64.47,64.66,64.32,64.51,7465,0
XDEW.DE,D,20210603,000000,64.63,64.86,64.1,64.86,10021,0
XDEW.DE,D,20210604,000000,64.99,65,64.65,64.67,17322,0
XDEW.DE,D,20210607,000000,64.79,65.05,64.52,64.52,8843,0
XDEW.DE,D,20210608,000000,64.7,64.82,64.39,64.53,23666,0
XDEW.DE,D,20210609,000000,64.67,64.86,64.51,64.69,19636,0
XDEW.DE,D,20210610,000000,64.61,64.85,64.46,64.67,11477,0
XDEW.DE,D,20210611,000000,64.61,65.16,64.59,65.05,18889,0
XDEW.DE,D,20210614,000000,65.36,65.37,64.71,64.74,6521,0
XDEW.DE,D,20210615,000000,65.05,65.05,64.67,64.67,72147,0
XDEW.DE,D,20210616,000000,64.78,65.04,64.62,64.89,16061,0
XDEW.DE,D,20210617,000000,65.03,65.53,65,65.01,64281,0
XDEW.DE,D,20210618,000000,65.17,65.17,64.33,64.51,15122,0
XDEW.DE,D,20210621,000000,64.05,64.96,63.79,64.96,12774,0
XDEW.DE,D,20210622,000000,65.34,65.34,64.81,65.23,256746,0
XDEW.DE,D,20210623,000000,65.25,65.25,64.85,65.02,42499,0
XDEW.DE,D,20210624,000000,65.11,65.34,65.06,65.25,13512,0
XDEW.DE,D,20210625,000000,65.3,65.68,65.3,65.68,42731,0
XDEW.DE,D,20210628,000000,65.74,66,65.45,65.45,13468,0
XDEW.DE,D,20210629,000000,65.74,66.11,65.59,65.93,54812,0
XDEW.DE,D,20210630,000000,65.93,66.04,65.56,66.04,15737,0
XDEW.DE,D,20210701,000000,66.3,66.46,66.09,66.46,11643,0
XDEW.DE,D,20210702,000000,66.87,66.87,66.59,66.65,11741,0
XDEW.DE,D,20210705,000000,66.6,66.77,66.54,66.73,131502,0
XDEW.DE,D,20210706,000000,66.51,66.85,65.91,66.05,27388,0
XDEW.DE,D,20210707,000000,66.48,66.6,66.25,66.6,37520,0
XDEW.DE,D,20210708,000000,66.35,66.35,65.2,65.84,12874,0
XDEW.DE,D,20210709,000000,66.05,66.45,65.91,66.45,62384,0
XDEW.DE,D,20210712,000000,66.6,66.75,66.22,66.72,9815,0
XDEW.DE,D,20210713,000000,66.89,67.05,66.6,66.75,11572,0
XDEW.DE,D,20210714,000000,66.4,66.89,66.33,66.33,16553,0
XDEW.DE,D,20210715,000000,66.3,66.3,65.94,66.3,22514,0
XDEW.DE,D,20210716,000000,66.4,66.51,66.07,66.16,7691,0
XDEW.DE,D,20210719,000000,65.47,65.52,64.18,64.7,44174,0
XDEW.DE,D,20210720,000000,65.02,66.01,64.85,65.88,91815,0
XDEW.DE,D,20210721,000000,66.05,66.51,66.05,66.36,49038,0
XDEW.DE,D,20210722,000000,66.69,66.71,65.95,66.29,32533,0
XDEW.DE,D,20210723,000000,66.65,66.98,66.6,66.98,19399,0
XDEW.DE,D,20210726,000000,66.66,67,66.36,66.93,37475,0
XDEW.DE,D,20210727,000000,66.78,66.94,66.53,66.53,15087,0
XDEW.DE,D,20210728,000000,66.8,67.06,66.57,66.77,52769,0
XDEW.DE,D,20210729,000000,66.86,67.05,66.57,67.05,22063,0
XDEW.DE,D,20210730,000000,66.65,67.19,66.56,66.99,15770,0
XDEW.DE,D,20210802,000000,67.39,67.48,66.99,67.11,12916,0
XDEW.DE,D,20210803,000000,66.98,67.06,66.48,67.06,20053,0
XDEW.DE,D,20210804,000000,67.12,67.39,66.78,67.11,14834,0
XDEW.DE,D,20210805,000000,66.94,67.22,66.91,67.21,16817,0
XDEW.DE,D,20210806,000000,67.49,68.12,67.43,68.09,35103,0
XDEW.DE,D,20210809,000000,68.03,68.08,67.75,68.01,24075,0
XDEW.DE,D,20210810,000000,67.93,68.6,67.93,68.6,72575,0
XDEW.DE,D,20210811,000000,68.61,68.66,68.37,68.54,15305,0
XDEW.DE,D,20210812,000000,68.96,68.96,68.55,68.59,8973,0
XDEW.DE,D,20210813,000000,68.87,68.87,68.46,68.49,14920,0
XDEW.DE,D,20210816,000000,68.26,68.46,68.01,68.46,11986,0
XDEW.DE,D,20210817,000000,68.26,68.43,68.13,68.4,8556,0
XDEW.DE,D,20210818,000000,68.44,68.45,68.19,68.42,17119,0
XDEW.DE,D,20210819,000000,67.32,67.92,67.03,67.51,27031,0
XDEW.DE,D,20210820,000000,67.49,68.14,67.19,68.14,43607,0
XDEW.DE,D,20210823,000000,68.43,68.47,68.16,68.47,8533,0
XDEW.DE,D,20210824,000000,68.69,68.69,68.44,68.62,16785,0
