<TICKER>,<PER>,<DATE>,<TIME>,<OPEN>,<HIGH>,<LOW>,<CLOSE>,<VOL>,<OPENINT>
XDGE.DE,D,20160909,000000,13.479926,13.479926,13.362788,13.362788,10994,0
XDGE.DE,D,20160912,000000,13.371798,13.371798,13.326745,13.326745,10607,0
XDGE.DE,D,20160913,000000,13.299713,13.299713,13.299713,13.299713,0,0
XDGE.DE,D,20160914,000000,13.299713,13.308724,13.25466,13.290702,6664,0
XDGE.DE,D,20160915,000000,13.308724,13.308724,13.272681,13.281692,5120,0
XDGE.DE,D,20160916,000000,13.308724,13.308724,13.290702,13.290702,170,0
XDGE.DE,D,20160919,000000,13.308724,13.308724,13.290702,13.290702,170,0
XDGE.DE,D,20160920,000000,13.344766,13.344766,13.344766,13.344766,0,0
XDGE.DE,D,20160921,000000,13.344766,13.344766,13.281692,13.299713,1448,0
XDGE.DE,D,20160922,000000,13.434873,13.434873,13.434873,13.434873,0,0
XDGE.DE,D,20160923,000000,13.479926,13.479926,13.425862,13.425862,800,0
XDGE.DE,D,20160926,000000,13.479926,13.479926,13.461905,13.461905,1000,0
XDGE.DE,D,20160927,000000,13.488937,13.506958,13.479926,13.479926,2750,0
XDGE.DE,D,20160928,000000,13.497947,13.506958,13.452894,13.497947,9681,0
XDGE.DE,D,20160929,000000,13.443883,13.497947,13.443883,13.479926,6860,0
XDGE.DE,D,20160930,000000,13.506958,13.506958,13.488937,13.488937,1000,0
XDGE.DE,D,20161004,000000,13.461905,13.461905,13.425862,13.434873,14090,0
XDGE.DE,D,20161005,000000,13.38982,13.38982,13.335756,13.362788,757,0
XDGE.DE,D,20161006,000000,13.371798,13.371798,13.326745,13.371798,11491,0
XDGE.DE,D,20161007,000000,13.308724,13.371798,13.308724,13.326745,11129,0
XDGE.DE,D,20161010,000000,13.317734,13.353777,13.317734,13.335756,1420,0
XDGE.DE,D,20161011,000000,13.362788,13.362788,13.317734,13.317734,35900,0
XDGE.DE,D,20161012,000000,13.290702,13.344766,13.281692,13.299713,8545,0
XDGE.DE,D,20161013,000000,13.38982,13.39883,13.353777,13.353777,1312,0
XDGE.DE,D,20161014,000000,13.362788,13.371798,13.344766,13.344766,10200,0
XDGE.DE,D,20161017,000000,13.335756,13.353777,13.335756,13.353777,5821,0
XDGE.DE,D,20161018,000000,13.371798,13.38982,13.317734,13.371798,4869,0
XDGE.DE,D,20161019,000000,13.416851,13.425862,13.362788,13.416851,13325,0
XDGE.DE,D,20161020,000000,13.425862,13.434873,13.39883,13.39883,10600,0
XDGE.DE,D,20161021,000000,13.434873,13.443883,13.39883,13.39883,11420,0
XDGE.DE,D,20161024,000000,13.443883,13.443883,13.344766,13.362788,2604,0
XDGE.DE,D,20161025,000000,13.335756,13.380809,13.335756,13.380809,300,0
XDGE.DE,D,20161026,000000,13.362788,13.362788,13.326745,13.326745,3978,0
XDGE.DE,D,20161027,000000,13.335756,13.335756,13.25466,13.25466,2174,0
XDGE.DE,D,20161028,000000,13.191585,13.281692,13.191585,13.245649,32890,0
XDGE.DE,D,20161031,000000,13.281692,13.290702,13.236639,13.236639,7022,0
XDGE.DE,D,20161101,000000,13.227628,13.227628,13.155543,13.209607,1200,0
XDGE.DE,D,20161102,000000,13.290702,13.290702,13.200596,13.236639,9997,0
XDGE.DE,D,20161103,000000,13.191585,13.25466,13.173564,13.218617,2178,0
XDGE.DE,D,20161104,000000,13.263671,13.272681,13.191585,13.25466,5280,0
XDGE.DE,D,20161107,000000,13.245649,13.25466,13.245649,13.245649,10665,0
XDGE.DE,D,20161108,000000,13.290702,13.290702,13.209607,13.209607,2400,0
XDGE.DE,D,20161109,000000,13.236639,13.236639,13.11049,13.11049,4841,0
XDGE.DE,D,20161110,000000,13.011372,13.065436,12.912255,13.020383,84167,0
XDGE.DE,D,20161111,000000,12.948298,12.948298,12.948298,12.948298,0,0
XDGE.DE,D,20161114,000000,12.741053,12.867202,12.741053,12.867202,2400,0
XDGE.DE,D,20161115,000000,12.939287,12.939287,12.903245,12.903245,3000,0
XDGE.DE,D,20161116,000000,12.84017,12.912255,12.84017,12.912255,4003,0
XDGE.DE,D,20161117,000000,12.966319,12.966319,12.876213,12.876213,16620,0
XDGE.DE,D,20161118,000000,12.822149,12.849181,12.795117,12.795117,6108,0
XDGE.DE,D,20161121,000000,12.732042,12.804128,12.732042,12.777096,3000,0
XDGE.DE,D,20161122,000000,12.813138,12.849181,12.795117,12.795117,5480,0
XDGE.DE,D,20161123,000000,12.750064,12.750064,12.714021,12.714021,900,0
XDGE.DE,D,20161124,000000,12.777096,12.786106,12.70501,12.750064,38720,0
XDGE.DE,D,20161125,000000,12.786106,12.795117,12.777096,12.786106,49650,0
XDGE.DE,D,20161128,000000,12.83116,12.84017,12.804128,12.804128,20350,0
XDGE.DE,D,20161129,000000,12.768085,12.822149,12.768085,12.795117,2310,0
XDGE.DE,D,20161130,000000,12.858191,12.858191,12.750064,12.750064,13716,0
XDGE.DE,D,20161201,000000,12.777096,12.786106,12.714021,12.714021,10394,0
XDGE.DE,D,20161202,000000,12.795117,12.795117,12.777096,12.777096,4,0
XDGE.DE,D,20161205,000000,12.795117,12.795117,12.777096,12.777096,2300,0
XDGE.DE,D,20161206,000000,12.83116,12.83116,12.786106,12.786106,11700,0
XDGE.DE,D,20161207,000000,12.83116,12.84017,12.822149,12.822149,9710,0
XDGE.DE,D,20161208,000000,12.795117,12.804128,12.795117,12.804128,1000,0
XDGE.DE,D,20161209,000000,12.750064,12.804128,12.732042,12.768085,10770,0
XDGE.DE,D,20161212,000000,12.668968,12.723032,12.668968,12.723032,190493,0
XDGE.DE,D,20161213,000000,12.795117,12.795117,12.732042,12.759074,28190,0
XDGE.DE,D,20161214,000000,12.804128,12.83116,12.768085,12.822149,13037,0
XDGE.DE,D,20161215,000000,12.569851,12.668968,12.569851,12.659957,15338,0
XDGE.DE,D,20161216,000000,12.714021,12.714021,12.668968,12.668968,12256,0
XDGE.DE,D,20161219,000000,12.70501,12.750064,12.668968,12.750064,9839,0
XDGE.DE,D,20161220,000000,12.70501,12.741053,12.696,12.696,4700,0
XDGE.DE,D,20161221,000000,12.714021,12.777096,12.70501,12.732042,15089,0
XDGE.DE,D,20161222,000000,12.741053,12.777096,12.741053,12.750064,2074,0
XDGE.DE,D,20161223,000000,12.750064,12.83116,12.741053,12.786106,22447,0
XDGE.DE,D,20161227,000000,12.732042,12.786106,12.723032,12.741053,7650,0
XDGE.DE,D,20161228,000000,12.813138,12.813138,12.777096,12.777096,10275,0
XDGE.DE,D,20161229,000000,12.867202,12.876213,12.849181,12.849181,8000,0
XDGE.DE,D,20161230,000000,12.876213,12.885223,12.849181,12.849181,170,0
XDGE.DE,D,20170102,000000,12.930277,12.939287,12.903245,12.903245,8500,0
XDGE.DE,D,20170103,000000,12.813138,12.894234,12.813138,12.867202,23367,0
XDGE.DE,D,20170104,000000,12.921266,12.921266,12.858191,12.885223,21775,0
XDGE.DE,D,20170105,000000,12.930277,12.948298,12.903245,12.948298,18660,0
XDGE.DE,D,20170106,000000,13.011372,13.011372,12.903245,12.903245,2000,0
XDGE.DE,D,20170109,000000,12.930277,12.939287,12.912255,12.939287,1000,0
XDGE.DE,D,20170110,000000,12.966319,12.966319,12.903245,12.930277,12850,0
XDGE.DE,D,20170111,000000,12.894234,12.957309,12.894234,12.939287,10618,0
XDGE.DE,D,20170112,000000,13.020383,13.020383,12.98434,12.98434,22811,0
XDGE.DE,D,20170113,000000,12.957309,12.957309,12.885223,12.885223,1580,0
XDGE.DE,D,20170116,000000,12.948298,12.948298,12.948298,12.948298,0,0
XDGE.DE,D,20170117,000000,12.966319,13.011372,12.966319,12.97533,16283,0
XDGE.DE,D,20170118,000000,12.939287,12.948298,12.84017,12.912255,310500,0
XDGE.DE,D,20170119,000000,12.849181,12.867202,12.83116,12.83116,441186,0
XDGE.DE,D,20170120,000000,12.858191,12.858191,12.804128,12.804128,10611,0
XDGE.DE,D,20170123,000000,12.912255,12.912255,12.912255,12.912255,0,0
XDGE.DE,D,20170124,000000,12.903245,12.903245,12.894234,12.894234,2855,0
XDGE.DE,D,20170125,000000,12.83116,12.885223,12.822149,12.83116,2471,0
XDGE.DE,D,20170126,000000,12.813138,12.813138,12.813138,12.813138,0,0
XDGE.DE,D,20170127,000000,12.858191,12.876213,12.822149,12.849181,11130,0
XDGE.DE,D,20170130,000000,12.885223,12.885223,12.83116,12.858191,20176,0
XDGE.DE,D,20170131,000000,12.867202,12.894234,12.84017,12.867202,2300,0
XDGE.DE,D,20170201,000000,12.867202,12.867202,12.804128,12.804128,4846,0
XDGE.DE,D,20170202,000000,12.858191,12.867202,12.83116,12.867202,2120,0
XDGE.DE,D,20170203,000000,12.858191,12.885223,12.858191,12.885223,1000,0
XDGE.DE,D,20170206,000000,12.894234,12.912255,12.885223,12.885223,6170,0
XDGE.DE,D,20170207,000000,12.948298,12.948298,12.876213,12.930277,7245,0
XDGE.DE,D,20170208,000000,12.921266,12.957309,12.912255,12.957309,6092,0
XDGE.DE,D,20170209,000000,12.957309,12.966319,12.903245,12.903245,16803,0
XDGE.DE,D,20170210,000000,12.912255,12.912255,12.885223,12.903245,13671,0
XDGE.DE,D,20170213,000000,12.885223,12.894234,12.885223,12.885223,6200,0
XDGE.DE,D,20170214,000000,12.903245,12.921266,12.84017,12.84017,19488,0
XDGE.DE,D,20170215,000000,12.84017,12.885223,12.813138,12.867202,43613,0
XDGE.DE,D,20170216,000000,12.885223,12.930277,12.849181,12.930277,5460,0
XDGE.DE,D,20170217,000000,12.939287,12.957309,12.930277,12.930277,9738,0
XDGE.DE,D,20170220,000000,12.930277,12.939287,12.885223,12.912255,7435,0
XDGE.DE,D,20170221,000000,12.921266,12.948298,12.903245,12.948298,28682,0
XDGE.DE,D,20170222,000000,12.921266,12.97533,12.921266,12.930277,24931,0
XDGE.DE,D,20170223,000000,12.957309,12.98434,12.930277,12.98434,8475,0
XDGE.DE,D,20170224,000000,13.002362,13.056426,13.002362,13.056426,6600,0
XDGE.DE,D,20170227,000000,13.038404,13.065436,13.038404,13.065436,18775,0
XDGE.DE,D,20170228,000000,13.065436,13.065436,13.020383,13.056426,6170,0
XDGE.DE,D,20170301,000000,12.98434,12.98434,12.912255,12.912255,26000,0
XDGE.DE,D,20170302,000000,12.939287,12.939287,12.921266,12.921266,6700,0
XDGE.DE,D,20170303,000000,12.948298,12.948298,12.894234,12.921266,24053,0
XDGE.DE,D,20170306,000000,12.957309,12.957309,12.912255,12.912255,5690,0
XDGE.DE,D,20170307,000000,12.894234,12.912255,12.876213,12.876213,5139,0
XDGE.DE,D,20170308,000000,12.858191,12.858191,12.795117,12.804128,20277,0
XDGE.DE,D,20170309,000000,12.804128,12.804128,12.759074,12.759074,5830,0
XDGE.DE,D,20170310,000000,12.732042,12.750064,12.732042,12.750064,1810,0
XDGE.DE,D,20170313,000000,12.795117,12.795117,12.750064,12.750064,34067,0
XDGE.DE,D,20170314,000000,12.750064,12.768085,12.732042,12.750064,10220,0
XDGE.DE,D,20170315,000000,12.732042,12.795117,12.732042,12.795117,23822,0
XDGE.DE,D,20170316,000000,12.849181,12.858191,12.813138,12.849181,13537,0
XDGE.DE,D,20170317,000000,12.876213,12.885223,12.867202,12.876213,6800,0
XDGE.DE,D,20170320,000000,12.876213,12.885223,12.876213,12.885223,980,0
XDGE.DE,D,20170321,000000,12.885223,12.939287,12.885223,12.939287,15180,0
XDGE.DE,D,20170322,000000,12.948298,12.957309,12.939287,12.957309,5687,0
XDGE.DE,D,20170323,000000,12.957309,12.957309,12.939287,12.939287,12150,0
XDGE.DE,D,20170324,000000,12.912255,12.966319,12.912255,12.966319,5370,0
XDGE.DE,D,20170327,000000,13.002362,13.002362,12.966319,12.97533,4870,0
XDGE.DE,D,20170328,000000,12.957309,13.002362,12.957309,12.98434,3200,0
XDGE.DE,D,20170329,000000,12.966319,12.993351,12.966319,12.98434,7632,0
XDGE.DE,D,20170330,000000,13.002362,13.002362,12.97533,12.97533,2800,0
XDGE.DE,D,20170331,000000,12.921266,12.97533,12.921266,12.966319,4660,0
XDGE.DE,D,20170403,000000,12.97533,13.038404,12.97533,13.020383,26095,0
XDGE.DE,D,20170404,000000,13.038404,13.047415,13.011372,13.011372,2390,0
XDGE.DE,D,20170405,000000,13.011372,13.020383,12.97533,13.020383,15797,0
XDGE.DE,D,20170406,000000,12.957309,13.002362,12.957309,12.98434,5509,0
XDGE.DE,D,20170407,000000,13.038404,13.083458,13.020383,13.020383,8065,0
XDGE.DE,D,20170410,000000,12.786106,12.786106,12.786106,12.786106,0,0
XDGE.DE,D,20170411,000000,12.84017,12.84017,12.84017,12.84017,300,0
XDGE.DE,D,20170412,000000,12.867202,12.876213,12.867202,12.867202,36123,0
XDGE.DE,D,20170413,000000,12.930277,12.930277,12.894234,12.894234,5815,0
XDGE.DE,D,20170418,000000,12.921266,12.948298,12.894234,12.948298,9780,0
XDGE.DE,D,20170419,000000,12.939287,12.939287,12.912255,12.912255,4995,0
XDGE.DE,D,20170420,000000,12.957309,12.957309,12.894234,12.894234,17404,0
XDGE.DE,D,20170421,000000,12.867202,12.921266,12.867202,12.921266,15824,0
XDGE.DE,D,20170424,000000,12.84017,12.894234,12.83116,12.894234,27406,0
XDGE.DE,D,20170425,000000,12.858191,12.876213,12.84017,12.858191,12386,0
XDGE.DE,D,20170426,000000,12.858191,12.858191,12.83116,12.849181,39530,0
XDGE.DE,D,20170427,000000,12.84017,12.885223,12.84017,12.876213,33721,0
XDGE.DE,D,20170428,000000,12.84017,12.885223,12.84017,12.867202,15843,0
XDGE.DE,D,20170502,000000,12.849181,12.867202,12.84017,12.867202,562,0
XDGE.DE,D,20170503,000000,12.903245,12.921266,12.858191,12.894234,29523,0
XDGE.DE,D,20170504,000000,12.876213,12.876213,12.84017,12.84017,150545,0
XDGE.DE,D,20170505,000000,12.867202,12.867202,12.849181,12.849181,52790,0
XDGE.DE,D,20170508,000000,12.867202,12.903245,12.84017,12.849181,17270,0
XDGE.DE,D,20170509,000000,12.804128,12.849181,12.804128,12.84017,2905,0
XDGE.DE,D,20170510,000000,12.858191,12.885223,12.858191,12.867202,5380,0
XDGE.DE,D,20170511,000000,12.885223,12.885223,12.84017,12.849181,15261,0
XDGE.DE,D,20170512,000000,12.885223,12.921266,12.885223,12.921266,27850,0
XDGE.DE,D,20170515,000000,12.903245,12.930277,12.903245,12.930277,500,0
XDGE.DE,D,20170516,000000,12.912255,12.966319,12.912255,12.957309,11020,0
XDGE.DE,D,20170517,000000,12.948298,13.020383,12.939287,13.002362,13318,0
XDGE.DE,D,20170518,000000,13.020383,13.020383,13.002362,13.002362,4650,0
XDGE.DE,D,20170519,000000,12.957309,13.029394,12.957309,12.98434,3234,0
XDGE.DE,D,20170522,000000,12.97533,13.011372,12.966319,13.011372,22055,0
XDGE.DE,D,20170523,000000,13.011372,13.011372,12.98434,13.002362,4037,0
XDGE.DE,D,20170524,000000,12.98434,12.993351,12.939287,12.948298,10459,0
XDGE.DE,D,20170525,000000,12.97533,12.97533,12.97533,12.97533,850,0
XDGE.DE,D,20170526,000000,13.002362,13.011372,12.97533,12.98434,13283,0
XDGE.DE,D,20170529,000000,13.002362,13.002362,12.966319,12.966319,750,0
XDGE.DE,D,20170530,000000,12.98434,13.029394,12.966319,13.020383,14580,0
XDGE.DE,D,20170531,000000,13.029394,13.038404,12.993351,13.038404,13814,0
XDGE.DE,D,20170601,000000,13.038404,13.038404,13.020383,13.020383,3130,0
XDGE.DE,D,20170602,000000,13.029394,13.11049,13.020383,13.11049,3558,0
XDGE.DE,D,20170606,000000,13.101479,13.11049,13.065436,13.11049,30835,0
XDGE.DE,D,20170607,000000,13.11049,13.11049,13.083458,13.101479,9570,0
XDGE.DE,D,20170608,000000,13.056426,13.056426,13.056426,13.056426,0,0
XDGE.DE,D,20170609,000000,13.047415,13.047415,13.047415,13.047415,0,0
XDGE.DE,D,20170612,000000,13.074447,13.074447,13.056426,13.065436,4220,0
XDGE.DE,D,20170613,000000,13.056426,13.065436,13.038404,13.065436,20365,0
XDGE.DE,D,20170614,000000,13.074447,13.173564,13.056426,13.164553,10945,0
XDGE.DE,D,20170615,000000,13.155543,13.155543,13.128511,13.128511,30512,0
XDGE.DE,D,20170616,000000,13.128511,13.137521,13.1195,13.137521,11195,0
XDGE.DE,D,20170619,000000,13.137521,13.137521,13.065436,13.11049,41185,0
XDGE.DE,D,20170620,000000,13.137521,13.146532,13.137521,13.146532,6210,0
XDGE.DE,D,20170621,000000,13.137521,13.173564,13.128511,13.146532,9068,0
XDGE.DE,D,20170622,000000,13.182575,13.182575,13.137521,13.155543,13200,0
XDGE.DE,D,20170623,000000,13.173564,13.173564,13.128511,13.164553,32720,0
XDGE.DE,D,20170626,000000,13.137521,13.200596,13.137521,13.200596,3718,0
XDGE.DE,D,20170627,000000,13.200596,13.200596,13.137521,13.137521,3140,0
XDGE.DE,D,20170628,000000,13.128511,13.128511,13.11049,13.128511,16150,0
XDGE.DE,D,20170629,000000,13.1195,13.1195,13.074447,13.092468,9100,0
XDGE.DE,D,20170630,000000,13.101479,13.1195,13.092468,13.101479,2525,0
XDGE.DE,D,20170703,000000,13.092468,13.092468,13.065436,13.092468,16462,0
XDGE.DE,D,20170704,000000,13.101479,13.101479,13.056426,13.083458,3120,0
XDGE.DE,D,20170705,000000,13.047415,13.083458,13.002362,13.029394,11702,0
XDGE.DE,D,20170706,000000,13.074447,13.074447,13.020383,13.029394,4915,0
XDGE.DE,D,20170707,000000,13.047415,13.047415,13.020383,13.020383,4960,0
XDGE.DE,D,20170710,000000,13.047415,13.056426,13.047415,13.056426,19227,0
XDGE.DE,D,20170711,000000,13.038404,13.047415,13.038404,13.047415,1230,0
XDGE.DE,D,20170712,000000,13.074447,13.1195,13.047415,13.1195,6718,0
XDGE.DE,D,20170713,000000,13.128511,13.128511,13.065436,13.083458,10150,0
XDGE.DE,D,20170714,000000,13.101479,13.11049,13.092468,13.11049,4020,0
XDGE.DE,D,20170717,000000,13.128511,13.128511,13.1195,13.1195,1025,0
XDGE.DE,D,20170718,000000,13.146532,13.173564,13.146532,13.173564,19785,0
XDGE.DE,D,20170719,000000,13.137521,13.182575,13.137521,13.182575,5327,0
XDGE.DE,D,20170720,000000,13.191585,13.209607,13.191585,13.209607,2055,0
XDGE.DE,D,20170721,000000,13.173564,13.236639,13.155543,13.218617,2050,0
XDGE.DE,D,20170724,000000,13.227628,13.227628,13.200596,13.200596,47528,0
XDGE.DE,D,20170725,000000,13.200596,13.200596,13.137521,13.137521,9575,0
XDGE.DE,D,20170726,000000,13.146532,13.146532,13.128511,13.128511,4536,0
XDGE.DE,D,20170727,000000,13.1195,13.146532,13.1195,13.137521,830,0
XDGE.DE,D,20170728,000000,13.155543,13.164553,13.11049,13.155543,4025,0
XDGE.DE,D,20170731,000000,13.164553,13.173564,13.155543,13.155543,3570,0
XDGE.DE,D,20170801,000000,13.128511,13.182575,13.128511,13.164553,1915,0
XDGE.DE,D,20170802,000000,13.155543,13.209607,13.155543,13.209607,2158,0
XDGE.DE,D,20170803,000000,13.182575,13.200596,13.182575,13.200596,6318,0
XDGE.DE,D,20170804,000000,13.155543,13.155543,13.146532,13.146532,1980,0
XDGE.DE,D,20170807,000000,13.146532,13.155543,13.1195,13.155543,2400,0
XDGE.DE,D,20170808,000000,13.164553,13.164553,13.11049,13.11049,3900,0
XDGE.DE,D,20170809,000000,13.146532,13.146532,13.101479,13.128511,5832,0
XDGE.DE,D,20170810,000000,13.1195,13.128511,13.083458,13.101479,10607,0
XDGE.DE,D,20170811,000000,13.137521,13.137521,13.11049,13.11049,7250,0
XDGE.DE,D,20170814,000000,13.092468,13.128511,13.083458,13.128511,1505,0
XDGE.DE,D,20170815,000000,13.101479,13.101479,13.065436,13.092468,7650,0
XDGE.DE,D,20170816,000000,13.092468,13.1195,13.047415,13.1195,8300,0
XDGE.DE,D,20170817,000000,13.137521,13.137521,13.128511,13.128511,8186,0
XDGE.DE,D,20170818,000000,13.155543,13.173564,13.146532,13.146532,16620,0
XDGE.DE,D,20170821,000000,13.164553,13.164553,13.146532,13.146532,150,0
XDGE.DE,D,20170822,000000,13.11049,13.173564,13.11049,13.146532,35914,0
XDGE.DE,D,20170823,000000,13.173564,13.173564,13.173564,13.173564,5915,0
XDGE.DE,D,20170824,000000,13.173564,13.182575,13.164553,13.164553,3819,0
XDGE.DE,D,20170825,000000,13.182575,13.182575,13.182575,13.182575,11866,0
XDGE.DE,D,20170828,000000,13.182575,13.200596,13.182575,13.200596,2580,0
XDGE.DE,D,20170829,000000,13.182575,13.245649,13.182575,13.227628,15380,0
XDGE.DE,D,20170830,000000,13.209607,13.209607,13.182575,13.182575,5120,0
XDGE.DE,D,20170831,000000,13.218617,13.218617,13.200596,13.200596,1300,0
XDGE.DE,D,20170901,000000,13.200596,13.218617,13.173564,13.191585,990,0
XDGE.DE,D,20170904,000000,13.209607,13.209607,13.164553,13.191585,4843,0
XDGE.DE,D,20170905,000000,13.218617,13.236639,13.200596,13.236639,3919,0
XDGE.DE,D,20170906,000000,13.164553,13.263671,13.164553,13.236639,1245,0
XDGE.DE,D,20170907,000000,13.200596,13.245649,13.191585,13.245649,6020,0
XDGE.DE,D,20170908,000000,13.263671,13.263671,13.209607,13.209607,466,0
XDGE.DE,D,20170911,000000,13.164553,13.209607,13.164553,13.164553,13619,0
XDGE.DE,D,20170912,000000,13.173564,13.173564,13.128511,13.128511,1929,0
XDGE.DE,D,20170913,000000,13.137521,13.137521,13.137521,13.137521,0,0
XDGE.DE,D,20170914,000000,13.155543,13.155543,13.11049,13.128511,16166,0
XDGE.DE,D,20170915,000000,13.173564,13.173564,13.137521,13.137521,1000,0
XDGE.DE,D,20170918,000000,13.137521,13.173564,13.137521,13.146532,2400,0
XDGE.DE,D,20170919,000000,13.146532,13.146532,13.146532,13.146532,300,0
XDGE.DE,D,20170920,000000,13.146532,13.191585,13.146532,13.164553,2057,0
XDGE.DE,D,20170921,000000,13.164553,13.164553,13.128511,13.155543,19400,0
XDGE.DE,D,20170922,000000,13.146532,13.191585,13.146532,13.164553,9295,0
XDGE.DE,D,20170925,000000,13.173564,13.200596,13.173564,13.200596,8994,0
XDGE.DE,D,20170926,000000,13.191585,13.191585,13.191585,13.191585,0,0
XDGE.DE,D,20170927,000000,13.191585,13.191585,13.1195,13.146532,17283,0
XDGE.DE,D,20170928,000000,13.155543,13.164553,13.146532,13.146532,3971,0
XDGE.DE,D,20170929,000000,13.155543,13.200596,13.146532,13.182575,6315,0
XDGE.DE,D,20171002,000000,13.218617,13.218617,13.191585,13.191585,23000,0
XDGE.DE,D,20171004,000000,13.209607,13.272681,13.191585,13.209607,7515,0
XDGE.DE,D,20171005,000000,13.236639,13.236639,13.191585,13.191585,2100,0
XDGE.DE,D,20171006,000000,13.164553,13.182575,13.164553,13.182575,2184,0
XDGE.DE,D,20171009,000000,13.182575,13.182575,13.182575,13.182575,0,0
XDGE.DE,D,20171010,000000,13.227628,13.227628,13.227628,13.227628,0,0
XDGE.DE,D,20171011,000000,13.155543,13.227628,13.155543,13.209607,7727,0
XDGE.DE,D,20171012,000000,13.227628,13.227628,13.200596,13.200596,3400,0
XDGE.DE,D,20171013,000000,13.227628,13.263671,13.227628,13.236639,2496,0
XDGE.DE,D,20171016,000000,13.263671,13.263671,13.218617,13.236639,4440,0
XDGE.DE,D,20171017,000000,13.209607,13.236639,13.209607,13.236639,2500,0
XDGE.DE,D,20171018,000000,13.209607,13.245649,13.173564,13.200596,6917,0
XDGE.DE,D,20171019,000000,13.155543,13.263671,13.155543,13.236639,10570,0
XDGE.DE,D,20171020,000000,13.173564,13.200596,13.164553,13.173564,3690,0
XDGE.DE,D,20171023,000000,13.200596,13.218617,13.200596,13.200596,18027,0
XDGE.DE,D,20171024,000000,13.200596,13.200596,13.182575,13.182575,5000,0
XDGE.DE,D,20171025,000000,13.146532,13.146532,13.146532,13.146532,0,0
XDGE.DE,D,20171026,000000,13.173564,13.191585,13.146532,13.146532,1970,0
XDGE.DE,D,20171027,000000,13.146532,13.182575,13.1195,13.182575,11963,0
XDGE.DE,D,20171030,000000,13.209607,13.218617,13.182575,13.218617,6000,0
XDGE.DE,D,20171101,000000,13.218617,13.245649,13.209607,13.209607,1731,0
XDGE.DE,D,20171102,000000,13.227628,13.227628,13.191585,13.227628,5569,0
XDGE.DE,D,20171103,000000,13.227628,13.236639,13.191585,13.227628,1980,0
XDGE.DE,D,20171106,000000,13.209607,13.25466,13.209607,13.227628,4332,0
XDGE.DE,D,20171107,000000,13.191585,13.218617,13.191585,13.218617,1491,0
XDGE.DE,D,20171108,000000,13.245649,13.245649,13.191585,13.209607,2913,0
XDGE.DE,D,20171109,000000,13.209607,13.209607,13.146532,13.164553,4560,0
XDGE.DE,D,20171110,000000,13.1195,13.1195,13.083458,13.083458,10540,0
XDGE.DE,D,20171113,000000,13.1195,13.1195,13.083458,13.083458,470,0
XDGE.DE,D,20171114,000000,13.101479,13.11049,13.065436,13.101479,28065,0
XDGE.DE,D,20171115,000000,13.092468,13.128511,13.065436,13.065436,33735,0
XDGE.DE,D,20171116,000000,13.092468,13.155543,13.083458,13.137521,8245,0
XDGE.DE,D,20171117,000000,13.146532,13.146532,13.11049,13.146532,8143,0
XDGE.DE,D,20171120,000000,13.164553,13.164553,13.128511,13.137521,1246,0
XDGE.DE,D,20171121,000000,13.164553,13.191585,13.164553,13.191585,391,0
XDGE.DE,D,20171122,000000,13.173564,13.209607,13.146532,13.209607,6284,0
XDGE.DE,D,20171123,000000,13.227628,13.227628,13.200596,13.209607,6375,0
XDGE.DE,D,20171124,000000,13.218617,13.218617,13.200596,13.209607,22294,0
XDGE.DE,D,20171127,000000,13.218617,13.227628,13.200596,13.218617,6510,0
XDGE.DE,D,20171128,000000,13.227628,13.227628,13.191585,13.218617,1754,0
XDGE.DE,D,20171129,000000,13.218617,13.218617,13.128511,13.155543,1260,0
XDGE.DE,D,20171130,000000,13.128511,13.173564,13.128511,13.146532,3000,0
XDGE.DE,D,20171201,000000,13.209607,13.263671,13.146532,13.245649,10924,0
XDGE.DE,D,20171204,000000,13.209607,13.218617,13.200596,13.205101,100716,0
XDGE.DE,D,20171205,000000,13.227628,13.227628,13.182575,13.218617,5380,0
XDGE.DE,D,20171206,000000,13.281692,13.290702,13.245649,13.277186,149842,0
XDGE.DE,D,20171207,000000,13.245649,13.290702,13.245649,13.272681,15694,0
XDGE.DE,D,20171208,000000,13.200596,13.245649,13.200596,13.236639,9093,0
XDGE.DE,D,20171211,000000,13.308724,13.308724,13.218617,13.263671,9680,0
XDGE.DE,D,20171212,000000,13.236639,13.272681,13.200596,13.200596,30221,0
XDGE.DE,D,20171213,000000,13.209607,13.281692,13.182575,13.263671,85813,0
XDGE.DE,D,20171214,000000,13.281692,13.281692,13.263671,13.268176,7232,0
XDGE.DE,D,20171215,000000,13.272681,13.299713,13.272681,13.286197,5140,0
XDGE.DE,D,20171218,000000,13.281692,13.308724,13.263671,13.290702,34430,0
XDGE.DE,D,20171219,000000,13.281692,13.290702,13.200596,13.200596,17117,0
XDGE.DE,D,20171220,000000,13.209607,13.218617,13.173564,13.173564,15550,0
XDGE.DE,D,20171221,000000,13.218617,13.218617,13.11049,13.182575,16382,0
XDGE.DE,D,20171222,000000,13.182575,13.218617,13.182575,13.191585,10534,0
XDGE.DE,D,20171227,000000,13.209607,13.263671,13.182575,13.263671,6709,0
XDGE.DE,D,20171228,000000,13.290702,13.290702,13.236639,13.281692,10542,0
XDGE.DE,D,20171229,000000,13.272681,13.272681,13.272681,13.272681,0,0
XDGE.DE,D,20180102,000000,13.25466,13.284846,13.218617,13.218617,4398,0
XDGE.DE,D,20180103,000000,13.193838,13.225375,13.193838,13.22087,3082,0
XDGE.DE,D,20180104,000000,13.274483,13.274483,13.181674,13.196091,7407,0
XDGE.DE,D,20180105,000000,13.197893,13.2461,13.197442,13.205101,14363,0
XDGE.DE,D,20180108,000000,13.200596,13.229881,13.176267,13.201047,4623,0
XDGE.DE,D,20180109,000000,13.172663,13.199244,13.162301,13.162301,4142,0
XDGE.DE,D,20180110,000000,13.12761,13.159598,13.097424,13.114995,7941,0
XDGE.DE,D,20180111,000000,13.179421,13.189783,13.152389,13.152389,5557,0
XDGE.DE,D,20180112,000000,13.205101,13.205101,13.171762,13.18708,10346,0
XDGE.DE,D,20180115,000000,13.308273,13.308273,13.184827,13.201497,1647,0
XDGE.DE,D,20180116,000000,13.204651,13.236188,13.202398,13.209607,2540,0
XDGE.DE,D,20180117,000000,13.180322,13.209607,13.175366,13.183926,735,0
XDGE.DE,D,20180118,000000,13.137071,13.148785,13.105984,13.13617,8033,0
XDGE.DE,D,20180119,000000,13.111391,13.131214,13.088864,13.092468,35241,0
XDGE.DE,D,20180122,000000,13.088864,13.109588,13.062733,13.091567,5264,0
XDGE.DE,D,20180123,000000,13.159147,13.159147,13.08526,13.112292,7861,0
XDGE.DE,D,20180124,000000,13.122654,13.130313,13.063184,13.096072,20501,0
XDGE.DE,D,20180222,000000,12.736998,12.802776,12.736998,12.779348,7539,0
XDGE.DE,D,20180223,000000,12.758173,12.818094,12.758173,12.800974,40723,0
XDGE.DE,D,20180226,000000,12.889278,12.889278,12.761778,12.832511,3775,0
XDGE.DE,D,20180227,000000,12.807281,12.828907,12.769437,12.776195,10556,0
XDGE.DE,D,20180228,000000,12.866301,12.866301,12.746459,12.787458,8931,0
XDGE.DE,D,20180301,000000,12.804128,12.821248,12.748712,12.750965,10794,0
XDGE.DE,D,20180302,000000,12.749613,12.749613,12.710417,12.710417,2887,0
XDGE.DE,D,20180305,000000,12.740152,12.771239,12.737899,12.747811,8301,0
XDGE.DE,D,20180306,000000,12.718526,12.771239,12.71312,12.770338,250795,0
XDGE.DE,D,20180307,000000,12.716724,12.767634,12.716724,12.736097,75977,0
XDGE.DE,D,20180308,000000,12.726185,12.764481,12.695099,12.751415,8753,0
XDGE.DE,D,20180309,000000,12.724834,12.732042,12.692846,12.713571,1349,0
XDGE.DE,D,20180312,000000,12.700055,12.736097,12.661309,12.704109,25517,0
XDGE.DE,D,20180313,000000,12.718977,12.740152,12.691494,12.72123,17922,0
XDGE.DE,D,20180314,000000,12.742855,12.756822,12.72168,12.756822,1687,0
XDGE.DE,D,20180315,000000,12.741053,12.767184,12.725284,12.740152,5312,0
XDGE.DE,D,20180316,000000,12.758173,12.767184,12.722581,12.739701,1670,0
XDGE.DE,D,20180319,000000,12.723032,12.767184,12.717175,12.75547,8869,0
XDGE.DE,D,20180320,000000,12.722581,12.731141,12.69645,12.69645,3721,0
XDGE.DE,D,20180321,000000,12.677979,12.679781,12.573455,12.635178,57750,0
XDGE.DE,D,20180322,000000,12.671221,12.714021,12.671221,12.694198,8917,0
XDGE.DE,D,20180323,000000,12.645991,12.675275,12.621662,12.661759,3020,0
XDGE.DE,D,20180326,000000,12.593729,12.752767,12.593729,12.689692,9310,0
XDGE.DE,D,20180327,000000,12.706813,12.725284,12.677077,12.725284,6502,0
XDGE.DE,D,20180328,000000,12.761778,12.765382,12.70501,12.756371,21383,0
XDGE.DE,D,20180329,000000,12.753668,12.794666,12.751866,12.794666,10330,0
XDGE.DE,D,20180403,000000,12.806831,12.814039,12.759074,12.773942,2765,0
XDGE.DE,D,20180404,000000,12.786106,12.787908,12.744657,12.759074,13626,0
XDGE.DE,D,20180405,000000,12.759074,12.771689,12.741053,12.753668,10210,0
XDGE.DE,D,20180406,000000,12.759074,12.787458,12.742405,12.787458,20373,0
XDGE.DE,D,20180409,000000,12.769823,12.796137,12.769823,12.778132,372,0
XDGE.DE,D,20180410,000000,12.779979,12.825221,12.747202,12.800754,9928,0
XDGE.DE,D,20180411,000000,12.815526,12.85569,12.801215,12.832146,3358,0
XDGE.DE,D,20180412,000000,12.800754,12.844149,12.741662,12.799369,2495,0
XDGE.DE,D,20180413,000000,12.780441,12.806755,12.772593,12.800292,2327,0
XDGE.DE,D,20180416,000000,12.740738,12.773054,12.740277,12.763821,1858,0
XDGE.DE,D,20180417,000000,12.762898,12.801215,12.761051,12.786904,7849,0
XDGE.DE,D,20180418,000000,12.785519,12.796137,12.772593,12.772593,7256,0
XDGE.DE,D,20180419,000000,12.73012,12.73012,12.631788,12.650254,137903,0
XDGE.DE,D,20180420,000000,12.647023,12.654871,12.636405,12.648869,6549,0
XDGE.DE,D,20180423,000000,12.592547,12.624863,12.57085,12.608705,5072,0
XDGE.DE,D,20180424,000000,12.611937,12.638713,12.600857,12.600857,8649,0
XDGE.DE,D,20180425,000000,12.536687,12.536687,12.514066,12.521453,194380,0
XDGE.DE,D,20180426,000000,12.534841,12.659026,12.534841,12.563002,9990,0
XDGE.DE,D,20180427,000000,12.584699,12.593471,12.566695,12.584699,16453,0
XDGE.DE,D,20180430,000000,12.56808,12.608244,12.56808,12.595317,16652,0
XDGE.DE,D,20180502,000000,12.529301,12.557462,12.50945,12.539919,7900,0
XDGE.DE,D,20180503,000000,12.546844,12.560232,12.521914,12.553307,95532,0
XDGE.DE,D,20180504,000000,12.531147,12.572696,12.526531,12.526531,10898,0
XDGE.DE,D,20180507,000000,12.527454,12.556538,12.525146,12.535764,946,0
XDGE.DE,D,20180508,000000,12.527454,12.541765,12.4956,12.502063,12307,0
XDGE.DE,D,20180509,000000,12.480365,12.532994,12.471594,12.514989,63477,0
XDGE.DE,D,20180510,000000,12.543612,12.543612,12.543612,12.543612,0,0
XDGE.DE,D,20180511,000000,12.587008,12.607782,12.587008,12.599934,3189,0
XDGE.DE,D,20180514,000000,12.582391,12.582391,12.566695,12.566695,766,0
XDGE.DE,D,20180515,000000,12.56254,12.565771,12.48175,12.505295,11856,0
XDGE.DE,D,20180516,000000,12.475287,12.501601,12.456359,12.456359,9534,0
XDGE.DE,D,20180517,000000,12.453589,12.453589,12.429122,12.43974,8651,0
XDGE.DE,D,20180518,000000,12.434662,12.473441,12.434662,12.455898,2129,0
XDGE.DE,D,20180522,000000,12.500678,12.500678,12.457744,12.464669,8748,0
XDGE.DE,D,20180523,000000,12.502525,12.540842,12.502525,12.520529,7228,0
XDGE.DE,D,20180524,000000,12.522376,12.564848,12.522376,12.564848,2257,0
XDGE.DE,D,20180525,000000,12.56254,12.614707,12.56254,12.585161,3456,0
XDGE.DE,D,20180528,000000,12.592547,12.647023,12.567618,12.629018,8902,0
XDGE.DE,D,20180529,000000,12.634096,12.667797,12.596702,12.634096,15437,0
XDGE.DE,D,20180530,000000,12.602704,12.654871,12.590239,12.616553,8213,0
XDGE.DE,D,20180531,000000,12.615168,12.625787,12.61286,12.623017,2012,0
XDGE.DE,D,20180601,000000,12.603165,12.605935,12.556077,12.605935,14060,0
XDGE.DE,D,20180604,000000,12.497447,12.595779,12.497447,12.580083,4448,0
XDGE.DE,D,20180605,000000,12.554692,12.611937,12.554692,12.578236,5025,0
XDGE.DE,D,20180606,000000,12.54038,12.544997,12.512681,12.512681,4136,0
XDGE.DE,D,20180607,000000,12.493753,12.520991,12.48729,12.518683,1171,0
XDGE.DE,D,20180608,000000,12.544074,12.547767,12.538534,12.538534,1084,0
XDGE.DE,D,20180611,000000,12.523299,12.523299,12.500217,12.518221,1850,0
XDGE.DE,D,20180612,000000,12.495138,12.526069,12.495138,12.520529,8156,0
XDGE.DE,D,20180613,000000,12.528377,12.544997,12.51222,12.532994,5323,0
XDGE.DE,D,20180614,000000,12.515451,12.568541,12.515451,12.555153,42090,0
XDGE.DE,D,20180615,000000,12.572235,12.599472,12.54592,12.580083,4227,0
XDGE.DE,D,20180618,000000,12.562078,12.569003,12.525146,12.525146,623,0
XDGE.DE,D,20180619,000000,12.546844,12.575466,12.532348,12.532348,105088,0
XDGE.DE,D,20180620,000000,12.515913,12.536226,12.515913,12.522653,1029,0
XDGE.DE,D,20180621,000000,12.470486,12.470486,12.470486,12.470486,0,0
XDGE.DE,D,20180622,000000,12.443895,12.516374,12.443895,12.475103,4962,0
XDGE.DE,D,20180625,000000,12.469747,12.500678,12.468178,12.468178,1097,0
XDGE.DE,D,20180626,000000,12.430507,12.480827,12.430045,12.480827,4846,0
XDGE.DE,D,20180627,000000,12.496062,12.529762,12.49006,12.523115,69078,0
XDGE.DE,D,20180628,000000,12.506957,12.506957,12.506957,12.506957,0,0
XDGE.DE,D,20180629,000000,12.496062,12.551922,12.496062,12.548044,11399,0
XDGE.DE,D,20180702,000000,12.547767,12.547767,12.515728,12.515728,321,0
XDGE.DE,D,20180703,000000,12.510835,12.560509,12.4956,12.560509,19566,0
XDGE.DE,D,20180704,000000,12.567618,12.572696,12.563463,12.563463,12044,0
XDGE.DE,D,20180705,000000,12.533917,12.587469,12.533917,12.582391,4061,0
XDGE.DE,D,20180706,000000,12.587931,12.641483,12.587931,12.619323,20744,0
XDGE.DE,D,20180709,000000,12.618862,12.633635,12.606859,12.618215,6440,0
XDGE.DE,D,20180710,000000,12.599934,12.63225,12.599934,12.630218,4934,0
XDGE.DE,D,20180711,000000,12.63225,12.647484,12.624402,12.630865,8587,0
XDGE.DE,D,20180712,000000,12.641021,12.665489,12.633173,12.656071,12140,0
XDGE.DE,D,20180713,000000,12.648869,12.693188,12.648869,12.68811,25439,0
XDGE.DE,D,20180716,000000,12.659949,12.675184,12.636866,12.641944,1476,0
XDGE.DE,D,20180717,000000,12.622555,12.657641,12.622555,12.645176,106161,0
XDGE.DE,D,20180718,000000,12.649331,12.653947,12.649331,12.653947,930,0
XDGE.DE,D,20180719,000000,12.659026,12.659026,12.649331,12.649331,780,0
XDGE.DE,D,20180720,000000,12.658102,12.658102,12.61009,12.61009,470,0
XDGE.DE,D,20180723,000000,12.605474,12.614707,12.554692,12.55977,9800,0
XDGE.DE,D,20180724,000000,12.581468,12.587931,12.557,12.587931,7907,0
XDGE.DE,D,20180725,000000,12.599934,12.624863,12.599934,12.619323,6823,0
XDGE.DE,D,20180726,000000,12.621632,12.626248,12.596702,12.626248,3102,0
XDGE.DE,D,20180727,000000,12.639636,12.665027,12.612399,12.649331,10800,0
XDGE.DE,D,20180730,000000,12.630403,12.630403,12.618862,12.627171,1270,0
XDGE.DE,D,20180731,000000,12.641483,12.676107,12.641483,12.676107,11651,0
XDGE.DE,D,20180801,000000,12.63779,12.646099,12.602242,12.633635,7467,0
XDGE.DE,D,20180802,000000,12.599472,12.636866,12.599472,12.618862,15946,0
XDGE.DE,D,20180803,000000,12.633635,12.67426,12.622555,12.660411,8935,0
XDGE.DE,D,20180806,000000,12.67703,12.695035,12.658564,12.695035,3717,0
XDGE.DE,D,20180807,000000,12.673799,12.688572,12.66872,12.66872,24198,0
XDGE.DE,D,20180808,000000,12.651177,12.651177,12.627171,12.634096,14410,0
XDGE.DE,D,20180809,000000,12.658564,12.658564,12.636405,12.636405,240,0
XDGE.DE,D,20180810,000000,12.653947,12.653947,12.633635,12.646099,2344,0
XDGE.DE,D,20180813,000000,12.642868,12.654871,12.641483,12.641483,1672,0
XDGE.DE,D,20180814,000000,12.652562,12.671029,12.623478,12.664565,11383,0
XDGE.DE,D,20180815,000000,12.62117,12.701036,12.62117,12.684417,4340,0
XDGE.DE,D,20180816,000000,12.677492,12.695958,12.667797,12.688572,2699,0
XDGE.DE,D,20180817,000000,12.704729,12.718117,12.687648,12.709346,2000,0
XDGE.DE,D,20180820,000000,12.697343,12.747663,12.697343,12.741662,1980,0
XDGE.DE,D,20180821,000000,12.741662,12.749048,12.701959,12.701959,8897,0
XDGE.DE,D,20180822,000000,12.72735,12.73289,12.669182,12.704268,5664,0
XDGE.DE,D,20180823,000000,12.713962,12.749048,12.694111,12.713501,4660,0
XDGE.DE,D,20180824,000000,12.717656,12.720887,12.697343,12.719041,8611,0
XDGE.DE,D,20180827,000000,12.701498,12.706576,12.701498,12.706576,749,0
XDGE.DE,D,20180828,000000,12.697805,12.716271,12.682108,12.69088,28685,0
XDGE.DE,D,20180829,000000,12.675645,12.687648,12.661334,12.661334,76751,0
XDGE.DE,D,20180830,000000,12.666874,12.672414,12.666874,12.67149,79800,0
XDGE.DE,D,20180831,000000,12.672414,12.705191,12.672414,12.683493,1463,0
XDGE.DE,D,20180903,000000,12.648408,12.658102,12.640098,12.643329,2352,0
XDGE.DE,D,20180904,000000,12.629941,12.649331,12.599934,12.599934,22013,0
XDGE.DE,D,20180905,000000,12.632711,12.632711,12.606397,12.621632,43679,0
XDGE.DE,D,20180906,000000,12.627633,12.642868,12.605012,12.642868,5763,0
XDGE.DE,D,20180907,000000,12.640098,12.647946,12.586084,12.586084,1990,0
XDGE.DE,D,20180910,000000,12.579159,12.613783,12.579159,12.613783,1031,0
XDGE.DE,D,20180911,000000,12.61286,12.61286,12.593009,12.603627,272,0
XDGE.DE,D,20180912,000000,12.597626,12.623017,12.597626,12.623017,4077,0
XDGE.DE,D,20180913,000000,12.62117,12.653486,12.605474,12.646561,8559,0
XDGE.DE,D,20180914,000000,12.641944,12.641944,12.617938,12.617938,4942,0
XDGE.DE,D,20180917,000000,12.62948,12.629941,12.61009,12.629941,1618,0
XDGE.DE,D,20180918,000000,12.612399,12.622555,12.576389,12.576389,40455,0
XDGE.DE,D,20180919,000000,12.54038,12.55423,12.54038,12.544074,2979,0
XDGE.DE,D,20180920,000000,12.54592,12.579621,12.542227,12.578698,6760,0
XDGE.DE,D,20180921,000000,12.566695,12.584699,12.566695,12.566695,51229,0
XDGE.DE,D,20180924,000000,12.56808,12.571773,12.544535,12.544535,16682,0
XDGE.DE,D,20180925,000000,12.519606,12.546382,12.515913,12.531147,3065,0
XDGE.DE,D,20180926,000000,12.542227,12.562078,12.539457,12.555153,5911,0
XDGE.DE,D,20180927,000000,12.610552,12.610552,12.578236,12.578236,38465,0
XDGE.DE,D,20180928,000000,12.606397,12.636405,12.600396,12.603627,15513,0
XDGE.DE,D,20181001,000000,12.591624,12.60455,12.591624,12.597164,292,0
XDGE.DE,D,20181002,000000,12.599934,12.62117,12.599934,12.613783,13058,0
XDGE.DE,D,20181004,000000,12.453128,12.476672,12.445741,12.457283,8549,0
XDGE.DE,D,20181005,000000,12.449896,12.463284,12.433277,12.433277,3747,0
XDGE.DE,D,20181008,000000,12.426813,12.426813,12.393574,12.399576,9210,0
XDGE.DE,D,20181009,000000,12.390804,12.42589,12.369107,12.42589,4105,0
XDGE.DE,D,20181010,000000,12.407424,12.423582,12.401884,12.401884,2338,0
XDGE.DE,D,20181011,000000,12.419889,12.436047,12.418042,12.427275,2502,0
XDGE.DE,D,20181012,000000,12.42866,12.465131,12.42866,12.452666,5337,0
XDGE.DE,D,20181015,000000,12.443895,12.454974,12.423582,12.433277,2655,0
XDGE.DE,D,20181016,000000,12.404192,12.435585,12.404192,12.435585,2408,0
XDGE.DE,D,20181017,000000,12.43697,12.457283,12.430045,12.43974,7324,0
XDGE.DE,D,20181018,000000,12.395421,12.402346,12.372338,12.402346,84925,0
XDGE.DE,D,20181019,000000,12.377416,12.381571,12.354795,12.373262,17650,0
XDGE.DE,D,20181022,000000,12.357104,12.36172,12.355719,12.357565,3533,0
XDGE.DE,D,20181023,000000,12.374185,12.388496,12.362643,12.370492,2092,0
XDGE.DE,D,20181024,000000,12.393113,12.393113,12.390343,12.390343,385,0
XDGE.DE,D,20181025,000000,12.369107,12.395421,12.35341,12.376493,48133,0
XDGE.DE,D,20181026,000000,12.374647,12.406501,12.374647,12.390343,25625,0
XDGE.DE,D,20181029,000000,12.400037,12.400037,12.368645,12.373262,5573,0
XDGE.DE,D,20181030,000000,12.352949,12.354795,12.343254,12.343254,520,0
XDGE.DE,D,20181031,000000,12.321556,12.346947,12.302167,12.32248,10140,0
XDGE.DE,D,20181101,000000,12.28924,12.307245,12.275391,12.307245,663,0
XDGE.DE,D,20181102,000000,12.298474,12.332174,12.293857,12.293857,10309,0
XDGE.DE,D,20181105,000000,12.304937,12.310938,12.296627,12.309553,1203,0
XDGE.DE,D,20181106,000000,12.310477,12.322941,12.290164,12.322941,1455,0
XDGE.DE,D,20181107,000000,12.364952,12.388496,12.364028,12.37834,5805,0
XDGE.DE,D,20181108,000000,12.343716,12.349717,12.336791,12.349717,402,0
XDGE.DE,D,20181109,000000,12.362643,12.362643,12.326173,12.338176,51368,0
XDGE.DE,D,20181112,000000,12.35341,12.353872,12.319248,12.327558,6203,0
XDGE.DE,D,20181113,000000,12.307245,12.328019,12.302167,12.30586,8077,0
XDGE.DE,D,20181114,000000,12.309553,12.309553,12.274929,12.299397,14708,0
XDGE.DE,D,20181115,000000,12.28924,12.29201,12.248153,12.248153,1248,0
XDGE.DE,D,20181116,000000,12.218607,12.253231,12.218607,12.253231,300,0
XDGE.DE,D,20181119,000000,12.261541,12.265696,12.219992,12.243998,61050,0
XDGE.DE,D,20181120,000000,12.253231,12.264773,12.226917,12.233842,6681,0
XDGE.DE,D,20181121,000000,12.224147,12.258771,12.1886,12.256925,4220,0
XDGE.DE,D,20181122,000000,12.23892,12.244922,12.228764,12.228764,1202,0
XDGE.DE,D,20181123,000000,12.239843,12.288317,12.239382,12.254155,5142,0
XDGE.DE,D,20181126,000000,12.254616,12.264311,12.24169,12.259233,1167,0
XDGE.DE,D,20181127,000000,12.275391,12.275391,12.228302,12.228302,3543,0
XDGE.DE,D,20181128,000000,12.239382,12.241228,12.216299,12.216299,4088,0
XDGE.DE,D,20181129,000000,12.282777,12.314631,12.230149,12.230149,5065,0
XDGE.DE,D,20181130,000000,12.260156,12.260156,12.208451,12.208451,13178,0
XDGE.DE,D,20181203,000000,12.214914,12.267081,12.213529,12.267081,74931,0
XDGE.DE,D,20181204,000000,12.297089,12.30863,12.280469,12.280469,14300,0
XDGE.DE,D,20181205,000000,12.283239,12.283239,12.245383,12.25,4337,0
XDGE.DE,D,20181206,000000,12.270313,12.279084,12.258771,12.279084,4400,0
XDGE.DE,D,20181207,000000,12.296165,12.310938,12.266619,12.300782,11939,0
XDGE.DE,D,20181210,000000,12.295704,12.309553,12.278622,12.307707,16500,0
XDGE.DE,D,20181211,000000,12.312785,12.352949,12.298935,12.352949,1660,0
XDGE.DE,D,20181212,000000,12.345101,12.375108,12.330789,12.37003,14564,0
XDGE.DE,D,20181213,000000,12.35895,12.401884,12.35895,12.382033,4720,0
XDGE.DE,D,20181214,000000,12.402346,12.404192,12.389881,12.389881,12501,0
XDGE.DE,D,20181217,000000,12.38665,12.406501,12.382033,12.401884,4242,0
XDGE.DE,D,20181218,000000,12.404654,12.42866,12.401422,12.421735,10716,0
XDGE.DE,D,20181219,000000,12.443433,12.464207,12.433277,12.464207,9379,0
XDGE.DE,D,20181220,000000,12.466516,12.477134,12.405116,12.405116,2336,0
XDGE.DE,D,20181221,000000,12.383418,12.400499,12.365413,12.37834,6675,0
XDGE.DE,D,20181227,000000,12.37003,12.37003,12.334021,12.354334,12836,0
XDGE.DE,D,20181228,000000,12.310015,12.343254,12.310015,12.334944,23540,0
XDGE.DE,D,20190102,000000,12.379263,12.441586,12.379263,12.431892,24001,0
XDGE.DE,D,20190103,000000,12.448973,12.448973,12.418504,12.447588,3552,0
XDGE.DE,D,20190104,000000,12.450358,12.450358,12.412502,12.412502,1008,0
XDGE.DE,D,20190107,000000,12.426352,12.468824,12.426352,12.455436,5206,0
XDGE.DE,D,20190108,000000,12.433738,12.470671,12.428198,12.470671,3946,0
XDGE.DE,D,20190109,000000,12.456359,12.50114,12.452204,12.50114,18641,0
XDGE.DE,D,20190110,000000,12.526069,12.528839,12.487752,12.487752,7374,0
XDGE.DE,D,20190111,000000,12.486367,12.509911,12.486367,12.494677,4320,0
XDGE.DE,D,20190114,000000,12.510835,12.520529,12.482674,12.482674,3245,0
XDGE.DE,D,20190115,000000,12.469747,12.497447,12.459129,12.478057,4715,0
XDGE.DE,D,20190116,000000,12.467439,12.494677,12.460514,12.494677,1659,0
XDGE.DE,D,20190117,000000,12.518683,12.518683,12.496062,12.505295,3808,0
XDGE.DE,D,20190118,000000,12.511296,12.550537,12.49283,12.542689,9141,0
XDGE.DE,D,20190121,000000,12.546382,12.552845,12.532994,12.532994,6516,0
XDGE.DE,D,20190122,000000,12.563925,12.567618,12.542689,12.558385,9222,0
XDGE.DE,D,20190123,000000,12.55977,12.599472,12.558847,12.599472,258,0
XDGE.DE,D,20190124,000000,12.605935,12.649331,12.603165,12.627171,13522,0
XDGE.DE,D,20190125,000000,12.624402,12.642868,12.61563,12.642868,5810,0
XDGE.DE,D,20190128,000000,12.621632,12.62948,12.614707,12.62948,1446,0
XDGE.DE,D,20190129,000000,12.642406,12.658564,12.618862,12.650254,48177,0
XDGE.DE,D,20190130,000000,12.654871,12.670567,12.638251,12.665489,8814,0
XDGE.DE,D,20190131,000000,12.72735,12.79429,12.716732,12.79429,1315,0
XDGE.DE,D,20190201,000000,12.792444,12.812295,12.748587,12.75782,23430,0
XDGE.DE,D,20190204,000000,12.761975,12.773516,12.735199,12.735199,152649,0
XDGE.DE,D,20190205,000000,12.736584,12.821528,12.730582,12.815988,5978,0
XDGE.DE,D,20190206,000000,12.82199,12.82199,12.789212,12.789212,49662,0
XDGE.DE,D,20190207,000000,12.791059,12.806755,12.749972,12.758281,2940,0
XDGE.DE,D,20190208,000000,12.771669,12.791982,12.76336,12.780441,3874,0
XDGE.DE,D,20190211,000000,12.80537,12.80537,12.761051,12.781826,9156,0
XDGE.DE,D,20190212,000000,12.75505,12.782749,12.751818,12.776286,1477,0
XDGE.DE,D,20190213,000000,12.776747,12.786442,12.769361,12.769361,976,0
XDGE.DE,D,20190214,000000,12.758743,12.774901,12.758743,12.768899,2000,0
XDGE.DE,D,20190215,000000,12.762436,12.783211,12.740738,12.779517,9379,0
XDGE.DE,D,20190218,000000,12.776286,12.776286,12.761513,12.771669,3205,0
XDGE.DE,D,20190219,000000,12.780441,12.793367,12.773054,12.793367,5125,0
XDGE.DE,D,20190220,000000,12.788751,12.789212,12.740738,12.755973,7287,0
XDGE.DE,D,20190221,000000,12.75782,12.75782,12.722272,12.728735,3551,0
XDGE.DE,D,20190222,000000,12.739353,12.784596,12.734737,12.770746,12770,0
XDGE.DE,D,20190225,000000,12.761975,12.798445,12.754588,12.785519,9790,0
XDGE.DE,D,20190226,000000,12.796137,12.804447,12.783672,12.804447,1371,0
XDGE.DE,D,20190227,000000,12.803062,12.81368,12.759205,12.759205,13571,0
XDGE.DE,D,20190228,000000,12.775824,12.776747,12.739353,12.739353,6662,0
XDGE.DE,D,20190301,000000,12.742585,12.756896,12.724581,12.737969,3116,0
XDGE.DE,D,20190304,000000,12.729197,12.760128,12.729197,12.759666,4550,0
XDGE.DE,D,20190305,000000,12.745817,12.753665,12.729197,12.743047,2744,0
XDGE.DE,D,20190306,000000,12.749972,12.771669,12.749972,12.771669,3056,0
XDGE.DE,D,20190307,000000,12.756896,12.795214,12.750895,12.789212,5422,0
XDGE.DE,D,20190308,000000,12.802138,12.802138,12.763821,12.785519,6247,0
XDGE.DE,D,20190311,000000,12.783672,12.82199,12.783672,12.812295,4972,0
XDGE.DE,D,20190312,000000,12.794752,12.847381,12.787827,12.847381,9773,0
XDGE.DE,D,20190313,000000,12.857075,12.868155,12.843687,12.843687,908,0
XDGE.DE,D,20190314,000000,12.819681,12.841379,12.807678,12.807678,3003,0
XDGE.DE,D,20190315,000000,12.830299,12.878311,12.815065,12.85292,10451,0
XDGE.DE,D,20190318,000000,12.856614,12.86954,12.844611,12.863077,16143,0
XDGE.DE,D,20190319,000000,12.866308,12.876927,12.846919,12.863539,13229,0
XDGE.DE,D,20190320,000000,12.868155,12.877388,12.857537,12.860769,10256,0
XDGE.DE,D,20190321,000000,12.932787,12.984492,12.930017,12.968796,3040,0
XDGE.DE,D,20190322,000000,12.966026,13.047739,12.966026,13.042199,7535,0
XDGE.DE,D,20190325,000000,13.022809,13.061127,12.997418,13.061127,4627,0
XDGE.DE,D,20190326,000000,13.044045,13.075438,13.039429,13.068513,21522,0
XDGE.DE,D,20190327,000000,13.106369,13.106369,13.069898,13.079131,19539,0
XDGE.DE,D,20190328,000000,13.108215,13.108215,13.0759,13.079131,3564,0
XDGE.DE,D,20190329,000000,13.088364,13.088364,13.057433,13.086979,26859,0
XDGE.DE,D,20190401,000000,13.066205,13.078208,13.039429,13.039429,7587,0
XDGE.DE,D,20190402,000000,13.043122,13.06759,13.031119,13.046815,6064,0
XDGE.DE,D,20190403,000000,13.00896,13.048662,13.00896,13.015423,13672,0
XDGE.DE,D,20190404,000000,13.033427,13.053278,13.025579,13.032504,8416,0
XDGE.DE,D,20190405,000000,13.023271,13.082363,13.016808,13.068051,27711,0
XDGE.DE,D,20190408,000000,13.080978,13.080978,13.056048,13.058357,2613,0
XDGE.DE,D,20190409,000000,13.060665,13.081901,13.054202,13.081901,1306,0
XDGE.DE,D,20190410,000000,13.093904,13.109139,13.062512,13.098059,5743,0
XDGE.DE,D,20190411,000000,13.101106,13.139198,13.101106,13.132532,40588,0
XDGE.DE,D,20190412,000000,13.130627,13.130627,13.081108,13.10063,1800,0
XDGE.DE,D,20190415,000000,13.103963,13.118247,13.095393,13.103963,9131,0
XDGE.DE,D,20190416,000000,13.107772,13.109677,13.070633,13.070633,13802,0
XDGE.DE,D,20190417,000000,13.053016,13.067776,13.039208,13.067776,21921,0
XDGE.DE,D,20190418,000000,13.062062,13.086822,13.059206,13.059206,19785,0
XDGE.DE,D,20190423,000000,13.04016,13.066348,13.020638,13.066348,4532,0
XDGE.DE,D,20190424,000000,13.081108,13.129675,13.081108,13.129675,2800,0
XDGE.DE,D,20190425,000000,13.126342,13.134436,13.103011,13.103011,19031,0
XDGE.DE,D,20190426,000000,13.117771,13.165862,13.103963,13.165862,4376,0
XDGE.DE,D,20190429,000000,13.147768,13.157291,13.112058,13.122533,1480,0
XDGE.DE,D,20190430,000000,13.121104,13.130627,13.079204,13.117295,7700,0
XDGE.DE,D,20190502,000000,13.110629,13.120628,13.051587,13.051587,6249,0
XDGE.DE,D,20190503,000000,13.066824,13.117295,13.044921,13.101582,993,0
XDGE.DE,D,20190506,000000,13.138246,13.142055,13.096821,13.126342,5734,0
XDGE.DE,D,20190507,000000,13.126342,13.157291,13.125866,13.128723,5633,0
XDGE.DE,D,20190508,000000,13.13158,13.159196,13.123961,13.136817,6810,0
XDGE.DE,D,20190509,000000,13.114914,13.124913,13.096821,13.096821,5227,0
XDGE.DE,D,20190510,000000,13.093488,13.115391,13.081584,13.093964,4510,0
XDGE.DE,D,20190513,000000,13.102059,13.121104,13.102059,13.121104,2745,0
XDGE.DE,D,20190514,000000,13.102535,13.122057,13.084917,13.112058,13310,0
XDGE.DE,D,20190515,000000,13.125866,13.156815,13.125866,13.131103,644,0
XDGE.DE,D,20190516,000000,13.15872,13.15872,13.137769,13.14015,4451,0
XDGE.DE,D,20190517,000000,13.143007,13.166814,13.139198,13.139198,5556,0
XDGE.DE,D,20190520,000000,13.132056,13.150625,13.126342,13.126342,12816,0
XDGE.DE,D,20190521,000000,13.114438,13.133484,13.088727,13.10682,9652,0
XDGE.DE,D,20190522,000000,13.108248,13.132056,13.108248,13.132056,2840,0
XDGE.DE,D,20190523,000000,13.13158,13.152054,13.127294,13.151101,8849,0
XDGE.DE,D,20190524,000000,13.154434,13.172052,13.141579,13.160624,8780,0
XDGE.DE,D,20190527,000000,13.156815,13.177289,13.147768,13.173956,13613,0
XDGE.DE,D,20190528,000000,13.182527,13.21919,13.177765,13.187288,4536,0
XDGE.DE,D,20190529,000000,13.190621,13.229189,13.181099,13.196811,8939,0
XDGE.DE,D,20190530,000000,13.16729,13.221095,13.16729,13.221095,0,0
XDGE.DE,D,20190531,000000,13.276803,13.276803,13.238712,13.253472,5158,0
XDGE.DE,D,20190603,000000,13.31061,13.327751,13.286326,13.293469,7280,0
XDGE.DE,D,20190604,000000,13.330132,13.330132,13.29204,13.301087,9532,0
XDGE.DE,D,20190605,000000,13.322513,13.342988,13.293469,13.306801,13976,0
XDGE.DE,D,20190606,000000,13.313467,13.345844,13.31299,13.33775,1985,0
XDGE.DE,D,20190607,000000,13.335369,13.426789,13.326799,13.403934,3815,0
XDGE.DE,D,20190611,000000,13.378222,13.378222,13.326799,13.360605,12154,0
XDGE.DE,D,20190612,000000,13.379174,13.388221,13.354891,13.354891,614,0
XDGE.DE,D,20190613,000000,13.386317,13.417266,13.370604,13.407743,85643,0
XDGE.DE,D,20190614,000000,13.431074,13.448692,13.40441,13.40441,990,0
XDGE.DE,D,20190617,000000,13.397268,13.423456,13.384888,13.41679,6281,0
XDGE.DE,D,20190618,000000,13.433931,13.514876,13.412028,13.514876,28514,0
XDGE.DE,D,20190619,000000,13.49583,13.49583,13.470594,13.477736,1363,0
XDGE.DE,D,20190620,000000,13.610104,13.675812,13.593915,13.649624,31192,0
XDGE.DE,D,20190621,000000,13.643434,13.645339,13.603438,13.612961,8122,0
XDGE.DE,D,20190624,000000,13.627722,13.660576,13.61677,13.660576,5842,0
XDGE.DE,D,20190625,000000,13.6601,13.665813,13.628198,13.628198,12192,0
XDGE.DE,D,20190626,000000,13.606295,13.609628,13.573441,13.573441,23640,0
XDGE.DE,D,20190627,000000,13.561538,13.627246,13.554872,13.627246,8108,0
XDGE.DE,D,20190628,000000,13.648196,13.687716,13.632483,13.67486,22946,0
XDGE.DE,D,20190701,000000,13.667242,13.735806,13.667242,13.721522,10815,0
XDGE.DE,D,20190702,000000,13.714856,13.751995,13.699619,13.746758,18601,0
XDGE.DE,D,20190703,000000,13.777707,13.777707,13.761042,13.761042,8940,0
XDGE.DE,D,20190704,000000,13.780564,13.803895,13.76866,13.793896,6880,0
XDGE.DE,D,20190705,000000,13.785802,13.785802,13.638197,13.638197,4221,0
XDGE.DE,D,20190708,000000,13.704857,13.704857,13.659623,13.66248,11379,0
XDGE.DE,D,20190709,000000,13.649624,13.649624,13.617247,13.617247,1923,0
XDGE.DE,D,20190710,000000,13.582012,13.632959,13.563442,13.632959,32209,0
XDGE.DE,D,20190711,000000,13.633912,13.633912,13.598201,13.598201,14932,0
XDGE.DE,D,20190712,000000,13.544396,13.546777,13.542016,13.542016,300,0
XDGE.DE,D,20190715,000000,13.538683,13.593915,13.538683,13.572013,8268,0
XDGE.DE,D,20190716,000000,13.557729,13.589154,13.541063,13.541063,9172,0
XDGE.DE,D,20190717,000000,13.589154,13.601534,13.563442,13.597725,10694,0
XDGE.DE,D,20190718,000000,13.623436,13.633435,13.605819,13.605819,1782,0
XDGE.DE,D,20190719,000000,13.627722,13.646767,13.623436,13.646291,55216,0
XDGE.DE,D,20190722,000000,13.623436,13.672955,13.623436,13.666289,10208,0
XDGE.DE,D,20190723,000000,13.649624,13.683907,13.645339,13.674384,46547,0
XDGE.DE,D,20190724,000000,13.659623,13.711047,13.659623,13.69343,6659,0
XDGE.DE,D,20190725,000000,13.721522,13.74771,13.684383,13.684383,5445,0
XDGE.DE,D,20190726,000000,13.68105,13.696286,13.663433,13.684859,3039,0
XDGE.DE,D,20190729,000000,13.714856,13.714856,13.682002,13.704381,14344,0
XDGE.DE,D,20190730,000000,13.687716,13.687716,13.643434,13.643434,3163,0
XDGE.DE,D,20190731,000000,13.675336,13.702476,13.664861,13.702476,7212,0
XDGE.DE,D,20190801,000000,13.665337,13.795324,13.6601,13.779136,9725,0
XDGE.DE,D,20190802,000000,13.842939,13.844843,13.789611,13.790087,14584,0
XDGE.DE,D,20190805,000000,13.895315,13.909599,13.810561,13.810561,15401,0
XDGE.DE,D,20190806,000000,13.828178,13.850081,13.800562,13.850081,5038,0
XDGE.DE,D,20190807,000000,13.908647,13.971022,13.898172,13.926264,5381,0
XDGE.DE,D,20190808,000000,13.863413,13.89341,13.863413,13.885792,1001,0
XDGE.DE,D,20190809,000000,13.946262,13.946262,13.92055,13.921503,489,0
XDGE.DE,D,20190812,000000,13.902457,13.952928,13.899124,13.952928,2877,0
XDGE.DE,D,20190813,000000,13.987211,14.003876,13.961975,13.961975,7851,0
XDGE.DE,D,20190814,000000,13.987687,14.029111,13.987687,14.012922,6164,0
XDGE.DE,D,20190815,000000,14.018636,14.078154,14.017208,14.034349,9022,0
XDGE.DE,D,20190816,000000,14.041015,14.055775,14.006256,14.055775,15525,0
XDGE.DE,D,20190819,000000,14.0453,14.055299,14.015779,14.050062,18912,0
XDGE.DE,D,20190820,000000,14.048157,14.106247,14.048157,14.080059,4178,0
XDGE.DE,D,20190821,000000,14.074345,14.135291,14.066727,14.135291,11962,0
XDGE.DE,D,20190822,000000,14.158146,14.158146,14.126721,14.126721,7350,0
XDGE.DE,D,20190823,000000,14.073869,14.147671,14.035777,14.147671,632,0
XDGE.DE,D,20190826,000000,14.164336,14.191953,14.144338,14.167193,4332,0
XDGE.DE,D,20190827,000000,14.155766,14.215284,14.144338,14.215284,5452,0
XDGE.DE,D,20190828,000000,14.222902,14.239567,14.219093,14.224806,1804,0
XDGE.DE,D,20190829,000000,14.219569,14.227187,14.181477,14.181477,9386,0
XDGE.DE,D,20190830,000000,14.161003,14.174335,14.155289,14.155289,500,0
XDGE.DE,D,20190902,000000,14.155766,14.157194,14.137672,14.151956,1317,0
XDGE.DE,D,20190903,000000,14.142434,14.194809,14.142434,14.189572,12245,0
XDGE.DE,D,20190904,000000,14.180525,14.181477,14.147671,14.181477,6515,0
XDGE.DE,D,20190905,000000,14.159099,14.159099,14.066727,14.079583,3680,0
XDGE.DE,D,20190906,000000,14.080059,14.112436,14.0453,14.112436,1274,0
XDGE.DE,D,20190909,000000,14.102437,14.102437,14.041491,14.055299,6545,0
XDGE.DE,D,20190910,000000,14.026254,14.048157,13.981021,13.981021,5390,0
XDGE.DE,D,20190911,000000,13.931978,13.931978,13.889125,13.929597,2200,0
XDGE.DE,D,20190912,000000,13.912932,13.955309,13.908171,13.908171,10354,0
XDGE.DE,D,20190913,000000,13.870555,13.875317,13.774374,13.785325,11016,0
XDGE.DE,D,20190916,000000,13.788182,13.844367,13.788182,13.806752,544,0
XDGE.DE,D,20190917,000000,13.821036,13.868175,13.821036,13.868175,2328,0
XDGE.DE,D,20190918,000000,13.865794,13.930549,13.865794,13.930549,12400,0
XDGE.DE,D,20190919,000000,13.892934,13.950071,13.884363,13.929597,11534,0
XDGE.DE,D,20190920,000000,13.935787,13.950547,13.917694,13.950547,1649,0
XDGE.DE,D,20190923,000000,13.957213,14.042919,13.957213,14.03911,4856,0
XDGE.DE,D,20190924,000000,13.988639,14.050538,13.988639,14.044824,6477,0
XDGE.DE,D,20190925,000000,14.037682,14.072916,13.975783,13.9934,33813,0
XDGE.DE,D,20190926,000000,13.982449,14.007685,13.981973,14.000066,5596,0
XDGE.DE,D,20190927,000000,14.005304,14.017208,13.972926,14.001019,27549,0
XDGE.DE,D,20191001,000000,13.996733,14.089105,13.954357,14.085296,1903,0
XDGE.DE,D,20191002,000000,14.050538,14.069583,14.037206,14.061965,8764,0
XDGE.DE,D,20191004,000000,14.108627,14.133863,14.096248,14.133863,2618,0
XDGE.DE,D,20191007,000000,14.133387,14.154337,14.116722,14.116722,2164,0
XDGE.DE,D,20191008,000000,14.068631,14.135291,14.061489,14.100533,21801,0
XDGE.DE,D,20191009,000000,14.081963,14.091486,14.065298,14.07006,2909,0
XDGE.DE,D,20191010,000000,14.047681,14.047681,14.002447,14.002447,1291,0
XDGE.DE,D,20191011,000000,13.998638,14.024826,13.938168,13.938168,1928,0
XDGE.DE,D,20191014,000000,13.996733,14.015303,13.991972,13.991972,2090,0
XDGE.DE,D,20191015,000000,14.010065,14.041015,13.99102,13.99102,2503,0
XDGE.DE,D,20191016,000000,14.010542,14.020541,13.976735,13.997686,6243,0
XDGE.DE,D,20191017,000000,13.995781,14.006732,13.954357,14.006732,3063,0
XDGE.DE,D,20191018,000000,13.983401,14.021969,13.971974,14.021969,4864,0
XDGE.DE,D,20191021,000000,13.971498,13.981021,13.951976,13.980068,1044,0
XDGE.DE,D,20191022,000000,13.995781,14.040539,13.9934,14.014827,5572,0
XDGE.DE,D,20191023,000000,14.034349,14.05149,14.021493,14.030064,449,0
XDGE.DE,D,20191024,000000,14.029111,14.07244,14.017684,14.050538,758,0
XDGE.DE,D,20191025,000000,14.024826,14.052442,14.003876,14.035777,6875,0
XDGE.DE,D,20191028,000000,13.982925,13.986734,13.967212,13.974355,10360,0
XDGE.DE,D,20191029,000000,13.975307,14.006256,13.938644,13.955785,15011,0
XDGE.DE,D,20191030,000000,13.956261,13.970069,13.93912,13.959118,11175,0
XDGE.DE,D,20191031,000000,14.002923,14.054347,13.992448,14.054347,1254,0
XDGE.DE,D,20191101,000000,14.07625,14.106247,14.049109,14.073869,2752,0
XDGE.DE,D,20191104,000000,14.044348,14.058632,14.021493,14.022921,32343,0
XDGE.DE,D,20191105,000000,13.985782,13.987687,13.913408,13.92674,2668,0
XDGE.DE,D,20191106,000000,13.946262,13.977212,13.932454,13.973879,2772,0
XDGE.DE,D,20191107,000000,13.964356,13.979592,13.903885,13.903885,6597,0
XDGE.DE,D,20191108,000000,13.923407,13.929121,13.865318,13.911504,83146,0
XDGE.DE,D,20191111,000000,13.896743,13.909599,13.869603,13.877697,15566,0
XDGE.DE,D,20191112,000000,13.873412,13.901505,13.87246,13.87246,2241,0
XDGE.DE,D,20191113,000000,13.902457,13.933882,13.890077,13.925312,178,0
XDGE.DE,D,20191114,000000,13.951024,14.011018,13.93912,14.004352,40134,0
XDGE.DE,D,20191115,000000,13.981497,13.992448,13.967689,13.992448,4261,0
XDGE.DE,D,20191118,000000,13.983878,14.028159,13.973879,14.019112,14971,0
XDGE.DE,D,20191119,000000,14.011018,14.046729,14.011018,14.03911,3619,0
XDGE.DE,D,20191120,000000,14.088153,14.093867,14.041967,14.049109,10203,0
XDGE.DE,D,20191121,000000,14.055299,14.055299,14.01197,14.026731,5810,0
XDGE.DE,D,20191122,000000,14.014351,14.052442,14.01197,14.042919,3822,0
XDGE.DE,D,20191125,000000,14.039586,14.100533,14.029111,14.100533,8374,0
XDGE.DE,D,20191126,000000,14.11196,14.143862,14.11196,14.139577,4241,0
XDGE.DE,D,20191127,000000,14.13053,14.143862,14.088153,14.125292,9679,0
XDGE.DE,D,20191128,000000,14.133863,14.133863,14.102437,14.114817,4863,0
XDGE.DE,D,20191129,000000,14.122912,14.139577,14.107199,14.107199,575,0
XDGE.DE,D,20191202,000000,14.059108,14.059108,14.019112,14.03911,52144,0
XDGE.DE,D,20191203,000000,14.0453,14.154337,14.031968,14.154337,23640,0
XDGE.DE,D,20191204,000000,14.159099,14.159099,14.089582,14.089582,86538,0
XDGE.DE,D,20191205,000000,14.114341,14.116722,14.089582,14.093867,4011,0
XDGE.DE,D,20191206,000000,14.093867,14.106247,14.035301,14.085772,19450,0
XDGE.DE,D,20191209,000000,14.091962,14.125768,14.090534,14.108151,2799,0
XDGE.DE,D,20191210,000000,14.108627,14.121959,14.073393,14.087201,1039,0
XDGE.DE,D,20191211,000000,14.103866,14.122435,14.103866,14.121959,4100,0
XDGE.DE,D,20191212,000000,14.128625,14.160051,14.061965,14.061965,4894,0
XDGE.DE,D,20191213,000000,14.062441,14.187191,14.062441,14.164336,3883,0
XDGE.DE,D,20191216,000000,14.13053,14.172431,14.13053,14.132435,10715,0
XDGE.DE,D,20191217,000000,14.154337,14.168145,14.127197,14.127197,3708,0
XDGE.DE,D,20191218,000000,14.140053,14.149576,14.093391,14.100057,6025,0
XDGE.DE,D,20191219,000000,14.103866,14.122435,14.068155,14.112436,15207,0
XDGE.DE,D,20191220,000000,14.099581,14.112913,14.071488,14.101009,28704,0
XDGE.DE,D,20191223,000000,14.132435,14.140529,14.102437,14.110056,24639,0
XDGE.DE,D,20191227,000000,14.140053,14.193381,14.140053,14.193381,832,0
XDGE.DE,D,20191230,000000,14.17624,14.17624,14.13672,14.137672,650,0
XDGE.DE,D,20200102,000000,14.169098,14.231472,14.169098,14.18243,10603,0
XDGE.DE,D,20200103,000000,14.186239,14.22195,14.186239,14.205761,1706,0
XDGE.DE,D,20200106,000000,14.213379,14.22195,14.164812,14.164812,6913,0
XDGE.DE,D,20200107,000000,14.185763,14.185763,14.152433,14.161479,1846,0
XDGE.DE,D,20200108,000000,14.167669,14.180049,14.141005,14.180049,3253,0
XDGE.DE,D,20200109,000000,14.118626,14.129578,14.100057,14.115293,1973,0
XDGE.DE,D,20200110,000000,14.194333,14.235758,14.162908,14.229092,12267,0
XDGE.DE,D,20200113,000000,14.214807,14.214807,14.180525,14.180525,250,0
XDGE.DE,D,20200114,000000,14.189572,14.212903,14.168621,14.189096,14192,0
XDGE.DE,D,20200115,000000,14.22433,14.243852,14.210046,14.225283,4433,0
XDGE.DE,D,20200116,000000,14.232425,14.252423,14.218617,14.232901,2505,0
XDGE.DE,D,20200117,000000,14.208618,14.245757,14.198142,14.240995,3768,0
XDGE.DE,D,20200120,000000,14.247661,14.26385,14.238615,14.243852,6358,0
XDGE.DE,D,20200121,000000,14.269564,14.333367,14.256708,14.313845,21191,0
XDGE.DE,D,20200122,000000,14.295752,14.324321,14.293371,14.316702,16115,0
XDGE.DE,D,20200123,000000,14.349556,14.371935,14.32194,14.358127,17773,0
XDGE.DE,D,20200124,000000,14.330987,14.378601,14.316226,14.372411,26825,0
XDGE.DE,D,20200127,000000,14.403361,14.45288,14.371935,14.389076,110988,0
XDGE.DE,D,20200128,000000,14.406694,14.440976,14.378125,14.386695,95409,0
XDGE.DE,D,20200129,000000,14.40955,14.445737,14.40955,14.424787,44398,0
XDGE.DE,D,20200130,000000,14.437167,14.442404,14.385267,14.42812,14153,0
XDGE.DE,D,20200131,000000,14.430977,14.460022,14.420978,14.459546,21840,0
XDGE.DE,D,20200203,000000,14.475258,14.475258,14.444785,14.460022,21626,0
XDGE.DE,D,20200204,000000,14.437167,14.437167,14.393838,14.414312,9472,0
XDGE.DE,D,20200205,000000,14.390029,14.395742,14.370507,14.395742,2132,0
XDGE.DE,D,20200206,000000,14.3886,14.442881,14.3886,14.410503,7662,0
XDGE.DE,D,20200207,000000,14.456213,14.483353,14.444309,14.470497,3241,0
XDGE.DE,D,20200210,000000,14.451927,14.496209,14.451927,14.476211,14812,0
XDGE.DE,D,20200211,000000,14.456213,14.500018,14.456213,14.495733,4741,0
XDGE.DE,D,20200212,000000,14.44669,14.470021,14.420026,14.447642,9454,0
XDGE.DE,D,20200213,000000,14.493828,14.493828,14.45526,14.45526,5505,0
XDGE.DE,D,20200214,000000,14.456689,14.504303,14.456689,14.485733,4227,0
XDGE.DE,D,20200217,000000,14.470973,14.504303,14.470973,14.485257,41547,0
XDGE.DE,D,20200218,000000,14.526682,14.540966,14.481448,14.522873,6254,0
XDGE.DE,D,20200219,000000,14.506684,14.531919,14.48621,14.501446,14582,0
XDGE.DE,D,20200220,000000,14.498113,14.520968,14.498113,14.514302,235,0
XDGE.DE,D,20200221,000000,14.566202,14.608103,14.566202,14.5862,5846,0
XDGE.DE,D,20200224,000000,14.595723,14.609055,14.577153,14.605722,6477,0
XDGE.DE,D,20200225,000000,14.559536,14.610959,14.559536,14.598103,5347,0
XDGE.DE,D,20200226,000000,14.597627,14.597627,14.520968,14.588104,11865,0
XDGE.DE,D,20200227,000000,14.558107,14.589533,14.490019,14.520016,56745,0
XDGE.DE,D,20200228,000000,14.477163,14.518111,14.416693,14.510493,13744,0
XDGE.DE,D,20200302,000000,14.630481,14.652384,14.578582,14.616197,1391,0
XDGE.DE,D,20200303,000000,14.597627,14.741899,14.549061,14.741899,9726,0
XDGE.DE,D,20200304,000000,14.794275,14.8257,14.753326,14.805702,25317,0
XDGE.DE,D,20200305,000000,14.706188,14.799512,14.706188,14.793799,9208,0
XDGE.DE,D,20200306,000000,14.851888,14.914739,14.779514,14.837128,41203,0
XDGE.DE,D,20200309,000000,14.67381,14.791894,14.391933,14.469545,34072,0
XDGE.DE,D,20200310,000000,14.592866,14.592866,14.304799,14.346223,48285,0
XDGE.DE,D,20200311,000000,14.300513,14.350509,14.017684,14.017684,9451,0
XDGE.DE,D,20200312,000000,13.686287,13.686287,13.106344,13.332036,11841,0
XDGE.DE,D,20200313,000000,12.548303,13.573441,12.548303,13.341559,25233,0
XDGE.DE,D,20200316,000000,13.286326,13.359176,12.634961,13.115391,28346,0
XDGE.DE,D,20200317,000000,13.212048,13.218238,12.809706,13.104915,12493,0
XDGE.DE,D,20200318,000000,12.609249,12.609249,12.151199,12.389271,20129,0
XDGE.DE,D,20200319,000000,12.015021,12.073111,11.571255,11.81885,13495,0
XDGE.DE,D,20200320,000000,11.676959,12.132629,11.609347,11.819802,4517,0
XDGE.DE,D,20200323,000000,11.696957,12.512116,11.318423,12.123582,4846,0
XDGE.DE,D,20200324,000000,12.379748,12.980166,12.379748,12.729714,4552,0
XDGE.DE,D,20200325,000000,12.71543,13.254901,12.684004,13.254901,5342,0
XDGE.DE,D,20200326,000000,13.276803,13.51059,13.236807,13.442502,65336,0
XDGE.DE,D,20200327,000000,13.39822,13.5044,13.247759,13.412981,19315,0
XDGE.DE,D,20200330,000000,13.441073,13.692953,13.428693,13.692953,9335,0
XDGE.DE,D,20200331,000000,13.652005,13.7539,13.62058,13.70819,9038,0
XDGE.DE,D,20200401,000000,13.651529,13.742472,13.45012,13.521542,5388,0
XDGE.DE,D,20200402,000000,13.513923,13.596772,13.477736,13.596772,163563,0
XDGE.DE,D,20200403,000000,13.495354,13.495354,13.407267,13.407267,250,0
XDGE.DE,D,20200406,000000,13.474879,13.583916,13.454881,13.555824,3345,0
XDGE.DE,D,20200407,000000,13.635816,13.768184,13.571061,13.711999,7390,0
XDGE.DE,D,20200408,000000,13.680098,13.875793,13.625817,13.875793,7586,0
XDGE.DE,D,20200409,000000,13.982925,14.389076,13.895315,14.334796,134638,0
XDGE.DE,D,20200414,000000,14.26147,14.509541,14.26147,14.387648,128078,0
XDGE.DE,D,20200415,000000,14.270516,14.407646,14.249566,14.320035,5977,0
XDGE.DE,D,20200416,000000,14.404789,14.493352,14.404789,14.493352,2810,0
XDGE.DE,D,20200417,000000,14.517159,14.536205,14.441452,14.45526,6585,0
XDGE.DE,D,20200420,000000,14.465259,14.465259,14.284801,14.284801,2486,0
XDGE.DE,D,20200421,000000,14.31575,14.350985,14.258137,14.258137,440,0
XDGE.DE,D,20200422,000000,14.308608,14.33432,14.228616,14.280039,5342,0
XDGE.DE,D,20200423,000000,14.300037,14.364317,14.280039,14.364317,121,0
XDGE.DE,D,20200424,000000,14.345747,14.369554,14.311465,14.369554,11855,0
XDGE.DE,D,20200427,000000,14.370983,14.402408,14.30337,14.316702,64719,0
XDGE.DE,D,20200428,000000,14.278135,14.302418,14.25528,14.291467,2715,0
XDGE.DE,D,20200429,000000,14.314798,14.36765,14.291467,14.335748,9456,0
XDGE.DE,D,20200430,000000,14.359555,14.395742,14.298609,14.298609,14004,0
XDGE.DE,D,20200504,000000,14.177192,14.274802,14.154337,14.268136,104425,0
XDGE.DE,D,20200505,000000,14.265279,14.280039,14.177192,14.224806,8435,0
XDGE.DE,D,20200506,000000,14.185287,14.201952,14.040539,14.082916,5006,0
XDGE.DE,D,20200507,000000,14.082439,14.104818,14.064822,14.083868,4330,0
XDGE.DE,D,20200508,000000,14.110056,14.151004,14.016731,14.016731,22201,0
XDGE.DE,D,20200511,000000,13.996257,14.029111,13.915313,13.915313,38267,0
XDGE.DE,D,20200512,000000,13.8996,14.032444,13.8996,14.025302,8529,0
XDGE.DE,D,20200513,000000,14.041491,14.102437,14.041491,14.089582,1514,0
XDGE.DE,D,20200514,000000,14.101961,14.128149,14.050538,14.094343,9789,0
XDGE.DE,D,20200515,000000,14.165765,14.211951,14.147671,14.211951,5428,0
XDGE.DE,D,20200518,000000,14.198619,14.291467,14.198619,14.25766,3519,0
XDGE.DE,D,20200519,000000,14.323368,14.35527,14.26385,14.26385,4813,0
XDGE.DE,D,20200520,000000,14.33432,14.353365,14.276706,14.353365,3940,0
XDGE.DE,D,20200521,000000,14.429072,14.487162,14.428596,14.487162,271,0
XDGE.DE,D,20200522,000000,14.433834,14.438595,14.410027,14.410027,1310,0
XDGE.DE,D,20200525,000000,14.405741,14.447642,14.405741,14.438119,522,0
XDGE.DE,D,20200526,000000,14.438595,14.464783,14.401932,14.430501,7855,0
XDGE.DE,D,20200527,000000,14.431929,14.506208,14.427644,14.506208,2795,0
XDGE.DE,D,20200528,000000,14.478115,14.536205,14.454784,14.536205,7076,0
XDGE.DE,D,20200529,000000,14.543347,14.543347,14.498113,14.523825,2266,0
XDGE.DE,D,20200602,000000,14.564773,14.628577,14.530015,14.610483,24150,0
XDGE.DE,D,20200603,000000,14.621911,14.654289,14.583343,14.654289,48704,0
XDGE.DE,D,20200604,000000,14.612864,14.66524,14.60715,14.607626,16807,0
XDGE.DE,D,20200605,000000,14.623339,14.683809,14.570011,14.671906,7876,0
XDGE.DE,D,20200608,000000,14.669049,14.751422,14.62572,14.751422,4219,0
XDGE.DE,D,20200609,000000,14.722377,14.74666,14.688571,14.7319,1871,0
XDGE.DE,D,20200610,000000,14.839,14.839,14.6415,14.6855,14524,0
XDGE.DE,D,20200611,000000,14.7435,14.766,14.6725,14.6725,72633,0
XDGE.DE,D,20200612,000000,14.601,14.6945,14.5765,14.631,2446,0
XDGE.DE,D,20200615,000000,14.617,14.6645,14.5765,14.6645,159424,0
XDGE.DE,D,20200616,000000,14.859,14.93,14.81,14.8365,28246,0
XDGE.DE,D,20200617,000000,14.837,14.8685,14.7445,14.7705,81717,0
XDGE.DE,D,20200618,000000,14.8025,14.833,14.7815,14.8065,41717,0
XDGE.DE,D,20200619,000000,14.788,14.844,14.787,14.844,7971,0
XDGE.DE,D,20200622,000000,14.8225,14.852,14.812,14.843,57504,0
XDGE.DE,D,20200623,000000,14.7915,14.844,14.7915,14.826,35449,0
XDGE.DE,D,20200624,000000,14.768,14.7955,14.6995,14.6995,2355,0
XDGE.DE,D,20200625,000000,14.7425,14.7765,14.74,14.7765,8195,0
XDGE.DE,D,20200626,000000,14.7455,14.781,14.718,14.7695,3934,0
XDGE.DE,D,20200629,000000,14.7695,14.821,14.742,14.821,1602,0
XDGE.DE,D,20200630,000000,14.821,14.889,14.801,14.889,2524,0
XDGE.DE,D,20200701,000000,14.824,14.8915,14.824,14.8915,589,0
XDGE.DE,D,20200702,000000,14.9115,14.99,14.9115,14.99,7320,0
XDGE.DE,D,20200703,000000,14.9845,15.002,14.9605,15.002,8373,0
XDGE.DE,D,20200706,000000,14.9805,14.9965,14.942,14.981,8517,0
XDGE.DE,D,20200707,000000,15.015,15.043,14.997,15.043,27521,0
XDGE.DE,D,20200708,000000,15,15.0505,14.9985,15.0485,5304,0
XDGE.DE,D,20200709,000000,15.0125,15.0725,15.008,15.0355,21594,0
XDGE.DE,D,20200710,000000,15.094,15.156,15.087,15.097,11329,0
XDGE.DE,D,20200713,000000,15.057,15.0865,15.042,15.0865,4290,0
XDGE.DE,D,20200714,000000,15.024,15.0885,15.002,15.0835,11402,0
XDGE.DE,D,20200715,000000,15.0885,15.138,15.0885,15.131,3318,0
XDGE.DE,D,20200716,000000,15.1365,15.169,15.136,15.169,1784,0
XDGE.DE,D,20200717,000000,15.1765,15.22,15.176,15.22,12842,0
XDGE.DE,D,20200720,000000,15.2275,15.2535,15.1865,15.2535,5207,0
XDGE.DE,D,20200721,000000,15.232,15.3175,15.232,15.3175,17076,0
XDGE.DE,D,20200722,000000,15.29,15.333,15.2555,15.333,21312,0
XDGE.DE,D,20200723,000000,15.3135,15.3385,15.3025,15.323,3387,0
XDGE.DE,D,20200724,000000,15.332,15.332,15.299,15.3005,3716,0
XDGE.DE,D,20200727,000000,15.3025,15.3205,15.2765,15.305,4394,0
XDGE.DE,D,20200728,000000,15.2415,15.2715,15.2205,15.2715,905,0
XDGE.DE,D,20200729,000000,15.2705,15.2705,15.217,15.262,25339,0
XDGE.DE,D,20200730,000000,15.2955,15.332,15.2955,15.3175,1654,0
XDGE.DE,D,20200731,000000,15.322,15.3305,15.295,15.311,7976,0
XDGE.DE,D,20200803,000000,15.307,15.3345,15.2795,15.304,2051,0
XDGE.DE,D,20200804,000000,15.3195,15.4,15.318,15.379,11362,0
XDGE.DE,D,20200805,000000,15.4015,15.4015,15.3575,15.3575,1877,0
XDGE.DE,D,20200806,000000,15.377,15.4505,15.3705,15.45,10472,0
XDGE.DE,D,20200807,000000,15.448,15.4655,15.4305,15.4305,3095,0
XDGE.DE,D,20200810,000000,15.416,15.4285,15.3815,15.3815,7281,0
XDGE.DE,D,20200811,000000,15.374,15.374,15.283,15.283,3753,0
XDGE.DE,D,20200812,000000,15.2445,15.2755,15.241,15.253,905,0
XDGE.DE,D,20200813,000000,15.254,15.2615,15.1545,15.1545,4800,0
XDGE.DE,D,20200814,000000,15.1065,15.119,15.062,15.0675,11117,0
XDGE.DE,D,20200817,000000,15.046,15.0845,15.043,15.0845,4496,0
XDGE.DE,D,20200818,000000,15.0805,15.0945,15.051,15.086,8302,0
XDGE.DE,D,20200819,000000,15.116,15.1485,15.105,15.148,703,0
XDGE.DE,D,20200820,000000,15.105,15.127,15.09,15.1185,1218,0
XDGE.DE,D,20200821,000000,15.113,15.133,15.1,15.133,5909,0
XDGE.DE,D,20200824,000000,15.14,15.1595,15.1205,15.1205,5962,0
XDGE.DE,D,20200825,000000,15.105,15.1075,14.991,14.991,2397,0
XDGE.DE,D,20200826,000000,14.98,15.0335,14.98,15.0185,8680,0
XDGE.DE,D,20200827,000000,15.0385,15.067,14.9565,14.9565,21309,0
XDGE.DE,D,20200828,000000,14.915,14.991,14.914,14.9755,1745,0
XDGE.DE,D,20200831,000000,14.972,15.034,14.9385,15.034,2695,0
XDGE.DE,D,20200901,000000,15.0645,15.081,15.0105,15.081,11691,0
XDGE.DE,D,20200902,000000,15.1485,15.1855,15.105,15.1855,5089,0
XDGE.DE,D,20200903,000000,15.1745,15.2015,15.138,15.18,5119,0
XDGE.DE,D,20200904,000000,15.146,15.167,15.043,15.046,9435,0
XDGE.DE,D,20200907,000000,15.008,15.008,14.9905,14.9905,49,0
XDGE.DE,D,20200908,000000,15.002,15.08,14.985,15.08,4013,0
XDGE.DE,D,20200909,000000,15.0515,15.062,15.015,15.0245,14393,0
XDGE.DE,D,20200910,000000,15.021,15.052,14.993,14.9965,4034,0
XDGE.DE,D,20200911,000000,15.04,15.056,15.028,15.056,13343,0
XDGE.DE,D,20200914,000000,15.068,15.107,15.0435,15.107,9457,0
XDGE.DE,D,20200915,000000,15.0865,15.118,15.0865,15.094,2300,0
XDGE.DE,D,20200916,000000,15.1015,15.1445,15.1015,15.1235,2365,0
XDGE.DE,D,20200917,000000,15.0965,15.1395,15.074,15.104,5298,0
XDGE.DE,D,20200918,000000,15.087,15.1415,15.087,15.117,4272,0
XDGE.DE,D,20200921,000000,15.1075,15.1075,15.0405,15.0405,11640,0
XDGE.DE,D,20200922,000000,15.0545,15.103,15.052,15.0935,10446,0
XDGE.DE,D,20200923,000000,15.0745,15.0765,15.0465,15.0465,2535,0
XDGE.DE,D,20200924,000000,14.973,14.989,14.9255,14.9255,15978,0
XDGE.DE,D,20200925,000000,14.9305,14.957,14.9095,14.914,1486,0
XDGE.DE,D,20200928,000000,14.9225,14.9865,14.904,14.9865,2258,0
XDGE.DE,D,20200929,000000,14.989,15.021,14.9635,15.021,6974,0
XDGE.DE,D,20200930,000000,14.9865,14.9865,14.93,14.9465,11553,0
XDGE.DE,D,20201001,000000,14.9435,14.984,14.9045,14.984,20319,0
XDGE.DE,D,20201002,000000,14.9875,14.999,14.9525,14.988,1479,0
XDGE.DE,D,20201005,000000,15.0245,15.0245,14.9685,15.0005,6316,0
XDGE.DE,D,20201006,000000,14.977,15.0245,14.9395,15.0245,7013,0
XDGE.DE,D,20201007,000000,14.9415,14.9815,14.9025,14.9815,4033,0
XDGE.DE,D,20201008,000000,14.9835,15.022,14.959,15.022,2941,0
XDGE.DE,D,20201009,000000,14.979,15.0185,14.971,15.0185,4011,0
XDGE.DE,D,20201012,000000,15.0215,15.0985,15.0215,15.0985,5167,0
XDGE.DE,D,20201013,000000,15.1125,15.118,15.07,15.103,21058,0
XDGE.DE,D,20201014,000000,15.0945,15.122,15.0945,15.108,1853,0
XDGE.DE,D,20201015,000000,15.1195,15.1305,15.0795,15.0795,3417,0
XDGE.DE,D,20201016,000000,15.091,15.1195,15.0725,15.0905,5372,0
XDGE.DE,D,20201019,000000,15.0315,15.064,15.0095,15.064,5087,0
XDGE.DE,D,20201020,000000,15.047,15.047,14.9925,15.022,4080,0
XDGE.DE,D,20201021,000000,14.977,15.0195,14.9485,15.0195,5681,0
XDGE.DE,D,20201022,000000,14.972,14.985,14.923,14.9435,14364,0
XDGE.DE,D,20201023,000000,14.959,14.9745,14.919,14.9745,7492,0
XDGE.DE,D,20201026,000000,14.9985,15.015,14.9655,15.0135,5649,0
XDGE.DE,D,20201027,000000,15.0085,15.0655,14.9895,15.0655,9511,0
XDGE.DE,D,20201028,000000,15.0805,15.0825,14.998,15.0355,17005,0
XDGE.DE,D,20201029,000000,14.9965,15.013,14.944,14.959,5956,0
XDGE.DE,D,20201030,000000,14.95,14.973,14.902,14.9345,6732,0
XDGE.DE,D,20201102,000000,14.9005,14.966,14.8985,14.9595,7032,0
XDGE.DE,D,20201103,000000,14.9205,14.939,14.904,14.939,11504,0
XDGE.DE,D,20201104,000000,15.085,15.1675,15.0495,15.1675,1331,0
XDGE.DE,D,20201105,000000,15.2695,15.2695,15.21,15.22,10209,0
XDGE.DE,D,20201106,000000,15.232,15.2465,15.1545,15.2005,43549,0
XDGE.DE,D,20201109,000000,15.196,15.2185,15.0435,15.078,11505,0
XDGE.DE,D,20201110,000000,15.0755,15.0875,15.03,15.079,9582,0
XDGE.DE,D,20201111,000000,14.9965,15.048,14.9965,15.048,8013,0
XDGE.DE,D,20201112,000000,15.0615,15.097,15.0545,15.097,2183,0
XDGE.DE,D,20201113,000000,15.12,15.144,15.1045,15.136,9575,0
XDGE.DE,D,20201116,000000,15.159,15.177,15.11,15.177,8742,0
XDGE.DE,D,20201117,000000,15.1815,15.2395,15.1815,15.2395,1520,0
XDGE.DE,D,20201118,000000,15.2755,15.285,15.2465,15.285,29179,0
XDGE.DE,D,20201119,000000,15.275,15.322,15.2605,15.322,18721,0
XDGE.DE,D,20201120,000000,15.375,15.375,15.3025,15.3285,10120,0
XDGE.DE,D,20201123,000000,15.333,15.355,15.2885,15.342,13634,0
XDGE.DE,D,20201124,000000,15.3415,15.3645,15.334,15.345,12492,0
XDGE.DE,D,20201125,000000,15.311,15.332,15.3075,15.3265,7275,0
XDGE.DE,D,20201126,000000,15.324,15.361,15.3205,15.361,3647,0
XDGE.DE,D,20201127,000000,15.3445,15.3735,15.329,15.3735,10245,0
XDGE.DE,D,20201130,000000,15.3585,15.39,15.347,15.387,12378,0
XDGE.DE,D,20201201,000000,15.4575,15.4575,15.379,15.379,21341,0
XDGE.DE,D,20201202,000000,15.371,15.391,15.334,15.334,7403,0
XDGE.DE,D,20201203,000000,15.339,15.381,15.303,15.371,38649,0
XDGE.DE,D,20201204,000000,15.4025,15.4025,15.274,15.2925,99337,0
XDGE.DE,D,20201207,000000,15.3445,15.3445,15.292,15.336,52340,0
XDGE.DE,D,20201208,000000,15.306,15.345,15.299,15.3075,16385,0
XDGE.DE,D,20201209,000000,15.2605,15.2845,15.2475,15.259,18451,0
XDGE.DE,D,20201210,000000,15.2605,15.273,15.222,15.273,25477,0
XDGE.DE,D,20201211,000000,15.3035,15.334,15.3025,15.319,11239,0
XDGE.DE,D,20201214,000000,15.297,15.325,15.259,15.325,24041,0
XDGE.DE,D,20201215,000000,15.3135,15.3275,15.278,15.3265,8955,0
XDGE.DE,D,20201216,000000,15.327,15.356,15.2575,15.356,3315,0
XDGE.DE,D,20201217,000000,15.3135,15.368,15.3085,15.3535,13898,0
XDGE.DE,D,20201218,000000,15.3645,15.3645,15.33,15.353,988,0
XDGE.DE,D,20201221,000000,15.4015,15.4015,15.2975,15.2975,5619,0
XDGE.DE,D,20201222,000000,15.334,15.3495,15.3105,15.3495,8352,0
XDGE.DE,D,20201223,000000,15.3655,15.3655,15.2865,15.3075,7401,0
XDGE.DE,D,20201228,000000,15.3995,15.4085,15.3585,15.4085,8356,0
XDGE.DE,D,20201229,000000,15.4065,15.425,15.3895,15.4135,2450,0
XDGE.DE,D,20201230,000000,15.4105,15.4225,15.3875,15.4075,2338,0
XDGE.DE,D,20210104,000000,15.42,15.459,15.3715,15.3885,9524,0
XDGE.DE,D,20210105,000000,15.371,15.371,15.2815,15.2815,6268,0
XDGE.DE,D,20210106,000000,15.1585,15.2025,15.1115,15.1495,1381,0
XDGE.DE,D,20210107,000000,15.105,15.1715,15.104,15.1555,7049,0
XDGE.DE,D,20210108,000000,15.139,15.208,15.1055,15.1055,44385,0
XDGE.DE,D,20210111,000000,15.1675,15.175,15.1045,15.1255,17330,0
XDGE.DE,D,20210112,000000,15.081,15.093,15.037,15.037,14954,0
XDGE.DE,D,20210113,000000,15.161,15.2145,15.1085,15.2145,19238,0
XDGE.DE,D,20210114,000000,15.209,15.242,15.1805,15.242,12786,0
XDGE.DE,D,20210115,000000,15.173,15.215,15.1705,15.2035,20149,0
XDGE.DE,D,20210118,000000,15.2095,15.213,15.1745,15.211,7916,0
XDGE.DE,D,20210119,000000,15.171,15.2325,15.1495,15.2325,31824,0
XDGE.DE,D,20210120,000000,15.2045,15.237,15.1925,15.237,6907,0
XDGE.DE,D,20210121,000000,15.218,15.232,15.116,15.178,23892,0
XDGE.DE,D,20210122,000000,15.1665,15.189,15.1285,15.1615,18607,0
XDGE.DE,D,20210125,000000,15.1205,15.209,15.1205,15.209,14869,0
XDGE.DE,D,20210126,000000,15.211,15.217,15.169,15.205,112748,0
XDGE.DE,D,20210127,000000,15.208,15.2325,15.1755,15.222,40462,0
XDGE.DE,D,20210128,000000,15.19,15.223,15.1535,15.1535,41075,0
XDGE.DE,D,20210129,000000,15.154,15.163,15.0535,15.163,25704,0
XDGE.DE,D,20210201,000000,15.146,15.1555,15.1005,15.1405,12191,0
XDGE.DE,D,20210202,000000,15.1165,15.159,15.0775,15.159,9061,0
XDGE.DE,D,20210203,000000,15.093,15.1255,15.082,15.1255,3509,0
XDGE.DE,D,20210204,000000,15.0605,15.1235,15.0525,15.1235,5519,0
XDGE.DE,D,20210205,000000,15.112,15.131,15.049,15.1285,22028,0
XDGE.DE,D,20210208,000000,15.043,15.143,15.014,15.1425,19782,0
XDGE.DE,D,20210209,000000,15.156,15.196,15.135,15.135,15675,0
XDGE.DE,D,20210210,000000,15.114,15.1665,15.074,15.1505,12772,0
XDGE.DE,D,20210211,000000,15.1575,15.1765,15.114,15.1395,16004,0
XDGE.DE,D,20210212,000000,15.1045,15.129,15.033,15.0815,13579,0
XDGE.DE,D,20210215,000000,14.9775,15.0255,14.963,15.0255,35594,0
XDGE.DE,D,20210216,000000,15.0215,15.0445,14.9545,14.969,29610,0
XDGE.DE,D,20210217,000000,14.9105,15.018,14.9105,15.018,6042,0
XDGE.DE,D,20210218,000000,15.026,15.026,14.9545,14.9875,8811,0
XDGE.DE,D,20210219,000000,14.9845,14.9995,14.921,14.921,14395,0
XDGE.DE,D,20210222,000000,14.827,14.8725,14.8195,14.8705,15414,0
XDGE.DE,D,20210223,000000,14.79,14.802,14.7345,14.802,4092,0
XDGE.DE,D,20210224,000000,14.818,14.818,14.6685,14.8,20421,0
XDGE.DE,D,20210225,000000,14.7375,14.7495,14.66,14.66,9109,0
XDGE.DE,D,20210226,000000,14.6145,14.704,14.6145,14.6775,17797,0
XDGE.DE,D,20210301,000000,14.7575,14.782,14.7305,14.779,86233,0
XDGE.DE,D,20210302,000000,14.801,14.815,14.748,14.7955,7533,0
XDGE.DE,D,20210303,000000,14.7715,14.7715,14.6665,14.7135,15241,0
XDGE.DE,D,20210304,000000,14.685,14.69,14.6395,14.6535,33332,0
XDGE.DE,D,20210305,000000,14.535,14.5455,14.4865,14.5025,19380,0
XDGE.DE,D,20210308,000000,14.4395,14.482,14.4345,14.4575,28384,0
XDGE.DE,D,20210309,000000,14.4525,14.489,14.4445,14.4795,28787,0
XDGE.DE,D,20210310,000000,14.4725,14.5285,14.4035,14.524,22567,0
XDGE.DE,D,20210311,000000,14.5565,14.6305,14.544,14.5805,20739,0
XDGE.DE,D,20210312,000000,14.428,14.4735,14.4065,14.4185,17683,0
XDGE.DE,D,20210315,000000,14.3915,14.463,14.38,14.463,12121,0
XDGE.DE,D,20210316,000000,14.43,14.4815,14.43,14.445,44163,0
XDGE.DE,D,20210317,000000,14.424,14.424,14.3575,14.3795,47382,0
XDGE.DE,D,20210318,000000,14.313,14.3785,14.2905,14.3785,60198,0
XDGE.DE,D,20210319,000000,14.4165,14.4265,14.3805,14.4005,20993,0
XDGE.DE,D,20210322,000000,14.456,14.4735,14.417,14.4675,17355,0
XDGE.DE,D,20210323,000000,14.448,14.4715,14.4355,14.464,9884,0
XDGE.DE,D,20210324,000000,14.4985,14.509,14.4705,14.491,4766,0
XDGE.DE,D,20210325,000000,14.514,14.5675,14.4925,14.5435,27219,0
XDGE.DE,D,20210326,000000,14.483,14.517,14.423,14.517,12471,0
XDGE.DE,D,20210329,000000,14.5,14.5225,14.474,14.486,22012,0
XDGE.DE,D,20210330,000000,14.4015,14.4735,14.382,14.4735,117697,0
XDGE.DE,D,20210331,000000,14.4915,14.584,14.472,14.583,2310,0
XDGE.DE,D,20210401,000000,14.566,14.643,14.566,14.643,23835,0
XDGE.DE,D,20210406,000000,14.59,14.6415,14.5505,14.6365,4942,0
XDGE.DE,D,20210407,000000,14.6825,14.6915,14.656,14.682,26491,0
XDGE.DE,D,20210408,000000,14.6495,14.6715,14.639,14.6715,7861,0
XDGE.DE,D,20210409,000000,14.655,14.661,14.6325,14.657,3499,0
XDGE.DE,D,20210412,000000,14.67,14.6885,14.6175,14.6305,25394,0
XDGE.DE,D,20210413,000000,14.6165,14.6585,14.6105,14.6585,30675,0
XDGE.DE,D,20210414,000000,14.707,14.715,14.6795,14.684,29463,0
XDGE.DE,D,20210415,000000,14.6975,14.799,14.679,14.7895,11006,0
XDGE.DE,D,20210416,000000,14.7665,14.77,14.714,14.714,39364,0
XDGE.DE,D,20210419,000000,14.706,14.7265,14.6375,14.65,2831,0
XDGE.DE,D,20210420,000000,14.637,14.702,14.6075,14.702,16738,0
XDGE.DE,D,20210421,000000,14.6685,14.673,14.644,14.658,10632,0
XDGE.DE,D,20210422,000000,14.736,14.736,14.6925,14.716,1681,0
XDGE.DE,D,20210423,000000,14.708,14.752,14.708,14.752,5709,0
XDGE.DE,D,20210426,000000,14.7255,14.7605,14.698,14.7605,7592,0
XDGE.DE,D,20210427,000000,14.733,14.733,14.707,14.707,13281,0
XDGE.DE,D,20210428,000000,14.214,14.231,14.176,14.2155,20572,0
XDGE.DE,D,20210429,000000,14.1995,14.204,14.15,14.191,8335,0
XDGE.DE,D,20210430,000000,14.2005,14.235,14.193,14.235,11437,0
XDGE.DE,D,20210503,000000,14.2495,14.28,14.2285,14.2615,2207,0
XDGE.DE,D,20210504,000000,14.2685,14.326,14.266,14.293,4517,0
XDGE.DE,D,20210505,000000,14.2955,14.2955,14.2565,14.2825,20398,0
XDGE.DE,D,20210506,000000,14.3045,14.322,14.278,14.3165,39471,0
XDGE.DE,D,20210507,000000,14.3035,14.3845,14.299,14.337,4236,0
XDGE.DE,D,20210510,000000,14.2825,14.3185,14.273,14.3115,4397,0
XDGE.DE,D,20210511,000000,14.228,14.2365,14.187,14.187,11049,0
XDGE.DE,D,20210512,000000,14.2085,14.221,14.1425,14.1425,9338,0
XDGE.DE,D,20210513,000000,14.137,14.174,14.0995,14.154,4430,0
XDGE.DE,D,20210514,000000,14.1935,14.234,14.1935,14.234,4455,0
XDGE.DE,D,20210517,000000,14.2915,14.2915,14.2275,14.2545,58710,0
XDGE.DE,D,20210518,000000,14.223,14.25,14.2,14.21,3358,0
XDGE.DE,D,20210519,000000,14.163,14.213,14.134,14.19,27296,0
XDGE.DE,D,20210520,000000,14.1725,14.263,14.1545,14.2465,52440,0
XDGE.DE,D,20210521,000000,14.254,14.277,14.236,14.277,36456,0
XDGE.DE,D,20210525,000000,14.315,14.34,14.31,14.3215,10209,0
XDGE.DE,D,20210526,000000,14.339,14.358,14.326,14.3405,7808,0
XDGE.DE,D,20210527,000000,14.327,14.334,14.283,14.2995,19277,0
XDGE.DE,D,20210528,000000,14.279,14.3315,14.279,14.3315,6126,0
XDGE.DE,D,20210531,000000,14.303,14.315,14.289,14.3145,7978,0
XDGE.DE,D,20210601,000000,14.315,14.315,14.2735,14.3115,8674,0
XDGE.DE,D,20210602,000000,14.307,14.351,14.296,14.351,8487,0
XDGE.DE,D,20210603,000000,14.322,14.322,14.2845,14.288,496,0
XDGE.DE,D,20210604,000000,14.2935,14.373,14.283,14.373,1645,0
XDGE.DE,D,20210607,000000,14.375,14.39,14.3515,14.39,2933,0
XDGE.DE,D,20210608,000000,14.391,14.439,14.3765,14.436,4055,0
XDGE.DE,D,20210609,000000,14.4335,14.4985,14.4335,14.4845,3211,0
XDGE.DE,D,20210610,000000,14.482,14.4955,14.4475,14.4955,868,0
XDGE.DE,D,20210611,000000,14.5475,14.5475,14.514,14.5475,8420,0
XDGE.DE,D,20210614,000000,14.55,14.5545,14.4805,14.4805,13385,0
XDGE.DE,D,20210615,000000,14.5015,14.5045,14.457,14.4615,6111,0
XDGE.DE,D,20210616,000000,14.4745,14.517,14.4745,14.517,4114,0
XDGE.DE,D,20210617,000000,14.449,14.5615,14.449,14.558,1929,0
XDGE.DE,D,20210618,000000,14.5625,14.605,14.533,14.581,24341,0
XDGE.DE,D,20210621,000000,14.661,14.661,14.55,14.55,49086,0
XDGE.DE,D,20210622,000000,14.5495,14.5495,14.485,14.519,3687,0
XDGE.DE,D,20210623,000000,14.5485,14.572,14.5345,14.5345,2071,0
XDGE.DE,D,20210624,000000,14.5195,14.557,14.4985,14.557,18832,0
XDGE.DE,D,20210625,000000,14.568,14.5755,14.512,14.512,1672,0
XDGE.DE,D,20210628,000000,14.5415,14.5855,14.528,14.5855,20854,0
XDGE.DE,D,20210629,000000,14.5925,14.613,14.56,14.613,7301,0
XDGE.DE,D,20210630,000000,14.604,14.6585,14.596,14.645,37585,0
XDGE.DE,D,20210701,000000,14.6035,14.6355,14.59,14.6,19992,0
XDGE.DE,D,20210702,000000,14.6235,14.667,14.617,14.6245,13122,0
XDGE.DE,D,20210705,000000,14.6475,14.659,14.63,14.6305,2678,0
XDGE.DE,D,20210706,000000,14.62,14.744,14.62,14.716,33847,0
XDGE.DE,D,20210707,000000,14.697,14.7695,14.697,14.741,29527,0
XDGE.DE,D,20210708,000000,14.7935,14.8235,14.735,14.735,26344,0
XDGE.DE,D,20210709,000000,14.732,14.732,14.695,14.698,1284,0
XDGE.DE,D,20210712,000000,14.6955,14.7345,14.6955,14.7015,12365,0
XDGE.DE,D,20210713,000000,14.706,14.717,14.6795,14.6995,75952,0
XDGE.DE,D,20210714,000000,14.6465,14.699,14.6355,14.699,54664,0
XDGE.DE,D,20210715,000000,14.727,14.752,14.7015,14.706,66277,0
XDGE.DE,D,20210716,000000,14.703,14.722,14.7025,14.711,13631,0
XDGE.DE,D,20210719,000000,14.728,14.831,14.728,14.7975,57615,0
XDGE.DE,D,20210720,000000,14.8355,14.883,14.7865,14.7865,51997,0
XDGE.DE,D,20210721,000000,14.7805,14.7805,14.7305,14.7485,9724,0
XDGE.DE,D,20210722,000000,14.7765,14.82,14.7285,14.82,199349,0
XDGE.DE,D,20210723,000000,14.7865,14.7985,14.764,14.787,29133,0
XDGE.DE,D,20210726,000000,14.8335,14.852,14.773,14.785,8876,0
XDGE.DE,D,20210727,000000,14.777,14.8175,14.777,14.8175,2941,0
XDGE.DE,D,20210728,000000,14.8255,14.8405,14.7835,14.8015,53663,0
XDGE.DE,D,20210729,000000,14.84,14.852,14.7985,14.833,39757,0
XDGE.DE,D,20210730,000000,14.8205,14.8475,14.805,14.8475,46845,0
XDGE.DE,D,20210802,000000,14.8395,14.895,14.796,14.895,326909,0
XDGE.DE,D,20210803,000000,14.878,14.89,14.8325,14.89,40773,0
XDGE.DE,D,20210804,000000,14.868,14.922,14.8425,14.8425,20082,0
XDGE.DE,D,20210805,000000,14.8895,14.8915,14.8295,14.8295,11615,0
XDGE.DE,D,20210806,000000,14.794,14.82,14.708,14.708,5320,0
XDGE.DE,D,20210809,000000,14.7085,14.722,14.675,14.675,1754,0
XDGE.DE,D,20210810,000000,14.655,14.655,14.612,14.6275,23080,0
XDGE.DE,D,20210811,000000,14.5955,14.6055,14.5585,14.591,12718,0
XDGE.DE,D,20210812,000000,14.6295,14.6535,14.612,14.6535,100934,0
XDGE.DE,D,20210813,000000,14.6755,14.7225,14.6495,14.7215,27571,0
XDGE.DE,D,20210816,000000,14.775,14.8005,14.7385,14.787,36667,0
XDGE.DE,D,20210817,000000,14.779,14.7955,14.718,14.718,3289,0
XDGE.DE,D,20210818,000000,14.729,14.7305,14.6995,14.7255,456,0
XDGE.DE,D,20210819,000000,14.7505,14.781,14.7345,14.749,8220,0
XDGE.DE,D,20210820,000000,14.7895,14.8085,14.742,14.7835,1588,0
XDGE.DE,D,20210823,000000,14.759,14.7875,14.7225,14.779,36540,0
XDGE.DE,D,20210824,000000,14.742,14.76,14.7235,14.744,12563,0
