<TICKER>,<PER>,<DATE>,<TIME>,<OPEN>,<HIGH>,<LOW>,<CLOSE>,<VOL>,<OPENINT>
XMME.DE,D,20190313,000000,42.89,42.977,42.828,42.854,29634,0
XMME.DE,D,20190314,000000,42.765,42.883,42.592,42.665,19517,0
XMME.DE,D,20190315,000000,43.027,43.264,43.011,43.239,40983,0
XMME.DE,D,20190318,000000,43.386,43.591,43.386,43.537,32192,0
XMME.DE,D,20190319,000000,43.559,43.737,43.54,43.733,16429,0
XMME.DE,D,20190320,000000,43.534,43.547,43.221,43.221,47427,0
XMME.DE,D,20190321,000000,43.273,43.51,43.179,43.371,72337,0
XMME.DE,D,20190322,000000,43.353,43.417,42.779,42.832,47925,0
XMME.DE,D,20190325,000000,42.578,42.821,42.48,42.747,45889,0
XMME.DE,D,20190326,000000,42.769,43.051,42.697,42.923,21345,0
XMME.DE,D,20190327,000000,43.11,43.11,42.576,42.721,53691,0
XMME.DE,D,20190328,000000,42.689,42.94,42.673,42.824,30177,0
XMME.DE,D,20190329,000000,43.326,43.508,43.297,43.503,46315,0
XMME.DE,D,20190401,000000,43.878,44.174,43.866,44.145,52827,0
XMME.DE,D,20190402,000000,44.183,44.361,44.053,44.137,46043,0
XMME.DE,D,20190403,000000,44.505,44.619,44.387,44.556,251520,0
XMME.DE,D,20190404,000000,44.282,44.637,44.23,44.571,49869,0
XMME.DE,D,20190405,000000,44.7,44.999,44.683,44.946,30789,0
XMME.DE,D,20190408,000000,44.652,44.724,44.522,44.724,45140,0
XMME.DE,D,20190409,000000,44.811,44.974,44.656,44.7,101194,0
XMME.DE,D,20190410,000000,44.858,45.011,44.858,44.939,20463,0
XMME.DE,D,20190411,000000,44.724,44.724,44.427,44.427,35399,0
XMME.DE,D,20190412,000000,44.375,44.73,44.375,44.672,29156,0
XMME.DE,D,20190415,000000,44.55,44.608,44.25,44.355,36988,0
XMME.DE,D,20190416,000000,44.662,44.759,44.618,44.722,28611,0
XMME.DE,D,20190417,000000,44.879,45.082,44.8,44.8,59624,0
XMME.DE,D,20190418,000000,44.561,45.024,44.557,45.024,46151,0
XMME.DE,D,20190423,000000,44.711,44.966,44.567,44.966,49814,0
XMME.DE,D,20190424,000000,44.778,44.91,44.477,44.612,24563,0
XMME.DE,D,20190425,000000,44.564,44.564,44.299,44.532,42308,0
XMME.DE,D,20190426,000000,44.542,44.783,44.464,44.773,36175,0
XMME.DE,D,20190429,000000,44.908,44.953,44.749,44.758,14418,0
XMME.DE,D,20190430,000000,44.454,44.526,44.33,44.434,42947,0
XMME.DE,D,20190502,000000,44.62,44.62,44.371,44.371,71758,0
XMME.DE,D,20190503,000000,44.63,44.972,44.62,44.937,39264,0
XMME.DE,D,20190506,000000,43.624,43.961,43.519,43.89,80605,0
XMME.DE,D,20190507,000000,43.818,43.855,43.2,43.268,61035,0
XMME.DE,D,20190508,000000,43.377,43.453,42.969,43.153,180854,0
XMME.DE,D,20190509,000000,42.486,42.503,41.621,41.71,67021,0
XMME.DE,D,20190510,000000,42.629,42.881,41.83,41.894,56747,0
XMME.DE,D,20190513,000000,41.82,41.82,40.871,40.973,83703,0
XMME.DE,D,20190514,000000,41.409,41.738,41.395,41.738,44005,0
XMME.DE,D,20190515,000000,41.957,41.973,41.442,41.728,39773,0
XMME.DE,D,20190516,000000,41.633,42.006,41.501,42.006,21483,0
XMME.DE,D,20190517,000000,41.19,41.308,40.978,41.192,37967,0
XMME.DE,D,20190520,000000,41.129,41.147,40.685,40.802,33103,0
XMME.DE,D,20190521,000000,41.233,41.262,41.007,41.184,22298,0
XMME.DE,D,20190522,000000,41.306,41.374,41.124,41.224,61191,0
XMME.DE,D,20190523,000000,40.858,40.887,40.555,40.674,99958,0
XMME.DE,D,20190524,000000,40.707,40.832,40.442,40.456,94038,0
XMME.DE,D,20190527,000000,40.696,40.76,40.59,40.684,61279,0
XMME.DE,D,20190528,000000,40.88,40.952,40.617,40.73,140022,0
XMME.DE,D,20190529,000000,40.537,40.843,40.502,40.816,74384,0
XMME.DE,D,20190530,000000,41.214,41.449,41.121,41.376,18942,0
XMME.DE,D,20190531,000000,41.089,41.468,40.907,41.462,43268,0
XMME.DE,D,20190603,000000,41.588,41.735,41.451,41.668,107263,0
XMME.DE,D,20190604,000000,41.051,41.42,41.022,41.42,52897,0
XMME.DE,D,20190605,000000,41.284,41.536,41.028,41.144,32797,0
XMME.DE,D,20190606,000000,41.195,41.295,40.942,41.012,94779,0
XMME.DE,D,20190607,000000,41.167,41.467,40.993,41.279,34494,0
XMME.DE,D,20190611,000000,41.972,42.25,41.972,42.141,28360,0
XMME.DE,D,20190612,000000,41.804,41.887,41.746,41.755,60012,0
XMME.DE,D,20190613,000000,41.667,41.978,41.632,41.752,56256,0
XMME.DE,D,20190614,000000,41.637,41.736,41.593,41.736,41008,0
XMME.DE,D,20190617,000000,41.762,41.771,41.498,41.69,59576,0
XMME.DE,D,20190618,000000,41.85,42.894,41.784,42.81,97837,0
XMME.DE,D,20190619,000000,42.888,42.967,42.754,42.783,83109,0
XMME.DE,D,20190620,000000,43.247,43.66,43.236,43.432,223724,0
XMME.DE,D,20190621,000000,43.206,43.272,43.083,43.205,37455,0
XMME.DE,D,20190624,000000,43.011,43.036,42.879,42.911,37048,0
XMME.DE,D,20190625,000000,42.615,42.748,42.595,42.677,23098,0
XMME.DE,D,20190626,000000,42.653,42.984,42.647,42.912,60948,0
XMME.DE,D,20190627,000000,43.243,43.281,43.029,43.091,34365,0
XMME.DE,D,20190628,000000,43.133,43.226,43.01,43.085,43110,0
XMME.DE,D,20190701,000000,43.929,44.096,43.867,43.949,54430,0
XMME.DE,D,20190702,000000,43.919,43.969,43.795,43.874,41255,0
XMME.DE,D,20190703,000000,43.618,43.791,43.609,43.777,42700,0
XMME.DE,D,20190704,000000,43.9,44.058,43.857,44.032,24865,0
XMME.DE,D,20190705,000000,43.892,43.938,43.644,43.805,69605,0
XMME.DE,D,20190708,000000,43.402,43.584,43.329,43.561,86304,0
XMME.DE,D,20190709,000000,43.269,43.466,43.208,43.433,79819,0
XMME.DE,D,20190710,000000,43.424,43.87,43.381,43.657,39197,0
XMME.DE,D,20190711,000000,43.802,43.876,43.525,43.558,52096,0
XMME.DE,D,20190712,000000,43.585,43.646,43.441,43.493,29793,0
XMME.DE,D,20190715,000000,43.709,43.828,43.638,43.786,20382,0
XMME.DE,D,20190716,000000,43.937,44.102,43.927,44.032,18706,0
XMME.DE,D,20190717,000000,43.951,43.951,43.712,43.76,31728,0
XMME.DE,D,20190718,000000,43.603,43.805,43.575,43.703,32183,0
XMME.DE,D,20190719,000000,44.018,44.09,43.924,43.958,22886,0
XMME.DE,D,20190722,000000,43.723,43.896,43.7,43.877,29353,0
XMME.DE,D,20190723,000000,43.97,44.083,43.931,44.01,54277,0
XMME.DE,D,20190724,000000,44.135,44.171,44.035,44.132,26267,0
XMME.DE,D,20190725,000000,44.288,44.446,43.614,43.834,30159,0
XMME.DE,D,20190726,000000,43.914,44.085,43.863,43.926,80670,0
XMME.DE,D,20190729,000000,43.663,43.882,43.663,43.693,27798,0
XMME.DE,D,20190730,000000,43.823,43.843,43.376,43.436,38150,0
XMME.DE,D,20190731,000000,43.332,43.462,43.332,43.387,28465,0
XMME.DE,D,20190801,000000,43.372,43.562,43.334,43.562,37055,0
XMME.DE,D,20190802,000000,42.302,42.302,41.711,41.721,47407,0
XMME.DE,D,20190805,000000,41.083,41.1,40.139,40.178,45932,0
XMME.DE,D,20190806,000000,40.375,40.767,40.289,40.305,51564,0
XMME.DE,D,20190807,000000,40.517,40.786,39.888,40.207,82452,0
XMME.DE,D,20190808,000000,40.91,41.052,40.75,41.042,32986,0
XMME.DE,D,20190809,000000,41.112,41.131,40.621,40.698,54525,0
XMME.DE,D,20190812,000000,41.086,41.096,40.197,40.288,67647,0
XMME.DE,D,20190813,000000,40.163,41.026,39.88,40.935,50954,0
XMME.DE,D,20190814,000000,40.803,40.803,40.071,40.071,90063,0
XMME.DE,D,20190815,000000,40.361,40.478,39.793,40.347,132550,0
XMME.DE,D,20190816,000000,40.766,41.03,40.766,40.955,74865,0
XMME.DE,D,20190819,000000,41.492,41.495,41.14,41.244,66861,0
XMME.DE,D,20190820,000000,41.406,41.496,41.222,41.283,75322,0
XMME.DE,D,20190821,000000,41.497,41.584,41.43,41.513,11202,0
XMME.DE,D,20190822,000000,41.336,41.397,41.045,41.115,28621,0
XMME.DE,D,20190823,000000,41.418,41.486,40.484,40.484,48733,0
XMME.DE,D,20190826,000000,40.45,40.772,40.321,40.629,38257,0
XMME.DE,D,20190827,000000,40.548,40.964,40.414,40.855,96800,0
XMME.DE,D,20190828,000000,40.722,40.852,40.565,40.852,56709,0
XMME.DE,D,20190829,000000,40.603,41.312,40.603,41.312,69451,0
XMME.DE,D,20190830,000000,41.484,41.811,41.484,41.811,109203,0
XMME.DE,D,20190902,000000,41.854,42.04,41.854,41.862,35007,0
XMME.DE,D,20190903,000000,41.666,41.777,41.586,41.759,68430,0
XMME.DE,D,20190904,000000,42.164,42.34,42.054,42.206,20538,0
XMME.DE,D,20190905,000000,42.549,42.695,42.45,42.695,73463,0
XMME.DE,D,20190906,000000,42.746,42.973,42.746,42.924,38480,0
XMME.DE,D,20190909,000000,43.056,43.056,42.896,42.996,32933,0
XMME.DE,D,20190910,000000,42.849,42.971,42.718,42.81,16047,0
XMME.DE,D,20190911,000000,43.039,43.478,43.039,43.45,14840,0
XMME.DE,D,20190912,000000,43.535,44.05,43.4,43.599,66751,0
XMME.DE,D,20190913,000000,43.559,43.774,43.559,43.724,115886,0
XMME.DE,D,20190916,000000,43.291,43.873,43.284,43.802,28104,0
XMME.DE,D,20190917,000000,43.365,43.38,43.123,43.302,42978,0
XMME.DE,D,20190918,000000,43.33,43.432,43.235,43.263,23455,0
XMME.DE,D,20190919,000000,43.134,43.39,43.027,43.39,69143,0
XMME.DE,D,20190920,000000,43.341,43.606,43.255,43.537,20405,0
XMME.DE,D,20190923,000000,43.47,43.49,43.246,43.385,34033,0
XMME.DE,D,20190924,000000,43.353,43.423,43.029,43.029,15750,0
XMME.DE,D,20190925,000000,42.845,42.979,42.584,42.979,39608,0
XMME.DE,D,20190926,000000,43.106,43.287,43.011,43.133,11806,0
XMME.DE,D,20190927,000000,43.147,43.214,43.079,43.193,15998,0
XMME.DE,D,20191001,000000,43.251,43.252,42.606,42.709,54633,0
XMME.DE,D,20191002,000000,42.571,42.576,42.066,42.066,27892,0
XMME.DE,D,20191004,000000,42.403,42.624,42.289,42.624,24710,0
XMME.DE,D,20191007,000000,42.578,42.654,42.478,42.546,25574,0
XMME.DE,D,20191008,000000,42.743,42.78,42.229,42.317,37017,0
XMME.DE,D,20191009,000000,42.275,42.552,42.257,42.428,32392,0
XMME.DE,D,20191010,000000,42.401,42.917,42.303,42.862,57078,0
XMME.DE,D,20191011,000000,43.003,43.575,43.003,43.575,53311,0
XMME.DE,D,20191014,000000,43.441,43.441,43.126,43.29,26286,0
XMME.DE,D,20191015,000000,43.389,43.567,43.337,43.501,31496,0
XMME.DE,D,20191016,000000,43.333,43.558,43.327,43.479,16167,0
XMME.DE,D,20191017,000000,43.52,43.723,43.479,43.508,19503,0
XMME.DE,D,20191018,000000,43.35,43.417,43.272,43.272,31891,0
XMME.DE,D,20191021,000000,43.264,43.38,43.219,43.32,49830,0
XMME.DE,D,20191022,000000,43.567,43.709,43.447,43.659,6981,0
XMME.DE,D,20191023,000000,43.493,43.618,43.358,43.607,36147,0
XMME.DE,D,20191024,000000,43.732,43.947,43.654,43.947,25730,0
XMME.DE,D,20191025,000000,43.867,44.108,43.681,44.099,17620,0
XMME.DE,D,20191028,000000,44.186,44.421,44.147,44.392,79407,0
XMME.DE,D,20191029,000000,44.288,44.288,44.095,44.151,10180,0
XMME.DE,D,20191030,000000,43.993,44.146,43.862,43.99,26176,0
XMME.DE,D,20191031,000000,44.082,44.097,43.654,43.68,61956,0
XMME.DE,D,20191101,000000,44.082,44.44,44.046,44.307,52007,0
XMME.DE,D,20191104,000000,44.795,45.011,44.772,44.934,37347,0
XMME.DE,D,20191105,000000,45.177,45.456,45.176,45.414,31733,0
XMME.DE,D,20191106,000000,45.368,45.545,45.262,45.483,67211,0
XMME.DE,D,20191107,000000,45.569,45.854,45.568,45.82,82140,0
XMME.DE,D,20191108,000000,45.508,45.624,45.396,45.517,110033,0
XMME.DE,D,20191111,000000,44.775,45.037,44.727,45.009,122514,0
XMME.DE,D,20191112,000000,45.149,45.164,44.939,44.993,88235,0
XMME.DE,D,20191113,000000,44.675,44.705,44.328,44.556,118466,0
XMME.DE,D,20191114,000000,44.531,44.676,44.427,44.481,18812,0
XMME.DE,D,20191115,000000,44.686,44.858,44.6,44.842,39143,0
XMME.DE,D,20191118,000000,44.942,44.945,44.576,44.713,31485,0
XMME.DE,D,20191119,000000,44.893,45.101,44.652,44.697,28473,0
XMME.DE,D,20191120,000000,44.659,44.74,44.559,44.679,139391,0
XMME.DE,D,20191121,000000,44.152,44.364,44.075,44.313,91752,0
XMME.DE,D,20191122,000000,44.498,44.643,44.473,44.541,53843,0
XMME.DE,D,20191125,000000,44.952,45.117,44.952,45.064,30090,0
XMME.DE,D,20191126,000000,44.977,44.977,44.659,44.69,51979,0
XMME.DE,D,20191127,000000,45.01,45.037,44.881,44.94,19109,0
XMME.DE,D,20191128,000000,44.955,44.977,44.808,44.895,18184,0
XMME.DE,D,20191129,000000,44.391,44.608,44.331,44.331,21972,0
XMME.DE,D,20191202,000000,44.448,44.523,43.89,43.939,36918,0
XMME.DE,D,20191203,000000,44.102,44.149,43.47,43.559,24904,0
XMME.DE,D,20191204,000000,43.788,44.172,43.779,44.115,63102,0
XMME.DE,D,20191205,000000,44.201,44.275,44.066,44.212,27097,0
XMME.DE,D,20191206,000000,44.411,44.742,44.389,44.666,56154,0
XMME.DE,D,20191209,000000,44.76,44.76,44.597,44.643,67571,0
XMME.DE,D,20191210,000000,44.617,44.655,44.252,44.548,45006,0
XMME.DE,D,20191211,000000,44.85,44.914,44.725,44.912,29809,0
XMME.DE,D,20191212,000000,45.188,45.82,45.045,45.664,16723,0
XMME.DE,D,20191213,000000,45.925,46.215,45.698,45.788,62488,0
XMME.DE,D,20191216,000000,45.936,46.263,45.936,46.253,51733,0
XMME.DE,D,20191217,000000,46.522,46.573,46.384,46.488,29658,0
XMME.DE,D,20191218,000000,46.679,46.869,46.677,46.789,11272,0
XMME.DE,D,20191219,000000,46.846,46.894,46.686,46.894,21185,0
XMME.DE,D,20191220,000000,46.865,47.202,46.865,47.202,48652,0
XMME.DE,D,20191223,000000,47.086,47.196,47.043,47.122,27077,0
XMME.DE,D,20191227,000000,47.525,47.612,47.248,47.337,14997,0
XMME.DE,D,20191230,000000,47.302,47.302,47.126,47.241,16453,0
XMME.DE,D,20200102,000000,47.213,47.753,47.213,47.625,62530,0
XMME.DE,D,20200103,000000,47.316,47.5,47.151,47.367,60060,0
XMME.DE,D,20200106,000000,46.941,46.971,46.639,46.951,90241,0
XMME.DE,D,20200107,000000,47.141,47.244,46.99,47.193,54135,0
XMME.DE,D,20200108,000000,46.951,47.35,46.898,47.301,39268,0
XMME.DE,D,20200109,000000,47.964,48.055,47.831,47.915,34842,0
XMME.DE,D,20200110,000000,48.195,48.292,48.048,48.107,34644,0
XMME.DE,D,20200113,000000,48.43,48.545,48.322,48.491,70816,0
XMME.DE,D,20200114,000000,48.333,48.591,48.229,48.394,24029,0
XMME.DE,D,20200115,000000,48.279,48.286,48.073,48.089,59937,0
XMME.DE,D,20200116,000000,48.27,48.459,48.197,48.391,109128,0
XMME.DE,D,20200117,000000,48.55,48.774,48.527,48.703,45507,0
XMME.DE,D,20200120,000000,48.666,48.708,48.59,48.638,154091,0
XMME.DE,D,20200121,000000,47.762,47.864,47.604,47.861,82146,0
XMME.DE,D,20200122,000000,48.311,48.313,48.02,48.059,40440,0
XMME.DE,D,20200123,000000,47.669,47.681,47.263,47.351,110665,0
XMME.DE,D,20200124,000000,47.999,48.111,47.62,47.68,67158,0
XMME.DE,D,20200127,000000,46.282,46.282,45.322,45.822,79633,0
XMME.DE,D,20200128,000000,46.093,46.358,45.676,46.256,37943,0
XMME.DE,D,20200129,000000,46.681,46.853,46.472,46.53,62628,0
XMME.DE,D,20200130,000000,45.545,45.766,45.192,45.383,52308,0
XMME.DE,D,20200131,000000,45.385,45.418,44.477,44.519,55521,0
XMME.DE,D,20200203,000000,44.907,45.414,44.798,45.176,73693,0
XMME.DE,D,20200204,000000,46.127,46.71,46.127,46.71,29875,0
XMME.DE,D,20200205,000000,47.176,47.456,46.837,46.941,99135,0
XMME.DE,D,20200206,000000,47.376,47.465,47.043,47.171,47464,0
XMME.DE,D,20200207,000000,47.031,47.069,46.396,46.612,61828,0
XMME.DE,D,20200210,000000,46.807,46.807,46.562,46.798,204287,0
XMME.DE,D,20200211,000000,47.327,47.676,47.208,47.511,69542,0
XMME.DE,D,20200212,000000,47.868,48.178,47.719,48.155,26474,0
XMME.DE,D,20200213,000000,47.835,47.992,47.586,47.992,53912,0
XMME.DE,D,20200214,000000,48.098,48.171,47.9,47.96,47601,0
XMME.DE,D,20200217,000000,48.287,48.297,48.161,48.27,72387,0
XMME.DE,D,20200218,000000,47.619,47.82,47.5,47.631,32153,0
XMME.DE,D,20200219,000000,48.057,48.227,48.046,48.17,37276,0
XMME.DE,D,20200220,000000,48.139,48.139,47.279,47.279,23766,0
XMME.DE,D,20200221,000000,47.107,47.256,46.854,47.023,56006,0
XMME.DE,D,20200224,000000,45.974,45.974,44.906,45.146,98220,0
XMME.DE,D,20200225,000000,45.95,45.95,45.066,45.107,58420,0
XMME.DE,D,20200226,000000,45.073,45.571,44.383,45.318,86857,0
XMME.DE,D,20200227,000000,44.804,44.858,43.321,43.772,85977,0
XMME.DE,D,20200228,000000,42.642,42.882,41.947,42.492,480472,0
XMME.DE,D,20200302,000000,43.52,43.79,42.218,42.899,143239,0
XMME.DE,D,20200303,000000,43.425,43.974,43.193,43.446,108911,0
XMME.DE,D,20200304,000000,43.554,44.018,43.447,43.731,48229,0
XMME.DE,D,20200305,000000,44.227,44.227,43.301,43.416,26462,0
XMME.DE,D,20200306,000000,42.456,42.508,41.244,41.451,90628,0
XMME.DE,D,20200309,000000,38.613,39.433,37.721,38.282,217133,0
XMME.DE,D,20200310,000000,39.52,40.387,39.292,39.449,171144,0
XMME.DE,D,20200311,000000,39.713,39.986,39.07,39.27,62770,0
XMME.DE,D,20200312,000000,37.387,37.409,34.852,35.031,120832,0
XMME.DE,D,20200313,000000,36.87,38.686,36.376,37.102,45637,0
XMME.DE,D,20200316,000000,35.187,35.187,33.037,34.722,234206,0
XMME.DE,D,20200317,000000,35.316,35.894,33.711,35.514,153960,0
XMME.DE,D,20200318,000000,33.616,34.233,33,33.392,36768,0
XMME.DE,D,20200319,000000,32.945,33.944,32.656,33.7,81086,0
XMME.DE,D,20200320,000000,36.189,36.365,34.704,34.928,49271,0
XMME.DE,D,20200323,000000,33.376,34.6,32.721,33.139,73653,0
XMME.DE,D,20200324,000000,34.77,35.601,34.6,35.601,92940,0
XMME.DE,D,20200325,000000,36.263,36.897,35.737,36.47,95102,0
XMME.DE,D,20200326,000000,36.117,37.242,35.9,37.175,23337,0
XMME.DE,D,20200327,000000,36.297,36.341,35.08,35.272,120414,0
XMME.DE,D,20200330,000000,35.425,35.747,34.936,35.747,205222,0
XMME.DE,D,20200331,000000,36.126,36.675,35.955,36.67,118233,0
XMME.DE,D,20200401,000000,35.478,35.633,35.35,35.36,95685,0
XMME.DE,D,20200402,000000,36.004,36.349,35.753,36.322,28541,0
XMME.DE,D,20200403,000000,36.35,36.669,36.037,36.037,28794,0
XMME.DE,D,20200406,000000,37.142,37.577,37.053,37.522,95905,0
XMME.DE,D,20200407,000000,38.087,38.634,37.923,38.243,70295,0
XMME.DE,D,20200408,000000,37.8,38.032,37.422,38.032,64228,0
XMME.DE,D,20200409,000000,38.409,38.619,37.989,38.383,57792,0
XMME.DE,D,20200414,000000,38.751,38.876,38.517,38.659,59852,0
XMME.DE,D,20200415,000000,38.494,38.494,37.71,37.769,181237,0
XMME.DE,D,20200416,000000,38.489,38.55,38.059,38.469,75327,0
XMME.DE,D,20200417,000000,39.353,39.663,38.782,38.798,34455,0
XMME.DE,D,20200420,000000,39.01,39.01,38.588,38.999,62818,0
XMME.DE,D,20200421,000000,38.435,38.435,37.546,37.55,22486,0
XMME.DE,D,20200422,000000,38.377,38.788,38.321,38.788,29373,0
XMME.DE,D,20200423,000000,39.041,39.315,38.86,39.138,80428,0
XMME.DE,D,20200424,000000,38.792,38.87,38.28,38.356,21197,0
XMME.DE,D,20200427,000000,39.001,39.142,38.9,39.103,37209,0
XMME.DE,D,20200428,000000,39.164,39.717,39.164,39.445,75871,0
XMME.DE,D,20200429,000000,39.535,40.148,39.503,40.103,113043,0
XMME.DE,D,20200430,000000,40.678,40.771,39.644,39.644,81001,0
XMME.DE,D,20200504,000000,38.038,38.112,37.864,38.1,129510,0
XMME.DE,D,20200505,000000,38.78,39.032,38.682,39.017,125843,0
XMME.DE,D,20200506,000000,39.389,39.456,38.8,38.862,47836,0
XMME.DE,D,20200507,000000,39.079,39.362,39.056,39.156,58524,0
XMME.DE,D,20200508,000000,39.467,39.879,39.4,39.794,51457,0
XMME.DE,D,20200511,000000,39.991,40.047,39.458,39.729,54510,0
XMME.DE,D,20200512,000000,39.457,39.988,39.457,39.955,53886,0
XMME.DE,D,20200513,000000,39.639,39.838,39.478,39.554,37349,0
XMME.DE,D,20200514,000000,39.178,39.324,38.569,39.106,67200,0
XMME.DE,D,20200515,000000,39.497,39.497,38.795,38.882,78982,0
XMME.DE,D,20200518,000000,39.383,40.112,39.383,40.112,45188,0
XMME.DE,D,20200519,000000,40.045,40.183,39.701,40.183,32135,0
XMME.DE,D,20200520,000000,39.928,40.375,39.876,40.375,33620,0
XMME.DE,D,20200521,000000,39.909,39.994,39.638,39.788,14635,0
XMME.DE,D,20200522,000000,39.167,39.509,39,39.292,57461,0
XMME.DE,D,20200525,000000,39.603,39.85,39.491,39.85,32182,0
XMME.DE,D,20200526,000000,40.228,40.228,39.922,40.07,26336,0
XMME.DE,D,20200527,000000,39.895,40.141,39.309,39.695,73063,0
XMME.DE,D,20200528,000000,39.738,39.836,39.597,39.665,59958,0
XMME.DE,D,20200529,000000,39.29,39.516,39.163,39.223,31089,0
XMME.DE,D,20200602,000000,40.661,41.339,40.609,41.177,86867,0
XMME.DE,D,20200603,000000,41.446,42.104,41.427,42.104,39748,0
XMME.DE,D,20200604,000000,41.578,41.712,41.205,41.292,108479,0
XMME.DE,D,20200605,000000,41.512,42.541,41.512,42.541,92800,0
XMME.DE,D,20200608,000000,41.999,42.301,41.931,42.186,63691,0
XMME.DE,D,20200609,000000,42.613,42.613,41.831,41.947,52845,0
XMME.DE,D,20200610,000000,42.336,42.365,41.999,42.091,34285,0
XMME.DE,D,20200611,000000,41.544,41.544,40.858,40.858,34252,0
XMME.DE,D,20200612,000000,40.85,41.469,40.85,41.286,58279,0
XMME.DE,D,20200615,000000,40.313,40.702,40.296,40.638,63309,0
XMME.DE,D,20200616,000000,41.229,42.099,41.175,41.505,43600,0
XMME.DE,D,20200617,000000,41.582,42.078,41.582,41.886,35039,0
XMME.DE,D,20200618,000000,41.849,42.227,41.779,42.041,92913,0
XMME.DE,D,20200619,000000,42.405,42.612,42.346,42.442,20064,0
XMME.DE,D,20200622,000000,42.37,42.401,42.183,42.313,85804,0
XMME.DE,D,20200623,000000,42.53,42.795,42.476,42.729,29200,0
XMME.DE,D,20200624,000000,42.727,42.838,42.117,42.117,47582,0
XMME.DE,D,20200625,000000,41.991,42.441,41.795,42.276,32628,0
XMME.DE,D,20200626,000000,42.575,42.631,41.959,42.112,7645,0
XMME.DE,D,20200629,000000,41.877,42.143,41.689,42.006,31122,0
XMME.DE,D,20200630,000000,42.258,42.345,41.982,42.06,51536,0
XMME.DE,D,20200701,000000,42.264,42.516,42.06,42.298,66877,0
XMME.DE,D,20200702,000000,42.99,43.586,42.99,43.443,57391,0
XMME.DE,D,20200703,000000,43.951,43.951,43.686,43.802,11646,0
XMME.DE,D,20200706,000000,44.685,45,44.554,44.981,46589,0
XMME.DE,D,20200707,000000,44.472,44.737,44.222,44.589,72954,0
XMME.DE,D,20200708,000000,44.924,44.989,44.705,44.785,76168,0
XMME.DE,D,20200709,000000,45.327,45.678,45.07,45.138,42500,0
XMME.DE,D,20200710,000000,44.968,45.1,44.847,44.945,113560,0
XMME.DE,D,20200713,000000,45.361,45.444,45.203,45.424,16359,0
XMME.DE,D,20200714,000000,44.443,44.443,43.818,44.259,115651,0
XMME.DE,D,20200715,000000,44.447,44.742,44.368,44.497,66395,0
XMME.DE,D,20200716,000000,43.677,43.848,43.422,43.797,26496,0
XMME.DE,D,20200717,000000,44.121,44.2,43.926,44.061,18231,0
XMME.DE,D,20200720,000000,43.919,44.551,43.896,44.506,27991,0
XMME.DE,D,20200721,000000,45.215,45.531,45.058,45.136,274091,0
XMME.DE,D,20200722,000000,44.925,45.018,44.198,44.331,27167,0
XMME.DE,D,20200723,000000,44.535,44.563,44.312,44.365,61668,0
XMME.DE,D,20200724,000000,43.327,43.708,43.299,43.616,34732,0
XMME.DE,D,20200727,000000,43.616,43.881,43.471,43.719,69919,0
XMME.DE,D,20200728,000000,44.088,44.188,43.852,43.999,91427,0
XMME.DE,D,20200729,000000,44.12,44.211,44.055,44.115,36967,0
XMME.DE,D,20200730,000000,44.021,44.021,43.339,43.526,31377,0
XMME.DE,D,20200731,000000,43.522,43.644,43.17,43.25,41587,0
XMME.DE,D,20200803,000000,43.665,44.057,43.544,43.915,85360,0
XMME.DE,D,20200804,000000,44.363,44.4,44.073,44.097,36983,0
XMME.DE,D,20200805,000000,44.524,44.583,44.289,44.515,79158,0
XMME.DE,D,20200806,000000,44.422,44.628,44.321,44.365,50347,0
XMME.DE,D,20200807,000000,44.026,44.28,44.018,44.198,25759,0
XMME.DE,D,20200810,000000,44.075,44.274,43.923,44.012,25218,0
XMME.DE,D,20200811,000000,44.392,44.57,44.314,44.493,50332,0
XMME.DE,D,20200812,000000,44.412,44.667,44.389,44.635,68612,0
XMME.DE,D,20200813,000000,44.374,44.432,44.213,44.34,35339,0
XMME.DE,D,20200814,000000,44.385,44.385,44.08,44.25,26566,0
XMME.DE,D,20200817,000000,44.507,44.582,44.28,44.544,74356,0
XMME.DE,D,20200818,000000,44.204,44.496,44.076,44.174,34736,0
XMME.DE,D,20200819,000000,44.127,44.277,43.934,44.237,41364,0
XMME.DE,D,20200820,000000,43.529,43.663,43.38,43.491,58120,0
XMME.DE,D,20200821,000000,44.043,44.34,43.959,44.246,18596,0
XMME.DE,D,20200824,000000,44.819,44.938,44.664,44.717,25581,0
XMME.DE,D,20200825,000000,45.039,45.07,44.812,45.043,13093,0
XMME.DE,D,20200826,000000,45.167,45.366,45.14,45.306,17469,0
XMME.DE,D,20200827,000000,45.228,45.312,45.036,45.074,38217,0
XMME.DE,D,20200828,000000,45.203,45.203,44.76,45.097,21721,0
XMME.DE,D,20200831,000000,44.826,44.827,43.796,43.906,47622,0
XMME.DE,D,20200901,000000,44.464,44.823,44.25,44.695,189424,0
XMME.DE,D,20200902,000000,45.1,45.354,44.905,44.943,33335,0
XMME.DE,D,20200903,000000,45.26,45.26,44.166,44.215,22239,0
XMME.DE,D,20200904,000000,44.21,44.688,43.734,43.986,34083,0
XMME.DE,D,20200907,000000,44.07,44.27,43.997,44.251,28355,0
XMME.DE,D,20200908,000000,44.354,44.397,43.671,43.898,38807,0
XMME.DE,D,20200909,000000,43.809,44.164,43.799,44.153,28705,0
XMME.DE,D,20200910,000000,44.083,44.12,43.842,43.906,24214,0
XMME.DE,D,20200911,000000,44.15,44.223,43.987,44.058,35648,0
XMME.DE,D,20200914,000000,44.659,44.659,44.278,44.466,39088,0
XMME.DE,D,20200915,000000,44.779,45.123,44.721,45.104,39355,0
XMME.DE,D,20200916,000000,45.176,45.358,45.138,45.358,12525,0
XMME.DE,D,20200917,000000,44.914,45,44.644,44.822,14012,0
XMME.DE,D,20200918,000000,44.968,45.128,44.652,44.653,22394,0
XMME.DE,D,20200921,000000,44.478,44.478,43.857,43.928,126678,0
XMME.DE,D,20200922,000000,44.033,44.258,43.929,43.976,38610,0
XMME.DE,D,20200923,000000,44.24,44.365,43.994,44.007,25277,0
XMME.DE,D,20200924,000000,43.361,43.504,43.082,43.504,16751,0
XMME.DE,D,20200925,000000,43.442,43.442,43.097,43.415,28420,0
XMME.DE,D,20200928,000000,44.038,44.156,43.976,44.01,36827,0
XMME.DE,D,20200929,000000,43.752,43.824,43.642,43.709,31687,0
XMME.DE,D,20200930,000000,43.83,44.558,43.83,44.474,34823,0
XMME.DE,D,20201001,000000,44.839,44.965,44.548,44.718,95398,0
XMME.DE,D,20201002,000000,44.201,44.793,44.126,44.67,32905,0
XMME.DE,D,20201005,000000,44.551,44.636,44.397,44.606,51372,0
XMME.DE,D,20201006,000000,44.724,45.077,44.666,45.035,73797,0
XMME.DE,D,20201007,000000,45.293,45.428,45.247,45.428,36793,0
XMME.DE,D,20201008,000000,45.471,45.695,45.46,45.59,49264,0
XMME.DE,D,20201009,000000,45.652,45.982,45.486,45.923,51540,0
XMME.DE,D,20201012,000000,46.042,46.296,46.02,46.273,32492,0
XMME.DE,D,20201013,000000,46.221,46.395,46.084,46.23,122730,0
XMME.DE,D,20201014,000000,46.189,46.344,46.092,46.289,29065,0
XMME.DE,D,20201015,000000,45.729,45.784,45.355,45.707,74415,0
XMME.DE,D,20201016,000000,45.908,46.057,45.782,45.969,20160,0
XMME.DE,D,20201019,000000,46.14,46.157,45.79,45.87,23082,0
XMME.DE,D,20201020,000000,45.897,45.993,45.732,45.856,20169,0
XMME.DE,D,20201021,000000,46.023,46.151,45.767,46.003,19625,0
XMME.DE,D,20201022,000000,45.897,46.151,45.826,45.974,13026,0
XMME.DE,D,20201023,000000,46.041,46.165,45.825,45.91,24841,0
XMME.DE,D,20201026,000000,45.557,45.994,45.557,45.66,14516,0
XMME.DE,D,20201027,000000,45.766,45.927,45.633,45.877,16009,0
XMME.DE,D,20201028,000000,45.935,45.935,45.054,45.173,120777,0
XMME.DE,D,20201029,000000,45.613,45.692,45.252,45.643,42695,0
XMME.DE,D,20201030,000000,45.002,45.389,44.99,45.218,21585,0
XMME.DE,D,20201102,000000,45.558,45.959,45.539,45.778,66954,0
XMME.DE,D,20201103,000000,46.194,46.455,45.56,45.823,58642,0
XMME.DE,D,20201104,000000,45.784,47.231,45.656,47.231,72026,0
XMME.DE,D,20201105,000000,47.58,47.868,47.308,47.478,27159,0
XMME.DE,D,20201106,000000,47.34,47.524,46.965,47.448,56128,0
XMME.DE,D,20201109,000000,47.937,49.207,47.901,48.71,103594,0
XMME.DE,D,20201110,000000,48,48.212,47.478,47.715,77266,0
XMME.DE,D,20201111,000000,47.526,48.087,47.524,48.002,55886,0
XMME.DE,D,20201112,000000,47.923,48.255,47.905,48.155,39671,0
XMME.DE,D,20201113,000000,48.149,48.296,47.936,48.035,231852,0
XMME.DE,D,20201116,000000,48.577,48.983,48.57,48.862,148228,0
XMME.DE,D,20201117,000000,48.581,48.64,48.31,48.57,49176,0
XMME.DE,D,20201118,000000,48.695,48.997,48.668,48.714,33027,0
XMME.DE,D,20201119,000000,48.443,48.68,48.215,48.621,55967,0
XMME.DE,D,20201120,000000,48.491,48.917,48.491,48.904,44792,0
XMME.DE,D,20201123,000000,49.301,49.45,49.089,49.203,107694,0
XMME.DE,D,20201124,000000,49.477,49.526,49.309,49.504,85758,0
XMME.DE,D,20201125,000000,49.124,49.264,48.915,49.243,62622,0
XMME.DE,D,20201126,000000,49.374,49.534,49.307,49.459,58315,0
XMME.DE,D,20201127,000000,49.517,49.687,49.5,49.547,59996,0
XMME.DE,D,20201130,000000,48.527,48.757,48.267,48.344,151709,0
XMME.DE,D,20201201,000000,48.777,48.964,48.757,48.833,97866,0
XMME.DE,D,20201202,000000,48.726,48.873,48.5,48.738,50370,0
XMME.DE,D,20201203,000000,48.957,49.138,48.862,49.112,290689,0
XMME.DE,D,20201204,000000,49.46,49.526,49.309,49.497,113480,0
XMME.DE,D,20201207,000000,49.485,49.707,49.285,49.691,63728,0
XMME.DE,D,20201208,000000,49.569,49.677,49.416,49.677,31184,0
XMME.DE,D,20201209,000000,49.873,49.931,49.6,49.629,45221,0
XMME.DE,D,20201210,000000,49.574,49.825,49.2,49.793,75807,0
XMME.DE,D,20201211,000000,49.756,49.792,49.371,49.645,65991,0
XMME.DE,D,20201214,000000,49.557,49.675,49.355,49.377,57586,0
XMME.DE,D,20201215,000000,49.263,49.463,49.238,49.426,126350,0
XMME.DE,D,20201216,000000,49.781,49.863,49.526,49.771,75128,0
XMME.DE,D,20201217,000000,49.965,49.999,49.607,49.77,106791,0
XMME.DE,D,20201218,000000,49.623,49.88,49.601,49.861,122113,0
XMME.DE,D,20201221,000000,49.536,49.55,48.6,49.196,165788,0
XMME.DE,D,20201222,000000,48.952,49.157,48.905,49.028,44070,0
XMME.DE,D,20201223,000000,49.498,49.603,49.34,49.508,40794,0
XMME.DE,D,20201228,000000,49.294,49.508,49.132,49.384,70249,0
XMME.DE,D,20201229,000000,49.572,49.854,49.474,49.85,57248,0
XMME.DE,D,20201230,000000,50.42,50.53,50.308,50.346,29794,0
XMME.DE,D,20210104,000000,51.3,51.396,50.914,51.002,638489,0
XMME.DE,D,20210105,000000,51.33,51.606,51.042,51.544,52030,0
XMME.DE,D,20210106,000000,51.512,51.698,51.23,51.692,135813,0
XMME.DE,D,20210107,000000,51.632,51.916,51.548,51.736,58279,0
XMME.DE,D,20210108,000000,52.822,53.212,52.652,53.212,73160,0
XMME.DE,D,20210111,000000,53.228,53.428,53.138,53.284,58594,0
XMME.DE,D,20210112,000000,53.494,53.7,53.388,53.678,76294,0
XMME.DE,D,20210113,000000,53.636,53.73,53.476,53.574,59751,0
XMME.DE,D,20210114,000000,54.078,54.616,54.078,54.596,172813,0
XMME.DE,D,20210115,000000,54.15,54.202,53.738,53.972,86683,0
XMME.DE,D,20210118,000000,54.038,54.23,53.928,54.176,82460,0
XMME.DE,D,20210119,000000,54.87,54.938,54.486,54.528,93868,0
XMME.DE,D,20210120,000000,55.434,55.65,55.398,55.444,91242,0
XMME.DE,D,20210121,000000,55.862,55.87,55.302,55.48,139398,0
XMME.DE,D,20210122,000000,54.884,54.884,54.432,54.732,210266,0
XMME.DE,D,20210125,000000,55.736,55.832,55.116,55.26,90146,0
XMME.DE,D,20210126,000000,54.714,55.026,54.7,54.814,41775,0
XMME.DE,D,20210127,000000,54.43,54.532,53.9,54.102,113088,0
XMME.DE,D,20210128,000000,53.228,53.872,52.75,53.872,50041,0
XMME.DE,D,20210129,000000,52.804,53.034,52.6,52.822,127769,0
XMME.DE,D,20210201,000000,53.752,54.112,53.726,53.998,112331,0
XMME.DE,D,20210202,000000,55.082,55.388,55.082,55.268,68088,0
XMME.DE,D,20210203,000000,55.824,55.828,55.5,55.644,72767,0
XMME.DE,D,20210204,000000,55.476,55.742,55.418,55.572,108881,0
XMME.DE,D,20210205,000000,55.862,56.028,55.664,55.948,65416,0
XMME.DE,D,20210208,000000,55.858,56.136,55.732,56,110363,0
XMME.DE,D,20210209,000000,55.926,56.214,55.742,56.188,156446,0
XMME.DE,D,20210210,000000,56.566,56.816,56.088,56.438,63307,0
XMME.DE,D,20210211,000000,56.834,57.254,56.822,57.254,41145,0
XMME.DE,D,20210212,000000,56.958,57.254,56.846,57.254,44363,0
XMME.DE,D,20210215,000000,57.51,57.796,57.5,57.756,73858,0
XMME.DE,D,20210216,000000,57.634,57.728,57.376,57.442,86672,0
XMME.DE,D,20210217,000000,57.758,57.866,57.396,57.396,35063,0
XMME.DE,D,20210218,000000,56.912,57.022,56.196,56.38,62795,0
XMME.DE,D,20210219,000000,56.654,57.042,56.54,56.998,63739,0
XMME.DE,D,20210222,000000,55.5,55.542,55.176,55.406,51404,0
XMME.DE,D,20210223,000000,55.276,55.276,54.08,54.932,43144,0
XMME.DE,D,20210224,000000,54.512,54.934,54.174,54.706,130799,0
XMME.DE,D,20210225,000000,55.14,55.14,54.318,54.318,38749,0
XMME.DE,D,20210226,000000,53.022,53.444,52.732,53.392,127497,0
XMME.DE,D,20210301,000000,54.256,54.932,54.168,54.932,150730,0
XMME.DE,D,20210302,000000,54.352,54.578,54.1,54.134,268917,0
XMME.DE,D,20210303,000000,55.106,55.21,54.368,54.5,322027,0
XMME.DE,D,20210304,000000,54.038,54.268,53.574,54.106,112121,0
XMME.DE,D,20210305,000000,53.884,54.24,53.162,53.37,244804,0
XMME.DE,D,20210308,000000,53.116,53.49,52.824,53.172,187165,0
XMME.DE,D,20210309,000000,52.81,53.866,52.776,53.794,145233,0
XMME.DE,D,20210310,000000,53.606,54.014,53.436,53.516,118322,0
XMME.DE,D,20210311,000000,54.572,54.856,54.52,54.856,53096,0
XMME.DE,D,20210312,000000,54.16,54.182,53.87,53.956,58544,0
XMME.DE,D,20210315,000000,53.92,54.288,53.82,54.052,85222,0
XMME.DE,D,20210316,000000,54.396,54.832,54.296,54.696,40525,0
XMME.DE,D,20210317,000000,54.314,54.398,53.804,54.024,48154,0
XMME.DE,D,20210318,000000,54.414,54.418,54.038,54.132,55696,0
XMME.DE,D,20210319,000000,53.78,54.192,53.758,54.16,41472,0
XMME.DE,D,20210322,000000,53.948,54.084,53.858,54.054,39414,0
XMME.DE,D,20210323,000000,53.532,53.734,53.334,53.682,23284,0
XMME.DE,D,20210324,000000,53.02,53.232,52.716,52.732,140984,0
XMME.DE,D,20210325,000000,52.452,52.702,52.064,52.702,74666,0
XMME.DE,D,20210326,000000,53.348,53.418,52.926,53.024,34262,0
XMME.DE,D,20210329,000000,53.228,53.586,53.202,53.416,66258,0
XMME.DE,D,20210330,000000,53.736,54.04,53.636,54.04,40096,0
XMME.DE,D,20210331,000000,53.788,54.234,53.684,54.178,51134,0
XMME.DE,D,20210401,000000,54.696,55.096,54.65,54.804,89526,0
XMME.DE,D,20210406,000000,54.564,54.868,54.436,54.836,87024,0
XMME.DE,D,20210407,000000,54.216,54.27,53.66,53.8,96584,0
XMME.DE,D,20210408,000000,54.434,54.444,54.11,54.206,42699,0
XMME.DE,D,20210409,000000,53.736,53.8,53.59,53.608,145962,0
XMME.DE,D,20210412,000000,53.316,53.348,53.146,53.224,96839,0
XMME.DE,D,20210413,000000,53.278,53.456,53.116,53.438,115471,0
XMME.DE,D,20210414,000000,53.67,53.876,53.65,53.724,66578,0
XMME.DE,D,20210415,000000,53.59,54.032,53.59,53.908,82886,0
XMME.DE,D,20210416,000000,54.078,54.194,53.876,54.078,40958,0
XMME.DE,D,20210419,000000,54.15,54.17,53.652,53.652,211948,0
XMME.DE,D,20210420,000000,53.788,53.846,53.206,53.206,44559,0
XMME.DE,D,20210421,000000,53.234,53.386,53.084,53.348,66877,0
XMME.DE,D,20210422,000000,53.596,53.808,53.352,53.752,39107,0
XMME.DE,D,20210423,000000,53.88,54.012,53.794,53.988,43149,0
XMME.DE,D,20210426,000000,53.95,54.054,53.672,53.958,83288,0
XMME.DE,D,20210427,000000,54.246,54.252,54.018,54.152,35085,0
XMME.DE,D,20210428,000000,54.24,54.448,54.092,54.254,55318,0
XMME.DE,D,20210429,000000,54.52,54.534,53.854,53.936,25506,0
XMME.DE,D,20210430,000000,53.744,53.774,53.5,53.69,30651,0
XMME.DE,D,20210503,000000,53.396,53.684,53.248,53.596,236062,0
XMME.DE,D,20210504,000000,53.622,53.662,52.838,52.906,38024,0
XMME.DE,D,20210505,000000,53.294,53.594,53.266,53.594,53295,0
XMME.DE,D,20210506,000000,53.546,53.632,53.342,53.628,63463,0
XMME.DE,D,20210507,000000,53.664,54.074,53.566,54.042,64504,0
XMME.DE,D,20210510,000000,53.486,53.62,53.05,53.098,62209,0
XMME.DE,D,20210511,000000,52.546,52.546,51.724,52.504,84362,0
XMME.DE,D,20210512,000000,52.468,52.576,51.87,51.87,55392,0
XMME.DE,D,20210513,000000,51.634,51.914,51.278,51.68,103830,0
XMME.DE,D,20210514,000000,51.784,52.15,51.712,52.13,30307,0
XMME.DE,D,20210517,000000,51.99,52.136,51.688,52.024,30711,0
XMME.DE,D,20210518,000000,52.806,52.834,52.484,52.678,82735,0
XMME.DE,D,20210519,000000,52.308,52.336,51.924,52.308,53666,0
XMME.DE,D,20210520,000000,52.47,52.762,52.196,52.762,49342,0
XMME.DE,D,20210521,000000,52.534,52.796,52.426,52.426,23038,0
XMME.DE,D,20210525,000000,53.18,53.18,52.95,52.95,31151,0
XMME.DE,D,20210526,000000,53.308,53.44,53.182,53.408,29837,0
XMME.DE,D,20210527,000000,53.5,53.734,53.4,53.608,33580,0
XMME.DE,D,20210528,000000,53.83,54.164,53.694,54.034,25533,0
XMME.DE,D,20210531,000000,54.372,54.498,54.236,54.288,111429,0
XMME.DE,D,20210601,000000,54.902,55.122,54.718,54.84,80392,0
XMME.DE,D,20210602,000000,54.834,55.228,54.79,55.092,55368,0
XMME.DE,D,20210603,000000,54.89,55,54.618,54.966,41350,0
XMME.DE,D,20210604,000000,54.944,55.124,54.824,55.07,33207,0
XMME.DE,D,20210607,000000,54.916,55.07,54.632,54.632,55426,0
XMME.DE,D,20210608,000000,54.68,54.812,54.492,54.524,40647,0
XMME.DE,D,20210609,000000,54.498,54.544,54.394,54.482,33434,0
XMME.DE,D,20210610,000000,54.732,54.92,54.562,54.878,32031,0
XMME.DE,D,20210611,000000,54.884,55.076,54.884,54.954,41923,0
XMME.DE,D,20210614,000000,55.12,55.174,54.916,55.116,56120,0
XMME.DE,D,20210615,000000,55.036,55.072,54.642,54.642,109329,0
XMME.DE,D,20210616,000000,54.648,54.76,54.534,54.734,59604,0
XMME.DE,D,20210617,000000,54.826,55.372,54.824,55.328,64126,0
XMME.DE,D,20210618,000000,55.374,55.436,55.086,55.11,67044,0
XMME.DE,D,20210621,000000,54.85,54.99,54.638,54.872,49980,0
XMME.DE,D,20210622,000000,54.88,54.88,54.564,54.696,237231,0
XMME.DE,D,20210623,000000,55.256,55.3,54.954,55.17,23406,0
XMME.DE,D,20210624,000000,55.366,55.558,55.322,55.558,15741,0
XMME.DE,D,20210625,000000,55.994,56.044,55.838,55.912,27296,0
XMME.DE,D,20210628,000000,55.956,56.192,55.892,56.014,34314,0
XMME.DE,D,20210629,000000,55.782,55.948,55.77,55.89,35362,0
XMME.DE,D,20210630,000000,56.104,56.15,55.838,56.05,53443,0
XMME.DE,D,20210701,000000,56.012,56.198,55.59,55.634,109716,0
XMME.DE,D,20210702,000000,55.354,55.754,55.3,55.572,44367,0
XMME.DE,D,20210705,000000,55.366,55.368,55.168,55.26,46555,0
XMME.DE,D,20210706,000000,55.216,55.332,54.908,54.996,47492,0
XMME.DE,D,20210707,000000,54.99,55.304,54.826,54.924,98880,0
XMME.DE,D,20210708,000000,54.042,54.042,53.352,53.612,199603,0
XMME.DE,D,20210709,000000,53.948,54.29,53.91,54.29,67455,0
XMME.DE,D,20210712,000000,54.224,54.484,54,54.368,36086,0
XMME.DE,D,20210713,000000,54.85,55.078,54.7,55.078,349571,0
XMME.DE,D,20210714,000000,55.036,55.288,54.936,54.936,25488,0
XMME.DE,D,20210715,000000,55.354,55.392,55.144,55.3,54597,0
XMME.DE,D,20210716,000000,55.186,55.27,54.866,54.872,17236,0
XMME.DE,D,20210719,000000,54.364,54.392,53.534,53.82,43623,0
XMME.DE,D,20210720,000000,53.968,54.116,53.7,54.044,68743,0
XMME.DE,D,20210721,000000,53.946,54.136,53.79,54.126,16807,0
XMME.DE,D,20210722,000000,54.614,54.706,54.388,54.54,17099,0
XMME.DE,D,20210723,000000,54.376,54.39,53.646,53.764,47800,0
XMME.DE,D,20210726,000000,52.83,52.892,52.356,52.726,96302,0
XMME.DE,D,20210727,000000,51.566,51.722,51.082,51.082,68767,0
XMME.DE,D,20210728,000000,51.712,52.674,51.608,52.67,32402,0
XMME.DE,D,20210729,000000,53.032,53.246,52.77,52.92,105774,0
XMME.DE,D,20210730,000000,52.238,52.68,52.202,52.606,71321,0
XMME.DE,D,20210802,000000,52.82,53.07,52.688,53.014,109133,0
XMME.DE,D,20210803,000000,52.91,52.962,52.586,52.834,31120,0
XMME.DE,D,20210804,000000,53.492,53.614,53.312,53.474,114505,0
XMME.DE,D,20210805,000000,53.29,53.63,53.29,53.56,46756,0
XMME.DE,D,20210806,000000,53.274,53.488,53.142,53.244,33823,0
XMME.DE,D,20210809,000000,53.466,53.656,53.398,53.632,39565,0
XMME.DE,D,20210810,000000,53.918,53.95,53.666,53.73,50624,0
XMME.DE,D,20210811,000000,53.728,54,53.574,53.636,88285,0
XMME.DE,D,20210812,000000,53.362,53.5,53.17,53.298,23827,0
XMME.DE,D,20210813,000000,52.962,53.012,52.75,52.856,28707,0
XMME.DE,D,20210816,000000,52.426,52.572,52.34,52.444,92002,0
XMME.DE,D,20210817,000000,51.628,52.144,51.598,52.052,24008,0
XMME.DE,D,20210818,000000,52.42,52.434,52.216,52.264,31977,0
XMME.DE,D,20210819,000000,51.19,51.26,50.85,51.132,114396,0
XMME.DE,D,20210820,000000,50.692,51.268,50.464,51.102,50436,0
XMME.DE,D,20210823,000000,51.314,51.46,51.174,51.446,113831,0
XMME.DE,D,20210824,000000,52.284,52.848,52.264,52.756,39364,0
