<TICKER>,<PER>,<DATE>,<TIME>,<OPEN>,<HIGH>,<LOW>,<CLOSE>,<VOL>,<OPENINT>
ZPRL.DE,D,20140327,000000,25.4,25.4,25.4,25.4,0,0
ZPRL.DE,D,20140328,000000,25.59,25.59,25.56,25.56,8,0
ZPRL.DE,D,20140331,000000,25.55,25.55,25.55,25.55,0,0
ZPRL.DE,D,20140401,000000,25.67,25.67,25.67,25.67,0,0
ZPRL.DE,D,20140402,000000,25.66,25.66,25.66,25.66,0,0
ZPRL.DE,D,20140403,000000,25.68,25.68,25.68,25.68,0,0
ZPRL.DE,D,20140404,000000,25.8,25.8,25.79,25.79,390,0
ZPRL.DE,D,20140407,000000,25.78,25.78,25.67,25.67,180,0
ZPRL.DE,D,20140408,000000,25.52,25.52,25.52,25.52,0,0
ZPRL.DE,D,20140409,000000,25.61,25.61,25.61,25.61,0,0
ZPRL.DE,D,20140410,000000,25.55,25.55,25.55,25.55,0,0
ZPRL.DE,D,20140411,000000,25.3,25.3,25.24,25.24,500,0
ZPRL.DE,D,20140414,000000,25.24,25.26,25.21,25.26,700,0
ZPRL.DE,D,20140415,000000,25.27,25.27,25.15,25.15,100,0
ZPRL.DE,D,20140416,000000,25.45,25.45,25.4,25.4,3730,0
ZPRL.DE,D,20140417,000000,25.48,25.48,25.48,25.48,0,0
ZPRL.DE,D,20140422,000000,25.62,25.62,25.62,25.62,20,0
ZPRL.DE,D,20140423,000000,25.7,25.7,25.7,25.7,0,0
ZPRL.DE,D,20140424,000000,25.72,25.72,25.72,25.72,0,0
ZPRL.DE,D,20140428,000000,25.57,25.57,25.57,25.57,0,0
ZPRL.DE,D,20140430,000000,25.77,25.77,25.77,25.77,0,0
ZPRL.DE,D,20140502,000000,25.79,25.79,25.76,25.76,250,0
ZPRL.DE,D,20140505,000000,25.77,25.77,25.77,25.77,0,0
ZPRL.DE,D,20140506,000000,25.75,25.75,25.75,25.75,65,0
ZPRL.DE,D,20140507,000000,25.75,25.84,25.75,25.84,5000,0
ZPRL.DE,D,20140509,000000,26.14,26.17,26.1,26.17,15773,0
ZPRL.DE,D,20140512,000000,26.33,26.33,26.33,26.33,0,0
ZPRL.DE,D,20140513,000000,26.34,26.34,26.34,26.34,0,0
ZPRL.DE,D,20140514,000000,26.33,26.33,26.33,26.33,0,0
ZPRL.DE,D,20140515,000000,26.18,26.18,26.18,26.18,0,0
ZPRL.DE,D,20140516,000000,26.11,26.11,26.11,26.11,0,0
ZPRL.DE,D,20140519,000000,26.21,26.21,26.21,26.21,0,0
ZPRL.DE,D,20140520,000000,26.16,26.16,26.16,26.16,0,0
ZPRL.DE,D,20140521,000000,26.24,26.24,26.24,26.24,0,0
ZPRL.DE,D,20140522,000000,26.31,26.31,26.31,26.31,0,0
ZPRL.DE,D,20140523,000000,26.38,26.38,26.38,26.38,0,0
ZPRL.DE,D,20140527,000000,26.65,26.65,26.65,26.65,0,0
ZPRL.DE,D,20140528,000000,26.66,26.66,26.66,26.66,0,0
ZPRL.DE,D,20140529,000000,26.73,26.73,26.73,26.73,0,0
ZPRL.DE,D,20140530,000000,26.8,26.8,26.8,26.8,0,0
ZPRL.DE,D,20140602,000000,26.79,26.84,26.79,26.84,1490,0
ZPRL.DE,D,20140603,000000,26.75,26.75,26.75,26.75,0,0
ZPRL.DE,D,20140604,000000,26.61,26.69,26.61,26.69,27500,0
ZPRL.DE,D,20140605,000000,26.79,26.79,26.79,26.79,0,0
ZPRL.DE,D,20140606,000000,26.98,26.98,26.98,26.98,0,0
ZPRL.DE,D,20140609,000000,27.1,27.1,27.1,27.1,0,0
ZPRL.DE,D,20140610,000000,27.08,27.08,27.08,27.08,0,0
ZPRL.DE,D,20140611,000000,26.98,26.98,26.98,26.98,0,0
ZPRL.DE,D,20140612,000000,27.06,27.11,27.06,27.07,6342,0
ZPRL.DE,D,20140613,000000,26.88,26.91,26.88,26.91,3958,0
ZPRL.DE,D,20140617,000000,26.93,26.95,26.93,26.95,1352,0
ZPRL.DE,D,20140618,000000,26.94,26.94,26.94,26.94,0,0
ZPRL.DE,D,20140619,000000,27.2,27.2,27.14,27.17,1140,0
ZPRL.DE,D,20140620,000000,27.15,27.15,27.06,27.06,200,0
ZPRL.DE,D,20140623,000000,27,27,26.99,26.99,200,0
ZPRL.DE,D,20140624,000000,27.07,27.07,26.99,26.99,800,0
ZPRL.DE,D,20140627,000000,26.8,26.8,26.8,26.8,0,0
ZPRL.DE,D,20140630,000000,26.89,26.89,26.82,26.85,697,0
ZPRL.DE,D,20140701,000000,26.87,26.91,26.87,26.91,220,0
ZPRL.DE,D,20140702,000000,26.96,26.96,26.94,26.94,451,0
ZPRL.DE,D,20140703,000000,27.16,27.16,27.1,27.1,1348,0
ZPRL.DE,D,20140704,000000,27.11,27.11,27.11,27.11,0,0
ZPRL.DE,D,20140707,000000,26.9,26.9,26.87,26.87,23572,0
ZPRL.DE,D,20140709,000000,26.57,26.57,26.57,26.57,0,0
ZPRL.DE,D,20140710,000000,26.67,26.67,26.34,26.34,1750,0
ZPRL.DE,D,20140711,000000,26.39,26.42,26.39,26.42,375,0
ZPRL.DE,D,20140714,000000,26.65,26.68,26.59,26.59,930,0
ZPRL.DE,D,20140715,000000,26.43,26.43,26.43,26.43,0,0
ZPRL.DE,D,20140716,000000,26.7,26.76,26.68,26.76,4145,0
ZPRL.DE,D,20140717,000000,26.75,26.76,26.65,26.65,750,0
ZPRL.DE,D,20140718,000000,26.55,26.56,26.55,26.56,190,0
ZPRL.DE,D,20140721,000000,26.55,26.55,26.52,26.52,1369,0
ZPRL.DE,D,20140722,000000,26.72,26.72,26.72,26.72,0,0
ZPRL.DE,D,20140723,000000,26.8,26.8,26.8,26.8,0,0
ZPRL.DE,D,20140724,000000,26.83,26.83,26.78,26.78,32029,0
ZPRL.DE,D,20140725,000000,26.64,26.64,26.63,26.63,9325,0
ZPRL.DE,D,20140728,000000,26.54,26.54,26.54,26.54,0,0
ZPRL.DE,D,20140729,000000,26.62,26.62,26.62,26.62,0,0
ZPRL.DE,D,20140730,000000,26.58,26.58,26.45,26.45,350,0
ZPRL.DE,D,20190313,000000,37.94,38.12,37.935,38.12,1040,0
ZPRL.DE,D,20190314,000000,38.18,38.405,38.18,38.375,823,0
ZPRL.DE,D,20190315,000000,38.455,38.63,38.425,38.57,1376,0
ZPRL.DE,D,20190318,000000,38.605,38.72,38.605,38.72,154,0
ZPRL.DE,D,20190319,000000,38.715,38.91,38.715,38.815,3578,0
ZPRL.DE,D,20190320,000000,38.75,38.75,38.535,38.535,1939,0
ZPRL.DE,D,20190321,000000,38.53,38.615,38.43,38.615,103,0
ZPRL.DE,D,20190322,000000,38.695,38.695,38.32,38.32,4069,0
ZPRL.DE,D,20190325,000000,38.215,38.295,38.16,38.19,1367,0
ZPRL.DE,D,20190326,000000,38.215,38.415,38.215,38.4,392,0
ZPRL.DE,D,20190327,000000,38.465,38.465,38.3,38.465,1062,0
ZPRL.DE,D,20190328,000000,38.44,38.45,38.315,38.315,260,0
ZPRL.DE,D,20190329,000000,38.49,38.5,38.335,38.5,44,0
ZPRL.DE,D,20190401,000000,38.645,38.69,38.6,38.69,111,0
ZPRL.DE,D,20190402,000000,38.77,38.85,38.765,38.85,970,0
ZPRL.DE,D,20190403,000000,38.975,39.11,38.935,39.11,3687,0
ZPRL.DE,D,20190404,000000,39.11,39.15,39.04,39.065,420,0
ZPRL.DE,D,20190405,000000,39.1,39.1,39,39.03,510,0
ZPRL.DE,D,20190408,000000,38.99,39.03,38.845,38.89,862,0
ZPRL.DE,D,20190409,000000,38.905,38.95,38.705,38.705,638,0
ZPRL.DE,D,20190410,000000,38.755,38.89,38.755,38.88,110,0
ZPRL.DE,D,20190411,000000,38.91,38.99,38.875,38.91,369,0
ZPRL.DE,D,20190412,000000,38.895,38.895,38.805,38.865,1083,0
ZPRL.DE,D,20190415,000000,38.92,38.92,38.84,38.905,3247,0
ZPRL.DE,D,20190416,000000,38.94,38.965,38.895,38.95,1490,0
ZPRL.DE,D,20190417,000000,38.865,38.975,38.845,38.945,140,0
ZPRL.DE,D,20190418,000000,38.985,39.08,38.935,39.08,139,0
ZPRL.DE,D,20190423,000000,39.14,39.2,39,39.2,1342,0
ZPRL.DE,D,20190424,000000,39.105,39.165,39.045,39.14,2996,0
ZPRL.DE,D,20190425,000000,39.305,39.305,39.015,39.13,4126,0
ZPRL.DE,D,20190426,000000,39.215,39.22,39.085,39.22,684,0
ZPRL.DE,D,20190429,000000,39.255,39.255,39.055,39.225,1146,0
ZPRL.DE,D,20190430,000000,39.29,39.32,39.16,39.29,689,0
ZPRL.DE,D,20190502,000000,39.145,39.25,39.12,39.13,1501,0
ZPRL.DE,D,20190503,000000,39.075,39.18,39.075,39.13,971,0
ZPRL.DE,D,20190506,000000,38.85,38.875,38.55,38.875,2946,0
ZPRL.DE,D,20190507,000000,38.94,39.05,38.67,38.705,13862,0
ZPRL.DE,D,20190508,000000,38.7,38.745,38.575,38.67,947,0
ZPRL.DE,D,20190509,000000,38.505,38.565,38.33,38.33,3627,0
ZPRL.DE,D,20190510,000000,38.47,38.67,38.47,38.53,2425,0
ZPRL.DE,D,20190513,000000,38.56,38.56,38.275,38.275,1090,0
ZPRL.DE,D,20190514,000000,38.355,38.545,38.355,38.545,2259,0
ZPRL.DE,D,20190515,000000,38.57,38.77,38.44,38.77,4207,0
ZPRL.DE,D,20190516,000000,38.75,39.27,38.75,39.27,261,0
ZPRL.DE,D,20190517,000000,39.21,39.26,39.075,39.18,2435,0
ZPRL.DE,D,20190520,000000,39.18,39.18,38.925,38.995,2112,0
ZPRL.DE,D,20190521,000000,39.055,39.24,39.055,39.215,3760,0
ZPRL.DE,D,20190522,000000,39.28,39.28,38.995,39.155,840,0
ZPRL.DE,D,20190523,000000,39.03,39.03,38.645,38.7,21963,0
ZPRL.DE,D,20190524,000000,38.82,39.165,38.82,39.04,1429,0
ZPRL.DE,D,20190527,000000,39.21,39.21,39.135,39.135,299,0
ZPRL.DE,D,20190528,000000,39.2,39.2,39.03,39.04,125,0
ZPRL.DE,D,20190529,000000,38.84,38.84,38.515,38.58,5259,0
ZPRL.DE,D,20190530,000000,38.705,38.8,38.705,38.745,525,0
ZPRL.DE,D,20190531,000000,38.56,38.56,38.365,38.535,967,0
ZPRL.DE,D,20190603,000000,38.515,38.645,38.17,38.645,16541,0
ZPRL.DE,D,20190604,000000,38.55,38.92,38.55,38.765,660,0
ZPRL.DE,D,20190605,000000,38.755,39,38.755,38.995,581,0
ZPRL.DE,D,20190606,000000,39.06,39.2,38.96,38.96,856,0
ZPRL.DE,D,20190607,000000,39.04,39.375,39.04,39.34,900,0
ZPRL.DE,D,20190611,000000,39.445,39.59,39.445,39.535,1231,0
ZPRL.DE,D,20190612,000000,39.39,39.5,39.39,39.49,1140,0
ZPRL.DE,D,20190613,000000,39.475,39.665,39.475,39.53,734,0
ZPRL.DE,D,20190614,000000,39.45,39.48,39.33,39.455,1663,0
ZPRL.DE,D,20190617,000000,39.51,39.525,39.405,39.405,44508,0
ZPRL.DE,D,20190618,000000,39.425,40.025,39.365,40.005,1237,0
ZPRL.DE,D,20190619,000000,39.94,40,39.795,39.835,20504,0
ZPRL.DE,D,20190620,000000,40.065,40.08,39.805,39.805,2180,0
ZPRL.DE,D,20190621,000000,39.865,39.945,39.76,39.84,4169,0
ZPRL.DE,D,20190624,000000,39.875,39.905,39.73,39.73,2989,0
ZPRL.DE,D,20190625,000000,39.63,39.695,39.62,39.64,1607,0
ZPRL.DE,D,20190626,000000,39.535,39.535,39.315,39.315,1425,0
ZPRL.DE,D,20190627,000000,39.305,39.305,39.04,39.12,3872,0
ZPRL.DE,D,20190628,000000,39.135,39.4,39.135,39.4,970,0
ZPRL.DE,D,20190701,000000,39.77,39.77,39.585,39.645,1313,0
ZPRL.DE,D,20190702,000000,39.64,39.92,39.64,39.92,2182,0
ZPRL.DE,D,20190703,000000,40.06,40.4,40.06,40.38,2708,0
ZPRL.DE,D,20190704,000000,40.47,40.47,40.26,40.38,204,0
ZPRL.DE,D,20190705,000000,40.42,40.42,40.06,40.06,967,0
ZPRL.DE,D,20190708,000000,39.96,40.04,39.935,40.04,319,0
ZPRL.DE,D,20190709,000000,39.975,40.065,39.95,40.065,1050,0
ZPRL.DE,D,20190710,000000,39.955,40.085,39.89,39.89,2430,0
ZPRL.DE,D,20190711,000000,40.075,40.105,39.83,39.83,694,0
ZPRL.DE,D,20190712,000000,39.88,40.005,39.875,39.89,2036,0
ZPRL.DE,D,20190715,000000,39.815,40.04,39.815,39.985,2479,0
ZPRL.DE,D,20190716,000000,39.94,40,39.905,39.965,1817,0
ZPRL.DE,D,20190717,000000,39.95,40.135,39.93,39.93,5146,0
ZPRL.DE,D,20190718,000000,39.765,39.955,39.765,39.84,1804,0
ZPRL.DE,D,20190719,000000,40.005,40.125,39.715,39.77,1091,0
ZPRL.DE,D,20190722,000000,39.93,39.93,39.665,39.765,4213,0
ZPRL.DE,D,20190723,000000,39.845,40.035,39.845,39.98,949,0
ZPRL.DE,D,20190724,000000,40.16,40.16,39.99,40.055,546,0
ZPRL.DE,D,20190725,000000,40.135,40.23,39.87,39.91,1310,0
ZPRL.DE,D,20190726,000000,39.995,40.065,39.945,40.015,8027,0
ZPRL.DE,D,20190729,000000,39.995,40.175,39.995,40.08,1914,0
ZPRL.DE,D,20190730,000000,40.055,40.165,39.52,39.52,2587,0
ZPRL.DE,D,20190731,000000,39.39,39.565,39.36,39.55,643,0
ZPRL.DE,D,20190801,000000,39.51,39.905,39.51,39.905,1366,0
ZPRL.DE,D,20190802,000000,39.565,39.615,39.33,39.33,2069,0
ZPRL.DE,D,20190805,000000,39.19,39.19,38.57,38.655,6384,0
ZPRL.DE,D,20190806,000000,38.605,38.86,38.535,38.535,3394,0
ZPRL.DE,D,20190807,000000,38.635,38.89,38.615,38.725,526,0
ZPRL.DE,D,20190808,000000,38.99,39.195,38.885,39.195,4512,0
ZPRL.DE,D,20190809,000000,39.115,39.115,38.87,38.87,1520,0
ZPRL.DE,D,20190812,000000,39.095,39.095,38.81,38.875,1907,0
ZPRL.DE,D,20190813,000000,38.825,38.92,38.625,38.92,203,0
ZPRL.DE,D,20190814,000000,38.975,38.975,38.44,38.44,711,0
ZPRL.DE,D,20190815,000000,38.485,38.485,38.175,38.38,1107,0
ZPRL.DE,D,20190816,000000,38.425,38.81,38.425,38.81,0,0
ZPRL.DE,D,20190819,000000,38.95,39.195,38.95,39.19,1127,0
ZPRL.DE,D,20190820,000000,39.22,39.22,38.84,38.84,0,0
ZPRL.DE,D,20190821,000000,39.025,39.31,39.025,39.31,962,0
ZPRL.DE,D,20190822,000000,39.25,39.285,39.1,39.1,1056,0
ZPRL.DE,D,20190823,000000,39.225,39.34,38.9,38.9,750,0
ZPRL.DE,D,20190826,000000,38.84,39.03,38.84,39.015,400,0
ZPRL.DE,D,20190827,000000,38.985,39.385,38.985,39.385,104,0
ZPRL.DE,D,20190828,000000,39.285,39.285,39.13,39.225,138,0
ZPRL.DE,D,20190829,000000,39.21,39.56,39.21,39.51,1798,0
ZPRL.DE,D,20190830,000000,39.62,39.94,39.62,39.855,319,0
ZPRL.DE,D,20190902,000000,39.95,40.04,39.93,39.955,2333,0
ZPRL.DE,D,20190903,000000,39.855,39.9,39.78,39.9,1200,0
ZPRL.DE,D,20190904,000000,40.11,40.2,40.1,40.165,1232,0
ZPRL.DE,D,20190905,000000,40.365,40.365,40.16,40.185,1958,0
ZPRL.DE,D,20190906,000000,40.21,40.21,40.09,40.165,2263,0
ZPRL.DE,D,20190909,000000,40.185,40.21,39.93,39.93,2805,0
ZPRL.DE,D,20190910,000000,39.82,39.97,39.75,39.94,588,0
ZPRL.DE,D,20190911,000000,40.005,40.1,39.98,40.095,615,0
ZPRL.DE,D,20190912,000000,40.155,40.34,40.055,40.25,263,0
ZPRL.DE,D,20190913,000000,40.24,40.265,40.165,40.165,1790,0
ZPRL.DE,D,20190916,000000,40.06,40.15,39.91,39.91,2335,0
ZPRL.DE,D,20190917,000000,39.96,40.155,39.925,40.155,6640,0
ZPRL.DE,D,20190918,000000,40.155,40.39,40.135,40.325,603,0
ZPRL.DE,D,20190919,000000,40.395,40.565,40.32,40.5,2889,0
ZPRL.DE,D,20190920,000000,40.525,40.705,40.525,40.615,1858,0
ZPRL.DE,D,20190923,000000,40.61,40.61,40.415,40.475,2364,0
ZPRL.DE,D,20190924,000000,40.56,40.745,40.56,40.61,8971,0
ZPRL.DE,D,20190925,000000,40.555,40.555,40.16,40.395,2272,0
ZPRL.DE,D,20190926,000000,40.415,40.88,40.415,40.88,180,0
ZPRL.DE,D,20190927,000000,41,41,40.81,40.85,2576,0
ZPRL.DE,D,20191001,000000,41.205,41.205,40.76,40.76,1030,0
ZPRL.DE,D,20191002,000000,40.695,40.695,39.91,39.91,10609,0
ZPRL.DE,D,20191004,000000,39.96,40.35,39.96,40.34,4031,0
ZPRL.DE,D,20191007,000000,40.355,40.645,40.34,40.615,122,0
ZPRL.DE,D,20191008,000000,40.51,40.51,40.205,40.205,10,0
ZPRL.DE,D,20191009,000000,40.215,40.46,40.215,40.385,915,0
ZPRL.DE,D,20191010,000000,40.405,40.555,40.21,40.455,1993,0
ZPRL.DE,D,20191011,000000,40.465,40.9,40.465,40.9,1664,0
ZPRL.DE,D,20191014,000000,40.76,40.835,40.705,40.835,209,0
ZPRL.DE,D,20191015,000000,41.06,41.135,40.965,41.135,4963,0
ZPRL.DE,D,20191016,000000,41.21,41.21,41.005,41.085,746,0
ZPRL.DE,D,20191017,000000,41.025,41.255,41.025,41.07,788,0
ZPRL.DE,D,20191018,000000,41.165,41.165,40.92,40.92,3747,0
ZPRL.DE,D,20191021,000000,41.105,41.105,40.845,40.93,15760,0
ZPRL.DE,D,20191022,000000,40.925,41.07,40.9,41.04,4754,0
ZPRL.DE,D,20191023,000000,40.935,41.005,40.85,41.005,2363,0
ZPRL.DE,D,20191024,000000,41.095,41.17,41.095,41.14,3783,0
ZPRL.DE,D,20191025,000000,41.175,41.175,41.05,41.13,118,0
ZPRL.DE,D,20191028,000000,41.1,41.19,41.03,41.15,4398,0
ZPRL.DE,D,20191029,000000,41.105,41.175,41.005,41.175,4692,0
ZPRL.DE,D,20191030,000000,41.185,41.33,41.165,41.33,300,0
ZPRL.DE,D,20191031,000000,41.37,41.41,41.355,41.355,86,0
ZPRL.DE,D,20191101,000000,41.435,41.535,41.38,41.415,7134,0
ZPRL.DE,D,20191104,000000,41.525,41.665,41.455,41.56,6177,0
ZPRL.DE,D,20191105,000000,41.48,41.575,41.43,41.575,3855,0
ZPRL.DE,D,20191106,000000,41.475,41.665,41.445,41.665,1635,0
ZPRL.DE,D,20191107,000000,41.79,41.79,41.64,41.685,1648,0
ZPRL.DE,D,20191108,000000,41.61,41.695,41.61,41.695,1476,0
ZPRL.DE,D,20191111,000000,41.625,41.72,41.535,41.66,14286,0
ZPRL.DE,D,20191112,000000,41.73,41.765,41.68,41.74,3168,0
ZPRL.DE,D,20191113,000000,41.635,41.665,41.5,41.625,1233,0
ZPRL.DE,D,20191114,000000,41.815,41.815,41.585,41.66,1571,0
ZPRL.DE,D,20191115,000000,41.82,41.91,41.67,41.88,1289,0
ZPRL.DE,D,20191118,000000,42.01,42.245,42.01,42.245,4500,0
ZPRL.DE,D,20191119,000000,42.3,42.495,42.14,42.14,26689,0
ZPRL.DE,D,20191120,000000,41.995,42.095,41.865,42.06,16872,0
ZPRL.DE,D,20191121,000000,41.795,41.96,41.795,41.825,2812,0
ZPRL.DE,D,20191122,000000,41.825,41.91,41.8,41.8,622,0
ZPRL.DE,D,20191125,000000,41.925,42.03,41.925,41.95,833,0
ZPRL.DE,D,20191126,000000,41.89,42.115,41.85,42.115,1982,0
ZPRL.DE,D,20191127,000000,42.21,42.23,42.125,42.165,5797,0
ZPRL.DE,D,20191128,000000,42.135,42.135,42.06,42.085,0,0
ZPRL.DE,D,20191129,000000,42.17,42.19,42.06,42.06,754,0
ZPRL.DE,D,20191202,000000,42.085,42.175,41.415,41.415,3031,0
ZPRL.DE,D,20191203,000000,41.5,41.555,41.165,41.225,585,0
ZPRL.DE,D,20191204,000000,41.26,41.575,41.26,41.575,80,0
ZPRL.DE,D,20191205,000000,41.785,41.815,41.435,41.435,1113,0
ZPRL.DE,D,20191206,000000,41.55,41.855,41.55,41.855,4188,0
ZPRL.DE,D,20191209,000000,41.935,41.935,41.705,41.705,1228,0
ZPRL.DE,D,20191210,000000,41.685,41.745,41.47,41.745,4405,0
ZPRL.DE,D,20191211,000000,41.925,41.925,41.64,41.795,772,0
ZPRL.DE,D,20191212,000000,41.86,41.86,41.605,41.69,213,0
ZPRL.DE,D,20191213,000000,41.945,41.945,41.76,41.76,1340,0
ZPRL.DE,D,20191216,000000,41.76,42.1,41.76,42.1,5504,0
ZPRL.DE,D,20191217,000000,42.235,42.235,41.99,42.08,942,0
ZPRL.DE,D,20191218,000000,42.235,42.235,41.98,41.98,2903,0
ZPRL.DE,D,20191219,000000,42.01,42.12,41.845,42.105,270,0
ZPRL.DE,D,20191220,000000,42.22,42.42,42.2,42.42,335,0
ZPRL.DE,D,20191223,000000,42.33,42.41,42.33,42.375,1316,0
ZPRL.DE,D,20191227,000000,42.45,42.605,42.45,42.57,2002,0
ZPRL.DE,D,20191230,000000,42.515,42.515,42.265,42.365,718,0
ZPRL.DE,D,20200102,000000,42.41,42.44,42.27,42.395,886,0
ZPRL.DE,D,20200103,000000,42.235,42.395,42.015,42.395,1823,0
ZPRL.DE,D,20200106,000000,42.29,42.29,41.865,42.225,969,0
ZPRL.DE,D,20200107,000000,42.355,42.355,42.225,42.235,900,0
ZPRL.DE,D,20200108,000000,42.1,42.27,41.92,42.27,827,0
ZPRL.DE,D,20200109,000000,42.44,42.515,42.27,42.365,2705,0
ZPRL.DE,D,20200110,000000,42.62,42.62,42.355,42.425,4295,0
ZPRL.DE,D,20200113,000000,42.465,42.53,42.345,42.4,330,0
ZPRL.DE,D,20200114,000000,42.435,42.59,42.395,42.59,684,0
ZPRL.DE,D,20200115,000000,42.595,42.7,42.4,42.7,1373,0
ZPRL.DE,D,20200116,000000,42.765,42.885,42.675,42.885,1069,0
ZPRL.DE,D,20200117,000000,42.93,43.24,42.93,43.12,12346,0
ZPRL.DE,D,20200120,000000,43.35,43.35,43.035,43.29,3711,0
ZPRL.DE,D,20200121,000000,43.055,43.185,43,43.165,2430,0
ZPRL.DE,D,20200122,000000,43.285,43.285,43.11,43.11,2465,0
ZPRL.DE,D,20200123,000000,43.135,43.18,42.99,43.085,1411,0
ZPRL.DE,D,20200124,000000,43.255,43.465,43.255,43.465,1113,0
ZPRL.DE,D,20200127,000000,43.23,43.23,42.7,42.715,3029,0
ZPRL.DE,D,20200128,000000,42.69,43.215,42.69,43.215,315,0
ZPRL.DE,D,20200129,000000,43.145,43.365,43.145,43.365,1877,0
ZPRL.DE,D,20200130,000000,43.005,43.17,42.965,43.115,2274,0
ZPRL.DE,D,20200131,000000,43.155,43.155,42.735,42.815,2508,0
ZPRL.DE,D,20200203,000000,42.96,43.01,42.83,42.925,4901,0
ZPRL.DE,D,20200204,000000,43.07,43.29,43.035,43.29,2183,0
ZPRL.DE,D,20200205,000000,43.435,43.64,43.42,43.64,22586,0
ZPRL.DE,D,20200206,000000,43.99,43.99,43.735,43.88,574,0
ZPRL.DE,D,20200207,000000,43.81,43.94,43.81,43.885,2784,0
ZPRL.DE,D,20200210,000000,43.9,43.94,43.82,43.93,305,0
ZPRL.DE,D,20200211,000000,44.2,44.305,44.125,44.215,1552,0
ZPRL.DE,D,20200212,000000,44.36,44.365,44.21,44.33,2718,0
ZPRL.DE,D,20200213,000000,44.315,44.47,44.18,44.47,454,0
ZPRL.DE,D,20200214,000000,44.68,44.74,44.655,44.7,1270,0
ZPRL.DE,D,20200217,000000,44.955,44.955,44.74,44.82,2464,0
ZPRL.DE,D,20200218,000000,44.785,45.05,44.7,44.965,614,0
ZPRL.DE,D,20200219,000000,44.965,45.305,44.965,45.235,1438,0
ZPRL.DE,D,20200220,000000,45.315,45.315,44.815,44.815,1237,0
ZPRL.DE,D,20200221,000000,44.735,44.915,44.7,44.75,878,0
ZPRL.DE,D,20200224,000000,43.69,43.69,43.17,43.25,6391,0
ZPRL.DE,D,20200225,000000,43.42,43.42,42.4,42.4,2051,0
ZPRL.DE,D,20200226,000000,42.065,42.575,41.46,42.395,11850,0
ZPRL.DE,D,20200227,000000,41.675,42,41.1,41.23,5497,0
ZPRL.DE,D,20200228,000000,39.825,40.02,39.28,39.725,3145,0
ZPRL.DE,D,20200302,000000,39.955,40.45,39.41,39.925,4241,0
ZPRL.DE,D,20200303,000000,40.51,41.095,40.51,40.56,393,0
ZPRL.DE,D,20200304,000000,40.575,41.29,40.575,41.2,6565,0
ZPRL.DE,D,20200305,000000,41.55,41.57,40.66,40.685,924,0
ZPRL.DE,D,20200306,000000,40.16,40.16,39.305,39.305,885,0
ZPRL.DE,D,20200309,000000,37.08,37.97,36.465,36.465,8033,0
ZPRL.DE,D,20200310,000000,37.065,37.7,35.67,35.885,2693,0
ZPRL.DE,D,20200311,000000,36.185,36.185,35.355,35.4,760,0
ZPRL.DE,D,20200312,000000,33.67,33.67,30.42,30.42,6426,0
ZPRL.DE,D,20200313,000000,31.35,33.355,31.15,31.53,39935,0
ZPRL.DE,D,20200316,000000,28.765,29.66,28.05,29.56,4733,0
ZPRL.DE,D,20200317,000000,30.575,30.575,28.585,29.795,5718,0
ZPRL.DE,D,20200318,000000,29.49,29.49,28.8,29.245,18750,0
ZPRL.DE,D,20200319,000000,29.785,30.105,29.285,29.915,2591,0
ZPRL.DE,D,20200320,000000,31.465,31.465,30.555,30.555,493,0
ZPRL.DE,D,20200323,000000,29.755,30.235,29.335,29.87,4957,0
ZPRL.DE,D,20200324,000000,30.59,31.49,30.59,31.2,6915,0
ZPRL.DE,D,20200325,000000,32.72,33.29,31.44,32.635,9501,0
ZPRL.DE,D,20200326,000000,31.865,33.165,31.68,33.165,4760,0
ZPRL.DE,D,20200327,000000,32.695,32.695,31.605,32.245,4154,0
ZPRL.DE,D,20200330,000000,32.435,32.595,31.87,32.595,2855,0
ZPRL.DE,D,20200331,000000,33.125,33.195,32.67,32.875,6047,0
ZPRL.DE,D,20200401,000000,31.975,32.1,31.875,31.875,160,0
ZPRL.DE,D,20200402,000000,32.09,32.285,31.98,32.285,1385,0
ZPRL.DE,D,20200403,000000,32.06,32.08,31.92,31.92,2384,0
ZPRL.DE,D,20200406,000000,32.94,32.94,32.74,32.83,782,0
ZPRL.DE,D,20200407,000000,33.7,34.015,33.635,33.635,1383,0
ZPRL.DE,D,20200408,000000,33.385,33.52,33.245,33.435,2115,0
ZPRL.DE,D,20200409,000000,33.785,34.03,33.595,33.95,2369,0
ZPRL.DE,D,20200414,000000,34.2,34.375,33.8,33.97,11605,0
ZPRL.DE,D,20200415,000000,34.37,34.37,33.075,33.075,341,0
ZPRL.DE,D,20200416,000000,33.39,33.47,32.965,32.965,1646,0
ZPRL.DE,D,20200417,000000,33.575,33.885,33.575,33.69,862,0
ZPRL.DE,D,20200420,000000,33.955,33.955,33.59,33.795,2388,0
ZPRL.DE,D,20200421,000000,33.485,33.485,32.86,32.86,353,0
ZPRL.DE,D,20200422,000000,33.075,33.34,33.075,33.34,5871,0
ZPRL.DE,D,20200423,000000,33.45,33.47,33.38,33.47,0,0
ZPRL.DE,D,20200424,000000,33.13,33.44,33.13,33.365,873,0
ZPRL.DE,D,20200427,000000,33.915,33.915,33.675,33.85,164579,0
ZPRL.DE,D,20200428,000000,33.965,34.3,33.965,34.24,878,0
ZPRL.DE,D,20200429,000000,34.36,34.905,34.34,34.905,4973,0
ZPRL.DE,D,20200430,000000,35.185,35.185,34.64,34.64,600,0
ZPRL.DE,D,20200504,000000,33.88,33.88,33.545,33.545,1371,0
ZPRL.DE,D,20200505,000000,33.94,34.02,33.825,34.01,1229,0
ZPRL.DE,D,20200506,000000,34.015,34.125,33.81,33.81,488,0
ZPRL.DE,D,20200507,000000,33.91,34.13,33.91,34.13,145,0
ZPRL.DE,D,20200508,000000,34.4,34.475,34.345,34.475,278,0
ZPRL.DE,D,20200511,000000,34.75,34.75,34.21,34.31,1757,0
ZPRL.DE,D,20200512,000000,34.235,34.425,34.235,34.335,20,0
ZPRL.DE,D,20200513,000000,34.065,34.065,33.855,33.855,900,0
ZPRL.DE,D,20200514,000000,33.61,33.61,33,33.265,1240,0
ZPRL.DE,D,20200515,000000,33.59,33.59,33.295,33.315,3501,0
ZPRL.DE,D,20200518,000000,33.715,34.4,33.715,34.4,257,0
ZPRL.DE,D,20200519,000000,34.5,34.5,33.935,33.975,630,0
ZPRL.DE,D,20200520,000000,33.825,34.13,33.735,34.13,40,0
ZPRL.DE,D,20200521,000000,33.955,33.985,33.88,33.985,50,0
ZPRL.DE,D,20200522,000000,33.58,34.12,33.5,34.12,120,0
ZPRL.DE,D,20200525,000000,34.25,34.815,34.25,34.815,7118,0
ZPRL.DE,D,20200526,000000,34.975,35.24,34.975,35.24,60,0
ZPRL.DE,D,20200527,000000,35.335,35.575,35.335,35.525,820,0
ZPRL.DE,D,20200528,000000,35.82,36.06,35.82,36.06,300,0
ZPRL.DE,D,20200529,000000,35.93,35.93,35.71,35.71,949,0
ZPRL.DE,D,20200602,000000,36.27,36.92,36.27,36.92,1180,0
ZPRL.DE,D,20200603,000000,37.3,37.97,37.225,37.97,1449,0
ZPRL.DE,D,20200604,000000,37.725,38.06,37.68,37.935,822,0
ZPRL.DE,D,20200605,000000,38.22,38.59,38.18,38.545,1202,0
ZPRL.DE,D,20200608,000000,38.185,38.49,38.185,38.49,174,0
ZPRL.DE,D,20200609,000000,38.41,38.41,37.695,37.905,17679,0
ZPRL.DE,D,20200610,000000,38.205,38.205,37.61,37.61,272,0
ZPRL.DE,D,20200611,000000,36.965,36.965,36.225,36.225,1019,0
ZPRL.DE,D,20200612,000000,36.09,36.865,36.09,36.605,2871,0
ZPRL.DE,D,20200615,000000,35.645,36.555,35.645,36.44,650,0
ZPRL.DE,D,20200616,000000,36.995,37.32,36.995,37.32,122,0
ZPRL.DE,D,20200617,000000,37.33,37.625,37.33,37.465,8,0
ZPRL.DE,D,20200618,000000,37.34,37.46,37.34,37.395,1788,0
ZPRL.DE,D,20200619,000000,37.545,37.735,37.425,37.545,635,0
ZPRL.DE,D,20200622,000000,36.985,37.32,36.985,37.285,250,0
ZPRL.DE,D,20200623,000000,37.4,37.585,37.4,37.585,200,0
ZPRL.DE,D,20200624,000000,37.425,37.425,36.745,36.745,419,0
ZPRL.DE,D,20200625,000000,36.655,36.91,36.655,36.905,0,0
ZPRL.DE,D,20200626,000000,37.21,37.475,36.95,36.95,998,0
ZPRL.DE,D,20200629,000000,36.92,37.03,36.85,37.03,645,0
ZPRL.DE,D,20200630,000000,37.075,37.175,36.99,36.99,0,0
ZPRL.DE,D,20200701,000000,36.95,37.1,36.66,37.1,844,0
ZPRL.DE,D,20200702,000000,37.515,37.84,37.515,37.84,630,0
ZPRL.DE,D,20200703,000000,37.92,37.92,37.695,37.695,500,0
ZPRL.DE,D,20200706,000000,38.17,38.17,38,38.06,507,0
ZPRL.DE,D,20200707,000000,37.88,37.945,37.72,37.765,2211,0
ZPRL.DE,D,20200708,000000,37.68,37.975,37.68,37.74,239,0
ZPRL.DE,D,20200709,000000,37.905,37.905,37.495,37.495,588,0
ZPRL.DE,D,20200710,000000,37.4,37.66,37.4,37.66,1171,0
ZPRL.DE,D,20200713,000000,38.15,38.15,37.9,38.04,639,0
ZPRL.DE,D,20200714,000000,37.615,37.925,37.55,37.925,1541,0
ZPRL.DE,D,20200715,000000,38.14,38.385,37.955,38.18,2289,0
ZPRL.DE,D,20200716,000000,37.995,38.21,37.995,38.205,1359,0
ZPRL.DE,D,20200717,000000,38.125,38.22,38.125,38.22,1172,0
ZPRL.DE,D,20200720,000000,38.245,38.6,38.245,38.595,591,0
ZPRL.DE,D,20200721,000000,38.73,38.95,38.73,38.745,1772,0
ZPRL.DE,D,20200722,000000,38.53,38.635,38.465,38.635,3796,0
ZPRL.DE,D,20200723,000000,38.74,38.74,38.655,38.655,10,0
ZPRL.DE,D,20200724,000000,38.11,38.265,37.995,38.11,429,0
ZPRL.DE,D,20200727,000000,38.19,38.19,37.97,38.02,23907,0
ZPRL.DE,D,20200728,000000,38.07,38.135,37.79,38.135,669,0
ZPRL.DE,D,20200729,000000,38.28,38.35,38.22,38.335,5495,0
ZPRL.DE,D,20200730,000000,38.215,38.215,37.16,37.595,377,0
ZPRL.DE,D,20200731,000000,37.78,37.905,37.305,37.305,486,0
ZPRL.DE,D,20200803,000000,37.575,38.02,37.29,37.885,552,0
ZPRL.DE,D,20200804,000000,38.29,38.29,37.57,37.785,1205,0
ZPRL.DE,D,20200805,000000,37.83,38.035,37.83,37.95,1364,0
ZPRL.DE,D,20200806,000000,38.01,38.01,37.59,37.655,284,0
ZPRL.DE,D,20200807,000000,37.675,37.85,37.675,37.84,849,0
ZPRL.DE,D,20200810,000000,38.01,38.01,37.81,37.81,173,0
ZPRL.DE,D,20200811,000000,38.035,38.36,37.975,38.175,1449,0
ZPRL.DE,D,20200812,000000,38.065,38.62,38.065,38.62,88,0
ZPRL.DE,D,20200813,000000,38.64,38.66,38.465,38.585,77,0
ZPRL.DE,D,20200814,000000,38.455,38.455,38.12,38.195,4208,0
ZPRL.DE,D,20200817,000000,38.385,38.385,38.155,38.24,26,0
ZPRL.DE,D,20200818,000000,38.09,38.48,38,38.08,1658,0
ZPRL.DE,D,20200819,000000,37.995,38.25,37.995,38.25,0,0
ZPRL.DE,D,20200820,000000,37.895,38.07,37.855,38.01,4052,0
ZPRL.DE,D,20200821,000000,38.12,38.12,37.92,37.92,27,0
ZPRL.DE,D,20200824,000000,38.33,38.61,38.33,38.555,0,0
ZPRL.DE,D,20200825,000000,38.7,38.765,38.44,38.44,4,0
ZPRL.DE,D,20200826,000000,38.355,38.69,38.355,38.69,48,0
ZPRL.DE,D,20200827,000000,38.69,38.69,38.355,38.37,950,0
ZPRL.DE,D,20200828,000000,38.465,38.465,38.13,38.13,0,0
ZPRL.DE,D,20200831,000000,38.345,38.445,38.12,38.14,500,0
ZPRL.DE,D,20200901,000000,38.22,38.34,38.005,38.005,854,0
ZPRL.DE,D,20200902,000000,38.195,38.71,38.195,38.505,573,0
ZPRL.DE,D,20200903,000000,38.875,39.015,38.175,38.175,596,0
ZPRL.DE,D,20200904,000000,37.835,38.25,37.595,37.595,215,0
ZPRL.DE,D,20200907,000000,37.685,38.13,37.685,38.125,893,0
ZPRL.DE,D,20200908,000000,38.25,38.25,37.495,37.745,427,0
ZPRL.DE,D,20200909,000000,37.94,38.485,37.94,38.485,287,0
ZPRL.DE,D,20200910,000000,38.51,38.535,38.33,38.33,1700,0
ZPRL.DE,D,20200911,000000,38.33,38.45,38.295,38.295,306,0
ZPRL.DE,D,20200914,000000,38.55,38.55,38.26,38.26,210,0
ZPRL.DE,D,20200915,000000,38.485,38.485,38.43,38.45,216,0
ZPRL.DE,D,20200916,000000,38.545,38.655,38.52,38.655,1050,0
ZPRL.DE,D,20200917,000000,38.275,38.655,38.275,38.55,7973,0
ZPRL.DE,D,20200918,000000,38.6,38.73,38.52,38.55,1670,0
ZPRL.DE,D,20200921,000000,38.305,38.305,37.61,37.655,76,0
ZPRL.DE,D,20200922,000000,37.835,37.99,37.665,37.665,12411,0
ZPRL.DE,D,20200923,000000,37.765,38.06,37.765,37.895,1850,0
ZPRL.DE,D,20200924,000000,37.58,37.89,37.58,37.785,1659,0
ZPRL.DE,D,20200925,000000,37.63,37.635,37.34,37.52,666,0
ZPRL.DE,D,20200928,000000,37.95,38.22,37.79,38.18,388,0
ZPRL.DE,D,20200929,000000,38.135,38.15,38.105,38.105,0,0
ZPRL.DE,D,20200930,000000,38.005,38.24,37.985,37.985,788,0
ZPRL.DE,D,20201001,000000,38.195,38.275,38.195,38.225,412,0
ZPRL.DE,D,20201002,000000,37.83,38.195,37.83,38.195,15,0
ZPRL.DE,D,20201005,000000,38.51,38.51,38.32,38.36,3935,0
ZPRL.DE,D,20201006,000000,38.46,38.525,38.265,38.365,997,0
ZPRL.DE,D,20201007,000000,38.275,38.445,38.165,38.28,5627,0
ZPRL.DE,D,20201008,000000,38.35,38.605,38.26,38.415,5477,0
ZPRL.DE,D,20201009,000000,38.56,38.56,38.46,38.555,738,0
ZPRL.DE,D,20201012,000000,38.695,38.92,38.595,38.92,663,0
ZPRL.DE,D,20201013,000000,38.835,38.98,38.835,38.925,1565,0
ZPRL.DE,D,20201014,000000,38.94,39.02,38.88,38.935,157,0
ZPRL.DE,D,20201015,000000,38.775,38.775,38.24,38.33,374,0
ZPRL.DE,D,20201016,000000,38.46,38.58,38.37,38.58,2729,0
ZPRL.DE,D,20201019,000000,38.835,38.915,38.455,38.455,379,0
ZPRL.DE,D,20201020,000000,38.53,38.53,38.345,38.37,844,0
ZPRL.DE,D,20201021,000000,38.28,38.28,37.825,37.85,564,0
ZPRL.DE,D,20201022,000000,37.62,37.78,37.515,37.71,1047,0
ZPRL.DE,D,20201023,000000,37.66,37.99,37.66,37.81,2774,0
ZPRL.DE,D,20201026,000000,37.515,37.69,37.17,37.205,2195,0
ZPRL.DE,D,20201027,000000,37.265,37.265,37.05,37.17,474,0
ZPRL.DE,D,20201028,000000,36.74,36.74,35.96,36.13,769,0
ZPRL.DE,D,20201029,000000,36.28,36.37,35.84,36.06,1927,0
ZPRL.DE,D,20201030,000000,35.765,36.05,35.76,36.05,5850,0
ZPRL.DE,D,20201102,000000,36.195,36.695,36.195,36.555,2302,0
ZPRL.DE,D,20201103,000000,36.76,37.13,36.76,37.09,2184,0
ZPRL.DE,D,20201104,000000,36.85,37.92,36.755,37.92,15967,0
ZPRL.DE,D,20201105,000000,38.215,38.385,38.215,38.295,637,0
ZPRL.DE,D,20201106,000000,38.285,38.285,38.15,38.22,715,0
ZPRL.DE,D,20201109,000000,38.555,39.61,38.555,38.95,8390,0
ZPRL.DE,D,20201110,000000,38.815,38.895,38.725,38.895,106,0
ZPRL.DE,D,20201111,000000,39.07,39.56,39.05,39.445,851,0
ZPRL.DE,D,20201112,000000,39.31,39.605,39.24,39.29,1471,0
ZPRL.DE,D,20201113,000000,39.255,39.395,39.11,39.235,1817,0
ZPRL.DE,D,20201116,000000,39.49,39.575,39.28,39.385,2872,0
ZPRL.DE,D,20201117,000000,39.415,39.415,39.06,39.165,188,0
ZPRL.DE,D,20201118,000000,39.14,39.39,39.14,39.33,2797,0
ZPRL.DE,D,20201119,000000,39.175,39.365,39.145,39.205,1202,0
ZPRL.DE,D,20201120,000000,39.185,39.375,39.185,39.375,44,0
ZPRL.DE,D,20201123,000000,39.435,39.435,39.125,39.125,562,0
ZPRL.DE,D,20201124,000000,39.31,39.31,38.95,38.985,1157,0
ZPRL.DE,D,20201125,000000,39.01,39.225,39.01,39.225,157,0
ZPRL.DE,D,20201126,000000,39.305,39.38,39.21,39.365,484,0
ZPRL.DE,D,20201127,000000,39.355,39.645,39.355,39.645,650,0
ZPRL.DE,D,20201130,000000,39.56,39.69,39.405,39.405,206,0
ZPRL.DE,D,20201201,000000,39.56,39.56,39.305,39.335,14923,0
ZPRL.DE,D,20201202,000000,39.27,39.35,39.115,39.215,684,0
ZPRL.DE,D,20201203,000000,39.21,39.21,39.045,39.045,0,0
ZPRL.DE,D,20201204,000000,39.075,39.115,38.975,39.115,0,0
ZPRL.DE,D,20201207,000000,39.085,39.085,38.77,39.04,1631,0
ZPRL.DE,D,20201208,000000,39.005,39.305,38.845,39.225,55246,0
ZPRL.DE,D,20201209,000000,39.31,39.31,39.105,39.185,1772,0
ZPRL.DE,D,20201210,000000,39.165,39.345,39.165,39.27,3382,0
ZPRL.DE,D,20201211,000000,39.145,39.145,38.87,38.9,5321,0
ZPRL.DE,D,20201214,000000,39.3,39.315,39.155,39.31,1617,0
ZPRL.DE,D,20201215,000000,39.275,39.275,39.135,39.135,144,0
ZPRL.DE,D,20201216,000000,39.165,39.48,39.165,39.48,1849,0
ZPRL.DE,D,20201217,000000,39.675,39.675,39.55,39.55,650,0
ZPRL.DE,D,20201218,000000,39.625,39.805,39.61,39.61,1309,0
ZPRL.DE,D,20201221,000000,39.215,39.215,38.92,38.93,0,0
ZPRL.DE,D,20201222,000000,38.815,39.31,38.815,39.31,5388,0
ZPRL.DE,D,20201223,000000,39.385,39.505,39.365,39.485,1590,0
ZPRL.DE,D,20201228,000000,39.58,39.92,39.58,39.92,794,0
ZPRL.DE,D,20201229,000000,40.11,40.19,40.105,40.19,921,0
ZPRL.DE,D,20201230,000000,40.13,40.24,40.065,40.14,329,0
ZPRL.DE,D,20210104,000000,40.105,40.5,40.105,40.325,192,0
ZPRL.DE,D,20210105,000000,40.095,40.14,40.025,40.025,148,0
ZPRL.DE,D,20210106,000000,39.97,40.035,39.96,40.035,0,0
ZPRL.DE,D,20210107,000000,40.255,40.255,40.04,40.24,5509,0
ZPRL.DE,D,20210108,000000,40.46,40.53,40.375,40.53,4315,0
ZPRL.DE,D,20210111,000000,40.63,40.63,40.315,40.315,521,0
ZPRL.DE,D,20210112,000000,40.345,40.345,39.97,40.06,2394,0
ZPRL.DE,D,20210113,000000,40.07,40.48,40.07,40.47,2757,0
ZPRL.DE,D,20210114,000000,40.37,40.485,40.365,40.39,2557,0
ZPRL.DE,D,20210115,000000,40.185,40.185,40.07,40.1,0,0
ZPRL.DE,D,20210118,000000,39.98,40.09,39.885,40.075,11832,0
ZPRL.DE,D,20210119,000000,40.115,40.16,40.03,40.04,361,0
ZPRL.DE,D,20210120,000000,40.155,40.17,40.095,40.135,1794,0
ZPRL.DE,D,20210121,000000,40.435,40.435,40.145,40.15,592,0
ZPRL.DE,D,20210122,000000,40.205,40.205,39.84,40.12,822,0
ZPRL.DE,D,20210125,000000,40.345,40.345,39.97,39.995,114,0
ZPRL.DE,D,20210126,000000,40.155,40.3,40.145,40.16,485,0
ZPRL.DE,D,20210127,000000,40.02,40.105,39.545,39.82,2088,0
ZPRL.DE,D,20210128,000000,39.52,39.955,39.35,39.835,605,0
ZPRL.DE,D,20210129,000000,39.34,39.61,39.305,39.305,1214,0
ZPRL.DE,D,20210201,000000,39.575,39.755,39.575,39.745,1650,0
ZPRL.DE,D,20210202,000000,39.87,40.07,39.86,40.07,1551,0
ZPRL.DE,D,20210203,000000,40.195,40.37,40.02,40.21,1182,0
ZPRL.DE,D,20210204,000000,40.155,40.325,40.06,40.325,15754,0
ZPRL.DE,D,20210205,000000,40.38,40.41,40.265,40.35,276,0
ZPRL.DE,D,20210208,000000,40.5,40.53,40.365,40.365,730,0
ZPRL.DE,D,20210209,000000,40.33,40.33,40.18,40.27,3541,0
ZPRL.DE,D,20210210,000000,40.32,40.32,40.035,40.14,695,0
ZPRL.DE,D,20210211,000000,40.12,40.34,40.12,40.305,965,0
ZPRL.DE,D,20210212,000000,40.22,40.49,40.22,40.49,263,0
ZPRL.DE,D,20210215,000000,40.595,40.705,40.525,40.645,1682,0
ZPRL.DE,D,20210216,000000,40.65,40.745,40.57,40.57,270,0
ZPRL.DE,D,20210217,000000,40.355,40.455,40.295,40.315,2808,0
ZPRL.DE,D,20210218,000000,40.36,40.36,39.925,39.925,480,0
ZPRL.DE,D,20210219,000000,40.065,40.09,40,40,25,0
ZPRL.DE,D,20210222,000000,39.72,39.75,39.515,39.635,3962,0
ZPRL.DE,D,20210223,000000,39.655,39.655,38.89,39.375,3830,0
ZPRL.DE,D,20210224,000000,39.345,39.39,39.195,39.195,571,0
ZPRL.DE,D,20210225,000000,39.305,39.305,39.09,39.105,5772,0
ZPRL.DE,D,20210226,000000,38.62,38.915,38.62,38.725,12131,0
ZPRL.DE,D,20210301,000000,39.095,39.21,39.025,39.21,100,0
ZPRL.DE,D,20210302,000000,39.265,39.4,39.18,39.18,166,0
ZPRL.DE,D,20210303,000000,39.265,39.265,38.705,38.795,1986,0
ZPRL.DE,D,20210304,000000,38.67,38.905,38.625,38.905,296,0
ZPRL.DE,D,20210305,000000,38.665,38.77,38.46,38.62,1379,0
ZPRL.DE,D,20210308,000000,38.725,39.115,38.665,39.06,778,0
ZPRL.DE,D,20210309,000000,39.085,39.46,39.065,39.375,60,0
ZPRL.DE,D,20210310,000000,39.345,39.79,39.345,39.79,36,0
ZPRL.DE,D,20210311,000000,39.85,40.05,39.845,40.05,416,0
ZPRL.DE,D,20210312,000000,39.86,39.87,39.805,39.865,302,0
ZPRL.DE,D,20210315,000000,40.045,40.14,39.995,39.995,494,0
ZPRL.DE,D,20210316,000000,40.095,40.255,40.095,40.255,65,0
ZPRL.DE,D,20210317,000000,40.26,40.26,40.015,40.035,993,0
ZPRL.DE,D,20210318,000000,39.98,40.12,39.94,40.055,13161,0
ZPRL.DE,D,20210319,000000,39.9,40.18,39.9,40.005,1689,0
ZPRL.DE,D,20210322,000000,39.97,40.25,39.97,40.25,337,0
ZPRL.DE,D,20210323,000000,40.145,40.52,40.145,40.51,305,0
ZPRL.DE,D,20210324,000000,40.41,40.41,40.245,40.345,70,0
ZPRL.DE,D,20210325,000000,40.2,40.465,40.14,40.465,811,0
ZPRL.DE,D,20210326,000000,40.59,40.76,40.59,40.76,557,0
ZPRL.DE,D,20210329,000000,41.02,41.02,40.82,40.965,398,0
ZPRL.DE,D,20210330,000000,41.045,41.045,40.89,41.015,202,0
ZPRL.DE,D,20210331,000000,40.955,41.1,40.955,41.015,145,0
ZPRL.DE,D,20210401,000000,41.09,41.285,41.01,41.285,650,0
ZPRL.DE,D,20210406,000000,41.49,41.49,41.285,41.465,498,0
ZPRL.DE,D,20210407,000000,41.495,41.56,41.42,41.44,558,0
ZPRL.DE,D,20210408,000000,41.515,41.745,41.515,41.745,282,0
ZPRL.DE,D,20210409,000000,41.685,41.775,41.685,41.775,224,0
ZPRL.DE,D,20210412,000000,41.705,41.705,41.545,41.555,454,0
ZPRL.DE,D,20210413,000000,41.605,41.66,41.475,41.595,272,0
ZPRL.DE,D,20210414,000000,41.595,41.635,41.5,41.54,622,0
ZPRL.DE,D,20210415,000000,41.54,41.72,41.54,41.72,144,0
ZPRL.DE,D,20210416,000000,41.755,41.95,41.75,41.95,251,0
ZPRL.DE,D,20210419,000000,42.06,42.135,42,42.045,373,0
ZPRL.DE,D,20210420,000000,42.025,42.025,41.685,41.72,325,0
ZPRL.DE,D,20210421,000000,41.89,41.965,41.575,41.965,19517,0
ZPRL.DE,D,20210422,000000,42.02,42.365,42.02,42.365,452,0
ZPRL.DE,D,20210423,000000,42.365,42.365,42.005,42.17,1128,0
ZPRL.DE,D,20210426,000000,42.125,42.13,42.065,42.065,484,0
ZPRL.DE,D,20210427,000000,42.065,42.105,41.925,42.015,782,0
ZPRL.DE,D,20210428,000000,42.045,42.045,41.915,41.915,808,0
ZPRL.DE,D,20210429,000000,42.095,42.095,41.87,41.87,1279,0
ZPRL.DE,D,20210430,000000,41.895,41.895,41.665,41.745,3593,0
ZPRL.DE,D,20210503,000000,41.585,42.045,41.585,42.045,721,0
ZPRL.DE,D,20210504,000000,42.01,42.01,41.515,41.515,478,0
ZPRL.DE,D,20210505,000000,41.78,42.05,41.78,42.05,1049,0
ZPRL.DE,D,20210506,000000,42.075,42.075,41.935,42.03,555,0
ZPRL.DE,D,20210507,000000,42.215,42.275,42.065,42.275,4801,0
ZPRL.DE,D,20210510,000000,42.235,42.26,42.16,42.26,279,0
ZPRL.DE,D,20210511,000000,41.945,41.945,41.445,41.63,181,0
ZPRL.DE,D,20210512,000000,41.51,41.785,41.51,41.635,96,0
ZPRL.DE,D,20210513,000000,41.275,41.765,41.275,41.765,0,0
ZPRL.DE,D,20210514,000000,42.035,42.14,41.915,42.14,0,0
ZPRL.DE,D,20210517,000000,42.345,42.345,42.165,42.28,507,0
ZPRL.DE,D,20210518,000000,42.44,42.44,42.1,42.26,6758,0
ZPRL.DE,D,20210519,000000,41.725,41.97,41.725,41.945,4688,0
ZPRL.DE,D,20210520,000000,41.93,42.495,41.93,42.495,177,0
ZPRL.DE,D,20210521,000000,42.595,42.67,42.595,42.67,0,0
ZPRL.DE,D,20210525,000000,42.88,42.91,42.75,42.85,1050,0
ZPRL.DE,D,20210526,000000,42.975,42.975,42.835,42.835,0,0
ZPRL.DE,D,20210527,000000,42.78,42.78,42.65,42.725,844,0
ZPRL.DE,D,20210528,000000,42.73,42.965,42.73,42.965,0,0
ZPRL.DE,D,20210531,000000,42.905,42.905,42.735,42.735,0,0
ZPRL.DE,D,20210601,000000,42.855,43.02,42.815,42.815,161,0
ZPRL.DE,D,20210602,000000,42.885,42.885,42.8,42.815,51,0
ZPRL.DE,D,20210603,000000,42.75,42.8,42.575,42.8,190,0
ZPRL.DE,D,20210604,000000,42.84,43.005,42.8,43.005,281,0
ZPRL.DE,D,20210607,000000,42.985,43.12,42.85,43.12,7180,0
ZPRL.DE,D,20210608,000000,43.27,43.27,43.215,43.215,0,0
ZPRL.DE,D,20210609,000000,43.23,43.335,43.205,43.335,270,0
ZPRL.DE,D,20210610,000000,43.4,43.4,43.195,43.315,51,0
ZPRL.DE,D,20210611,000000,43.36,43.5,43.305,43.5,605,0
ZPRL.DE,D,20210614,000000,43.635,43.67,43.605,43.625,125,0
ZPRL.DE,D,20210615,000000,43.715,43.73,43.68,43.73,150,0
ZPRL.DE,D,20210616,000000,43.78,43.965,43.78,43.92,389,0
ZPRL.DE,D,20210617,000000,43.67,43.82,43.51,43.82,10,0
ZPRL.DE,D,20210618,000000,43.85,43.85,43.535,43.535,0,0
ZPRL.DE,D,20210621,000000,43.41,43.72,43.41,43.72,979,0
ZPRL.DE,D,20210622,000000,43.765,43.86,43.755,43.86,106,0
ZPRL.DE,D,20210623,000000,43.895,43.895,43.5,43.51,1235,0
ZPRL.DE,D,20210624,000000,43.665,43.92,43.665,43.92,125,0
ZPRL.DE,D,20210625,000000,43.63,43.95,43.63,43.95,1139,0
ZPRL.DE,D,20210628,000000,43.935,43.955,43.835,43.915,872,0
ZPRL.DE,D,20210629,000000,43.975,43.99,43.9,43.9,1067,0
ZPRL.DE,D,20210630,000000,43.915,43.915,43.605,43.615,1338,0
ZPRL.DE,D,20210701,000000,43.87,43.87,43.45,43.83,7564,0
ZPRL.DE,D,20210702,000000,43.92,43.955,43.905,43.955,8,0
ZPRL.DE,D,20210705,000000,43.94,44.04,43.85,44.04,236,0
ZPRL.DE,D,20210706,000000,43.91,44.08,43.9,44.08,1635,0
ZPRL.DE,D,20210707,000000,44.21,44.545,44.105,44.545,874,0
ZPRL.DE,D,20210708,000000,44.365,44.365,43.87,43.93,19,0
ZPRL.DE,D,20210709,000000,44.085,44.33,44.085,44.33,1836,0
ZPRL.DE,D,20210712,000000,44.37,44.67,44.37,44.67,104,0
ZPRL.DE,D,20210713,000000,44.68,44.79,44.64,44.79,55,0
ZPRL.DE,D,20210714,000000,44.67,44.67,44.455,44.61,111,0
ZPRL.DE,D,20210715,000000,44.35,44.65,44.35,44.395,2506,0
ZPRL.DE,D,20210716,000000,44.505,44.505,44.44,44.495,0,0
ZPRL.DE,D,20210719,000000,44.31,44.31,43.8,43.835,72,0
ZPRL.DE,D,20210720,000000,43.985,44.08,43.82,43.97,491,0
ZPRL.DE,D,20210721,000000,44.2,44.44,44.2,44.44,7,0
ZPRL.DE,D,20210722,000000,44.575,44.78,44.575,44.765,0,0
ZPRL.DE,D,20210723,000000,44.91,45.165,44.785,45.165,1871,0
ZPRL.DE,D,20210726,000000,45.015,45.015,44.83,44.935,545,0
ZPRL.DE,D,20210727,000000,44.895,45.005,44.815,44.9,333,0
ZPRL.DE,D,20210728,000000,44.97,45.11,44.87,45.11,885,0
ZPRL.DE,D,20210729,000000,45.175,45.26,45.16,45.26,460,0
ZPRL.DE,D,20210730,000000,44.99,45.38,44.99,45.285,1005,0
ZPRL.DE,D,20210802,000000,45.305,45.41,45.23,45.39,3287,0
ZPRL.DE,D,20210803,000000,45.445,45.595,45.385,45.59,3023,0
ZPRL.DE,D,20210804,000000,45.695,45.8,45.67,45.8,1944,0
ZPRL.DE,D,20210805,000000,45.855,46.045,45.855,45.985,267,0
ZPRL.DE,D,20210806,000000,46.02,46.02,45.87,45.97,789,0
ZPRL.DE,D,20210809,000000,46.05,46.08,46.025,46.04,672,0
ZPRL.DE,D,20210810,000000,46.075,46.115,46.075,46.115,330,0
ZPRL.DE,D,20210811,000000,46.08,46.305,46.08,46.3,799,0
ZPRL.DE,D,20210812,000000,46.345,46.46,46.34,46.46,0,0
ZPRL.DE,D,20210813,000000,46.415,46.605,46.415,46.605,286,0
ZPRL.DE,D,20210816,000000,46.31,46.555,46.31,46.555,144,0
ZPRL.DE,D,20210817,000000,46.425,46.61,46.425,46.61,131,0
ZPRL.DE,D,20210818,000000,46.7,46.765,46.7,46.765,0,0
ZPRL.DE,D,20210819,000000,46.33,46.425,46.14,46.415,396,0
ZPRL.DE,D,20210820,000000,46.43,46.5,46.245,46.5,132,0
ZPRL.DE,D,20210823,000000,46.755,46.755,46.575,46.64,1295,0
ZPRL.DE,D,20210824,000000,46.71,46.71,46.42,46.42,1100,0
