<TICKER>,<PER>,<DATE>,<TIME>,<OPEN>,<HIGH>,<LOW>,<CLOSE>,<VOL>,<OPENINT>
EUSB.US,D,20200626,000000,49.962,49.962,49.962,49.962,20,0
EUSB.US,D,20200630,000000,49.926,49.926,49.926,49.926,1,0
EUSB.US,D,20200701,000000,50.016,50.016,50.016,50.016,1265,0
EUSB.US,D,20200702,000000,50.041,50.051,50.036,50.036,2434,0
EUSB.US,D,20200706,000000,50.041,50.041,50.016,50.016,806,0
EUSB.US,D,20200707,000000,50.071,50.19,50.066,50.17,7539,0
EUSB.US,D,20200708,000000,50.146,50.146,50.146,50.146,1205,0
EUSB.US,D,20200709,000000,50.18,50.283,50.172,50.283,1205,0
EUSB.US,D,20200710,000000,50.26,50.26,50.18,50.2,6946,0
EUSB.US,D,20200713,000000,50.25,50.27,50.25,50.255,1531,0
EUSB.US,D,20200714,000000,50.299,50.319,50.24,50.25,2781,0
EUSB.US,D,20200715,000000,50.24,50.289,50.24,50.272,7554,0
EUSB.US,D,20200716,000000,50.354,50.354,50.354,50.354,119,0
EUSB.US,D,20200717,000000,50.339,50.359,50.329,50.359,7177,0
EUSB.US,D,20200720,000000,50.429,50.432,50.429,50.432,235,0
EUSB.US,D,20200721,000000,50.494,50.494,50.494,50.494,100,0
EUSB.US,D,20200722,000000,50.553,50.553,50.553,50.553,3,0
EUSB.US,D,20200723,000000,50.623,50.623,50.623,50.623,5,0
EUSB.US,D,20200724,000000,50.553,50.553,50.553,50.553,59,0
EUSB.US,D,20200727,000000,50.489,50.499,50.489,50.499,5625,0
EUSB.US,D,20200728,000000,50.593,50.593,50.593,50.593,1,0
EUSB.US,D,20200729,000000,50.608,50.618,50.608,50.618,1454,0
EUSB.US,D,20200730,000000,50.723,50.723,50.723,50.723,1,0
EUSB.US,D,20200731,000000,50.668,50.718,50.668,50.718,229,0
EUSB.US,D,20200803,000000,50.748,50.748,50.728,50.728,2134,0
EUSB.US,D,20200804,000000,50.888,50.888,50.888,50.888,201,0
EUSB.US,D,20200805,000000,50.768,50.768,50.768,50.768,10,0
EUSB.US,D,20200806,000000,50.886,50.886,50.886,50.886,1,0
EUSB.US,D,20200807,000000,50.812,50.812,50.812,50.812,1,0
EUSB.US,D,20200810,000000,50.887,50.887,50.767,50.767,481,0
EUSB.US,D,20200811,000000,50.644,50.644,50.644,50.644,10,0
EUSB.US,D,20200812,000000,50.568,50.568,50.567,50.568,803,0
EUSB.US,D,20200813,000000,50.508,50.508,50.408,50.408,109,0
EUSB.US,D,20200814,000000,50.448,50.448,50.383,50.383,252,0
EUSB.US,D,20200817,000000,50.408,50.428,50.373,50.373,3080,0
EUSB.US,D,20200818,000000,50.409,50.409,50.409,50.409,17,0
EUSB.US,D,20200819,000000,50.368,50.368,50.358,50.358,703,0
EUSB.US,D,20200820,000000,50.498,50.498,50.473,50.473,500,0
EUSB.US,D,20200821,000000,50.501,50.501,50.501,50.501,3,0
EUSB.US,D,20200824,000000,50.518,50.518,50.448,50.448,227,0
EUSB.US,D,20200825,000000,50.368,50.368,50.368,50.368,1,0
EUSB.US,D,20200826,000000,50.358,50.368,50.358,50.368,908,0
EUSB.US,D,20200827,000000,50.308,50.308,50.189,50.199,4938,0
EUSB.US,D,20200828,000000,50.279,50.284,50.269,50.284,608,0
EUSB.US,D,20200831,000000,50.35,50.385,50.35,50.385,698,0
EUSB.US,D,20200901,000000,50.533,50.533,50.533,50.533,8,0
EUSB.US,D,20200902,000000,50.603,50.603,50.603,50.603,5,0
EUSB.US,D,20200903,000000,50.628,50.688,50.592,50.592,8030,0
EUSB.US,D,20200904,000000,50.428,50.428,50.279,50.318,5891,0
EUSB.US,D,20200908,000000,50.448,50.448,50.353,50.353,6976,0
EUSB.US,D,20200909,000000,50.348,50.348,50.289,50.338,14107,0
EUSB.US,D,20200910,000000,50.328,50.456,50.328,50.456,452,0
EUSB.US,D,20200911,000000,50.438,50.438,50.438,50.438,104,0
EUSB.US,D,20200914,000000,50.448,50.448,50.423,50.426,2808,0
EUSB.US,D,20200915,000000,50.438,50.438,50.438,50.438,7,0
EUSB.US,D,20200916,000000,50.517,50.517,50.445,50.445,225,0
EUSB.US,D,20200917,000000,50.518,50.518,50.458,50.473,858,0
EUSB.US,D,20200918,000000,50.398,50.398,50.398,50.398,1,0
EUSB.US,D,20200921,000000,50.498,50.508,50.388,50.388,2014,0
EUSB.US,D,20200922,000000,50.393,50.393,50.393,50.393,92,0
EUSB.US,D,20200923,000000,50.328,50.328,50.289,50.306,400,0
EUSB.US,D,20200924,000000,50.368,50.388,50.353,50.353,2305,0
EUSB.US,D,20200925,000000,50.308,50.328,50.229,50.298,6703,0
EUSB.US,D,20200928,000000,50.378,50.378,50.358,50.373,1280,0
EUSB.US,D,20200929,000000,50.453,50.458,50.428,50.428,1657,0
EUSB.US,D,20200930,000000,50.279,50.312,50.279,50.312,439,0
EUSB.US,D,20201001,000000,50.338,50.373,50.338,50.373,1507,0
EUSB.US,D,20201002,000000,50.318,50.318,50.318,50.318,3,0
EUSB.US,D,20201005,000000,50.219,50.219,50.186,50.186,1533,0
EUSB.US,D,20201006,000000,50.239,50.328,50.239,50.279,6088,0
EUSB.US,D,20201007,000000,50.189,50.338,50.189,50.219,1676774,0
EUSB.US,D,20201008,000000,50.289,50.289,50.229,50.279,76785,0
EUSB.US,D,20201009,000000,50.249,50.298,50.169,50.293,64493,0
EUSB.US,D,20201012,000000,50.249,50.398,50.249,50.348,27966,0
EUSB.US,D,20201013,000000,50.403,50.418,50.358,50.378,57144,0
EUSB.US,D,20201014,000000,50.408,50.413,50.361,50.378,33283,0
EUSB.US,D,20201015,000000,50.428,50.428,50.338,50.357,29421,0
EUSB.US,D,20201016,000000,50.368,50.378,50.328,50.345,24320,0
EUSB.US,D,20201019,000000,50.279,50.318,50.269,50.289,40012,0
EUSB.US,D,20201020,000000,50.209,50.269,50.199,50.216,23002,0
EUSB.US,D,20201021,000000,50.199,50.249,50.189,50.199,18080,0
EUSB.US,D,20201022,000000,50.179,50.179,50.124,50.124,20848,0
EUSB.US,D,20201023,000000,50.139,50.209,50.1,50.184,29406,0
EUSB.US,D,20201026,000000,50.239,50.259,50.229,50.239,30269,0
EUSB.US,D,20201027,000000,50.279,50.317,50.269,50.302,9436,0
EUSB.US,D,20201028,000000,50.328,50.338,50.219,50.245,24683,0
EUSB.US,D,20201029,000000,50.239,50.239,50.09,50.121,24481,0
EUSB.US,D,20201030,000000,50.129,50.129,50.048,50.067,12381,0
EUSB.US,D,20201102,000000,50.129,50.157,50.076,50.076,17942,0
EUSB.US,D,20201103,000000,50.02,50.1,50.02,50.096,33308,0
EUSB.US,D,20201104,000000,50.418,50.418,50.348,50.398,31308,0
EUSB.US,D,20201105,000000,50.388,50.438,50.348,50.418,199651,0
EUSB.US,D,20201106,000000,50.189,50.348,50.189,50.315,62109,0
EUSB.US,D,20201109,000000,50.139,50.169,50.02,50.133,82412,0
EUSB.US,D,20201110,000000,50.09,50.109,50.079,50.08,34543,0
EUSB.US,D,20201111,000000,50.07,50.109,50.05,50.091,19711,0
EUSB.US,D,20201112,000000,50.229,50.246,50.168,50.246,40050,0
EUSB.US,D,20201113,000000,50.209,50.249,50.193,50.219,25931,0
EUSB.US,D,20201116,000000,50.219,50.279,50.219,50.244,14216,0
EUSB.US,D,20201117,000000,50.338,50.368,50.318,50.358,17325,0
EUSB.US,D,20201118,000000,50.358,50.418,50.328,50.398,55506,0
EUSB.US,D,20201119,000000,50.438,50.493,50.438,50.458,10297,0
EUSB.US,D,20201120,000000,50.478,50.528,50.468,50.508,43734,0
EUSB.US,D,20201123,000000,50.448,50.458,50.418,50.442,13407,0
EUSB.US,D,20201124,000000,50.418,50.448,50.384,50.413,34476,0
EUSB.US,D,20201125,000000,50.458,50.478,50.41,50.412,21868,0
EUSB.US,D,20201127,000000,50.498,50.518,50.497,50.508,21343,0
EUSB.US,D,20201130,000000,50.508,50.558,50.488,50.543,24112,0
EUSB.US,D,20201201,000000,50.388,50.418,50.308,50.378,37032,0
EUSB.US,D,20201202,000000,50.338,50.338,50.259,50.301,19971,0
EUSB.US,D,20201203,000000,50.348,50.418,50.338,50.398,72180,0
EUSB.US,D,20201204,000000,50.249,50.269,50.209,50.235,31221,0
EUSB.US,D,20201207,000000,50.358,50.383,50.343,50.345,34721,0
EUSB.US,D,20201208,000000,50.388,50.398,50.336,50.336,25083,0
EUSB.US,D,20201209,000000,50.269,50.308,50.259,50.271,26731,0
EUSB.US,D,20201210,000000,50.398,50.398,50.298,50.388,23796,0
EUSB.US,D,20201211,000000,50.418,50.458,50.381,50.4,15037,0
EUSB.US,D,20201214,000000,50.318,50.458,50.298,50.428,32365,0
EUSB.US,D,20201215,000000,50.412,50.438,50.373,50.404,14976,0
EUSB.US,D,20201216,000000,50.318,50.448,50.318,50.408,31374,0
EUSB.US,D,20201217,000000,50.478,50.498,50.379,50.406,14573,0
EUSB.US,D,20201218,000000,50.458,50.458,50.389,50.398,15426,0
EUSB.US,D,20201221,000000,50.393,50.448,50.393,50.433,17984,0
EUSB.US,D,20201222,000000,50.458,50.478,50.438,50.468,30754,0
EUSB.US,D,20201223,000000,50.438,50.438,50.368,50.398,26093,0
EUSB.US,D,20201224,000000,50.488,50.542,50.487,50.498,16799,0
EUSB.US,D,20201228,000000,50.428,50.528,50.408,50.518,27754,0
EUSB.US,D,20201229,000000,50.488,50.528,50.488,50.518,37253,0
EUSB.US,D,20201230,000000,50.508,50.548,50.488,50.548,27217,0
EUSB.US,D,20201231,000000,50.538,50.583,50.527,50.558,42311,0
EUSB.US,D,20210104,000000,50.498,50.558,50.498,50.509,43948,0
EUSB.US,D,20210105,000000,50.488,50.538,50.371,50.437,29952,0
EUSB.US,D,20210106,000000,50.229,50.289,50.169,50.269,66385,0
EUSB.US,D,20210107,000000,50.189,50.239,50.179,50.219,32038,0
EUSB.US,D,20210108,000000,50.189,50.199,50.129,50.155,44410,0
EUSB.US,D,20210111,000000,50.119,50.129,50.09,50.095,26692,0
EUSB.US,D,20210112,000000,50.06,50.129,50.005,50.114,20751,0
EUSB.US,D,20210113,000000,50.219,50.279,50.188,50.249,16013,0
EUSB.US,D,20210114,000000,50.229,50.279,50.159,50.179,134692,0
EUSB.US,D,20210115,000000,50.279,50.279,50.209,50.214,36264,0
EUSB.US,D,20210119,000000,50.189,50.279,50.189,50.279,32021,0
EUSB.US,D,20210120,000000,50.244,50.289,50.241,50.269,34033,0
EUSB.US,D,20210121,000000,50.209,50.232,50.179,50.194,52163,0
EUSB.US,D,20210122,000000,50.249,50.259,50.209,50.231,66976,0
EUSB.US,D,20210125,000000,50.279,50.338,50.279,50.318,33983,0
EUSB.US,D,20210126,000000,50.298,50.337,50.289,50.328,29124,0
EUSB.US,D,20210127,000000,50.388,50.388,50.304,50.314,38977,0
EUSB.US,D,20210128,000000,50.289,50.298,50.219,50.281,47218,0
EUSB.US,D,20210129,000000,50.199,50.269,50.199,50.244,45317,0
EUSB.US,D,20210201,000000,50.259,50.269,50.209,50.244,63076,0
EUSB.US,D,20210202,000000,50.119,50.179,50.119,50.16,32492,0
EUSB.US,D,20210203,000000,50.189,50.249,50.08,50.138,249375,0
EUSB.US,D,20210204,000000,50.378,50.378,50.09,50.139,46042,0
EUSB.US,D,20210205,000000,50.159,50.159,50.07,50.07,30186,0
EUSB.US,D,20210208,000000,50.1,50.163,50.075,50.129,56387,0
EUSB.US,D,20210209,000000,50.159,50.169,50.1,50.106,24117,0
EUSB.US,D,20210210,000000,50.159,50.199,50.131,50.189,25199,0
EUSB.US,D,20210211,000000,50.169,50.184,50.128,50.154,32789,0
EUSB.US,D,20210212,000000,50.08,50.089,50.029,50.029,32202,0
EUSB.US,D,20210216,000000,49.91,49.91,49.8,49.805,85915,0
EUSB.US,D,20210217,000000,49.88,49.9,49.83,49.898,49266,0
EUSB.US,D,20210218,000000,49.83,49.89,49.83,49.86,40086,0
EUSB.US,D,20210219,000000,49.807,49.807,49.72,49.72,42688,0
EUSB.US,D,20210222,000000,49.69,49.73,49.59,49.609,38119,0
EUSB.US,D,20210223,000000,49.6,49.62,49.565,49.59,57148,0
EUSB.US,D,20210224,000000,49.46,49.6,49.43,49.598,33544,0
EUSB.US,D,20210225,000000,49.42,49.43,49.13,49.177,109024,0
EUSB.US,D,20210226,000000,49.3,49.5,49.24,49.49,51230,0
EUSB.US,D,20210301,000000,49.42,49.51,49.42,49.484,42763,0
EUSB.US,D,20210302,000000,49.503,49.53,49.48,49.52,42782,0
EUSB.US,D,20210303,000000,49.38,49.41,49.36,49.378,51530,0
EUSB.US,D,20210304,000000,49.38,49.39,49.19,49.2,45725,0
EUSB.US,D,20210305,000000,49.11,49.19,49.11,49.19,31216,0
EUSB.US,D,20210308,000000,49.13,49.13,49.001,49.001,45534,0
EUSB.US,D,20210309,000000,49.13,49.17,49.12,49.15,33187,0
EUSB.US,D,20210310,000000,49.13,49.24,49.13,49.23,36822,0
EUSB.US,D,20210311,000000,49.13,49.27,49.13,49.26,44762,0
EUSB.US,D,20210312,000000,49.031,49.031,48.981,49.001,57027,0
EUSB.US,D,20210315,000000,49.05,49.07,49.011,49.06,39479,0
EUSB.US,D,20210316,000000,49.07,49.09,49.007,49.021,52037,0
EUSB.US,D,20210317,000000,48.931,49.041,48.897,49.02,55039,0
EUSB.US,D,20210318,000000,48.821,48.891,48.811,48.856,71387,0
EUSB.US,D,20210319,000000,48.831,48.881,48.831,48.87,45918,0
EUSB.US,D,20210322,000000,48.921,48.997,48.921,48.989,45915,0
EUSB.US,D,20210323,000000,49.031,49.095,49.023,49.09,312809,0
EUSB.US,D,20210324,000000,49.06,49.17,49.029,49.15,74098,0
EUSB.US,D,20210325,000000,49.14,49.16,49.064,49.1,37931,0
EUSB.US,D,20210326,000000,49.05,49.1,49.021,49.05,108693,0
EUSB.US,D,20210329,000000,49.05,49.05,48.94,48.961,30683,0
EUSB.US,D,20210330,000000,48.931,49.001,48.911,48.991,52684,0
EUSB.US,D,20210331,000000,48.971,49.031,48.961,48.991,65316,0
EUSB.US,D,20210401,000000,49.05,49.09,49.05,49.09,37942,0
EUSB.US,D,20210405,000000,48.991,49.021,48.971,49.021,44450,0
EUSB.US,D,20210406,000000,49.07,49.199,49.07,49.181,45462,0
EUSB.US,D,20210407,000000,49.17,49.22,49.13,49.135,43840,0
EUSB.US,D,20210408,000000,49.17,49.23,49.17,49.23,56580,0
EUSB.US,D,20210409,000000,49.15,49.23,49.145,49.18,39899,0
EUSB.US,D,20210412,000000,49.14,49.16,49.13,49.14,61904,0
EUSB.US,D,20210413,000000,49.15,49.256,49.14,49.251,53071,0
EUSB.US,D,20210414,000000,49.24,49.245,49.21,49.23,70577,0
EUSB.US,D,20210415,000000,49.35,49.46,49.35,49.4,102243,0
EUSB.US,D,20210416,000000,49.29,49.35,49.29,49.313,68974,0
EUSB.US,D,20210419,000000,49.27,49.29,49.25,49.265,61063,0
EUSB.US,D,20210420,000000,49.24,49.34,49.24,49.321,61819,0
EUSB.US,D,20210421,000000,49.34,49.37,49.3,49.37,47528,0
EUSB.US,D,20210422,000000,49.41,49.415,49.345,49.4,61863,0
EUSB.US,D,20210423,000000,49.38,49.4,49.34,49.39,71500,0
EUSB.US,D,20210426,000000,49.4,49.42,49.37,49.37,42282,0
EUSB.US,D,20210427,000000,49.34,49.35,49.272,49.28,51135,0
EUSB.US,D,20210428,000000,49.29,49.31,49.23,49.31,31375,0
EUSB.US,D,20210429,000000,49.21,49.27,49.17,49.265,40458,0
EUSB.US,D,20210430,000000,49.29,49.33,49.275,49.33,52210,0
EUSB.US,D,20210503,000000,49.3,49.37,49.29,49.3,60189,0
EUSB.US,D,20210504,000000,49.39,49.39,49.311,49.313,65448,0
EUSB.US,D,20210505,000000,49.27,49.37,49.27,49.363,38884,0
EUSB.US,D,20210506,000000,49.36,49.4,49.358,49.38,28344,0
EUSB.US,D,20210507,000000,49.49,49.49,49.362,49.39,31540,0
EUSB.US,D,20210510,000000,49.38,49.4,49.29,49.29,30515,0
EUSB.US,D,20210511,000000,49.25,49.25,49.19,49.21,45605,0
EUSB.US,D,20210512,000000,49.13,49.13,49.05,49.06,50214,0
EUSB.US,D,20210513,000000,49.09,49.15,49.086,49.15,48890,0
EUSB.US,D,20210514,000000,49.21,49.24,49.2,49.24,25358,0
EUSB.US,D,20210517,000000,49.23,49.24,49.199,49.21,47663,0
EUSB.US,D,20210518,000000,49.16,49.18,49.13,49.17,40945,0
EUSB.US,D,20210519,000000,49.19,49.215,49.112,49.121,63623,0
EUSB.US,D,20210520,000000,49.13,49.24,49.13,49.24,68813,0
EUSB.US,D,20210521,000000,49.27,49.27,49.23,49.26,26234,0
EUSB.US,D,20210524,000000,49.29,49.36,49.29,49.31,28722,0
EUSB.US,D,20210525,000000,49.37,49.435,49.35,49.43,28733,0
EUSB.US,D,20210526,000000,49.42,49.439,49.362,49.4,102195,0
EUSB.US,D,20210527,000000,49.32,49.36,49.306,49.35,66167,0
EUSB.US,D,20210528,000000,49.34,49.41,49.34,49.35,54619,0
EUSB.US,D,20210601,000000,49.27,49.32,49.23,49.298,68775,0
EUSB.US,D,20210602,000000,49.33,49.376,49.33,49.35,29979,0
EUSB.US,D,20210603,000000,49.29,49.29,49.235,49.25,47160,0
EUSB.US,D,20210604,000000,49.3,49.41,49.3,49.41,33516,0
EUSB.US,D,20210607,000000,49.38,49.4,49.38,49.395,39963,0
EUSB.US,D,20210608,000000,49.48,49.51,49.46,49.5,32399,0
EUSB.US,D,20210609,000000,49.638,49.638,49.56,49.6,27366,0
EUSB.US,D,20210610,000000,49.556,49.68,49.556,49.68,70455,0
EUSB.US,D,20210611,000000,49.67,49.67,49.63,49.65,23925,0
EUSB.US,D,20210614,000000,49.64,49.64,49.55,49.56,23153,0
EUSB.US,D,20210615,000000,49.53,49.56,49.52,49.554,43222,0
EUSB.US,D,20210616,000000,49.61,49.62,49.39,49.425,90050,0
EUSB.US,D,20210617,000000,49.44,49.65,49.43,49.54,81404,0
EUSB.US,D,20210618,000000,49.57,49.66,49.54,49.57,50786,0
EUSB.US,D,20210621,000000,49.52,49.55,49.5,49.518,48196,0
EUSB.US,D,20210622,000000,49.46,49.6,49.46,49.6,49453,0
EUSB.US,D,20210623,000000,49.6,49.615,49.57,49.57,44820,0
EUSB.US,D,20210624,000000,49.614,49.62,49.582,49.591,41608,0
EUSB.US,D,20210625,000000,49.57,49.579,49.48,49.52,49188,0
EUSB.US,D,20210628,000000,49.6,49.64,49.57,49.63,57799,0
EUSB.US,D,20210629,000000,49.593,49.66,49.593,49.65,34354,0
EUSB.US,D,20210630,000000,49.69,49.73,49.67,49.67,40444,0
EUSB.US,D,20210701,000000,49.63,49.66,49.61,49.66,51482,0
EUSB.US,D,20210702,000000,49.69,49.76,49.69,49.7499,40183,0
EUSB.US,D,20210706,000000,49.83,49.9199,49.75,49.892,32476,0
EUSB.US,D,20210707,000000,49.92,49.99,49.92,49.9571,50586,0
EUSB.US,D,20210708,000000,50.07,50.07,50,50.03,37010,0
EUSB.US,D,20210709,000000,49.955,50.12,49.8601,49.8713,27934,0
EUSB.US,D,20210712,000000,49.92,49.92,49.86,49.8755,26978,0
EUSB.US,D,20210713,000000,49.86,49.8696,49.77,49.775,50633,0
EUSB.US,D,20210714,000000,49.8,49.91,49.8,49.91,32128,0
EUSB.US,D,20210715,000000,49.98,49.9999,49.9234,49.9989,47637,0
EUSB.US,D,20210716,000000,49.97,49.9862,49.925,49.965,26325,0
EUSB.US,D,20210719,000000,50.13,50.205,50.1163,50.1659,37294,0
EUSB.US,D,20210720,000000,50.31,50.31,50.11,50.1573,62956,0
EUSB.US,D,20210721,000000,50.07,50.07,49.98,50.01,42853,0
EUSB.US,D,20210722,000000,50.03,50.13,50.0299,50.1154,27414,0
EUSB.US,D,20210723,000000,50.03,50.11,50.03,50.11,1482714,0
EUSB.US,D,20210726,000000,50.14,50.14,50.0479,50.0479,124713,0
EUSB.US,D,20210727,000000,50.125,50.15,50.096,50.14,62045,0
EUSB.US,D,20210728,000000,50.06,50.17,50.06,50.1689,77830,0
EUSB.US,D,20210729,000000,50.129,50.149,50.11,50.13,50884,0
EUSB.US,D,20210730,000000,50.15,50.2,50.15,50.17,45925,0
EUSB.US,D,20210802,000000,50.17,50.27,50.16,50.22,91315,0
EUSB.US,D,20210803,000000,50.2699,50.28,50.2266,50.254,61944,0
EUSB.US,D,20210804,000000,50.31,50.31,50.13,50.24,64929,0
EUSB.US,D,20210805,000000,50.19,50.2074,50.12,50.16,61848,0
EUSB.US,D,20210806,000000,49.99,50.0036,49.96,49.96,54338,0
EUSB.US,D,20210809,000000,50.01,50.03,49.8805,49.9051,46518,0
EUSB.US,D,20210810,000000,49.96,49.96,49.82,49.86,36046,0
EUSB.US,D,20210811,000000,49.84,49.925,49.7816,49.88,58074,0
EUSB.US,D,20210812,000000,49.86,49.8773,49.82,49.86,59508,0
EUSB.US,D,20210813,000000,49.91,50.02,49.91,50.02,49241,0
EUSB.US,D,20210816,000000,50.085,50.11,50.03,50.04,71355,0
EUSB.US,D,20210817,000000,50,50.04,50,50,41896,0
EUSB.US,D,20210818,000000,49.97,50.02,49.9482,49.98,29181,0
EUSB.US,D,20210819,000000,50.07,50.07,50.0252,50.06,31335,0
EUSB.US,D,20210820,000000,50.0601,50.08,50.035,50.047,37680,0
EUSB.US,D,20210823,000000,50.02,50.09,50.02,50.08,56015,0
EUSB.US,D,20210824,000000,50.07,50.07,49.99,49.99,60156,0
EUSB.US,D,20210825,000000,49.99,50,49.89,49.92,37165,0
