<TICKER>,<PER>,<DATE>,<TIME>,<OPEN>,<HIGH>,<LOW>,<CLOSE>,<VOL>,<OPENINT>
PEXL.US,D,20180907,000000,24.737,24.737,24.737,24.737,250,0
PEXL.US,D,20180910,000000,24.747,24.747,24.747,24.747,250,0
PEXL.US,D,20180911,000000,24.653,24.653,24.653,24.653,250,0
PEXL.US,D,20180912,000000,24.663,24.663,24.663,24.663,250,0
PEXL.US,D,20180913,000000,25.004,25.004,25.004,25.004,252,0
PEXL.US,D,20180914,000000,25.093,25.093,25.093,25.093,250,0
PEXL.US,D,20180917,000000,24.885,24.885,24.885,24.885,288,0
PEXL.US,D,20180918,000000,25.034,25.034,25.034,25.034,250,0
PEXL.US,D,20180919,000000,25.103,25.103,25.103,25.103,306,0
PEXL.US,D,20180920,000000,25.291,25.291,25.291,25.291,250,0
PEXL.US,D,20180924,000000,25.241,25.241,25.241,25.241,250,0
PEXL.US,D,20180925,000000,25.192,25.192,25.192,25.192,1115,0
PEXL.US,D,20180926,000000,25.153,25.153,25.153,25.153,321,0
PEXL.US,D,20180927,000000,25.064,25.064,25.064,25.064,250,0
PEXL.US,D,20180928,000000,25.093,25.093,25.093,25.093,508,0
PEXL.US,D,20181001,000000,25.281,25.281,25.281,25.281,508,0
PEXL.US,D,20181002,000000,25.123,25.123,25.123,25.123,508,0
PEXL.US,D,20181003,000000,25.143,25.143,25.143,25.143,508,0
PEXL.US,D,20181004,000000,24.613,24.613,24.613,24.613,508,0
PEXL.US,D,20181005,000000,24.225,24.225,24.225,24.225,508,0
PEXL.US,D,20181008,000000,23.922,23.922,23.922,23.922,250,0
PEXL.US,D,20181015,000000,22.975,22.975,22.975,22.975,250,0
PEXL.US,D,20181016,000000,23.211,23.211,23.211,23.211,252,0
PEXL.US,D,20181017,000000,23.478,23.478,23.478,23.478,250,0
PEXL.US,D,20181018,000000,23.152,23.152,23.152,23.152,459,0
PEXL.US,D,20181019,000000,23.015,23.015,23.015,23.015,250,0
PEXL.US,D,20181022,000000,23.053,23.053,23.053,23.053,250,0
PEXL.US,D,20181023,000000,22.511,22.511,22.511,22.511,250,0
PEXL.US,D,20181024,000000,22.598,22.598,22.598,22.598,250,0
PEXL.US,D,20181025,000000,22.324,22.324,22.324,22.324,250,0
PEXL.US,D,20181026,000000,21.988,21.997,21.988,21.988,459,0
PEXL.US,D,20181029,000000,22.314,22.314,22.075,22.075,357,0
PEXL.US,D,20181030,000000,22.056,22.056,22.056,22.056,250,0
PEXL.US,D,20181031,000000,22.589,22.589,22.589,22.589,100,0
PEXL.US,D,20181101,000000,22.995,23.053,22.995,23.053,355,0
PEXL.US,D,20181102,000000,23.211,23.211,23.015,23.03,659,0
PEXL.US,D,20181105,000000,22.806,23.005,22.806,23.005,611,0
PEXL.US,D,20181106,000000,23.113,23.191,23.113,23.191,458,0
PEXL.US,D,20181107,000000,23.309,23.468,23.309,23.468,558,0
PEXL.US,D,20181108,000000,23.615,23.654,23.556,23.556,509,0
PEXL.US,D,20181109,000000,23.249,23.289,23.249,23.279,10396,0
PEXL.US,D,20181112,000000,22.686,22.686,22.686,22.686,355,0
PEXL.US,D,20181113,000000,22.686,22.686,22.559,22.559,1824,0
PEXL.US,D,20181114,000000,22.539,22.579,22.539,22.579,1217,0
PEXL.US,D,20181115,000000,22.925,22.925,22.549,22.925,1116,0
PEXL.US,D,20181116,000000,22.836,23.005,22.836,23.005,1622,0
PEXL.US,D,20181119,000000,22.423,22.423,22.344,22.344,356,0
PEXL.US,D,20181120,000000,22.056,22.056,22.056,22.056,408,0
PEXL.US,D,20181121,000000,22.274,22.274,22.274,22.274,250,0
PEXL.US,D,20181123,000000,22.165,22.165,22.165,22.165,608,0
PEXL.US,D,20181126,000000,22.52,22.52,22.52,22.52,408,0
PEXL.US,D,20181127,000000,22.413,22.423,22.413,22.423,608,0
PEXL.US,D,20181128,000000,22.472,22.895,22.472,22.895,355,0
PEXL.US,D,20181129,000000,22.836,22.875,22.836,22.875,1318,0
PEXL.US,D,20181130,000000,22.865,22.975,22.865,22.975,1318,0
PEXL.US,D,20181203,000000,23.526,23.526,23.478,23.478,355,0
PEXL.US,D,20181204,000000,23.23,23.23,22.686,22.686,862,0
PEXL.US,D,20181206,000000,22.135,22.165,22.125,22.125,458,0
PEXL.US,D,20181207,000000,22.115,22.135,21.761,21.761,458,0
PEXL.US,D,20181210,000000,21.603,21.724,21.603,21.724,862,0
PEXL.US,D,20181211,000000,22.125,22.135,21.754,21.754,964,0
PEXL.US,D,20181212,000000,22.115,22.135,21.995,21.995,458,0
PEXL.US,D,20181213,000000,22.017,22.036,21.761,21.785,1217,0
PEXL.US,D,20181214,000000,21.632,21.632,21.38,21.38,355,0
PEXL.US,D,20181217,000000,21.209,21.209,20.94,20.94,1014,0
PEXL.US,D,20181218,000000,21.297,21.297,21.09,21.122,355,0
PEXL.US,D,20181219,000000,21.219,21.247,20.49,20.585,2130,0
PEXL.US,D,20181220,000000,20.538,20.597,20.197,20.197,2435,0
PEXL.US,D,20181221,000000,20.371,20.38,19.789,19.798,1169,0
PEXL.US,D,20181224,000000,19.474,19.474,19.368,19.368,100,0
PEXL.US,D,20181226,000000,19.404,20.265,19.404,20.265,1114,0
PEXL.US,D,20181227,000000,19.988,20.369,19.988,20.369,1637,0
PEXL.US,D,20181228,000000,20.343,20.491,20.343,20.419,1114,0
PEXL.US,D,20181231,000000,20.421,20.559,20.421,20.552,457,0
PEXL.US,D,20190102,000000,20.401,20.651,20.401,20.651,354,0
PEXL.US,D,20190103,000000,19.978,19.978,19.85,19.859,5415,0
PEXL.US,D,20190104,000000,20.333,20.669,20.333,20.646,566,0
PEXL.US,D,20190107,000000,20.788,20.985,20.788,20.985,557,0
PEXL.US,D,20190108,000000,21.152,21.28,21.152,21.28,354,0
PEXL.US,D,20190109,000000,21.557,21.597,21.557,21.575,1619,0
PEXL.US,D,20190110,000000,21.488,21.772,21.488,21.772,4354,0
PEXL.US,D,20190111,000000,21.685,21.829,21.685,21.829,2126,0
PEXL.US,D,20190114,000000,21.597,21.665,21.597,21.627,354,0
PEXL.US,D,20190115,000000,21.765,21.785,21.685,21.734,658,0
PEXL.US,D,20190116,000000,21.854,21.854,21.79,21.79,5262,0
PEXL.US,D,20190117,000000,21.795,22.011,21.795,21.98,1619,0
PEXL.US,D,20190118,000000,22.14,22.325,22.14,22.325,5465,0
PEXL.US,D,20190122,000000,21.982,21.982,21.805,21.83,457,0
PEXL.US,D,20190123,000000,21.805,21.833,21.805,21.833,250,0
PEXL.US,D,20190124,000000,22.18,22.225,22.18,22.225,250,0
PEXL.US,D,20190125,000000,22.594,22.612,22.594,22.612,250,0
PEXL.US,D,20190128,000000,22.399,22.429,22.399,22.429,354,0
PEXL.US,D,20190129,000000,22.399,22.399,22.399,22.399,250,0
PEXL.US,D,20190130,000000,22.764,22.764,22.764,22.764,2,0
PEXL.US,D,20190131,000000,22.812,22.982,22.812,22.982,355,0
PEXL.US,D,20190201,000000,23.031,23.098,23.031,23.098,457,0
PEXL.US,D,20190204,000000,23.216,23.216,23.216,23.216,2,0
PEXL.US,D,20190205,000000,23.396,23.409,23.396,23.409,250,0
PEXL.US,D,20190206,000000,23.534,23.613,23.534,23.585,1165,0
PEXL.US,D,20190207,000000,23.159,23.177,23.149,23.177,8300,0
PEXL.US,D,20190208,000000,23.198,23.233,23.198,23.233,250,0
PEXL.US,D,20190211,000000,23.353,23.353,23.353,23.353,10,0
PEXL.US,D,20190212,000000,23.71,23.71,23.71,23.71,10,0
PEXL.US,D,20190213,000000,23.91,23.912,23.886,23.886,2278,0
PEXL.US,D,20190214,000000,23.929,23.978,23.91,23.933,3946,0
PEXL.US,D,20190215,000000,24.098,24.155,24.098,24.155,607,0
PEXL.US,D,20190219,000000,24.125,24.234,24.125,24.21,4353,0
PEXL.US,D,20190220,000000,24.374,24.374,24.294,24.31,4354,0
PEXL.US,D,20190221,000000,24.284,24.284,24.164,24.271,1719,0
PEXL.US,D,20190222,000000,24.473,24.571,24.473,24.571,427,0
PEXL.US,D,20190225,000000,24.787,24.787,24.664,24.664,407,0
PEXL.US,D,20190226,000000,24.545,24.545,24.528,24.528,607,0
PEXL.US,D,20190227,000000,24.274,24.379,24.274,24.379,708,0
PEXL.US,D,20190228,000000,24.274,24.284,24.274,24.274,607,0
PEXL.US,D,20190301,000000,24.483,24.587,24.483,24.587,809,0
PEXL.US,D,20190304,000000,24.284,24.482,24.274,24.482,809,0
PEXL.US,D,20190305,000000,24.444,24.444,24.44,24.44,527,0
PEXL.US,D,20190306,000000,24.214,24.214,24.094,24.094,447,0
PEXL.US,D,20190307,000000,23.801,23.862,23.801,23.862,407,0
PEXL.US,D,20190308,000000,23.662,23.846,23.662,23.846,1520,0
PEXL.US,D,20190311,000000,24.224,24.224,24.224,24.224,20,0
PEXL.US,D,20190312,000000,24.274,24.274,24.254,24.259,597,0
PEXL.US,D,20190313,000000,24.483,24.483,24.359,24.364,708,0
PEXL.US,D,20190314,000000,24.279,24.279,24.279,24.279,5,0
PEXL.US,D,20190315,000000,24.583,24.583,24.531,24.531,423,0
PEXL.US,D,20190318,000000,24.623,24.623,24.603,24.603,458,0
PEXL.US,D,20190319,000000,24.68,24.68,24.68,24.68,60,0
PEXL.US,D,20190320,000000,24.603,24.603,24.571,24.571,4112,0
PEXL.US,D,20190321,000000,25.088,25.088,25.088,25.088,60,0
PEXL.US,D,20190322,000000,24.328,24.328,24.328,24.328,4,0
PEXL.US,D,20190325,000000,24.275,24.279,24.275,24.279,302,0
PEXL.US,D,20190326,000000,24.428,24.428,24.428,24.428,4,0
PEXL.US,D,20190327,000000,24.289,24.289,24.289,24.289,4,0
PEXL.US,D,20190328,000000,24.543,24.543,24.471,24.471,520,0
PEXL.US,D,20190329,000000,24.696,24.696,24.696,24.696,1,0
PEXL.US,D,20190401,000000,25.181,25.181,25.181,25.181,4,0
PEXL.US,D,20190402,000000,25.185,25.185,25.185,25.185,3,0
PEXL.US,D,20190403,000000,25.459,25.459,25.459,25.459,4,0
PEXL.US,D,20190404,000000,25.472,25.472,25.472,25.472,4,0
PEXL.US,D,20190405,000000,25.528,25.528,25.528,25.528,5,0
PEXL.US,D,20190408,000000,25.606,25.606,25.606,25.606,4,0
PEXL.US,D,20190409,000000,25.306,25.306,25.306,25.306,91,0
PEXL.US,D,20190410,000000,25.536,25.536,25.536,25.536,4,0
PEXL.US,D,20190411,000000,25.586,25.586,25.586,25.586,4,0
PEXL.US,D,20190412,000000,25.813,25.813,25.813,25.813,4,0
PEXL.US,D,20190415,000000,25.769,25.769,25.769,25.769,4,0
PEXL.US,D,20190416,000000,25.825,25.825,25.825,25.825,4,0
PEXL.US,D,20190417,000000,25.665,25.665,25.665,25.665,4,0
PEXL.US,D,20190418,000000,25.659,25.659,25.642,25.642,6068,0
PEXL.US,D,20190422,000000,25.586,25.586,25.586,25.586,4,0
PEXL.US,D,20190423,000000,25.818,25.818,25.818,25.818,2,0
PEXL.US,D,20190424,000000,25.89,25.89,25.89,25.89,1,0
PEXL.US,D,20190426,000000,25.706,25.706,25.706,25.706,3,0
PEXL.US,D,20190429,000000,25.698,25.698,25.698,25.698,1,0
PEXL.US,D,20190430,000000,25.664,25.664,25.664,25.664,77,0
PEXL.US,D,20190501,000000,25.38,25.38,25.38,25.38,15,0
PEXL.US,D,20190502,000000,25.401,25.401,25.401,25.401,1,0
PEXL.US,D,20190503,000000,25.632,25.632,25.632,25.632,1,0
PEXL.US,D,20190506,000000,25.338,25.338,25.338,25.338,61,0
PEXL.US,D,20190507,000000,24.779,24.779,24.779,24.779,1,0
PEXL.US,D,20190508,000000,24.702,24.702,24.702,24.702,3,0
PEXL.US,D,20190509,000000,24.539,24.539,24.539,24.539,30,0
PEXL.US,D,20190510,000000,24.533,24.533,24.522,24.532,2024,0
PEXL.US,D,20190513,000000,23.646,23.648,23.646,23.648,302,0
PEXL.US,D,20190514,000000,23.783,23.926,23.783,23.926,312,0
PEXL.US,D,20190515,000000,24.058,24.058,24.058,24.058,1,0
PEXL.US,D,20190516,000000,24.027,24.027,24.027,24.027,7,0
PEXL.US,D,20190517,000000,23.693,23.693,23.693,23.693,1,0
PEXL.US,D,20190520,000000,23.26,23.26,23.26,23.26,10,0
PEXL.US,D,20190521,000000,23.585,23.585,23.585,23.585,61,0
PEXL.US,D,20190522,000000,23.483,23.483,23.452,23.452,105,0
PEXL.US,D,20190523,000000,23.053,23.053,23.053,23.053,1,0
PEXL.US,D,20190524,000000,23.135,23.135,23.135,23.135,1,0
PEXL.US,D,20190528,000000,22.989,22.989,22.989,22.989,1,0
PEXL.US,D,20190529,000000,22.906,22.906,22.906,22.906,25,0
PEXL.US,D,20190530,000000,22.946,22.946,22.946,22.946,1,0
PEXL.US,D,20190531,000000,22.638,22.638,22.638,22.638,1,0
PEXL.US,D,20190603,000000,22.791,22.791,22.791,22.791,1,0
PEXL.US,D,20190604,000000,23.516,23.516,23.516,23.516,4,0
PEXL.US,D,20190605,000000,23.612,23.612,23.612,23.612,2,0
PEXL.US,D,20190606,000000,23.782,23.782,23.782,23.782,2,0
PEXL.US,D,20190607,000000,24.056,24.056,24.056,24.056,2,0
PEXL.US,D,20190610,000000,24.359,24.359,24.359,24.359,4,0
PEXL.US,D,20190611,000000,24.392,24.392,24.392,24.392,1,0
PEXL.US,D,20190612,000000,24.25,24.25,24.25,24.25,2,0
PEXL.US,D,20190613,000000,24.352,24.352,24.352,24.352,1,0
PEXL.US,D,20190614,000000,24.141,24.141,24.141,24.141,2,0
PEXL.US,D,20190617,000000,24.078,24.078,24.078,24.078,2,0
PEXL.US,D,20190618,000000,24.534,24.534,24.534,24.534,1,0
PEXL.US,D,20190619,000000,24.651,24.651,24.651,24.651,2,0
PEXL.US,D,20190620,000000,24.871,24.871,24.871,24.871,2,0
PEXL.US,D,20190621,000000,24.807,24.807,24.807,24.807,1,0
PEXL.US,D,20190624,000000,24.774,24.774,24.774,24.774,1,0
PEXL.US,D,20190625,000000,24.567,24.567,24.567,24.567,1,0
PEXL.US,D,20190626,000000,24.815,24.815,24.815,24.815,32,0
PEXL.US,D,20190627,000000,25.053,25.053,25.053,25.053,1,0
PEXL.US,D,20190628,000000,25.269,25.269,25.269,25.269,31,0
PEXL.US,D,20190701,000000,25.582,25.582,25.582,25.582,5,0
PEXL.US,D,20190702,000000,25.418,25.418,25.418,25.418,1,0
PEXL.US,D,20190703,000000,25.521,25.521,25.521,25.521,4,0
PEXL.US,D,20190705,000000,25.349,25.349,25.349,25.349,1,0
PEXL.US,D,20190708,000000,25.091,25.091,25.091,25.091,1,0
PEXL.US,D,20190709,000000,25.086,25.086,25.086,25.086,1,0
PEXL.US,D,20190710,000000,25.142,25.142,25.142,25.142,90,0
PEXL.US,D,20190711,000000,25.162,25.162,25.162,25.162,1,0
PEXL.US,D,20190712,000000,25.438,25.438,25.438,25.438,90,0
PEXL.US,D,20190715,000000,25.464,25.464,25.464,25.464,1,0
PEXL.US,D,20190716,000000,25.456,25.481,25.419,25.419,784,0
PEXL.US,D,20190717,000000,25.301,25.301,25.301,25.301,1,0
PEXL.US,D,20190718,000000,25.408,25.408,25.408,25.408,1,0
PEXL.US,D,20190719,000000,25.49,25.49,25.49,25.49,4,0
PEXL.US,D,20190722,000000,25.628,25.628,25.628,25.628,1,0
PEXL.US,D,20190723,000000,25.985,25.985,25.985,25.985,1,0
PEXL.US,D,20190724,000000,26.368,26.368,26.368,26.368,1,0
PEXL.US,D,20190725,000000,26.088,26.088,26.088,26.088,1,0
PEXL.US,D,20190726,000000,26.178,26.178,26.178,26.178,1,0
PEXL.US,D,20190729,000000,26.148,26.148,26.148,26.148,1,0
PEXL.US,D,20190730,000000,26.137,26.137,26.137,26.137,1,0
PEXL.US,D,20190731,000000,25.727,25.727,25.727,25.727,1,0
PEXL.US,D,20190801,000000,25.326,25.326,25.326,25.326,1,0
PEXL.US,D,20190802,000000,24.848,24.946,24.848,24.946,406,0
PEXL.US,D,20190805,000000,24.134,24.134,24.134,24.134,1,0
PEXL.US,D,20190806,000000,24.408,24.423,24.398,24.423,506,0
PEXL.US,D,20190807,000000,24.471,24.599,24.457,24.599,4643,0
PEXL.US,D,20190808,000000,25.173,25.173,25.173,25.173,1,0
PEXL.US,D,20190809,000000,24.896,24.896,24.817,24.855,406,0
PEXL.US,D,20190812,000000,24.623,24.671,24.461,24.461,200,0
PEXL.US,D,20190813,000000,24.886,24.936,24.886,24.909,506,0
PEXL.US,D,20190814,000000,24.213,24.213,24.114,24.114,100,0
PEXL.US,D,20190815,000000,23.997,24.102,23.997,24.102,302,0
PEXL.US,D,20190816,000000,24.565,24.565,24.565,24.565,1,0
PEXL.US,D,20190819,000000,24.827,24.911,24.827,24.911,406,0
PEXL.US,D,20190820,000000,24.713,24.713,24.713,24.713,1,0
PEXL.US,D,20190821,000000,24.911,24.911,24.911,24.911,1,0
PEXL.US,D,20190822,000000,24.887,24.887,24.887,24.887,1,0
PEXL.US,D,20190823,000000,23.994,23.994,23.994,23.994,1,0
PEXL.US,D,20190826,000000,24.195,24.195,24.195,24.195,1,0
PEXL.US,D,20190827,000000,24.16,24.16,24.16,24.16,1,0
PEXL.US,D,20190828,000000,24.287,24.287,24.287,24.287,1,0
PEXL.US,D,20190829,000000,24.747,24.747,24.747,24.747,1,0
PEXL.US,D,20190830,000000,24.779,24.779,24.779,24.779,80,0
PEXL.US,D,20190903,000000,24.44,24.44,24.44,24.44,20,0
PEXL.US,D,20190904,000000,24.889,24.889,24.889,24.889,1,0
PEXL.US,D,20190905,000000,25.534,25.534,25.534,25.534,1,0
PEXL.US,D,20190906,000000,25.579,25.579,25.579,25.579,20,0
PEXL.US,D,20190909,000000,25.746,25.746,25.746,25.746,1,0
PEXL.US,D,20190910,000000,25.841,25.841,25.841,25.841,1,0
PEXL.US,D,20190911,000000,26.151,26.204,26.151,26.204,100,0
PEXL.US,D,20190912,000000,26.287,26.287,26.287,26.287,1,0
PEXL.US,D,20190913,000000,26.317,26.317,26.317,26.317,1,0
PEXL.US,D,20190916,000000,26.183,26.183,26.183,26.183,1,0
PEXL.US,D,20190917,000000,26.171,26.171,26.171,26.171,1,0
PEXL.US,D,20190918,000000,26.126,26.126,26.126,26.126,1,0
PEXL.US,D,20190919,000000,26.083,26.083,26.083,26.083,1,0
PEXL.US,D,20190920,000000,25.959,25.959,25.959,25.959,11,0
PEXL.US,D,20190923,000000,25.971,25.971,25.971,25.971,1,0
PEXL.US,D,20190924,000000,25.808,25.808,25.645,25.645,100,0
PEXL.US,D,20190925,000000,25.942,25.942,25.942,25.942,1,0
PEXL.US,D,20190926,000000,25.858,25.858,25.858,25.858,1,0
PEXL.US,D,20190927,000000,25.563,25.563,25.563,25.563,1,0
PEXL.US,D,20190930,000000,25.77,25.77,25.77,25.77,1,0
PEXL.US,D,20191001,000000,25.324,25.324,25.324,25.324,1,0
PEXL.US,D,20191002,000000,24.856,24.856,24.856,24.856,1,0
PEXL.US,D,20191003,000000,25.067,25.067,25.067,25.067,1,0
PEXL.US,D,20191004,000000,25.385,25.385,25.385,25.385,1,0
PEXL.US,D,20191007,000000,25.349,25.349,25.259,25.259,976,0
PEXL.US,D,20191008,000000,24.61,24.61,24.61,24.61,1,0
PEXL.US,D,20191009,000000,24.903,24.903,24.903,24.903,1,0
PEXL.US,D,20191010,000000,25.059,25.059,25.059,25.059,1,0
PEXL.US,D,20191011,000000,25.576,25.576,25.576,25.576,1,0
PEXL.US,D,20191014,000000,25.499,25.499,25.499,25.499,1,0
PEXL.US,D,20191015,000000,25.838,25.838,25.798,25.798,100,0
PEXL.US,D,20191016,000000,25.694,25.694,25.694,25.694,1,0
PEXL.US,D,20191017,000000,25.86,25.86,25.86,25.86,1,0
PEXL.US,D,20191018,000000,25.731,25.731,25.731,25.731,1,0
PEXL.US,D,20191021,000000,25.916,25.916,25.916,25.916,1,0
PEXL.US,D,20191022,000000,25.815,25.815,25.815,25.815,1,0
PEXL.US,D,20191023,000000,25.888,25.888,25.85,25.85,100,0
PEXL.US,D,20191024,000000,26.052,26.052,26.052,26.052,1,0
PEXL.US,D,20191025,000000,26.288,26.288,26.288,26.288,1,0
PEXL.US,D,20191028,000000,26.578,26.578,26.578,26.578,1,0
PEXL.US,D,20191029,000000,26.478,26.478,26.478,26.478,1,0
PEXL.US,D,20191030,000000,26.417,26.417,26.417,26.417,1,0
PEXL.US,D,20191031,000000,26.126,26.264,26.126,26.264,100,0
PEXL.US,D,20191101,000000,26.778,26.778,26.778,26.778,1,0
PEXL.US,D,20191104,000000,26.95,27.165,26.95,27.165,184,0
PEXL.US,D,20191105,000000,27.218,27.237,27.183,27.183,836,0
PEXL.US,D,20191106,000000,26.945,26.945,26.945,26.945,1,0
PEXL.US,D,20191107,000000,27.188,27.188,27.11,27.11,1934,0
PEXL.US,D,20191108,000000,27.128,27.273,27.128,27.273,405,0
PEXL.US,D,20191111,000000,27.138,27.208,27.138,27.17,505,0
PEXL.US,D,20191112,000000,27.327,27.347,27.222,27.222,301,0
PEXL.US,D,20191113,000000,27.108,27.171,27.108,27.171,836,0
PEXL.US,D,20191114,000000,27.126,27.188,27.126,27.188,1069,0
PEXL.US,D,20191115,000000,27.437,27.437,27.437,27.437,11,0
PEXL.US,D,20191118,000000,27.394,27.394,27.342,27.342,200,0
PEXL.US,D,20191119,000000,27.416,27.456,27.357,27.432,597,0
PEXL.US,D,20191120,000000,27.416,27.416,27.222,27.222,141,0
PEXL.US,D,20191121,000000,27.118,27.118,27.118,27.118,28,0
PEXL.US,D,20191122,000000,27.186,27.186,27.186,27.186,28,0
PEXL.US,D,20191125,000000,27.585,27.605,27.585,27.605,200,0
PEXL.US,D,20191126,000000,27.675,27.675,27.675,27.675,23,0
PEXL.US,D,20191127,000000,27.796,27.84,27.796,27.84,100,0
PEXL.US,D,20191129,000000,27.642,27.642,27.642,27.642,28,0
PEXL.US,D,20191202,000000,27.376,27.416,27.358,27.358,428,0
PEXL.US,D,20191203,000000,26.989,27.105,26.974,27.105,365,0
PEXL.US,D,20191204,000000,27.362,27.362,27.362,27.362,10,0
PEXL.US,D,20191205,000000,27.397,27.397,27.397,27.397,28,0
PEXL.US,D,20191206,000000,27.733,27.733,27.722,27.722,301,0
PEXL.US,D,20191209,000000,27.536,27.536,27.536,27.536,166,0
PEXL.US,D,20191210,000000,27.53,27.53,27.53,27.53,40,0
PEXL.US,D,20191211,000000,27.811,27.811,27.811,27.811,28,0
PEXL.US,D,20191212,000000,28.244,28.244,28.244,28.244,23,0
PEXL.US,D,20191213,000000,28.26,28.43,28.15,28.15,1158,0
PEXL.US,D,20191216,000000,28.33,28.376,28.33,28.376,301,0
PEXL.US,D,20191217,000000,28.36,28.393,28.36,28.393,463,0
PEXL.US,D,20191218,000000,28.555,28.555,28.379,28.43,781,0
PEXL.US,D,20191219,000000,28.595,28.595,28.595,28.595,301,0
PEXL.US,D,20191220,000000,28.735,28.735,28.726,28.726,324,0
PEXL.US,D,20191223,000000,28.815,28.815,28.798,28.798,138,0
PEXL.US,D,20191224,000000,28.758,28.758,28.758,28.758,1,0
PEXL.US,D,20191226,000000,28.835,28.835,28.835,28.835,200,0
PEXL.US,D,20191227,000000,28.825,28.825,28.807,28.807,135,0
PEXL.US,D,20191230,000000,28.707,28.707,28.707,28.707,8,0
PEXL.US,D,20191231,000000,28.758,28.758,28.758,28.758,58,0
PEXL.US,D,20200102,000000,28.806,28.995,28.806,28.995,400,0
PEXL.US,D,20200103,000000,28.717,28.717,28.717,28.717,37,0
PEXL.US,D,20200106,000000,28.665,28.665,28.615,28.654,1050,0
PEXL.US,D,20200107,000000,28.852,28.852,28.852,28.852,1,0
PEXL.US,D,20200108,000000,28.875,28.964,28.875,28.928,476,0
PEXL.US,D,20200109,000000,29.058,29.059,29.058,29.059,164,0
PEXL.US,D,20200110,000000,28.903,28.903,28.903,28.903,69,0
PEXL.US,D,20200113,000000,28.905,29.122,28.905,29.122,517,0
PEXL.US,D,20200114,000000,29.227,29.227,29.227,29.227,22,0
PEXL.US,D,20200115,000000,29.301,29.301,29.187,29.187,2016,0
PEXL.US,D,20200116,000000,29.441,29.502,29.411,29.502,613,0
PEXL.US,D,20200117,000000,29.58,29.58,29.521,29.528,371,0
PEXL.US,D,20200121,000000,29.299,29.299,29.299,29.299,66,0
PEXL.US,D,20200122,000000,29.491,29.491,29.295,29.295,100,0
PEXL.US,D,20200123,000000,29.359,29.359,29.359,29.359,1,0
PEXL.US,D,20200124,000000,29.013,29.013,28.998,28.998,302,0
PEXL.US,D,20200127,000000,28.318,28.318,28.318,28.318,28,0
PEXL.US,D,20200128,000000,28.669,28.669,28.669,28.669,28,0
PEXL.US,D,20200129,000000,28.426,28.426,28.426,28.426,28,0
PEXL.US,D,20200130,000000,28.083,28.289,28.083,28.289,835,0
PEXL.US,D,20200131,000000,27.54,27.54,27.54,27.54,1,0
PEXL.US,D,20200203,000000,27.846,27.846,27.846,27.846,3,0
PEXL.US,D,20200204,000000,28.454,28.454,28.454,28.454,56,0
PEXL.US,D,20200205,000000,28.801,28.801,28.801,28.801,32,0
PEXL.US,D,20200206,000000,28.728,28.728,28.728,28.728,32,0
PEXL.US,D,20200207,000000,28.515,28.554,28.364,28.364,968,0
PEXL.US,D,20200210,000000,28.374,28.465,28.374,28.465,100,0
PEXL.US,D,20200211,000000,28.744,28.744,28.744,28.744,30,0
PEXL.US,D,20200212,000000,29.061,29.061,29.061,29.061,32,0
PEXL.US,D,20200213,000000,28.96,28.96,28.96,28.96,32,0
PEXL.US,D,20200214,000000,28.81,28.81,28.81,28.81,2,0
PEXL.US,D,20200218,000000,28.569,28.569,28.555,28.555,378,0
PEXL.US,D,20200219,000000,28.885,28.886,28.885,28.886,100,0
PEXL.US,D,20200220,000000,28.495,28.722,28.487,28.722,504,0
PEXL.US,D,20200221,000000,28.235,28.235,28.235,28.235,32,0
PEXL.US,D,20200224,000000,27.163,27.163,27.163,27.163,32,0
PEXL.US,D,20200225,000000,26.34,26.34,26.253,26.253,103,0
PEXL.US,D,20200226,000000,26.04,26.04,26.04,26.04,1,0
PEXL.US,D,20200227,000000,25.172,25.172,25.172,25.172,32,0
PEXL.US,D,20200228,000000,24.879,24.892,24.879,24.892,448,0
PEXL.US,D,20200302,000000,25.769,25.769,25.769,25.769,1,0
PEXL.US,D,20200303,000000,25.764,25.764,25.189,25.215,1291,0
PEXL.US,D,20200304,000000,26.135,26.135,26.135,26.135,1,0
PEXL.US,D,20200305,000000,25.178,25.178,25.178,25.178,1,0
PEXL.US,D,20200306,000000,24.745,24.745,24.745,24.745,79,0
PEXL.US,D,20200309,000000,22.737,22.737,22.737,22.737,88,0
PEXL.US,D,20200310,000000,22.892,23.773,22.892,23.773,200,0
PEXL.US,D,20200311,000000,22.526,22.526,22.526,22.526,1,0
PEXL.US,D,20200312,000000,20.491,20.491,20.491,20.491,1,0
PEXL.US,D,20200313,000000,21.16,21.754,21.16,21.754,105,0
PEXL.US,D,20200316,000000,19.392,19.392,19.392,19.392,1,0
PEXL.US,D,20200317,000000,20.574,20.574,20.574,20.574,1,0
PEXL.US,D,20200318,000000,18.8,18.8,18.8,18.8,1,0
PEXL.US,D,20200319,000000,19.586,19.586,19.586,19.586,5,0
PEXL.US,D,20200320,000000,18.865,18.865,18.865,18.865,1,0
PEXL.US,D,20200323,000000,18.671,18.671,18.671,18.671,1,0
PEXL.US,D,20200325,000000,21.133,21.133,21.133,21.133,1,0
PEXL.US,D,20200326,000000,22.235,22.235,22.235,22.235,1,0
PEXL.US,D,20200327,000000,21.228,21.228,21.228,21.228,1,0
PEXL.US,D,20200330,000000,21.898,21.898,21.898,21.898,83,0
PEXL.US,D,20200331,000000,21.563,21.563,21.563,21.563,1,0
PEXL.US,D,20200401,000000,20.488,20.488,20.488,20.488,1,0
PEXL.US,D,20200402,000000,20.751,20.751,20.751,20.751,1,0
PEXL.US,D,20200403,000000,20.676,20.676,20.385,20.385,1587,0
PEXL.US,D,20200406,000000,22.135,22.135,22.135,22.135,1,0
PEXL.US,D,20200407,000000,22.348,22.348,22.348,22.348,1,0
PEXL.US,D,20200408,000000,23.177,23.177,23.177,23.177,1,0
PEXL.US,D,20200409,000000,23.941,23.941,23.53,23.53,1355,0
PEXL.US,D,20200413,000000,23.166,23.166,23.166,23.166,1,0
PEXL.US,D,20200414,000000,23.806,23.806,23.806,23.806,1,0
PEXL.US,D,20200415,000000,23.019,23.019,23.019,23.019,1,0
PEXL.US,D,20200416,000000,23.193,23.193,23.193,23.193,1,0
PEXL.US,D,20200417,000000,23.853,23.853,23.853,23.853,1,0
PEXL.US,D,20200420,000000,23.482,23.482,23.482,23.482,44,0
PEXL.US,D,20200421,000000,22.74,22.74,22.74,22.74,44,0
PEXL.US,D,20200422,000000,23.39,23.39,23.39,23.39,44,0
PEXL.US,D,20200423,000000,23.519,23.519,23.519,23.519,44,0
PEXL.US,D,20200424,000000,23.932,23.932,23.932,23.932,44,0
PEXL.US,D,20200427,000000,24.56,24.56,24.56,24.56,16,0
PEXL.US,D,20200428,000000,24.678,24.678,24.678,24.678,2,0
PEXL.US,D,20200429,000000,25.692,25.692,25.692,25.692,2,0
PEXL.US,D,20200430,000000,25.022,25.022,25.022,25.022,2,0
PEXL.US,D,20200501,000000,24.046,24.046,24.046,24.046,2,0
PEXL.US,D,20200504,000000,24.062,24.062,24.062,24.062,17,0
PEXL.US,D,20200505,000000,24.47,24.47,24.47,24.47,2,0
PEXL.US,D,20200506,000000,24.494,24.494,24.494,24.494,2,0
PEXL.US,D,20200507,000000,24.923,24.923,24.923,24.923,2,0
PEXL.US,D,20200508,000000,25.537,25.537,25.537,25.537,2,0
PEXL.US,D,20200511,000000,25.436,25.436,25.436,25.436,4,0
PEXL.US,D,20200512,000000,24.763,24.763,24.763,24.763,4,0
PEXL.US,D,20200513,000000,24.054,24.054,24.054,24.054,4,0
PEXL.US,D,20200514,000000,24.344,24.344,24.344,24.344,1,0
PEXL.US,D,20200515,000000,24.407,24.407,24.407,24.407,4,0
PEXL.US,D,20200518,000000,25.609,25.609,25.609,25.609,4,0
PEXL.US,D,20200519,000000,25.551,25.551,25.551,25.551,4,0
PEXL.US,D,20200520,000000,26.059,26.059,26.059,26.059,4,0
PEXL.US,D,20200521,000000,25.768,25.768,25.768,25.768,4,0
PEXL.US,D,20200522,000000,25.831,25.831,25.831,25.831,4,0
PEXL.US,D,20200526,000000,26.465,26.465,26.465,26.465,4,0
PEXL.US,D,20200527,000000,26.901,26.901,26.901,26.901,1,0
PEXL.US,D,20200528,000000,26.644,26.644,26.644,26.644,1,0
PEXL.US,D,20200529,000000,26.775,26.775,26.775,26.775,1,0
PEXL.US,D,20200601,000000,27.044,27.044,27.044,27.044,1,0
PEXL.US,D,20200602,000000,27.267,27.267,27.267,27.267,1,0
PEXL.US,D,20200603,000000,27.944,27.944,27.944,27.944,1,0
PEXL.US,D,20200604,000000,27.832,27.832,27.832,27.832,1,0
PEXL.US,D,20200605,000000,28.908,28.908,28.681,28.681,100,0
PEXL.US,D,20200608,000000,28.948,28.948,28.948,28.948,131,0
PEXL.US,D,20200609,000000,28.628,28.628,28.468,28.468,100,0
PEXL.US,D,20200610,000000,28.142,28.142,28.142,28.142,1,0
PEXL.US,D,20200611,000000,26.249,26.249,26.167,26.167,101,0
PEXL.US,D,20200612,000000,26.656,26.656,26.656,26.656,1,0
PEXL.US,D,20200615,000000,26.952,26.952,26.952,26.952,1,0
PEXL.US,D,20200616,000000,27.415,27.415,27.412,27.412,100,0
PEXL.US,D,20200617,000000,27.271,27.279,27.271,27.279,101,0
PEXL.US,D,20200618,000000,27.141,27.141,27.141,27.141,1,0
PEXL.US,D,20200619,000000,27.115,27.115,27.115,27.115,1,0
PEXL.US,D,20200622,000000,27.221,27.221,27.221,27.221,1,0
PEXL.US,D,20200623,000000,27.339,27.339,27.339,27.339,102,0
PEXL.US,D,20200624,000000,26.862,26.862,26.486,26.486,101,0
PEXL.US,D,20200625,000000,26.404,26.755,26.404,26.755,108,0
PEXL.US,D,20200626,000000,26.454,26.454,26.365,26.365,100,0
PEXL.US,D,20200629,000000,26.788,26.788,26.788,26.788,1,0
PEXL.US,D,20200630,000000,27.241,27.354,27.241,27.354,103,0
PEXL.US,D,20200701,000000,27.311,27.311,27.122,27.122,201,0
PEXL.US,D,20200702,000000,27.435,27.435,27.435,27.435,1,0
PEXL.US,D,20200706,000000,27.866,27.866,27.866,27.866,1,0
PEXL.US,D,20200707,000000,27.524,27.524,27.524,27.524,1,0
PEXL.US,D,20200708,000000,27.663,27.663,27.663,27.663,1,0
PEXL.US,D,20200709,000000,27.64,27.64,27.64,27.64,100,0
PEXL.US,D,20200710,000000,27.64,27.718,27.64,27.718,100,0
PEXL.US,D,20200713,000000,28.059,28.059,27.49,27.49,207,0
PEXL.US,D,20200714,000000,28.054,28.054,28.054,28.054,1,0
PEXL.US,D,20200715,000000,28.566,28.656,28.566,28.656,260,0
PEXL.US,D,20200716,000000,28.486,28.486,28.486,28.486,1,0
PEXL.US,D,20200717,000000,28.736,28.736,28.736,28.736,5,0
PEXL.US,D,20200720,000000,28.888,28.888,28.888,28.888,1,0
PEXL.US,D,20200721,000000,28.887,28.887,28.887,28.887,1,0
PEXL.US,D,20200722,000000,29.135,29.135,29.135,29.135,1,0
PEXL.US,D,20200723,000000,29.022,29.022,29.022,29.022,1,0
PEXL.US,D,20200724,000000,28.702,28.702,28.702,28.702,1,0
PEXL.US,D,20200727,000000,29.278,29.278,29.278,29.278,1,0
PEXL.US,D,20200728,000000,28.805,28.805,28.805,28.805,1,0
PEXL.US,D,20200729,000000,29.388,29.388,29.388,29.388,1,0
PEXL.US,D,20200730,000000,29.054,29.267,29.011,29.267,802,0
PEXL.US,D,20200731,000000,29.272,29.272,29.272,29.272,10,0
PEXL.US,D,20200803,000000,29.752,29.752,29.723,29.723,201,0
PEXL.US,D,20200804,000000,29.922,29.922,29.782,29.852,3383,0
PEXL.US,D,20200805,000000,30.186,30.186,30.186,30.186,1,0
PEXL.US,D,20200806,000000,30.161,30.161,30.161,30.161,1,0
PEXL.US,D,20200807,000000,30.116,30.116,30.116,30.116,1,0
PEXL.US,D,20200810,000000,30.362,30.362,30.082,30.204,1393,0
PEXL.US,D,20200811,000000,30.176,30.176,30.176,30.176,1,0
PEXL.US,D,20200812,000000,30.572,30.572,30.572,30.572,1,0
PEXL.US,D,20200813,000000,30.508,30.508,30.508,30.508,1,0
PEXL.US,D,20200814,000000,30.422,30.422,30.422,30.422,1,0
PEXL.US,D,20200817,000000,30.584,30.584,30.584,30.584,1,0
PEXL.US,D,20200818,000000,30.57,30.57,30.428,30.428,654,0
PEXL.US,D,20200819,000000,30.383,30.383,30.383,30.383,1,0
PEXL.US,D,20200820,000000,30.258,30.258,30.258,30.258,1,0
PEXL.US,D,20200821,000000,30.199,30.199,30.199,30.199,1,0
PEXL.US,D,20200824,000000,30.447,30.447,30.447,30.447,1,0
PEXL.US,D,20200825,000000,30.579,30.579,30.579,30.579,1,0
PEXL.US,D,20200826,000000,30.78,30.78,30.78,30.78,1,0
PEXL.US,D,20200827,000000,30.587,30.587,30.587,30.587,20,0
PEXL.US,D,20200828,000000,30.75,30.949,30.634,30.949,2609,0
PEXL.US,D,20200831,000000,30.812,30.812,30.812,30.812,10,0
PEXL.US,D,20200901,000000,31.065,31.065,31.065,31.065,10,0
PEXL.US,D,20200902,000000,31.805,31.805,31.805,31.805,1,0
PEXL.US,D,20200903,000000,30.414,30.414,30.414,30.414,23,0
PEXL.US,D,20200904,000000,29.902,30.11,29.902,30.11,200,0
PEXL.US,D,20200908,000000,29.524,29.524,29.271,29.271,200,0
PEXL.US,D,20200909,000000,29.929,29.929,29.929,29.929,1,0
PEXL.US,D,20200910,000000,29.568,29.568,29.568,29.568,1,0
PEXL.US,D,20200911,000000,29.567,29.567,29.567,29.567,1,0
PEXL.US,D,20200914,000000,30.044,30.044,30.044,30.044,1,0
PEXL.US,D,20200915,000000,30.23,30.23,30.23,30.23,1,0
PEXL.US,D,20200916,000000,30.099,30.099,30.099,30.099,68,0
PEXL.US,D,20200917,000000,29.938,29.938,29.938,29.938,1,0
PEXL.US,D,20200918,000000,29.619,29.619,29.619,29.619,1,0
PEXL.US,D,20200921,000000,28.995,28.995,28.995,28.995,1,0
PEXL.US,D,20200922,000000,29.199,29.199,29.199,29.199,1,0
PEXL.US,D,20200923,000000,28.5,28.5,28.5,28.5,1,0
PEXL.US,D,20200924,000000,28.63,28.63,28.63,28.63,1,0
PEXL.US,D,20200925,000000,28.702,28.972,28.702,28.972,1273,0
PEXL.US,D,20200928,000000,29.577,29.577,29.577,29.577,5,0
PEXL.US,D,20200929,000000,29.591,29.625,29.591,29.598,200,0
PEXL.US,D,20200930,000000,29.781,29.781,29.781,29.781,1,0
PEXL.US,D,20201001,000000,29.895,29.895,29.895,29.895,1,0
PEXL.US,D,20201002,000000,29.767,29.767,29.767,29.767,1,0
PEXL.US,D,20201005,000000,30.501,30.501,30.501,30.501,18,0
PEXL.US,D,20201006,000000,30.3,30.3,30.3,30.3,1,0
PEXL.US,D,20201007,000000,30.913,30.913,30.913,30.913,1,0
PEXL.US,D,20201008,000000,31.142,31.142,31.142,31.142,1,0
PEXL.US,D,20201009,000000,31.456,31.456,31.456,31.456,1,0
PEXL.US,D,20201012,000000,31.821,31.821,31.821,31.821,8,0
PEXL.US,D,20201013,000000,31.676,31.676,31.676,31.676,1,0
PEXL.US,D,20201014,000000,31.553,31.553,31.553,31.553,1,0
PEXL.US,D,20201015,000000,31.638,31.638,31.638,31.638,100,0
PEXL.US,D,20201016,000000,31.787,31.787,31.613,31.613,300,0
PEXL.US,D,20201019,000000,31.239,31.239,31.239,31.239,1,0
PEXL.US,D,20201020,000000,31.456,31.456,31.456,31.456,1,0
PEXL.US,D,20201021,000000,31.279,31.279,31.279,31.279,1,0
PEXL.US,D,20201022,000000,31.532,31.532,31.532,31.532,5,0
PEXL.US,D,20201023,000000,31.637,31.637,31.637,31.637,1,0
PEXL.US,D,20201026,000000,30.854,30.854,30.854,30.854,1,0
PEXL.US,D,20201027,000000,30.633,30.633,30.633,30.633,1,0
PEXL.US,D,20201028,000000,29.624,29.624,29.624,29.624,1,0
PEXL.US,D,20201029,000000,30.19,30.19,30.19,30.19,1,0
PEXL.US,D,20201030,000000,29.759,29.759,29.759,29.759,1,0
PEXL.US,D,20201102,000000,30.418,30.418,30.418,30.418,1,0
PEXL.US,D,20201103,000000,31.074,31.074,31.074,31.074,1,0
PEXL.US,D,20201104,000000,31.37,31.37,31.37,31.37,1,0
PEXL.US,D,20201105,000000,32.098,32.415,32.098,32.415,160,0
PEXL.US,D,20201106,000000,32.512,32.512,32.512,32.512,1,0
PEXL.US,D,20201109,000000,33.699,33.699,32.949,32.949,150,0
PEXL.US,D,20201110,000000,32.667,32.667,32.667,32.667,3,0
PEXL.US,D,20201111,000000,32.986,32.986,32.986,32.986,1,0
PEXL.US,D,20201112,000000,32.487,32.487,32.487,32.487,3,0
PEXL.US,D,20201113,000000,33.01,33.01,33.01,33.01,1,0
PEXL.US,D,20201116,000000,33.48,33.48,33.48,33.48,92,0
PEXL.US,D,20201117,000000,33.444,33.444,33.444,33.444,90,0
PEXL.US,D,20201118,000000,33.444,33.444,33.084,33.084,2187,0
PEXL.US,D,20201119,000000,33.358,33.358,33.358,33.358,2,0
PEXL.US,D,20201120,000000,33.301,33.301,33.301,33.301,2,0
PEXL.US,D,20201123,000000,33.651,33.651,33.651,33.651,80,0
PEXL.US,D,20201124,000000,34.146,34.146,34.146,34.146,70,0
PEXL.US,D,20201125,000000,33.943,33.943,33.943,33.943,2,0
PEXL.US,D,20201127,000000,34.191,34.191,34.191,34.191,2,0
PEXL.US,D,20201130,000000,34.043,34.043,34.034,34.034,245,0
PEXL.US,D,20201201,000000,34.458,34.458,34.458,34.458,2,0
PEXL.US,D,20201202,000000,34.455,34.455,34.455,34.455,8,0
PEXL.US,D,20201203,000000,34.515,34.515,34.515,34.515,62,0
PEXL.US,D,20201204,000000,35.231,35.231,35.231,35.231,1,0
PEXL.US,D,20201207,000000,35.251,35.251,35.147,35.147,105,0
PEXL.US,D,20201209,000000,34.934,34.934,34.934,34.934,1,0
PEXL.US,D,20201210,000000,34.939,34.979,34.939,34.939,5,0
PEXL.US,D,20201211,000000,34.799,34.799,34.799,34.799,2,0
PEXL.US,D,20201214,000000,34.824,34.844,34.824,34.824,5,0
PEXL.US,D,20201215,000000,35.42,35.42,35.42,35.42,1,0
PEXL.US,D,20201216,000000,35.324,35.324,35.324,35.324,1,0
PEXL.US,D,20201217,000000,35.634,35.634,35.634,35.634,1,0
PEXL.US,D,20201218,000000,35.747,35.747,35.747,35.747,1,0
PEXL.US,D,20201221,000000,35.455,35.455,35.455,35.455,6,0
PEXL.US,D,20201222,000000,35.473,35.473,35.473,35.473,4,0
PEXL.US,D,20201223,000000,35.596,35.596,35.596,35.596,31,0
PEXL.US,D,20201224,000000,35.664,35.664,35.664,35.664,30,0
PEXL.US,D,20201228,000000,35.658,35.658,35.658,35.658,2,0
PEXL.US,D,20201229,000000,35.412,35.412,35.412,35.412,6,0
PEXL.US,D,20201230,000000,35.811,35.811,35.811,35.811,2,0
PEXL.US,D,20201231,000000,35.947,35.947,35.947,35.947,3,0
PEXL.US,D,20210104,000000,35.591,35.591,35.591,35.591,5,0
PEXL.US,D,20210105,000000,36.08,36.238,36.08,36.238,1506,0
PEXL.US,D,20210106,000000,36.986,36.986,36.986,36.986,1,0
PEXL.US,D,20210107,000000,37.792,37.792,37.792,37.792,1,0
PEXL.US,D,20210108,000000,37.801,37.801,37.801,37.801,28,0
PEXL.US,D,20210111,000000,37.731,37.731,37.731,37.731,1,0
PEXL.US,D,20210112,000000,37.943,37.943,37.943,37.943,1,0
PEXL.US,D,20210113,000000,37.69,37.69,37.69,37.69,3,0
PEXL.US,D,20210114,000000,37.879,37.879,37.879,37.879,1,0
PEXL.US,D,20210115,000000,37.429,37.429,37.429,37.429,1,0
PEXL.US,D,20210119,000000,37.891,37.891,37.891,37.891,2,0
PEXL.US,D,20210120,000000,38.28,38.28,38.217,38.217,277,0
PEXL.US,D,20210121,000000,38.098,38.098,38.098,38.098,13,0
PEXL.US,D,20210122,000000,37.899,37.909,37.791,37.909,2327,0
PEXL.US,D,20210125,000000,37.663,37.663,37.663,37.663,2,0
PEXL.US,D,20210126,000000,37.2,37.2,37.2,37.2,15,0
PEXL.US,D,20210127,000000,35.986,35.986,35.986,35.986,53,0
PEXL.US,D,20210128,000000,36.1,36.558,36.07,36.558,333,0
PEXL.US,D,20210129,000000,35.887,35.887,35.887,35.887,6,0
PEXL.US,D,20210201,000000,36.64,36.64,36.64,36.64,5,0
PEXL.US,D,20210202,000000,37.059,37.059,37.059,37.059,2,0
PEXL.US,D,20210203,000000,36.883,36.883,36.883,36.883,3,0
PEXL.US,D,20210204,000000,37.136,37.136,37.136,37.136,1,0
PEXL.US,D,20210205,000000,37.372,37.372,37.372,37.372,2,0
PEXL.US,D,20210208,000000,37.931,37.931,37.931,37.931,2,0
PEXL.US,D,20210209,000000,37.91,37.933,37.88,37.933,353,0
PEXL.US,D,20210210,000000,37.896,37.896,37.896,37.896,2,0
PEXL.US,D,20210211,000000,38.28,38.304,38.28,38.304,483,0
PEXL.US,D,20210212,000000,38.66,38.66,38.66,38.66,3,0
PEXL.US,D,20210216,000000,38.643,38.643,38.643,38.643,1,0
PEXL.US,D,20210217,000000,38.368,38.368,38.368,38.368,159,0
PEXL.US,D,20210218,000000,37.927,37.927,37.875,37.875,263,0
PEXL.US,D,20210219,000000,38.264,38.264,38.264,38.264,3,0
PEXL.US,D,20210222,000000,37.791,37.791,37.791,37.791,106,0
PEXL.US,D,20210223,000000,37.799,37.799,37.799,37.799,49,0
PEXL.US,D,20210224,000000,38.513,38.513,38.513,38.513,22,0
PEXL.US,D,20210225,000000,37.29,37.29,37.29,37.29,32,0
PEXL.US,D,20210226,000000,37.342,37.342,37.342,37.342,12,0
PEXL.US,D,20210301,000000,38.21,38.231,38.21,38.231,427,0
PEXL.US,D,20210302,000000,37.771,37.771,37.771,37.771,2,0
PEXL.US,D,20210303,000000,37.63,37.63,37.153,37.153,200,0
PEXL.US,D,20210304,000000,36.079,36.079,36.079,36.079,3,0
PEXL.US,D,20210305,000000,37.015,37.015,37.015,37.015,2,0
PEXL.US,D,20210308,000000,36.64,36.64,36.64,36.64,12,0
PEXL.US,D,20210309,000000,37.281,37.281,37.281,37.281,92,0
PEXL.US,D,20210310,000000,37.74,37.74,37.488,37.488,265,0
PEXL.US,D,20210311,000000,38.132,38.132,38.132,38.132,10,0
PEXL.US,D,20210312,000000,38.02,38.133,38.02,38.133,106,0
PEXL.US,D,20210315,000000,38.577,38.577,38.577,38.577,11,0
PEXL.US,D,20210316,000000,38.405,38.405,38.405,38.405,187,0
PEXL.US,D,20210317,000000,38.624,38.624,38.624,38.624,42,0
PEXL.US,D,20210318,000000,37.878,37.878,37.878,37.878,52,0
PEXL.US,D,20210319,000000,37.962,37.962,37.962,37.962,1,0
PEXL.US,D,20210322,000000,38.1797,38.1797,38.1797,38.1797,3,0
PEXL.US,D,20210323,000000,37.2994,37.2994,37.2994,37.2994,26,0
PEXL.US,D,20210324,000000,37.0715,37.0715,37.0715,37.0715,4,0
PEXL.US,D,20210325,000000,36.58,37.3672,36.58,37.3672,365,0
PEXL.US,D,20210326,000000,38.4275,38.4275,38.4275,38.4275,4,0
PEXL.US,D,20210329,000000,38.1214,38.1214,38.1214,38.1214,5,0
PEXL.US,D,20210330,000000,38.1206,38.1206,38.1206,38.1206,29,0
PEXL.US,D,20210331,000000,38.596,38.6619,38.596,38.6619,264,0
PEXL.US,D,20210401,000000,39.2875,39.2875,39.2875,39.2875,5,0
PEXL.US,D,20210405,000000,39.8989,39.8989,39.8989,39.8989,4,0
PEXL.US,D,20210406,000000,39.935,39.935,39.8354,39.8354,508,0
PEXL.US,D,20210407,000000,39.709,39.71,39.6038,39.6038,1922,0
PEXL.US,D,20210408,000000,39.8788,39.8788,39.8788,39.8788,263,0
PEXL.US,D,20210409,000000,40.0733,40.0733,40.0733,40.0733,4,0
PEXL.US,D,20210412,000000,40.0223,40.0223,40.0223,40.0223,1,0
PEXL.US,D,20210413,000000,40.0479,40.1262,40.0479,40.1262,364,0
PEXL.US,D,20210414,000000,40.0565,40.0565,40.0565,40.0565,3,0
PEXL.US,D,20210415,000000,40.5791,40.5791,40.5791,40.5791,1,0
PEXL.US,D,20210416,000000,40.7499,40.7499,40.6665,40.6665,112,0
PEXL.US,D,20210419,000000,40.29,40.31,40.29,40.2902,257,0
PEXL.US,D,20210420,000000,39.8763,39.8763,39.8763,39.8763,13,0
PEXL.US,D,20210421,000000,40.5082,40.5082,40.5082,40.5082,128,0
PEXL.US,D,20210422,000000,40.83,40.83,40.3064,40.3064,443,0
PEXL.US,D,20210423,000000,40.9243,40.9243,40.9243,40.9243,1,0
PEXL.US,D,20210426,000000,41.33,41.33,41.1875,41.1875,105,0
PEXL.US,D,20210427,000000,41.0101,41.2275,41.0101,41.0354,497,0
PEXL.US,D,20210428,000000,41.099,41.1,40.9681,40.9681,301,0
PEXL.US,D,20210429,000000,40.903,40.903,40.903,40.903,1,0
PEXL.US,D,20210430,000000,40.2231,40.2231,40.2231,40.2231,15,0
PEXL.US,D,20210503,000000,40.121,40.172,40.12,40.172,390,0
PEXL.US,D,20210504,000000,39.6861,39.6861,39.6861,39.6861,278,0
PEXL.US,D,20210505,000000,39.9981,39.9981,39.9981,39.9981,1,0
PEXL.US,D,20210506,000000,40.1781,40.1781,40.1781,40.1781,5,0
PEXL.US,D,20210507,000000,40.7703,40.7703,40.7703,40.7703,6,0
PEXL.US,D,20210510,000000,39.9221,39.9221,39.9221,39.9221,11,0
PEXL.US,D,20210511,000000,39.6715,39.6715,39.6715,39.6715,13,0
PEXL.US,D,20210512,000000,38.5217,38.5217,38.5217,38.5217,90,0
PEXL.US,D,20210513,000000,39.0522,39.0522,39.0522,39.0522,52,0
PEXL.US,D,20210514,000000,39.8533,39.8533,39.8533,39.8533,8,0
PEXL.US,D,20210517,000000,39.7732,39.7732,39.7732,39.7732,5,0
PEXL.US,D,20210518,000000,39.9,39.9,39.4935,39.4935,960,0
PEXL.US,D,20210519,000000,38.47,39.4035,38.47,39.4035,274,0
PEXL.US,D,20210520,000000,40.0268,40.0268,40.0268,40.0268,8,0
PEXL.US,D,20210521,000000,40.1963,40.1963,40.1963,40.1963,3,0
PEXL.US,D,20210524,000000,40.6066,40.6066,40.6066,40.6066,78,0
PEXL.US,D,20210525,000000,40.5722,40.5722,40.5722,40.5722,2,0
PEXL.US,D,20210526,000000,40.7175,40.7419,40.7175,40.7419,300,0
PEXL.US,D,20210527,000000,41.0516,41.0516,41.0516,41.0516,2,0
PEXL.US,D,20210528,000000,41.1724,41.1724,41.114,41.114,301,0
PEXL.US,D,20210601,000000,41.05,41.1069,41.05,41.1069,246,0
PEXL.US,D,20210602,000000,40.9701,41.0065,40.9701,41.0065,233,0
PEXL.US,D,20210603,000000,40.7407,40.7407,40.7407,40.7407,1,0
PEXL.US,D,20210604,000000,41.2178,41.2178,41.2178,41.2178,29,0
PEXL.US,D,20210607,000000,41.0419,41.0419,41.0419,41.0419,7,0
PEXL.US,D,20210608,000000,41.1834,41.1834,41.1834,41.1834,56,0
PEXL.US,D,20210609,000000,41.2094,41.2094,41.0293,41.0293,112,0
PEXL.US,D,20210610,000000,41.29,41.3614,41.29,41.3614,305,0
PEXL.US,D,20210611,000000,41.4931,41.4931,41.4931,41.4931,11,0
PEXL.US,D,20210614,000000,41.4756,41.4756,41.4756,41.4756,1,0
PEXL.US,D,20210615,000000,41.54,41.54,41.3445,41.3445,343,0
PEXL.US,D,20210616,000000,41.091,41.091,41.091,41.091,102,0
PEXL.US,D,20210617,000000,40.913,40.913,40.913,40.913,10,0
PEXL.US,D,20210618,000000,40.2748,40.2748,40.2748,40.2748,4,0
PEXL.US,D,20210621,000000,40.7877,40.7877,40.7877,40.7877,3,0
PEXL.US,D,20210622,000000,40.9469,40.9469,40.9469,40.9469,128,0
PEXL.US,D,20210623,000000,40.9822,40.9822,40.9822,40.9822,10,0
PEXL.US,D,20210624,000000,41.4649,41.4649,41.4649,41.4649,1,0
PEXL.US,D,20210625,000000,41.5546,41.5546,41.5546,41.5546,6,0
PEXL.US,D,20210628,000000,41.8267,41.8267,41.8267,41.8267,12,0
PEXL.US,D,20210629,000000,41.9633,41.9633,41.9633,41.9633,8,0
PEXL.US,D,20210630,000000,41.955,41.955,41.9367,41.9367,214,0
PEXL.US,D,20210701,000000,41.9732,41.9732,41.9732,41.9732,96,0
PEXL.US,D,20210702,000000,42.1168,42.1168,42.1168,42.1168,2,0
PEXL.US,D,20210706,000000,41.721,41.8302,41.72,41.8302,501,0
PEXL.US,D,20210707,000000,41.857,41.857,41.857,41.857,6,0
PEXL.US,D,20210708,000000,41.3657,41.3657,41.3657,41.3657,13,0
PEXL.US,D,20210709,000000,42.0345,42.0345,42.0345,42.0345,1,0
PEXL.US,D,20210712,000000,42.1944,42.1944,42.1944,42.1944,23,0
PEXL.US,D,20210713,000000,42.12,42.12,41.8359,41.8359,228,0
PEXL.US,D,20210714,000000,41.613,41.613,41.613,41.613,2,0
PEXL.US,D,20210715,000000,41.3205,41.3205,41.3205,41.3205,1,0
PEXL.US,D,20210716,000000,40.8614,40.8614,40.8614,40.8614,4,0
PEXL.US,D,20210719,000000,40.269,40.269,40.269,40.269,17,0
PEXL.US,D,20210720,000000,41.1658,41.1658,41.1658,41.1658,55,0
PEXL.US,D,20210721,000000,41.6756,41.6756,41.6756,41.6756,4,0
PEXL.US,D,20210722,000000,41.6561,41.6561,41.6561,41.6561,1,0
PEXL.US,D,20210723,000000,42.1375,42.1375,42.1375,42.1375,1,0
PEXL.US,D,20210726,000000,42.1834,42.1834,42.1834,42.1834,1,0
PEXL.US,D,20210727,000000,41.8383,41.8383,41.8383,41.8383,3,0
PEXL.US,D,20210728,000000,42.3434,42.3434,42.3434,42.3434,1,0
PEXL.US,D,20210729,000000,42.7521,42.7521,42.7521,42.7521,75,0
PEXL.US,D,20210730,000000,42.72,42.8969,42.72,42.8969,104,0
PEXL.US,D,20210802,000000,42.8254,42.8254,42.8254,42.8254,4,0
PEXL.US,D,20210803,000000,43.1109,43.1109,43.1109,43.1109,7,0
PEXL.US,D,20210804,000000,43.149,43.15,43.075,43.075,500,0
PEXL.US,D,20210805,000000,43.1614,43.1614,43.1614,43.1614,1,0
PEXL.US,D,20210806,000000,43.118,43.118,43.118,43.118,2,0
PEXL.US,D,20210809,000000,42.9935,42.9935,42.9935,42.9935,6,0
PEXL.US,D,20210810,000000,43.05,43.05,42.9506,42.9506,351,0
PEXL.US,D,20210811,000000,43.0432,43.0432,43.0432,43.0432,4,0
PEXL.US,D,20210812,000000,42.9,43.023,42.9,43.023,179,0
PEXL.US,D,20210813,000000,43.0478,43.0478,43.0478,43.0478,6,0
PEXL.US,D,20210816,000000,43.103,43.103,43.103,43.103,213,0
PEXL.US,D,20210817,000000,42.5942,42.5942,42.5942,42.5942,11,0
PEXL.US,D,20210818,000000,42.52,42.52,42.2075,42.2075,503,0
PEXL.US,D,20210819,000000,42.1267,42.1267,42.1051,42.1051,254,0
PEXL.US,D,20210820,000000,42.22,42.4009,42.22,42.4009,448,0
PEXL.US,D,20210823,000000,42.9755,42.978,42.9755,42.978,290,0
PEXL.US,D,20210824,000000,43.222,43.222,43.222,43.222,1,0
