<TICKER>,<PER>,<DATE>,<TIME>,<OPEN>,<HIGH>,<LOW>,<CLOSE>,<VOL>,<OPENINT>
CENHW.US,D,20210414,000000,1.17,1.17,0.84,0.84,404,0
CENHW.US,D,20210420,000000,0.8,1,0.8,1,6582,0
CENHW.US,D,20210421,000000,0.9999,0.9999,0.9999,0.9999,102,0
CENHW.US,D,20210423,000000,0.95,0.95,0.8,0.8,5152,0
CENHW.US,D,20210426,000000,0.82,0.82,0.8,0.82,1346,0
CENHW.US,D,20210427,000000,0.8,0.8,0.7909,0.7909,1121,0
CENHW.US,D,20210428,000000,0.7,0.8,0.66,0.8,82547,0
CENHW.US,D,20210429,000000,0.8,0.836,0.8,0.8071,25648,0
CENHW.US,D,20210503,000000,1.08,1.08,0.81,0.86,1693,0
CENHW.US,D,20210504,000000,0.7001,0.93,0.7001,0.93,1778,0
CENHW.US,D,20210511,000000,1.06,1.06,0.8,0.8,48389,0
CENHW.US,D,20210512,000000,0.86,1,0.8101,0.88,799554,0
CENHW.US,D,20210513,000000,0.95,1.09,0.9025,0.99,329067,0
CENHW.US,D,20210514,000000,1.01,1.01,0.9001,0.92,67407,0
CENHW.US,D,20210517,000000,0.9,0.96,0.855,0.855,45377,0
CENHW.US,D,20210518,000000,0.855,0.9,0.8,0.82,155397,0
CENHW.US,D,20210519,000000,0.8001,0.93,0.8,0.82,203852,0
CENHW.US,D,20210520,000000,0.81,0.919899,0.81,0.86,226642,0
CENHW.US,D,20210521,000000,0.83,0.8997,0.82,0.8922,45416,0
CENHW.US,D,20210524,000000,0.8997,0.93,0.87,0.92,30972,0
CENHW.US,D,20210525,000000,0.93,0.96,0.87,0.95,79695,0
CENHW.US,D,20210526,000000,0.95,1.01,0.91,0.975,89075,0
CENHW.US,D,20210527,000000,1,1,0.91,0.9502,84987,0
CENHW.US,D,20210528,000000,0.8567,1.01,0.8567,0.99,44619,0
CENHW.US,D,20210601,000000,0.8701,0.99,0.8701,0.97,7414,0
CENHW.US,D,20210602,000000,0.987,0.99,0.95,0.97,65131,0
CENHW.US,D,20210603,000000,0.98,1,0.98,0.99,12033,0
CENHW.US,D,20210607,000000,1.04,1.11,1.04,1.1,19287,0
CENHW.US,D,20210608,000000,1.1,1.2521,1.1,1.25,28296,0
CENHW.US,D,20210609,000000,1.28,1.33,1.17,1.33,442056,0
CENHW.US,D,20210610,000000,1.36,1.43,1.36,1.36,114272,0
CENHW.US,D,20210611,000000,1.27,1.4,1.27,1.36,65999,0
CENHW.US,D,20210614,000000,1.31,1.4,1.3,1.3712,17960,0
CENHW.US,D,20210615,000000,1.29,1.37,1.29,1.37,3060,0
CENHW.US,D,20210616,000000,1.37,1.38,1.28,1.32,116542,0
CENHW.US,D,20210617,000000,1.37,1.45,1.37,1.4,411415,0
CENHW.US,D,20210618,000000,1.41,1.45,1.36,1.37,9612,0
CENHW.US,D,20210621,000000,1.5,1.5,1.36,1.36,12088,0
CENHW.US,D,20210622,000000,1.38,1.39,1.355,1.39,6755,0
CENHW.US,D,20210623,000000,1.39,1.45,1.39,1.4,22286,0
CENHW.US,D,20210624,000000,1.375,1.42,1.375,1.39,275240,0
CENHW.US,D,20210625,000000,1.4723,1.4723,1.41,1.41,6304,0
CENHW.US,D,20210628,000000,1.47,1.47,1.39,1.4,86211,0
CENHW.US,D,20210629,000000,1.39,1.41,1.35,1.41,24573,0
CENHW.US,D,20210630,000000,1.39,1.4,1.39,1.395,27157,0
CENHW.US,D,20210701,000000,1.4,1.4,1.33,1.33,17976,0
CENHW.US,D,20210702,000000,1.46,1.46,1.38,1.43,6890,0
CENHW.US,D,20210706,000000,1.46,1.49,1.4,1.45,54294,0
CENHW.US,D,20210707,000000,1.45,1.46,1.35,1.36,7527,0
CENHW.US,D,20210708,000000,1.38,1.38,1.28,1.33,56748,0
CENHW.US,D,20210709,000000,1.4134,1.4134,1.35,1.4,7975,0
CENHW.US,D,20210713,000000,1.49,1.49,1.36,1.44,224288,0
CENHW.US,D,20210714,000000,1.4116,1.49,1.4116,1.48,1126,0
CENHW.US,D,20210715,000000,1.46,1.58,1.41,1.41,9466,0
CENHW.US,D,20210716,000000,1.46,1.47,1.44,1.46,16112,0
CENHW.US,D,20210719,000000,1.38,1.49,1.36,1.4,4048,0
CENHW.US,D,20210720,000000,1.3999,1.4899,1.39,1.39,16223,0
CENHW.US,D,20210721,000000,1.46,1.46,1.4,1.4,16614,0
CENHW.US,D,20210722,000000,1.4,1.4,1.39,1.4,143952,0
CENHW.US,D,20210723,000000,1.47,1.48,1.41,1.45,11445,0
CENHW.US,D,20210726,000000,1.4501,1.49,1.45,1.45,28026,0
CENHW.US,D,20210727,000000,1.45,1.45,1.45,1.45,1829,0
CENHW.US,D,20210728,000000,1.4,1.4,1.4,1.4,67864,0
CENHW.US,D,20210729,000000,1.395,1.4,1.37,1.4,127727,0
CENHW.US,D,20210730,000000,1.36,1.39,1.31,1.35,34996,0
CENHW.US,D,20210802,000000,1.07,1.45,1.07,1.44,100930,0
CENHW.US,D,20210803,000000,1.44,1.44,1.42,1.42,29849,0
CENHW.US,D,20210804,000000,1.36,1.4,1.355,1.36,18059,0
CENHW.US,D,20210805,000000,1.36,1.36,1.31,1.31,12484,0
CENHW.US,D,20210806,000000,1.2838,1.3,1.25,1.25,57006,0
CENHW.US,D,20210809,000000,1.2999,1.3,1.25,1.26,53875,0
CENHW.US,D,20210810,000000,1.25,1.3,1.25,1.3,26052,0
CENHW.US,D,20210811,000000,1.25,1.29,1.25,1.25,10104,0
CENHW.US,D,20210812,000000,1.24,1.4,1.24,1.31,6724,0
CENHW.US,D,20210813,000000,1.31,1.35,1.26,1.3099,14050,0
CENHW.US,D,20210816,000000,1.1801,1.235,1.1801,1.235,5466,0
CENHW.US,D,20210817,000000,1.24,1.24,1.2,1.24,66296,0
CENHW.US,D,20210818,000000,1.09,1.2,1.08,1.1605,49298,0
CENHW.US,D,20210819,000000,1.2,1.2,1.08,1.1,60127,0
CENHW.US,D,20210820,000000,1.12,1.17,1.11,1.1399,31410,0
CENHW.US,D,20210823,000000,1.15,1.1999,1.15,1.18,22221,0
CENHW.US,D,20210824,000000,1.19,1.27,1.09,1.18,56723,0
CENHW.US,D,20210825,000000,1.1999,1.25,1.08,1.17,89589,0
