<TICKER>,<PER>,<DATE>,<TIME>,<OPEN>,<HIGH>,<LOW>,<CLOSE>,<VOL>,<OPENINT>
FLMN.US,D,20170908,000000,7.7746,7.7746,7.7746,7.7746,124,0
FLMN.US,D,20171012,000000,7.7025,7.7025,7.7025,7.7025,49229,0
FLMN.US,D,20171016,000000,7.7025,7.7025,7.6622,7.7025,259365,0
FLMN.US,D,20171017,000000,7.7025,7.7025,7.7025,7.7025,6232,0
FLMN.US,D,20171019,000000,7.7025,7.7746,7.6863,7.6863,88615,0
FLMN.US,D,20171020,000000,7.6944,7.6944,7.6944,7.6944,124,0
FLMN.US,D,20171025,000000,7.7025,7.7025,7.7025,7.7025,6232,0
FLMN.US,D,20171030,000000,7.6704,7.6863,7.6704,7.6863,9809,0
FLMN.US,D,20171102,000000,7.6863,7.6863,7.6863,7.6863,11778,0
FLMN.US,D,20171107,000000,7.6863,7.6863,7.6863,7.6863,185583,0
FLMN.US,D,20171113,000000,7.6704,7.7025,7.6704,7.7025,3863,0
FLMN.US,D,20171117,000000,7.7025,7.7025,7.7025,7.7025,1370,0
FLMN.US,D,20171127,000000,7.7025,7.7025,7.7025,7.7025,1246,0
FLMN.US,D,20171128,000000,7.6704,7.7025,7.6704,7.7025,9970,0
FLMN.US,D,20171130,000000,7.6704,7.7025,7.6704,7.7025,1218,0
FLMN.US,D,20171204,000000,7.7025,7.7025,7.7025,7.7025,248,0
FLMN.US,D,20171206,000000,7.7025,7.7025,7.7025,7.7025,124,0
FLMN.US,D,20171211,000000,7.7025,7.7025,7.6863,7.7025,12088,0
FLMN.US,D,20171214,000000,7.7025,7.7025,7.7025,7.7025,440221,0
FLMN.US,D,20180105,000000,7.7429,7.7429,7.7429,7.7429,126149,0
FLMN.US,D,20180109,000000,7.7827,7.7827,7.7827,7.7827,460,0
FLMN.US,D,20180111,000000,7.7429,7.7429,7.7429,7.7429,5608,0
FLMN.US,D,20180119,000000,7.7827,7.7827,7.7827,7.7827,543,0
FLMN.US,D,20180124,000000,7.7266,7.7266,7.7186,7.7266,314235,0
FLMN.US,D,20180126,000000,7.8226,7.8226,7.7186,7.7266,63277,0
FLMN.US,D,20180129,000000,7.7186,7.7266,7.7186,7.7266,623670,0
FLMN.US,D,20180131,000000,7.7186,7.7186,7.7186,7.7186,2881,0
FLMN.US,D,20180201,000000,7.7105,7.8226,7.7105,7.8226,1238,0
FLMN.US,D,20180202,000000,7.8549,7.8549,7.8549,7.8549,225,0
FLMN.US,D,20180206,000000,7.8629,7.8629,7.7025,7.8629,1610,0
FLMN.US,D,20180207,000000,7.7105,7.7105,7.7025,7.7025,1128,0
FLMN.US,D,20180208,000000,7.8629,7.8629,7.7186,7.7186,1217,0
FLMN.US,D,20180209,000000,7.7025,7.7186,7.7025,7.7186,187203,0
FLMN.US,D,20180212,000000,7.7186,7.7266,7.7186,7.7266,566450,0
FLMN.US,D,20180214,000000,7.7827,7.7827,7.7186,7.7827,750680,0
FLMN.US,D,20180215,000000,7.7429,7.7429,7.7186,7.7204,375000,0
FLMN.US,D,20180216,000000,7.7204,7.7204,7.7204,7.7204,635,0
FLMN.US,D,20180220,000000,7.7266,7.7266,7.7186,7.7186,994,0
FLMN.US,D,20180226,000000,7.7186,7.7186,7.7186,7.7186,10480,0
FLMN.US,D,20180227,000000,7.7186,7.7186,7.7186,7.7186,2692937,0
FLMN.US,D,20180228,000000,7.7186,7.7186,7.7186,7.7186,11102,0
FLMN.US,D,20180301,000000,7.7266,7.7454,7.7186,7.7454,1736,0
FLMN.US,D,20180302,000000,7.7585,7.7585,7.7266,7.7266,1107,0
FLMN.US,D,20180306,000000,7.7266,7.7266,7.7186,7.7266,1453,0
FLMN.US,D,20180308,000000,7.7186,7.7186,7.7186,7.7186,601,0
FLMN.US,D,20180312,000000,7.7502,7.7502,7.7186,7.7186,4810,0
FLMN.US,D,20180315,000000,7.7186,7.7186,7.7186,7.7186,3245,0
FLMN.US,D,20180319,000000,7.7025,7.7105,7.7025,7.7025,908,0
FLMN.US,D,20180320,000000,7.7025,7.9033,7.7025,7.7186,33790,0
FLMN.US,D,20180322,000000,7.7349,7.7349,7.7349,7.7349,392,0
FLMN.US,D,20180323,000000,7.7186,7.7186,7.7186,7.7186,392,0
FLMN.US,D,20180328,000000,7.7186,7.7186,7.7186,7.7186,1246,0
FLMN.US,D,20180329,000000,7.7186,7.7186,7.7186,7.7186,626,0
FLMN.US,D,20180403,000000,7.7186,7.7186,7.7186,7.7186,1196,0
FLMN.US,D,20180409,000000,7.7266,7.7349,7.7266,7.7349,1391,0
FLMN.US,D,20180413,000000,7.5982,7.7349,7.5982,7.7349,3599,0
FLMN.US,D,20180416,000000,7.7266,7.7266,7.7266,7.7266,297,0
FLMN.US,D,20180426,000000,7.9914,8.0236,7.9914,8.0236,5736,0
FLMN.US,D,20180427,000000,7.9033,7.9033,7.7429,7.7429,314,0
FLMN.US,D,20180430,000000,7.7349,7.7349,7.7349,7.7349,3208,0
FLMN.US,D,20180502,000000,7.7429,7.7827,7.7429,7.7827,173718,0
FLMN.US,D,20180503,000000,7.7502,7.7664,7.7502,7.7664,4080,0
FLMN.US,D,20180504,000000,7.7585,7.7585,7.7585,7.7585,453672,0
FLMN.US,D,20180507,000000,7.7664,7.7664,7.7664,7.7664,461,0
FLMN.US,D,20180508,000000,7.7664,7.7664,7.7664,7.7664,466,0
FLMN.US,D,20180510,000000,7.7827,7.7907,7.7746,7.7907,8350,0
FLMN.US,D,20180511,000000,7.7827,7.7827,7.7827,7.7827,124,0
FLMN.US,D,20180514,000000,7.8226,7.8306,7.7827,7.8306,163667,0
FLMN.US,D,20180517,000000,7.7827,7.8549,7.7827,7.8549,6367,0
FLMN.US,D,20180521,000000,7.7907,7.7907,7.7867,7.7907,18727,0
FLMN.US,D,20180522,000000,7.7989,7.7989,7.7989,7.7989,13325,0
FLMN.US,D,20180523,000000,7.7907,7.7989,7.7907,7.7989,124137,0
FLMN.US,D,20180524,000000,7.7827,7.7989,7.7827,7.7827,26097,0
FLMN.US,D,20180604,000000,8.1839,8.1839,8.1032,8.1032,3764423,0
FLMN.US,D,20180605,000000,8.143,8.143,7.983,8.1032,785561,0
FLMN.US,D,20180606,000000,8.1116,8.1354,8.0963,8.1023,1015779,0
FLMN.US,D,20180607,000000,8.1032,8.1201,8.0963,8.1116,1027402,0
FLMN.US,D,20180608,000000,8.1201,8.1201,8.0963,8.1032,961043,0
FLMN.US,D,20180611,000000,8.1032,8.1762,8.0963,8.1762,1961581,0
FLMN.US,D,20180612,000000,8.1762,8.1762,8.1201,8.1285,702106,0
FLMN.US,D,20180613,000000,8.1285,8.1285,8.1285,8.1285,2371,0
FLMN.US,D,20180614,000000,8.1354,8.1514,8.1354,8.1514,1756401,0
FLMN.US,D,20180615,000000,8.1514,8.1839,8.1514,8.1676,961251,0
FLMN.US,D,20180618,000000,8.1796,8.1839,8.1599,8.1599,103204,0
FLMN.US,D,20180619,000000,8.1599,8.1762,8.143,8.143,116750,0
FLMN.US,D,20180620,000000,8.1839,8.1839,8.143,8.143,349273,0
FLMN.US,D,20180622,000000,8.1762,8.1839,8.1514,8.1514,166799,0
FLMN.US,D,20180626,000000,8.143,8.143,8.1277,8.143,9349,0
FLMN.US,D,20180627,000000,8.1032,8.1676,8.1032,8.143,15435,0
FLMN.US,D,20180628,000000,8.143,8.1514,8.1032,8.1514,21259,0
FLMN.US,D,20180629,000000,8.1354,8.1599,8.1354,8.143,10176,0
FLMN.US,D,20180702,000000,8.1032,8.1676,8.1032,8.1354,2048,0
FLMN.US,D,20180703,000000,8.143,8.143,8.1354,8.1354,130577,0
FLMN.US,D,20180705,000000,8.1514,8.1514,8.1032,8.1032,373,0
FLMN.US,D,20180706,000000,8.1032,8.143,8.1032,8.143,787,0
FLMN.US,D,20180709,000000,8.1599,8.1599,8.0878,8.0878,645,0
FLMN.US,D,20180710,000000,8.1354,8.1676,8.1285,8.143,82320,0
FLMN.US,D,20180711,000000,8.1032,8.1676,8.1032,8.1514,699171,0
FLMN.US,D,20180712,000000,8.1676,8.1676,8.1116,8.1514,14018,0
FLMN.US,D,20180713,000000,8.143,8.1676,8.143,8.1599,103222,0
FLMN.US,D,20180716,000000,8.1599,8.216,8.1505,8.1514,121062,0
FLMN.US,D,20180717,000000,8.1514,8.1514,8.143,8.1514,40967,0
FLMN.US,D,20180718,000000,8.1514,8.1514,8.143,8.1455,603430,0
FLMN.US,D,20180719,000000,8.1201,8.1558,8.1201,8.1201,324754,0
FLMN.US,D,20180720,000000,8.1514,8.2636,8.143,8.2042,415895,0
FLMN.US,D,20180723,000000,8.1923,8.2636,8.1514,8.194,248751,0
FLMN.US,D,20180724,000000,8.2236,8.2278,8.2085,8.2236,198184,0
FLMN.US,D,20180725,000000,8.2236,8.2483,8.2229,8.2398,236707,0
FLMN.US,D,20180726,000000,8.1923,8.3202,8.1923,8.2888,644391,0
FLMN.US,D,20180727,000000,8.3037,8.4,8.2888,8.3123,811096,0
FLMN.US,D,20180730,000000,8.36,8.4088,8.3531,8.3846,416421,0
FLMN.US,D,20180731,000000,8.4,8.5448,8.3444,8.3765,865597,0
FLMN.US,D,20180801,000000,8.4244,8.4639,8.4044,8.4639,750098,0
FLMN.US,D,20180802,000000,8.4639,8.504,8.4244,8.4639,1315807,0
FLMN.US,D,20180803,000000,8.4897,8.6283,8.4639,8.5777,1608677,0
FLMN.US,D,20180806,000000,8.6418,8.6649,8.5608,8.5848,1042601,0
FLMN.US,D,20180807,000000,8.6577,8.7057,8.5608,8.6248,3468152,0
FLMN.US,D,20180808,000000,8.7859,8.7859,8.6327,8.6327,671618,0
FLMN.US,D,20180809,000000,8.7057,8.8254,8.6453,8.6737,2821999,0
FLMN.US,D,20180810,000000,8.7382,8.7859,8.6807,8.7456,1402172,0
FLMN.US,D,20180813,000000,8.8254,8.8254,8.7456,8.8013,1756589,0
FLMN.US,D,20180814,000000,8.6807,9.0269,8.6807,8.954,2197049,0
FLMN.US,D,20180815,000000,8.6807,8.9455,8.0963,8.8254,1259448,0
FLMN.US,D,20180816,000000,8.8652,8.9072,8.761,8.8179,658827,0
FLMN.US,D,20180817,000000,8.8689,8.9867,8.8366,8.954,788078,0
FLMN.US,D,20180820,000000,9.0026,9.07,8.9867,9.0344,505548,0
FLMN.US,D,20180821,000000,9.0671,9.1074,8.996,9.0578,581189,0
FLMN.US,D,20180822,000000,9.0859,9.1453,9.0859,9.0981,64718,0
FLMN.US,D,20180823,000000,9.1224,9.1453,9.0578,9.0578,46311,0
FLMN.US,D,20180824,000000,9.0747,9.3182,9.0747,9.1453,145005,0
FLMN.US,D,20180827,000000,9.3545,9.3545,9.2031,9.2271,203112,0
FLMN.US,D,20180828,000000,9.2271,9.3545,9.1867,9.2425,403536,0
FLMN.US,D,20180829,000000,9.3251,9.3251,9.1149,9.2194,114977,0
FLMN.US,D,20180830,000000,9.1453,9.2271,9.1074,9.1392,283990,0
FLMN.US,D,20180831,000000,9.1453,9.3388,9.07,9.1392,40200,0
FLMN.US,D,20180904,000000,9.1453,9.2425,9.0981,9.2271,122704,0
FLMN.US,D,20180905,000000,9.2511,9.3868,9.1819,9.2916,963394,0
FLMN.US,D,20180906,000000,9.3065,9.3065,9.1578,9.2194,131215,0
FLMN.US,D,20180907,000000,9.0981,9.1392,9.0269,9.0981,430883,0
FLMN.US,D,20180910,000000,9.0981,9.2916,9.0437,9.0905,503829,0
FLMN.US,D,20180911,000000,9.0981,9.1626,9.0344,9.153,241170,0
FLMN.US,D,20180912,000000,9.1722,9.2271,8.9072,8.9783,210195,0
FLMN.US,D,20180913,000000,9.153,9.2194,9.0981,9.1453,101894,0
FLMN.US,D,20180914,000000,9.1453,9.1819,8.9708,9.1074,468190,0
FLMN.US,D,20180917,000000,9.1149,9.1867,8.8809,8.9941,159754,0
FLMN.US,D,20180918,000000,8.8059,9.2271,8.8059,9.0671,325576,0
FLMN.US,D,20180919,000000,9.0176,9.2271,9.0176,9.0437,613707,0
FLMN.US,D,20180920,000000,9.1224,9.2271,8.9455,9.0269,1347960,0
FLMN.US,D,20180921,000000,9.0344,9.1867,8.7859,9.0269,1085890,0
FLMN.US,D,20180924,000000,9.0269,9.2271,8.9306,9.0269,1055379,0
FLMN.US,D,20180925,000000,8.9867,9.179,8.9623,9.0269,619792,0
FLMN.US,D,20180926,000000,9.1453,9.1453,8.9708,8.9783,180548,0
FLMN.US,D,20180927,000000,9.0437,9.0747,8.8504,8.9128,190842,0
FLMN.US,D,20180928,000000,8.9306,9.0503,8.8254,8.8254,262931,0
FLMN.US,D,20181001,000000,8.8735,9.2675,8.7538,9.0269,197473,0
FLMN.US,D,20181002,000000,9.0437,9.0671,8.8254,9.0671,228609,0
FLMN.US,D,20181003,000000,9.0981,9.0981,8.73,8.8735,1403474,0
FLMN.US,D,20181004,000000,8.842,8.9455,8.73,8.7859,750491,0
FLMN.US,D,20181005,000000,8.7933,8.9623,8.761,8.8254,154047,0
FLMN.US,D,20181008,000000,8.8254,8.9708,8.73,8.8179,111289,0
FLMN.US,D,20181009,000000,8.8809,8.8903,8.7057,8.7209,650995,0
FLMN.US,D,20181010,000000,8.7057,8.8179,8.3444,8.4244,653220,0
FLMN.US,D,20181011,000000,8.4088,8.6088,8.3244,8.4088,294326,0
FLMN.US,D,20181012,000000,8.5848,8.6088,8.2314,8.4,279998,0
FLMN.US,D,20181015,000000,8.441,8.5697,8.2957,8.3444,244301,0
FLMN.US,D,20181016,000000,8.4175,8.7057,8.2483,8.5848,49526,0
FLMN.US,D,20181017,000000,8.6497,8.6497,8.3037,8.4639,70205,0
FLMN.US,D,20181018,000000,8.5848,8.5848,8.3037,8.3679,30827,0
FLMN.US,D,20181019,000000,8.441,8.5608,8.2957,8.3846,66015,0
FLMN.US,D,20181022,000000,8.3367,8.5848,8.2483,8.36,47820,0
FLMN.US,D,20181023,000000,8.3123,8.3123,7.7746,7.9273,345026,0
FLMN.US,D,20181024,000000,8.0393,8.0635,7.7827,7.7989,62094,0
FLMN.US,D,20181025,000000,7.871,8.143,7.6222,8.0709,550208,0
FLMN.US,D,20181026,000000,7.8226,8.0154,7.7867,7.983,57971,0
FLMN.US,D,20181029,000000,8.0393,8.0393,7.4456,7.582,201758,0
FLMN.US,D,20181030,000000,7.3816,7.7827,7.3293,7.6863,233310,0
FLMN.US,D,20181031,000000,7.7502,8.0921,7.7502,7.8629,470430,0
FLMN.US,D,20181101,000000,7.871,8.1032,7.7585,7.7907,206408,0
FLMN.US,D,20181102,000000,7.8306,7.871,7.5419,7.582,187823,0
FLMN.US,D,20181105,000000,7.6222,7.8873,7.6222,7.8226,27345,0
FLMN.US,D,20181106,000000,7.8954,7.9355,7.6542,7.7827,52639,0
FLMN.US,D,20181107,000000,7.6286,8.0743,7.6286,7.7827,55125,0
FLMN.US,D,20181108,000000,7.6449,7.9206,7.3936,7.4989,104095,0
FLMN.US,D,20181109,000000,6.4572,7.6327,5.9992,7.2961,514754,0
FLMN.US,D,20181112,000000,7.2476,7.6369,6.8463,6.9396,291685,0
FLMN.US,D,20181113,000000,6.8503,7.1341,6.4857,6.5342,141317,0
FLMN.US,D,20181114,000000,6.5425,6.7773,6.3963,6.6073,148407,0
FLMN.US,D,20181115,000000,6.5098,6.6234,6.0883,6.4207,409731,0
FLMN.US,D,20181116,000000,6.3802,6.6234,6.2342,6.4857,207699,0
FLMN.US,D,20181119,000000,6.1207,6.8828,6.1207,6.6963,198293,0
FLMN.US,D,20181120,000000,6.3152,6.6234,6.1532,6.2666,105033,0
FLMN.US,D,20181121,000000,6.4531,6.7208,6.3395,6.4857,86934,0
FLMN.US,D,20181123,000000,6.4207,7.0044,6.1612,6.2426,51441,0
FLMN.US,D,20181126,000000,6.5503,6.7855,6.2426,6.4045,85694,0
FLMN.US,D,20181127,000000,6.4087,6.437,6.0803,6.0963,135179,0
FLMN.US,D,20181128,000000,6.0963,6.2426,5.8289,6.2099,95026,0
FLMN.US,D,20181129,000000,6.5098,6.5098,6.2018,6.2829,353321,0
FLMN.US,D,20181130,000000,6.3315,6.3315,5.9992,6.2426,258658,0
FLMN.US,D,20181203,000000,6.3152,6.5503,6.2587,6.4937,532395,0
FLMN.US,D,20181204,000000,6.4045,6.5342,6.0235,6.1612,74932,0
FLMN.US,D,20181206,000000,6.1774,6.4207,5.772,5.9828,70535,0
FLMN.US,D,20181207,000000,6.2666,6.3235,6.1207,6.1288,184958,0
FLMN.US,D,20181210,000000,6.1288,6.1288,5.8289,5.9504,100148,0
FLMN.US,D,20181211,000000,5.9828,6.7287,5.9828,6.1207,807334,0
FLMN.US,D,20181212,000000,6.1288,6.3559,6.0803,6.0883,123015,0
FLMN.US,D,20181213,000000,6.0235,6.0398,5.8126,5.9262,85353,0
FLMN.US,D,20181214,000000,6.0559,6.0721,5.8208,5.9587,4270448,0
FLMN.US,D,20181217,000000,6.2829,6.4045,5.9828,6.0721,590946,0
FLMN.US,D,20181218,000000,6.0235,6.1937,5.918,5.9828,635133,0
FLMN.US,D,20181219,000000,5.9667,6.1288,5.9424,6.0641,710713,0
FLMN.US,D,20181220,000000,5.9099,6.0559,5.8126,5.9424,568602,0
FLMN.US,D,20181221,000000,5.8858,6.5503,5.7641,5.7641,2469638,0
FLMN.US,D,20181224,000000,5.7236,5.8046,5.5208,5.6991,978495,0
FLMN.US,D,20181226,000000,5.7236,6.0721,5.4398,6.0721,559204,0
FLMN.US,D,20181227,000000,5.9424,6.3072,5.8695,6.2829,234590,0
FLMN.US,D,20181228,000000,6.4207,6.7693,6.3072,6.6478,236212,0
FLMN.US,D,20181231,000000,6.6802,6.964,6.4207,6.8909,284795,0
FLMN.US,D,20190102,000000,6.8016,7.3286,6.664,6.9152,189669,0
FLMN.US,D,20190103,000000,6.9234,7.4989,6.4288,6.8016,235552,0
FLMN.US,D,20190104,000000,6.8909,7.0369,6.8016,6.972,126883,0
FLMN.US,D,20190107,000000,6.9396,7.2718,6.8909,7.1503,376196,0
FLMN.US,D,20190108,000000,7.2558,7.2558,6.8787,6.9315,163677,0
FLMN.US,D,20190109,000000,7.0369,7.2558,6.9396,7.1261,223784,0
FLMN.US,D,20190110,000000,7.1018,7.2558,6.9922,7.1179,190004,0
FLMN.US,D,20190111,000000,7.0855,7.2273,6.9152,6.9152,239990,0
FLMN.US,D,20190114,000000,6.8909,7.1503,6.8909,6.9802,104907,0
FLMN.US,D,20190115,000000,7.0449,7.1503,6.8586,6.8828,103413,0
FLMN.US,D,20190116,000000,6.9071,7.0531,6.7855,6.9071,134796,0
FLMN.US,D,20190117,000000,6.8586,6.9882,6.6963,6.8016,188548,0
FLMN.US,D,20190118,000000,6.899,7.1097,6.7127,6.8096,262706,0
FLMN.US,D,20190122,000000,6.8423,7.0044,6.4694,6.4773,198278,0
FLMN.US,D,20190123,000000,6.5666,6.818,6.364,6.4857,141562,0
FLMN.US,D,20190124,000000,6.4045,6.7046,6.3478,6.5666,134930,0
FLMN.US,D,20190125,000000,6.5262,6.8096,6.4857,6.6397,128970,0
FLMN.US,D,20190128,000000,6.5425,6.664,6.3315,6.5262,126560,0
FLMN.US,D,20190129,000000,6.518,6.7371,6.5019,6.6073,491449,0
FLMN.US,D,20190130,000000,6.6802,6.6963,6.5828,6.664,409367,0
FLMN.US,D,20190131,000000,6.6802,6.7451,6.3559,6.5019,183892,0
FLMN.US,D,20190201,000000,6.4857,6.8423,6.4857,6.8423,212092,0
FLMN.US,D,20190204,000000,6.7127,6.7935,6.4653,6.6478,378906,0
FLMN.US,D,20190205,000000,6.5586,6.7208,6.4857,6.4857,207366,0
FLMN.US,D,20190206,000000,6.7287,6.9882,6.5503,6.5666,233223,0
FLMN.US,D,20190207,000000,6.4937,6.5425,5.7964,5.8613,426095,0
FLMN.US,D,20190208,000000,5.7803,6.1207,5.7803,5.9504,418090,0
FLMN.US,D,20190211,000000,6.0074,6.0559,5.8695,5.8938,162701,0
FLMN.US,D,20190212,000000,5.9992,6.1333,5.7884,5.8775,284310,0
FLMN.US,D,20190213,000000,5.8858,6.0194,5.8858,5.918,184871,0
FLMN.US,D,20190214,000000,5.9262,6.4613,5.9262,6.3719,581902,0
FLMN.US,D,20190215,000000,6.3963,6.5302,6.364,6.4857,355203,0
FLMN.US,D,20190219,000000,6.5425,6.6882,6.4977,6.518,122687,0
FLMN.US,D,20190220,000000,6.493,6.7009,6.4431,6.5428,116673,0
FLMN.US,D,20190221,000000,6.5346,6.5471,6.3351,6.3766,82952,0
FLMN.US,D,20190222,000000,6.3683,6.518,6.2603,6.3351,69816,0
FLMN.US,D,20190225,000000,6.3433,6.4681,6.2519,6.3933,59298,0
FLMN.US,D,20190226,000000,6.4183,6.6845,6.4016,6.4431,175186,0
FLMN.US,D,20190227,000000,6.4431,6.5845,6.3186,6.4764,176400,0
FLMN.US,D,20190228,000000,6.5264,6.601,6.4057,6.4431,106406,0
FLMN.US,D,20190301,000000,6.4431,6.6469,6.4431,6.518,71845,0
FLMN.US,D,20190304,000000,6.6094,6.6845,6.4848,6.5929,107639,0
FLMN.US,D,20190305,000000,6.5845,6.6845,6.4848,6.676,95231,0
FLMN.US,D,20190306,000000,6.5929,6.8007,6.4516,6.5762,396473,0
FLMN.US,D,20190307,000000,6.5679,6.9586,6.5679,6.7175,153496,0
FLMN.US,D,20190308,000000,6.6845,6.7257,6.4681,6.5596,135918,0
FLMN.US,D,20190311,000000,6.6511,6.8173,6.5845,6.7341,97898,0
FLMN.US,D,20190312,000000,6.7341,6.7758,6.5014,6.5097,120489,0
FLMN.US,D,20190313,000000,6.5845,6.7341,6.5845,6.7341,89018,0
FLMN.US,D,20190314,000000,6.7009,6.859,6.6511,6.7925,118895,0
FLMN.US,D,20190315,000000,6.784,7.3326,6.7257,7.2746,411534,0
FLMN.US,D,20190318,000000,7.2413,7.2746,7.0917,7.2746,140271,0
FLMN.US,D,20190319,000000,7.2663,7.2995,7.0998,7.2413,160694,0
FLMN.US,D,20190320,000000,7.2413,7.4574,7.175,7.3326,197531,0
FLMN.US,D,20190321,000000,7.2995,7.4741,7.1914,7.4491,148930,0
FLMN.US,D,20190322,000000,7.4076,7.4159,6.9835,7.0252,96987,0
FLMN.US,D,20190325,000000,6.9586,7.2329,6.7425,7.175,237655,0
FLMN.US,D,20190326,000000,7.258,7.3826,7.175,7.2246,74410,0
FLMN.US,D,20190327,000000,7.2912,7.3826,7.1249,7.2329,73347,0
FLMN.US,D,20190328,000000,7.175,7.2663,7.0668,7.175,86190,0
FLMN.US,D,20190329,000000,7.2496,7.5905,7.2329,7.3493,186556,0
FLMN.US,D,20190401,000000,7.5406,7.5821,7.3626,7.4659,153108,0
FLMN.US,D,20190402,000000,7.5323,7.5655,7.1582,7.5655,189539,0
FLMN.US,D,20190403,000000,7.5655,7.7068,7.4491,7.5821,115001,0
FLMN.US,D,20190404,000000,7.4906,7.632,7.2413,7.5406,59009,0
FLMN.US,D,20190405,000000,7.5574,7.7818,7.499,7.7151,430816,0
FLMN.US,D,20190408,000000,7.8317,7.923,7.5406,7.6153,170116,0
FLMN.US,D,20190409,000000,7.6237,7.6405,7.4076,7.5739,240824,0
FLMN.US,D,20190410,000000,7.5905,7.9181,7.4076,7.6153,101061,0
FLMN.US,D,20190411,000000,7.6237,7.657,7.5072,7.5905,67249,0
FLMN.US,D,20190412,000000,7.7402,7.8814,7.6653,7.7068,149243,0
FLMN.US,D,20190415,000000,7.7402,7.7402,7.3661,7.4491,72800,0
FLMN.US,D,20190416,000000,7.4574,7.6487,7.3745,7.4659,124921,0
FLMN.US,D,20190417,000000,7.4823,7.7233,7.4659,7.6901,316324,0
FLMN.US,D,20190418,000000,7.6986,7.6986,7.4491,7.5239,66416,0
FLMN.US,D,20190422,000000,7.499,7.7233,7.499,7.549,75903,0
FLMN.US,D,20190423,000000,7.5323,7.6487,7.4326,7.5323,98054,0
FLMN.US,D,20190424,000000,7.5905,7.5905,7.3826,7.4409,187570,0
FLMN.US,D,20190425,000000,7.4409,7.5239,7.4409,7.499,74532,0
FLMN.US,D,20190426,000000,7.4574,7.5072,7.341,7.3909,84094,0
FLMN.US,D,20190429,000000,7.3661,7.4574,7.3661,7.3826,102847,0
FLMN.US,D,20190430,000000,7.4409,7.4409,6.8838,7.2081,333996,0
FLMN.US,D,20190501,000000,7.2163,7.2912,6.9627,7.1083,179047,0
FLMN.US,D,20190502,000000,7.0917,7.0998,6.859,6.859,65536,0
FLMN.US,D,20190503,000000,6.9088,7.0668,6.7092,6.9005,57895,0
FLMN.US,D,20190506,000000,6.8671,7.0334,6.7674,6.8671,648449,0
FLMN.US,D,20190507,000000,6.7257,6.9919,6.6511,6.7257,175587,0
FLMN.US,D,20190508,000000,6.6845,6.8671,6.6845,6.7758,141846,0
FLMN.US,D,20190509,000000,6.8256,6.9005,6.7341,6.784,228265,0
FLMN.US,D,20190510,000000,6.8173,6.9005,6.7341,6.8256,244189,0
FLMN.US,D,20190513,000000,6.8337,6.946,6.518,6.7674,321229,0
FLMN.US,D,20190514,000000,6.8007,6.8007,6.6178,6.6262,206010,0
FLMN.US,D,20190515,000000,6.6344,6.784,6.6344,6.7674,365202,0
FLMN.US,D,20190516,000000,6.7759,6.9669,6.725,6.8014,437714,0
FLMN.US,D,20190517,000000,6.8777,6.9374,6.6317,6.6655,134632,0
FLMN.US,D,20190520,000000,6.6145,6.8184,6.6145,6.6824,234402,0
FLMN.US,D,20190521,000000,6.6994,6.759,6.5891,6.708,365537,0
FLMN.US,D,20190522,000000,6.6994,6.708,6.3428,6.4702,351044,0
FLMN.US,D,20190523,000000,6.3513,6.4532,5.9438,6.241,233301,0
FLMN.US,D,20190524,000000,6.3854,6.4192,6.1985,6.4023,478505,0
FLMN.US,D,20190528,000000,6.4362,6.5211,6.1476,6.2325,338350,0
FLMN.US,D,20190529,000000,6.6824,6.7929,6.1307,6.207,535364,0
FLMN.US,D,20190530,000000,6.2835,6.2919,6.1051,6.1476,397673,0
FLMN.US,D,20190531,000000,6.1561,6.309,5.9524,6.2665,251404,0
FLMN.US,D,20190603,000000,6.2665,6.4788,6.2325,6.3938,199116,0
FLMN.US,D,20190604,000000,6.3938,6.7719,6.1646,6.241,291689,0
FLMN.US,D,20190605,000000,6.2835,6.2835,5.9524,6.1476,159733,0
FLMN.US,D,20190606,000000,6.1985,6.2919,6.0456,6.2665,82862,0
FLMN.US,D,20190607,000000,6.3174,6.4108,6.173,6.2665,189222,0
FLMN.US,D,20190610,000000,6.2154,6.2538,5.8674,6.1646,632788,0
FLMN.US,D,20190611,000000,6.2239,6.3938,6.1476,6.2835,101368,0
FLMN.US,D,20190612,000000,6.2919,6.3513,5.9013,5.9947,102733,0
FLMN.US,D,20190613,000000,6.0287,6.1809,5.9311,6.0033,156105,0
FLMN.US,D,20190614,000000,6.0456,6.3938,5.9905,6.3597,154415,0
FLMN.US,D,20190617,000000,6.5975,6.5975,6.4023,6.4023,213845,0
FLMN.US,D,20190618,000000,6.4532,6.8608,6.4515,6.8523,198487,0
FLMN.US,D,20190619,000000,6.8014,6.8777,6.674,6.7165,239132,0
FLMN.US,D,20190620,000000,6.759,7.1835,6.725,6.8354,167343,0
FLMN.US,D,20190621,000000,6.8949,6.9712,6.4108,6.708,216063,0
FLMN.US,D,20190624,000000,6.7503,6.7929,6.6317,6.6402,152769,0
FLMN.US,D,20190625,000000,6.6655,6.9118,6.5891,6.6824,258497,0
FLMN.US,D,20190626,000000,6.7929,7.1324,6.7929,7.005,254740,0
FLMN.US,D,20190627,000000,6.9881,7.209,6.9626,7.0476,247915,0
FLMN.US,D,20190628,000000,7.0731,7.3533,6.8949,7.1324,5649285,0
FLMN.US,D,20190701,000000,7.1751,7.4888,7.1751,7.2683,352943,0
FLMN.US,D,20190702,000000,7.2004,7.2598,7.09,7.1154,183081,0
FLMN.US,D,20190703,000000,7.1324,7.4043,6.9881,7.2344,115015,0
FLMN.US,D,20190705,000000,7.2004,7.209,6.8184,7.039,122707,0
FLMN.US,D,20190708,000000,7.005,7.1069,6.9118,6.9626,163690,0
FLMN.US,D,20190709,000000,6.9287,7.0647,6.7929,7.0561,139336,0
FLMN.US,D,20190710,000000,7.0222,7.118,6.899,6.9034,138354,0
FLMN.US,D,20190711,000000,6.9118,6.9967,6.674,6.742,281442,0
FLMN.US,D,20190712,000000,6.759,6.7759,6.6145,6.657,250012,0
FLMN.US,D,20190715,000000,6.708,6.708,6.5806,6.6655,188700,0
FLMN.US,D,20190716,000000,6.657,6.7844,6.5975,6.5975,119584,0
FLMN.US,D,20190717,000000,6.6231,6.674,6.5382,6.5891,93823,0
FLMN.US,D,20190718,000000,6.5891,6.6655,6.4617,6.6317,160631,0
FLMN.US,D,20190719,000000,6.5806,6.8161,6.5721,6.759,202761,0
FLMN.US,D,20190722,000000,6.8014,6.8777,6.5975,6.7929,73012,0
FLMN.US,D,20190723,000000,6.7929,6.8777,6.6317,6.8694,68465,0
FLMN.US,D,20190724,000000,6.9287,6.9626,6.8097,6.8777,153604,0
FLMN.US,D,20190725,000000,6.8864,6.8864,6.6994,6.6994,79541,0
FLMN.US,D,20190726,000000,6.674,6.7674,6.657,6.708,118455,0
FLMN.US,D,20190729,000000,6.708,6.742,6.606,6.6317,147063,0
FLMN.US,D,20190730,000000,6.5637,6.8777,6.5637,6.7333,138166,0
FLMN.US,D,20190731,000000,6.725,7.0725,6.7165,6.7165,202799,0
FLMN.US,D,20190801,000000,6.6655,6.7844,6.5806,6.6145,257879,0
FLMN.US,D,20190802,000000,6.5637,6.6569,6.4702,6.5891,118110,0
FLMN.US,D,20190805,000000,6.2835,6.4277,5.4002,5.4428,749606,0
FLMN.US,D,20190806,000000,5.324,5.808,5.2646,5.324,326464,0
FLMN.US,D,20190807,000000,5.2646,5.5107,5.1371,5.4088,259639,0
FLMN.US,D,20190808,000000,5.4428,5.4767,5.1541,5.222,339861,0
FLMN.US,D,20190809,000000,5.2391,5.3664,5.1371,5.1796,85422,0
FLMN.US,D,20190812,000000,5.3069,5.4002,5.1965,5.324,223038,0
FLMN.US,D,20190813,000000,5.2476,5.4733,5.2476,5.3069,125587,0
FLMN.US,D,20190814,000000,5.29,5.29,5.0948,5.1371,181009,0
FLMN.US,D,20190815,000000,5.1118,5.1626,4.9418,5.1033,263997,0
FLMN.US,D,20190816,000000,5.1287,5.4938,5.0352,5.3494,133389,0
FLMN.US,D,20190819,000000,5.4258,5.5193,5.2476,5.3748,246580,0
FLMN.US,D,20190820,000000,5.4854,5.566,5.3153,5.4854,264995,0
FLMN.US,D,20190821,000000,5.5531,5.6383,5.4258,5.5531,165638,0
FLMN.US,D,20190822,000000,5.5024,5.6897,5.396,5.4597,290300,0
FLMN.US,D,20190823,000000,5.3555,5.3682,5.1163,5.2163,192336,0
FLMN.US,D,20190826,000000,5.1643,5.3989,5.1556,5.199,138637,0
FLMN.US,D,20190827,000000,5.2336,5.2403,5.0426,5.1729,501219,0
FLMN.US,D,20190828,000000,5.1815,5.1815,5.0426,5.0861,274773,0
FLMN.US,D,20190829,000000,5.1294,5.2077,5.0773,5.0861,116741,0
FLMN.US,D,20190830,000000,5.1121,5.3121,5.0861,5.0948,159273,0
FLMN.US,D,20190903,000000,5.0861,5.1556,4.9991,5.0251,246804,0
FLMN.US,D,20190904,000000,5.0251,5.5554,4.9815,5.3989,433711,0
FLMN.US,D,20190905,000000,5.3989,5.6425,5.3903,5.4163,248185,0
FLMN.US,D,20190906,000000,5.3989,5.6511,5.286,5.625,338617,0
FLMN.US,D,20190909,000000,5.6337,5.912,5.4903,5.8076,170973,0
FLMN.US,D,20190910,000000,5.7727,6.1292,5.7727,5.7989,285373,0
FLMN.US,D,20190911,000000,5.8162,6.2424,5.8162,6.1119,559696,0
FLMN.US,D,20190912,000000,6.0423,6.1206,5.7554,5.8249,167682,0
FLMN.US,D,20190913,000000,5.8162,6.0335,5.7293,5.9034,175575,0
FLMN.US,D,20190916,000000,6.2075,6.2945,6.0076,6.0857,223349,0
FLMN.US,D,20190917,000000,6.0596,6.0684,5.6597,5.7989,163138,0
FLMN.US,D,20190918,000000,5.7902,5.8684,5.7034,5.7989,142667,0
FLMN.US,D,20190919,000000,5.8596,5.9034,5.5903,5.6511,87280,0
FLMN.US,D,20190920,000000,5.6684,5.7946,5.5815,5.7381,765173,0
FLMN.US,D,20190923,000000,5.7815,5.8901,5.7206,5.8076,243939,0
FLMN.US,D,20190924,000000,5.7468,5.877,5.4337,5.512,140421,0
FLMN.US,D,20190925,000000,5.5033,5.5381,5.3173,5.4772,171774,0
FLMN.US,D,20190926,000000,5.4685,5.4685,5.2425,5.2598,138978,0
FLMN.US,D,20190927,000000,5.2685,5.4163,5.1382,5.2163,174447,0
FLMN.US,D,20190930,000000,5.199,5.2511,4.9905,4.9991,390134,0
FLMN.US,D,20191001,000000,5.0251,5.0685,4.7383,4.7816,166396,0
FLMN.US,D,20191002,000000,4.8078,4.8164,4.6686,4.7122,103282,0
FLMN.US,D,20191003,000000,4.6512,4.8861,4.6512,4.7556,201713,0
FLMN.US,D,20191004,000000,4.7122,4.8861,4.6686,4.7296,113050,0
FLMN.US,D,20191007,000000,4.6512,4.8686,4.6512,4.7905,225096,0
FLMN.US,D,20191008,000000,4.9035,5.1556,4.6165,4.7383,253515,0
FLMN.US,D,20191009,000000,4.7816,4.7816,4.6686,4.7644,80788,0
FLMN.US,D,20191010,000000,4.747,5.5425,4.747,5.3424,721461,0
FLMN.US,D,20191011,000000,5.6076,6.2075,5.4233,5.5554,1050236,0
FLMN.US,D,20191014,000000,5.5728,5.6076,5.3555,5.3989,379022,0
FLMN.US,D,20191015,000000,5.3643,5.6511,5.3643,5.5294,236183,0
FLMN.US,D,20191016,000000,5.5468,5.7293,5.5033,5.5381,231598,0
FLMN.US,D,20191017,000000,5.5815,5.7293,5.4772,5.6597,293281,0
FLMN.US,D,20191018,000000,5.6425,5.7206,5.4685,5.4947,283447,0
FLMN.US,D,20191021,000000,5.512,5.6597,5.3903,5.6425,326116,0
FLMN.US,D,20191022,000000,5.6511,5.7206,5.5468,5.5641,351782,0
FLMN.US,D,20191023,000000,5.5903,5.625,5.4337,5.5554,119890,0
FLMN.US,D,20191024,000000,5.6163,5.6597,5.5206,5.5468,98450,0
FLMN.US,D,20191025,000000,5.5033,5.5728,5.2163,5.512,248952,0
FLMN.US,D,20191028,000000,5.5728,5.625,5.4597,5.5381,159197,0
FLMN.US,D,20191029,000000,5.512,5.6511,5.4597,5.512,244238,0
FLMN.US,D,20191030,000000,5.5033,5.5468,5.3295,5.3815,500733,0
FLMN.US,D,20191031,000000,5.3207,5.4597,5.2163,5.3555,165478,0
FLMN.US,D,20191101,000000,5.3989,5.5728,5.3751,5.512,756372,0
FLMN.US,D,20191104,000000,5.5903,5.6859,5.4773,5.6076,401048,0
FLMN.US,D,20191105,000000,5.6772,5.6859,5.4772,5.599,285342,0
FLMN.US,D,20191106,000000,5.5903,5.6425,5.4337,5.4511,175350,0
FLMN.US,D,20191107,000000,5.512,5.5903,5.3207,5.5468,200398,0
FLMN.US,D,20191108,000000,5.2163,5.6667,5.2163,5.5597,263952,0
FLMN.US,D,20191111,000000,5.4337,5.6511,5.4337,5.6337,169495,0
FLMN.US,D,20191112,000000,5.6511,5.8684,5.6337,5.7641,277746,0
FLMN.US,D,20191113,000000,5.6946,5.851,5.5206,5.5815,166814,0
FLMN.US,D,20191114,000000,5.5815,5.7554,5.4772,5.5381,195113,0
FLMN.US,D,20191115,000000,5.599,5.7119,5.5381,5.6163,3214556,0
FLMN.US,D,20191118,000000,5.599,5.8335,5.3469,5.6293,449687,0
FLMN.US,D,20191119,000000,5.5805,5.687,5.4082,5.4782,552680,0
FLMN.US,D,20191120,000000,5.4383,5.6338,5.4205,5.5271,254683,0
FLMN.US,D,20191121,000000,5.5716,5.6428,5.4383,5.5983,197494,0
FLMN.US,D,20191122,000000,5.6071,5.6605,5.5021,5.6428,157472,0
FLMN.US,D,20191125,000000,5.616,5.776,5.5632,5.7492,322580,0
FLMN.US,D,20191126,000000,5.7047,5.8204,5.6958,5.7047,141411,0
FLMN.US,D,20191127,000000,5.7582,5.9093,5.7316,5.7582,167638,0
FLMN.US,D,20191129,000000,5.7226,5.8649,5.6071,5.7316,80659,0
FLMN.US,D,20191202,000000,5.7404,5.7982,5.6693,5.7404,112706,0
FLMN.US,D,20191203,000000,5.6693,5.8115,5.6338,5.7492,174122,0
FLMN.US,D,20191204,000000,5.8115,6.087,5.8115,5.8293,249646,0
FLMN.US,D,20191205,000000,5.8471,5.9522,5.5983,5.6071,204784,0
FLMN.US,D,20191206,000000,5.6249,5.8115,5.5627,5.5894,177498,0
FLMN.US,D,20191209,000000,5.5538,5.5894,5.5094,5.5361,246881,0
FLMN.US,D,20191210,000000,5.5983,5.687,5.5183,5.6338,286243,0
FLMN.US,D,20191211,000000,5.616,5.687,5.5449,5.6781,166414,0
FLMN.US,D,20191212,000000,5.6428,5.8649,5.5983,5.7138,441864,0
FLMN.US,D,20191213,000000,5.7226,5.7937,5.6428,5.7138,263937,0
FLMN.US,D,20191216,000000,5.767,6.0122,5.6958,5.9181,323395,0
FLMN.US,D,20191217,000000,5.927,6.0247,5.8649,6.007,222414,0
FLMN.US,D,20191218,000000,6.0426,6.0603,5.9625,6.0158,248974,0
FLMN.US,D,20191219,000000,6.0247,6.087,5.9892,6.0247,308557,0
FLMN.US,D,20191220,000000,6.0426,6.1225,5.9625,6.087,999852,0
FLMN.US,D,20191223,000000,6.087,6.3002,5.9981,6.238,238520,0
FLMN.US,D,20191224,000000,6.2291,6.398,6.2025,6.3269,85486,0
FLMN.US,D,20191226,000000,6.318,6.4425,6.2647,6.3447,120098,0
FLMN.US,D,20191227,000000,6.3713,6.4246,6.1315,6.1759,278367,0
FLMN.US,D,20191230,000000,6.1759,6.2558,6.158,6.1935,164969,0
FLMN.US,D,20191231,000000,6.1759,6.3002,6.1403,6.2736,112997,0
FLMN.US,D,20200102,000000,6.3358,6.3803,6.1759,6.1759,139758,0
FLMN.US,D,20200103,000000,6.2647,6.398,6.0958,6.1847,199246,0
FLMN.US,D,20200106,000000,6.2824,6.398,6.1668,6.2913,177345,0
FLMN.US,D,20200107,000000,6.238,6.3269,6.238,6.2824,84298,0
FLMN.US,D,20200108,000000,6.247,6.2824,6.0336,6.0648,158845,0
FLMN.US,D,20200109,000000,6.1491,6.1759,6.0158,6.087,268513,0
FLMN.US,D,20200110,000000,6.1137,6.1318,5.927,5.9537,156490,0
FLMN.US,D,20200113,000000,5.9181,5.9892,5.8649,5.9359,156185,0
FLMN.US,D,20200114,000000,5.927,5.9804,5.8649,5.9804,176120,0
FLMN.US,D,20200115,000000,5.9804,6.0381,5.927,5.9981,81206,0
FLMN.US,D,20200116,000000,6.0336,6.2291,6.0336,6.1315,114345,0
FLMN.US,D,20200117,000000,6.1935,6.1935,6.007,6.007,232821,0
FLMN.US,D,20200121,000000,6.087,6.087,5.887,5.8915,189566,0
FLMN.US,D,20200122,000000,5.8915,5.8915,5.6693,5.6958,197879,0
FLMN.US,D,20200123,000000,5.6605,5.6605,5.5004,5.5361,195614,0
FLMN.US,D,20200124,000000,5.5627,5.5627,5.3228,5.3494,196875,0
FLMN.US,D,20200127,000000,5.225,5.2782,4.8872,5.0605,1587424,0
FLMN.US,D,20200128,000000,5.1185,5.2517,5.1006,5.1539,653703,0
FLMN.US,D,20200129,000000,5.1628,5.2384,5.0117,5.0295,155778,0
FLMN.US,D,20200130,000000,4.9762,5.0206,4.7629,4.8695,249621,0
FLMN.US,D,20200131,000000,4.7985,4.9229,4.6962,4.8872,355169,0
FLMN.US,D,20200203,000000,4.4607,4.8162,4.2208,4.3986,574456,0
FLMN.US,D,20200204,000000,4.4252,4.4828,4.2297,4.2341,528533,0
FLMN.US,D,20200205,000000,4.2653,4.3898,4.2208,4.3098,307775,0
FLMN.US,D,20200206,000000,4.372,4.3764,4.1319,4.2121,406433,0
FLMN.US,D,20200207,000000,4.1765,4.2208,4.0432,4.1943,295077,0
FLMN.US,D,20200210,000000,4.1498,4.1676,3.9722,4.0341,487728,0
FLMN.US,D,20200211,000000,4.0786,4.2653,3.981,4.2121,462567,0
FLMN.US,D,20200212,000000,4.2476,4.3365,4.1319,4.2032,146696,0
FLMN.US,D,20200213,000000,4.1319,4.2387,4.1313,4.1498,93513,0
FLMN.US,D,20200214,000000,4.1587,4.1918,4.0075,4.0341,567759,0
FLMN.US,D,20200218,000000,4.0164,4.1319,3.9986,4.1231,208778,0
FLMN.US,D,20200219,000000,4.1231,4.1765,4.0253,4.1231,226964,0
FLMN.US,D,20200220,000000,4.1053,4.2831,4.0875,4.2564,199602,0
FLMN.US,D,20200221,000000,4.2831,4.2831,4.0431,4.0964,208949,0
FLMN.US,D,20200224,000000,4.0323,4.0597,3.8766,3.9315,268385,0
FLMN.US,D,20200225,000000,3.9224,3.9407,3.6658,3.7299,674484,0
FLMN.US,D,20200226,000000,3.7299,3.9315,3.7025,3.7757,250724,0
FLMN.US,D,20200227,000000,3.7575,3.7849,3.4458,3.6841,1282009,0
FLMN.US,D,20200228,000000,3.6107,3.6841,3.5896,3.6611,373505,0
FLMN.US,D,20200302,000000,3.6016,3.675,3.2075,3.4091,342427,0
FLMN.US,D,20200303,000000,3.4091,3.4733,3.2534,3.2717,306186,0
FLMN.US,D,20200304,000000,3.345,3.3908,3.2121,3.3541,405414,0
FLMN.US,D,20200305,000000,3.345,3.4367,3.1617,3.1892,308355,0
FLMN.US,D,20200306,000000,3.125,3.2441,2.9784,3.2441,1411539,0
FLMN.US,D,20200309,000000,2.6394,2.9508,2.3552,2.4744,4152217,0
FLMN.US,D,20200310,000000,2.7402,2.7493,2.3003,2.4744,517189,0
FLMN.US,D,20200311,000000,2.4102,2.447,2.2122,2.2912,401881,0
FLMN.US,D,20200312,000000,2.1994,2.2544,2.0803,2.0895,425657,0
FLMN.US,D,20200313,000000,2.2361,2.403,1.8878,2.0529,615791,0
FLMN.US,D,20200316,000000,1.8328,2.3827,1.8328,2.1811,394983,0
FLMN.US,D,20200317,000000,2.1444,2.4744,2.0986,2.3368,401105,0
FLMN.US,D,20200318,000000,2.1994,2.2269,1.7687,1.8511,532082,0
FLMN.US,D,20200319,000000,1.842,2.5202,1.6495,2.117,309161,0
FLMN.US,D,20200320,000000,2.1537,2.2728,2.016,2.0436,305579,0
FLMN.US,D,20200323,000000,2.0436,2.0986,1.6955,1.8328,287750,0
FLMN.US,D,20200324,000000,1.9521,1.9886,1.4663,1.6313,519829,0
FLMN.US,D,20200325,000000,1.668,2.1994,1.668,2.1444,331022,0
FLMN.US,D,20200326,000000,2.1444,2.2728,1.9795,2.2086,215237,0
FLMN.US,D,20200327,000000,2.117,2.1628,1.8695,1.8878,180588,0
FLMN.US,D,20200330,000000,1.9062,1.9337,1.7412,1.9062,335244,0
FLMN.US,D,20200331,000000,1.9612,2.016,1.8603,1.9703,411296,0
FLMN.US,D,20200401,000000,1.897,2.016,1.7687,1.842,241384,0
FLMN.US,D,20200402,000000,1.8328,2.5202,1.8328,2.2636,375527,0
FLMN.US,D,20200403,000000,2.3003,2.3827,2.0345,2.3827,261139,0
FLMN.US,D,20200406,000000,2.3368,2.3368,1.9703,2.2269,210459,0
FLMN.US,D,20200407,000000,2.2452,2.2686,2.1078,2.1261,211313,0
FLMN.US,D,20200408,000000,2.1537,2.2178,2.0711,2.1719,220615,0
FLMN.US,D,20200409,000000,2.2269,2.3735,2.1444,2.2178,170113,0
FLMN.US,D,20200413,000000,2.2912,2.4331,2.1811,2.1994,171548,0
FLMN.US,D,20200414,000000,2.2178,2.2532,1.9886,1.9977,174830,0
FLMN.US,D,20200415,000000,1.9337,2.0436,1.787,2.0345,228714,0
FLMN.US,D,20200416,000000,2.062,2.062,1.8511,1.8878,106751,0
FLMN.US,D,20200417,000000,1.8878,2.062,1.8603,1.9612,188437,0
FLMN.US,D,20200420,000000,1.9612,2.0711,1.8511,1.8786,257327,0
FLMN.US,D,20200421,000000,1.8786,2.0345,1.8603,1.9703,252902,0
FLMN.US,D,20200422,000000,2.016,2.0986,1.9428,1.9612,223462,0
FLMN.US,D,20200423,000000,2.062,2.1182,1.9337,1.9521,298682,0
FLMN.US,D,20200424,000000,1.9886,2.0436,1.897,1.9153,214400,0
FLMN.US,D,20200427,000000,1.9246,2.0711,1.8786,2.0345,241964,0
FLMN.US,D,20200428,000000,2.0345,2.1661,1.9703,2.0895,187859,0
FLMN.US,D,20200429,000000,2.1994,2.4377,2.1491,2.3368,429645,0
FLMN.US,D,20200430,000000,2.4011,2.447,2.1537,2.2408,392119,0
FLMN.US,D,20200501,000000,2.1628,2.1903,1.9703,2.0436,487910,0
FLMN.US,D,20200504,000000,2.062,2.2912,1.9247,2.016,501276,0
FLMN.US,D,20200505,000000,2.0986,2.3278,2.0345,2.0803,380779,0
FLMN.US,D,20200506,000000,2.0803,2.3094,2.062,2.1949,360849,0
FLMN.US,D,20200507,000000,2.2544,2.3368,2.2133,2.3003,262852,0
FLMN.US,D,20200508,000000,2.2912,2.4286,2.1078,2.2912,409663,0
FLMN.US,D,20200511,000000,2.2912,2.4561,2.2269,2.282,415656,0
FLMN.US,D,20200512,000000,2.282,2.3461,2.1261,2.1444,277810,0
FLMN.US,D,20200513,000000,2.1719,2.1994,1.9703,1.9886,374720,0
FLMN.US,D,20200514,000000,1.9703,2.1353,1.9307,1.9703,262747,0
FLMN.US,D,20200515,000000,2.0254,2.1994,1.9703,2.062,570753,0
FLMN.US,D,20200518,000000,2.2086,2.2728,2.117,2.2086,420271,0
FLMN.US,D,20200519,000000,2.2269,2.2269,2.0895,2.1628,630814,0
FLMN.US,D,20200520,000000,2.2361,2.3187,2.1719,2.2728,469027,0
FLMN.US,D,20200521,000000,2.2587,2.6662,2.249,2.5736,575820,0
FLMN.US,D,20200522,000000,2.5366,2.5366,2.3144,2.3607,381962,0
FLMN.US,D,20200526,000000,2.4533,2.481,2.3561,2.3885,229612,0
FLMN.US,D,20200527,000000,2.4626,2.4996,2.3329,2.444,293844,0
FLMN.US,D,20200528,000000,2.481,2.4857,2.3422,2.3607,210547,0
FLMN.US,D,20200529,000000,2.3422,2.3422,2.1663,2.3052,269992,0
FLMN.US,D,20200601,000000,2.2866,2.4593,2.2775,2.3699,210387,0
FLMN.US,D,20200602,000000,2.3976,2.8977,2.3885,2.5828,436560,0
FLMN.US,D,20200603,000000,2.6292,2.8606,2.6014,2.7867,514998,0
FLMN.US,D,20200604,000000,2.7588,2.8144,2.6847,2.7495,253964,0
FLMN.US,D,20200605,000000,2.7867,3.5087,2.7867,3.3235,579018,0
FLMN.US,D,20200608,000000,3.4716,3.5457,3.3421,3.3883,307120,0
FLMN.US,D,20200609,000000,3.3883,3.416,3.1013,3.3235,211361,0
FLMN.US,D,20200610,000000,3.2494,3.2494,3.0366,3.1383,491985,0
FLMN.US,D,20200611,000000,2.9902,2.9902,2.6939,2.7959,466704,0
FLMN.US,D,20200612,000000,2.9255,2.9559,2.731,2.8606,159262,0
FLMN.US,D,20200615,000000,2.7774,3.1013,2.6662,3.0643,291131,0
FLMN.US,D,20200616,000000,3.2865,3.3235,2.8977,3.018,166914,0
FLMN.US,D,20200617,000000,3.0458,3.0458,2.7867,2.8328,117462,0
FLMN.US,D,20200618,000000,2.7588,2.9306,2.7033,2.8699,180810,0
FLMN.US,D,20200619,000000,2.8791,2.9347,2.7774,2.8421,2341984,0
FLMN.US,D,20200622,000000,2.8606,2.9533,2.7403,2.7959,382538,0
FLMN.US,D,20200623,000000,2.8699,2.8699,2.7616,2.8237,153203,0
FLMN.US,D,20200624,000000,2.7867,2.7959,2.6662,2.6755,193548,0
FLMN.US,D,20200625,000000,2.657,2.768,2.6199,2.7634,142802,0
FLMN.US,D,20200626,000000,2.7495,3.416,2.5505,3.3699,1009298,0
FLMN.US,D,20200629,000000,3.2402,3.2448,2.7588,2.8699,449020,0
FLMN.US,D,20200630,000000,2.8514,2.9902,2.7867,2.9626,269899,0
FLMN.US,D,20200701,000000,2.9347,3.0921,2.9161,2.944,334354,0
FLMN.US,D,20200702,000000,3.0088,3.0643,2.9161,2.944,133051,0
FLMN.US,D,20200706,000000,3.0088,3.0088,2.9255,2.944,335083,0
FLMN.US,D,20200707,000000,2.9718,2.981,2.8606,2.9533,220980,0
FLMN.US,D,20200708,000000,2.944,2.944,2.8328,2.9255,348871,0
FLMN.US,D,20200709,000000,2.9069,2.9626,2.768,2.8237,417702,0
FLMN.US,D,20200710,000000,2.8051,2.944,2.8051,2.944,140306,0
FLMN.US,D,20200713,000000,2.9718,2.9718,2.8328,2.8514,151761,0
FLMN.US,D,20200714,000000,2.8421,2.9718,2.7774,2.8977,190375,0
FLMN.US,D,20200715,000000,2.9718,2.9902,2.9255,2.9626,257432,0
FLMN.US,D,20200716,000000,2.9347,2.9718,2.8606,2.8977,199414,0
FLMN.US,D,20200717,000000,2.8699,2.9533,2.7959,2.8237,88637,0
FLMN.US,D,20200720,000000,2.8051,2.8791,2.62,2.6292,125199,0
FLMN.US,D,20200721,000000,2.6385,2.8237,2.6385,2.7403,196543,0
FLMN.US,D,20200722,000000,2.6939,2.7588,2.6385,2.7125,118306,0
FLMN.US,D,20200723,000000,2.6847,2.7033,2.6014,2.62,89750,0
FLMN.US,D,20200724,000000,2.6292,2.6847,2.5181,2.5366,117160,0
FLMN.US,D,20200727,000000,2.5274,2.5366,2.444,2.481,149957,0
FLMN.US,D,20200728,000000,2.4904,2.5366,2.4347,2.4533,71864,0
FLMN.US,D,20200729,000000,2.4533,2.4996,2.3916,2.4904,77906,0
FLMN.US,D,20200730,000000,2.444,2.4996,2.3699,2.4718,103615,0
FLMN.US,D,20200731,000000,2.4718,2.4904,2.3052,2.3237,143691,0
FLMN.US,D,20200803,000000,2.3515,2.3793,2.2404,2.3144,201629,0
FLMN.US,D,20200804,000000,2.3144,2.3699,2.2587,2.3699,92565,0
FLMN.US,D,20200805,000000,2.4069,2.5274,2.3976,2.4996,114611,0
FLMN.US,D,20200806,000000,2.481,2.8144,2.4618,2.6385,184788,0
FLMN.US,D,20200807,000000,2.6292,2.7495,2.5458,2.6939,88425,0
FLMN.US,D,20200810,000000,2.731,2.8144,2.6939,2.731,170129,0
FLMN.US,D,20200811,000000,2.7867,2.8787,2.731,2.7588,301130,0
FLMN.US,D,20200812,000000,2.7774,2.7774,2.62,2.7033,99593,0
FLMN.US,D,20200813,000000,2.6755,2.7434,2.6477,2.6847,64643,0
FLMN.US,D,20200814,000000,2.6477,2.6801,2.6014,2.6662,64890,0
FLMN.US,D,20200817,000000,2.6662,2.6755,2.5458,2.555,115185,0
FLMN.US,D,20200818,000000,2.5366,2.6153,2.4904,2.6107,128567,0
FLMN.US,D,20200819,000000,2.6107,2.657,2.5921,2.6014,82744,0
FLMN.US,D,20200820,000000,2.5643,2.66,2.5264,2.6107,95787,0
FLMN.US,D,20200821,000000,2.62,2.7125,2.5643,2.6107,157461,0
FLMN.US,D,20200824,000000,2.6668,2.751,2.5545,2.7136,834028,0
FLMN.US,D,20200825,000000,2.6949,2.8258,2.6763,2.7604,363269,0
FLMN.US,D,20200826,000000,2.7791,2.7977,2.4422,2.7698,973039,0
FLMN.US,D,20200827,000000,2.751,2.8258,2.7084,2.8165,321024,0
FLMN.US,D,20200828,000000,2.7977,2.882,2.7977,2.8633,176663,0
FLMN.US,D,20200831,000000,2.8727,2.8915,2.6013,2.6294,196011,0
FLMN.US,D,20200901,000000,2.62,2.751,2.6013,2.7323,176506,0
FLMN.US,D,20200902,000000,2.7417,2.7791,2.592,2.62,153295,0
FLMN.US,D,20200903,000000,2.6481,2.6949,2.6013,2.6107,76856,0
FLMN.US,D,20200904,000000,2.62,2.6294,2.5451,2.5639,58950,0
FLMN.US,D,20200908,000000,2.5545,2.5732,2.5078,2.5264,132487,0
FLMN.US,D,20200909,000000,2.5451,2.5545,2.4797,2.5451,113086,0
FLMN.US,D,20200910,000000,2.592,2.592,2.3862,2.3955,144994,0
FLMN.US,D,20200911,000000,2.4048,2.5825,2.4048,2.5545,197674,0
FLMN.US,D,20200914,000000,2.5732,2.5732,2.4236,2.4422,93259,0
FLMN.US,D,20200915,000000,2.4703,2.5264,2.4048,2.4703,86972,0
FLMN.US,D,20200916,000000,2.4983,2.5825,2.4048,2.5639,110011,0
FLMN.US,D,20200917,000000,2.5358,2.6013,2.4983,2.6013,93441,0
FLMN.US,D,20200918,000000,2.6388,2.6481,2.4329,2.4422,459089,0
FLMN.US,D,20200921,000000,2.4609,2.4609,2.2644,2.2831,237179,0
FLMN.US,D,20200922,000000,2.3112,2.3205,2.2083,2.2738,584705,0
FLMN.US,D,20200923,000000,2.3533,2.3533,2.1615,2.1709,140013,0
FLMN.US,D,20200924,000000,2.1709,2.3112,2.1147,2.1989,127569,0
FLMN.US,D,20200925,000000,2.1709,2.227,2.1522,2.1989,118979,0
FLMN.US,D,20200928,000000,2.2177,2.3862,2.2177,2.3487,77648,0
FLMN.US,D,20200929,000000,2.3767,2.4142,2.3019,2.3955,59279,0
FLMN.US,D,20200930,000000,2.2551,2.5358,2.2364,2.2831,138160,0
FLMN.US,D,20201001,000000,2.2644,2.3205,2.1989,2.2924,64918,0
FLMN.US,D,20201002,000000,2.2644,2.4226,2.2457,2.3019,66214,0
FLMN.US,D,20201005,000000,2.33,2.4048,2.2644,2.3019,77048,0
FLMN.US,D,20201006,000000,2.33,2.4142,2.2738,2.2738,263397,0
FLMN.US,D,20201007,000000,2.2738,2.3487,2.2551,2.3205,44264,0
FLMN.US,D,20201008,000000,2.3487,2.4142,2.33,2.3581,43340,0
FLMN.US,D,20201009,000000,2.3862,2.4329,2.3674,2.4142,52097,0
FLMN.US,D,20201012,000000,2.4048,2.4703,2.3581,2.4095,43482,0
FLMN.US,D,20201013,000000,2.3581,2.4329,2.3487,2.4142,40388,0
FLMN.US,D,20201014,000000,2.4516,2.4703,2.3674,2.3767,78049,0
FLMN.US,D,20201015,000000,2.3581,2.5171,2.3205,2.4609,54640,0
FLMN.US,D,20201016,000000,2.4236,2.4703,2.3628,2.3955,109101,0
FLMN.US,D,20201019,000000,2.4048,2.4142,2.3205,2.3205,44991,0
FLMN.US,D,20201020,000000,2.3487,2.4236,2.2924,2.3955,41831,0
FLMN.US,D,20201021,000000,2.3862,2.3955,2.2738,2.3205,40138,0
FLMN.US,D,20201022,000000,2.3019,2.3205,2.1896,2.1896,311972,0
FLMN.US,D,20201023,000000,2.1989,2.3205,2.1615,2.227,53817,0
FLMN.US,D,20201026,000000,2.1803,2.1896,2.0492,2.0773,88199,0
FLMN.US,D,20201027,000000,2.068,2.1896,2.0398,2.0398,56698,0
FLMN.US,D,20201028,000000,2.1147,2.1147,1.8714,1.8809,141812,0
FLMN.US,D,20201029,000000,1.8714,1.8902,1.7779,1.7826,228967,0
FLMN.US,D,20201030,000000,1.7872,1.8528,1.7124,1.7217,166151,0
FLMN.US,D,20201102,000000,1.7498,1.8341,1.703,1.7591,245020,0
FLMN.US,D,20201103,000000,1.8247,1.8809,1.7779,1.8434,110450,0
FLMN.US,D,20201104,000000,1.8247,1.8714,1.7591,1.8434,44282,0
FLMN.US,D,20201105,000000,1.8714,2.3862,1.8247,2.3394,386409,0
FLMN.US,D,20201106,000000,2.2177,2.33,2.0773,2.0773,359842,0
FLMN.US,D,20201109,000000,2.2738,2.3862,2.2177,2.227,398761,0
FLMN.US,D,20201110,000000,2.2831,2.3487,2.2738,2.3112,223840,0
FLMN.US,D,20201111,000000,2.3112,2.3581,2.1709,2.227,246062,0
FLMN.US,D,20201112,000000,2.2364,2.2551,1.965,1.9744,447376,0
FLMN.US,D,20201113,000000,2.0118,2.1335,1.9744,2.0587,407138,0
FLMN.US,D,20201116,000000,2.068,2.1147,2.0305,2.1054,506657,0
FLMN.US,D,20201117,000000,2.1241,2.2177,2.0118,2.1335,407595,0
FLMN.US,D,20201118,000000,2.1428,2.2021,2.1147,2.1522,333867,0
FLMN.US,D,20201119,000000,2.1522,2.227,2.0867,2.1989,295171,0
FLMN.US,D,20201120,000000,2.1709,2.2457,2.1522,2.1896,381791,0
FLMN.US,D,20201123,000000,2.2329,2.2618,2.1463,2.204,465901,0
FLMN.US,D,20201124,000000,2.2714,2.4735,2.1896,2.4735,967577,0
FLMN.US,D,20201125,000000,2.5216,2.5216,2.2907,2.4446,414570,0
FLMN.US,D,20201127,000000,2.4542,2.4831,2.3773,2.4062,182204,0
FLMN.US,D,20201130,000000,2.3966,2.4062,2.1848,2.2137,346295,0
FLMN.US,D,20201201,000000,2.281,2.2907,2.1078,2.1174,219467,0
FLMN.US,D,20201202,000000,2.127,2.2955,2.127,2.2522,244783,0
FLMN.US,D,20201203,000000,2.2618,2.281,2.1366,2.1655,221194,0
FLMN.US,D,20201204,000000,2.3292,2.3581,2.2377,2.3292,559856,0
FLMN.US,D,20201207,000000,2.3292,2.3869,2.281,2.3581,279252,0
FLMN.US,D,20201208,000000,2.3581,2.7045,2.3581,2.6083,784599,0
FLMN.US,D,20201209,000000,2.6756,2.974,2.6179,2.9066,433459,0
FLMN.US,D,20201210,000000,2.8873,3.0991,2.8393,2.9355,356847,0
FLMN.US,D,20201211,000000,2.9258,3.0799,2.8393,2.8777,237145,0
FLMN.US,D,20201214,000000,2.9355,2.9547,2.7238,2.7334,264066,0
FLMN.US,D,20201215,000000,2.743,2.9932,2.6949,2.9547,285155,0
FLMN.US,D,20201216,000000,2.9644,3.0799,2.897,3.0317,151838,0
FLMN.US,D,20201217,000000,3.0317,3.0799,2.9836,3.0702,162765,0
FLMN.US,D,20201218,000000,3.1184,3.2435,3.0317,3.1184,545409,0
FLMN.US,D,20201221,000000,2.9836,3.0029,2.8393,2.8873,274982,0
FLMN.US,D,20201222,000000,2.8585,2.9162,2.7912,2.8297,242324,0
FLMN.US,D,20201223,000000,2.8393,3.1761,2.8393,3.128,264401,0
FLMN.US,D,20201224,000000,3.1376,3.1761,3.0895,3.128,72219,0
FLMN.US,D,20201228,000000,3.1569,3.1954,3.0317,3.051,161468,0
FLMN.US,D,20201229,000000,3.0799,3.0991,2.8873,2.9258,176412,0
FLMN.US,D,20201230,000000,2.9355,3.0991,2.9353,3.0317,363098,0
FLMN.US,D,20201231,000000,3.0221,3.1954,2.9644,3.0317,679316,0
FLMN.US,D,20210104,000000,3.0799,3.2435,2.9932,3.2243,380305,0
FLMN.US,D,20210105,000000,3.2339,3.3878,3.205,3.2243,536745,0
FLMN.US,D,20210106,000000,3.2916,3.3493,3.205,3.2339,386737,0
FLMN.US,D,20210107,000000,3.2724,3.3589,3.1665,3.1858,579290,0
FLMN.US,D,20210108,000000,3.2243,3.2916,3.128,3.1858,425324,0
FLMN.US,D,20210111,000000,3.1665,3.2676,3.128,3.1858,192813,0
FLMN.US,D,20210112,000000,3.2243,3.5515,3.2243,3.4648,413813,0
FLMN.US,D,20210113,000000,3.4745,3.5034,3.2724,3.3397,203887,0
FLMN.US,D,20210114,000000,3.3686,3.5996,3.3686,3.5226,306687,0
FLMN.US,D,20210115,000000,3.4648,3.5034,3.2916,3.3975,398683,0
FLMN.US,D,20210119,000000,3.4167,3.6478,3.4167,3.5804,239561,0
FLMN.US,D,20210120,000000,3.59,3.6044,3.3301,3.4456,279514,0
FLMN.US,D,20210121,000000,3.4648,3.5405,3.2532,3.3012,267807,0
FLMN.US,D,20210122,000000,3.2339,3.4167,3.1761,3.3975,197211,0
FLMN.US,D,20210125,000000,3.3301,3.3975,3.1473,3.3878,243955,0
FLMN.US,D,20210126,000000,3.4456,3.4456,3.205,3.2146,221067,0
FLMN.US,D,20210127,000000,3.1376,3.3686,3.0799,3.0895,366623,0
FLMN.US,D,20210128,000000,3.1569,3.1858,3.0317,3.1184,168876,0
FLMN.US,D,20210129,000000,3.0799,3.1858,2.9355,2.9451,289962,0
FLMN.US,D,20210201,000000,2.9547,3.2435,2.9547,3.205,641988,0
FLMN.US,D,20210202,000000,3.3108,3.4167,3.205,3.3108,245087,0
FLMN.US,D,20210203,000000,3.3493,3.4841,3.3301,3.4456,754637,0
FLMN.US,D,20210204,000000,3.4648,3.4841,3.3397,3.4456,223154,0
FLMN.US,D,20210205,000000,3.4456,3.513,3.3976,3.4552,331571,0
FLMN.US,D,20210208,000000,3.5996,3.6929,3.5322,3.6189,412107,0
FLMN.US,D,20210209,000000,3.6189,3.6959,3.5707,3.6766,195669,0
FLMN.US,D,20210210,000000,3.667,3.7247,3.5611,3.6863,347024,0
FLMN.US,D,20210211,000000,3.6959,3.7055,3.4937,3.6766,310977,0
FLMN.US,D,20210212,000000,3.7055,3.8402,3.6478,3.8209,273656,0
FLMN.US,D,20210216,000000,3.9268,4.1963,3.9268,4.0616,421719,0
FLMN.US,D,20210217,000000,4.0616,4.1001,3.9846,4.052,324118,0
FLMN.US,D,20210218,000000,4.0616,4.0712,3.9076,3.9653,194165,0
FLMN.US,D,20210219,000000,3.9942,4.0905,3.9268,3.9846,294436,0
FLMN.US,D,20210222,000000,4.0231,4.1579,4.0231,4.1001,344613,0
FLMN.US,D,20210223,000000,4.1242,4.23,4.0038,4.1674,343294,0
FLMN.US,D,20210224,000000,4.1626,4.2703,4.1338,4.1919,277683,0
FLMN.US,D,20210225,000000,4.1528,4.1722,3.9569,3.9569,274313,0
FLMN.US,D,20210226,000000,3.9569,4.0646,3.8002,3.8687,217697,0
FLMN.US,D,20210301,000000,3.9569,4.0461,3.8393,3.9079,237558,0
FLMN.US,D,20210302,000000,3.9275,4.1136,3.9275,4.0156,241802,0
FLMN.US,D,20210303,000000,4.0254,4.2507,4.0254,4.143,410696,0
FLMN.US,D,20210304,000000,4.2213,4.6033,4.0156,4.2311,980825,0
FLMN.US,D,20210305,000000,4.3682,4.5837,4.3389,4.5445,513262,0
FLMN.US,D,20210308,000000,4.6425,4.9265,4.6425,4.7894,662099,0
FLMN.US,D,20210309,000000,4.7894,4.7894,4.3095,4.3291,344359,0
FLMN.US,D,20210310,000000,4.3976,4.7795,4.3633,4.5543,460691,0
FLMN.US,D,20210311,000000,4.5445,4.6131,4.4378,4.5151,188090,0
FLMN.US,D,20210312,000000,4.5151,4.6387,4.3976,4.3976,185325,0
FLMN.US,D,20210315,000000,4.4564,4.5739,4.378,4.476,313344,0
FLMN.US,D,20210316,000000,4.4074,4.4466,4.2703,4.3584,177589,0
FLMN.US,D,20210317,000000,4.3584,4.3878,4.2409,4.3095,119541,0
FLMN.US,D,20210318,000000,4.7306,4.7894,4.4368,4.5935,867803,0
FLMN.US,D,20210319,000000,4.5935,4.7306,4.4074,4.6816,724978,0
FLMN.US,D,20210322,000000,4.7012,4.7012,4.3976,4.4172,333601,0
FLMN.US,D,20210323,000000,4.3486,4.4363,4.2311,4.2899,230558,0
FLMN.US,D,20210324,000000,4.378,4.5151,4.3584,4.4172,329314,0
FLMN.US,D,20210325,000000,4.378,4.3878,4.2017,4.2507,209878,0
FLMN.US,D,20210326,000000,4.2997,4.4172,4.2213,4.4172,162779,0
FLMN.US,D,20210329,000000,4.4074,4.4466,4.3682,4.4074,297327,0
FLMN.US,D,20210330,000000,4.4074,4.4172,4.2899,4.378,124913,0
FLMN.US,D,20210331,000000,4.3486,4.4662,4.3095,4.3976,180023,0
FLMN.US,D,20210401,000000,4.4074,4.6425,4.4074,4.6131,168656,0
FLMN.US,D,20210405,000000,4.6327,4.6523,4.3682,4.4074,256166,0
FLMN.US,D,20210406,000000,4.4466,4.5641,4.427,4.5347,169682,0
FLMN.US,D,20210407,000000,4.5151,4.5837,4.4074,4.476,150693,0
FLMN.US,D,20210408,000000,4.4858,4.4858,4.3388,4.4368,132600,0
FLMN.US,D,20210409,000000,4.4074,4.5249,4.3584,4.4858,122548,0
FLMN.US,D,20210412,000000,4.4368,4.5347,4.3291,4.3682,144291,0
FLMN.US,D,20210413,000000,4.427,4.427,4.3095,4.3878,147587,0
FLMN.US,D,20210414,000000,4.4662,4.5739,4.4172,4.4956,240159,0
FLMN.US,D,20210415,000000,4.5053,4.5053,4.3095,4.3878,259758,0
FLMN.US,D,20210416,000000,4.4074,4.4956,4.2605,4.3878,228763,0
FLMN.US,D,20210419,000000,4.378,4.459,4.3682,4.4466,176858,0
FLMN.US,D,20210420,000000,4.4172,4.4354,4.2115,4.2507,205999,0
FLMN.US,D,20210421,000000,4.2213,4.4074,4.1821,4.3486,156084,0
FLMN.US,D,20210422,000000,4.378,4.4074,4.2605,4.2899,124336,0
FLMN.US,D,20210423,000000,4.2703,4.427,4.2311,4.3388,639699,0
FLMN.US,D,20210426,000000,4.3486,4.4733,4.3486,4.3976,170337,0
FLMN.US,D,20210427,000000,4.4074,4.5151,4.3584,4.427,201510,0
FLMN.US,D,20210428,000000,4.4368,4.5641,4.4368,4.4956,266027,0
FLMN.US,D,20210429,000000,4.5641,4.5739,4.427,4.5151,146260,0
FLMN.US,D,20210430,000000,4.4662,4.5053,4.3486,4.3486,150787,0
FLMN.US,D,20210503,000000,4.4074,4.5347,4.3878,4.5053,339648,0
FLMN.US,D,20210504,000000,4.5151,4.5543,4.3291,4.4956,279005,0
FLMN.US,D,20210505,000000,4.5053,4.6425,4.4661,4.5935,279245,0
FLMN.US,D,20210506,000000,4.6523,4.9951,4.6131,4.8775,449957,0
FLMN.US,D,20210507,000000,4.8677,4.9363,4.7502,4.8775,291960,0
FLMN.US,D,20210510,000000,4.9657,4.9657,4.7208,4.7502,279407,0
FLMN.US,D,20210511,000000,4.7012,4.8971,4.6131,4.8384,228008,0
FLMN.US,D,20210512,000000,4.8384,4.9363,4.6786,4.7306,331023,0
FLMN.US,D,20210513,000000,4.7012,4.8188,4.5837,4.6621,203621,0
FLMN.US,D,20210514,000000,4.7404,4.9559,4.6914,4.8775,520786,0
FLMN.US,D,20210517,000000,4.8873,5.093,4.8188,4.9853,545531,0
FLMN.US,D,20210518,000000,5.044,5.044,4.8286,4.8775,346506,0
FLMN.US,D,20210519,000000,4.8188,4.902,4.6816,4.76,418715,0
FLMN.US,D,20210520,000000,4.76,4.8041,4.6327,4.7012,191088,0
FLMN.US,D,20210521,000000,4.7894,4.8286,4.7012,4.76,430353,0
FLMN.US,D,20210524,000000,4.8,4.87,4.7086,4.8,331046,0
FLMN.US,D,20210525,000000,4.78,4.78,4.5,4.52,483280,0
FLMN.US,D,20210526,000000,4.51,4.71,4.45,4.65,280807,0
FLMN.US,D,20210527,000000,4.65,4.74,4.61,4.69,554887,0
FLMN.US,D,20210528,000000,4.74,4.74,4.6,4.66,161516,0
FLMN.US,D,20210601,000000,4.74,4.83,4.71,4.74,235405,0
FLMN.US,D,20210602,000000,4.75,4.98,4.7,4.94,446108,0
FLMN.US,D,20210603,000000,4.95,5.03,4.8,4.9,399838,0
FLMN.US,D,20210604,000000,4.94,5.2,4.91,5.06,736382,0
FLMN.US,D,20210607,000000,5.1,5.13,4.99,5.07,374362,0
FLMN.US,D,20210608,000000,5.06,5.18,4.95,5.1,398021,0
FLMN.US,D,20210609,000000,5.14,5.14,4.94,4.97,250729,0
FLMN.US,D,20210610,000000,5.05,5.09,4.9,5,224294,0
FLMN.US,D,20210611,000000,5,5.105,4.995,5.09,575286,0
FLMN.US,D,20210614,000000,5.09,5.39,5.09,5.24,312499,0
FLMN.US,D,20210615,000000,5.27,5.31,5.15,5.23,170958,0
FLMN.US,D,20210616,000000,5.2,5.28,5.08,5.22,250563,0
FLMN.US,D,20210617,000000,5.2,5.25,5.05,5.09,349791,0
FLMN.US,D,20210618,000000,5.01,5.09,4.91,4.92,269222,0
FLMN.US,D,20210621,000000,4.95,5.28,4.95,5.28,331998,0
FLMN.US,D,20210622,000000,5.3,5.3,5.04,5.09,253267,0
FLMN.US,D,20210623,000000,5.13,5.16,5.05,5.08,443649,0
FLMN.US,D,20210624,000000,5.12,5.15,5.0599,5.15,284802,0
FLMN.US,D,20210625,000000,5.15,5.275,5.1101,5.18,1452558,0
FLMN.US,D,20210628,000000,5.17,5.17,4.94,4.99,625481,0
FLMN.US,D,20210629,000000,4.96,5.09,4.85,5.03,852081,0
FLMN.US,D,20210630,000000,5.04,5.2,5.03,5.08,334337,0
FLMN.US,D,20210701,000000,5.16,5.255,5.1567,5.2,398944,0
FLMN.US,D,20210702,000000,5.22,5.22,5.08,5.17,260266,0
FLMN.US,D,20210706,000000,5.14,5.14,4.9,4.92,258906,0
FLMN.US,D,20210707,000000,4.9,4.98,4.79,4.81,466329,0
FLMN.US,D,20210708,000000,4.75,4.94,4.7,4.87,167103,0
FLMN.US,D,20210709,000000,4.95,5.13,4.88,5.09,199320,0
FLMN.US,D,20210712,000000,5.04,5.12,4.95,5.02,278474,0
FLMN.US,D,20210713,000000,4.99,5,4.881,4.91,182451,0
FLMN.US,D,20210714,000000,4.93,4.98,4.73,4.77,199277,0
FLMN.US,D,20210715,000000,4.72,4.89,4.72,4.76,392411,0
FLMN.US,D,20210716,000000,4.82,4.83,4.75,4.75,231685,0
FLMN.US,D,20210719,000000,4.61,4.79,4.5107,4.78,277651,0
FLMN.US,D,20210720,000000,4.76,4.88,4.72,4.8,341432,0
FLMN.US,D,20210721,000000,4.87,5.03,4.87,4.96,175150,0
FLMN.US,D,20210722,000000,4.95,4.97,4.81,4.91,124542,0
FLMN.US,D,20210723,000000,4.95,4.9576,4.75,4.86,161353,0
FLMN.US,D,20210726,000000,4.86,5.025,4.86,4.9,133883,0
FLMN.US,D,20210727,000000,4.88,4.92,4.77,4.91,242193,0
FLMN.US,D,20210728,000000,4.92,4.96,4.78,4.91,114916,0
FLMN.US,D,20210729,000000,4.95,4.95,4.82,4.87,106238,0
FLMN.US,D,20210730,000000,4.87,4.87,4.75,4.77,150285,0
FLMN.US,D,20210802,000000,4.78,4.88,4.74,4.75,159620,0
FLMN.US,D,20210803,000000,4.77,4.83,4.66,4.78,160010,0
FLMN.US,D,20210804,000000,4.74,4.82,4.66,4.69,166682,0
FLMN.US,D,20210805,000000,4.99,5,4.7,4.78,361220,0
FLMN.US,D,20210806,000000,4.82,4.82,4.65,4.72,199149,0
FLMN.US,D,20210809,000000,4.74,4.8,4.65,4.7,225122,0
FLMN.US,D,20210810,000000,4.7,4.7399,4.66,4.69,148065,0
FLMN.US,D,20210811,000000,4.7,4.73,4.61,4.71,223037,0
FLMN.US,D,20210812,000000,4.71,4.73,4.58,4.61,333905,0
FLMN.US,D,20210813,000000,4.61,4.61,4.36,4.5,638899,0
FLMN.US,D,20210816,000000,4.48,4.7,4.44,4.51,394640,0
FLMN.US,D,20210817,000000,4.51,4.58,4.48,4.52,181938,0
FLMN.US,D,20210818,000000,4.55,4.59,4.5,4.51,211355,0
FLMN.US,D,20210819,000000,4.5,4.55,4.4,4.45,376934,0
FLMN.US,D,20210820,000000,4.44,4.49,4.32,4.38,365970,0
FLMN.US,D,20210823,000000,4.44,4.49,4.39,4.46,445072,0
FLMN.US,D,20210824,000000,4.3306,4.55,4.24,4.52,648963,0
FLMN.US,D,20210825,000000,4.51,4.54,4.33,4.36,347684,0
