<TICKER>,<PER>,<DATE>,<TIME>,<OPEN>,<HIGH>,<LOW>,<CLOSE>,<VOL>,<OPENINT>
HQI.US,D,20180606,000000,5.404,5.5902,5.404,5.4923,19112,0
HQI.US,D,20180607,000000,5.5854,5.5854,5.5854,5.5854,119,0
HQI.US,D,20180608,000000,5.6393,5.6393,5.4432,5.5805,11887,0
HQI.US,D,20180611,000000,5.4431,5.4431,5.4254,5.4431,12032,0
HQI.US,D,20180612,000000,5.4431,5.4431,5.395,5.4264,10571,0
HQI.US,D,20180613,000000,5.4431,5.4431,5.3942,5.3942,7060,0
HQI.US,D,20180614,000000,5.3941,5.443,5.3941,5.4334,7646,0
HQI.US,D,20180615,000000,5.4922,5.5302,5.4922,5.5302,656,0
HQI.US,D,20180618,000000,5.3942,5.4136,5.2486,5.3941,8306,0
HQI.US,D,20180619,000000,5.3156,5.3451,5.3117,5.3451,27091,0
HQI.US,D,20180620,000000,5.3451,5.3451,5.319,5.3451,9075,0
HQI.US,D,20180621,000000,5.3835,5.7252,5.378,5.705,6803,0
HQI.US,D,20180622,000000,5.7177,5.7864,5.6292,5.784,16624,0
HQI.US,D,20180625,000000,5.7126,5.7373,5.6884,5.6884,7447,0
HQI.US,D,20180626,000000,5.6469,5.6469,5.5422,5.5422,5812,0
HQI.US,D,20180627,000000,5.6884,5.7373,5.5422,5.5422,23844,0
HQI.US,D,20180628,000000,5.5705,5.5705,5.5705,5.5705,511,0
HQI.US,D,20180629,000000,5.5902,5.5903,5.5805,5.5903,7018,0
HQI.US,D,20180702,000000,5.4922,5.5858,5.4431,5.5805,16735,0
HQI.US,D,20180703,000000,5.5608,5.5902,5.4441,5.5902,8793,0
HQI.US,D,20180705,000000,5.6,5.6,5.2469,5.3835,33911,0
HQI.US,D,20180706,000000,5.4843,5.4843,5.4588,5.4588,5201,0
HQI.US,D,20180709,000000,5.4651,5.7276,5.4627,5.7276,29386,0
HQI.US,D,20180710,000000,5.7276,5.7276,5.6085,5.6884,7688,0
HQI.US,D,20180711,000000,5.7,5.7266,5.6884,5.7177,9147,0
HQI.US,D,20180712,000000,5.7276,6.0315,5.7276,5.9041,51545,0
HQI.US,D,20180716,000000,5.7864,5.9351,5.7864,5.9351,290,0
HQI.US,D,20180717,000000,5.6393,5.9725,5.6383,5.9629,9992,0
HQI.US,D,20180718,000000,5.7399,6.0316,5.7399,6.0228,14800,0
HQI.US,D,20180719,000000,5.9922,6.1002,5.8854,6.0512,49215,0
HQI.US,D,20180720,000000,6.0611,6.2277,6.0566,6.1787,12448,0
HQI.US,D,20180723,000000,5.9247,6.1297,5.9238,6.11,22656,0
HQI.US,D,20180724,000000,6.0358,6.109,5.9727,6.0512,9975,0
HQI.US,D,20180725,000000,5.8845,6.0266,5.8845,6.0266,343,0
HQI.US,D,20180726,000000,5.9531,5.9763,5.8355,5.8943,29751,0
HQI.US,D,20180727,000000,5.9041,5.9041,5.8168,5.8796,5308,0
HQI.US,D,20180730,000000,5.8355,5.8355,5.7177,5.7177,3004,0
HQI.US,D,20180731,000000,6.002,6.003,5.7481,5.7675,60225,0
HQI.US,D,20180801,000000,5.8452,6.1394,5.7472,5.823,23589,0
HQI.US,D,20180802,000000,5.6393,6.012,5.6393,5.8747,6752,0
HQI.US,D,20180803,000000,5.8466,5.8757,5.8466,5.8757,2431,0
HQI.US,D,20180806,000000,5.7328,5.8649,5.7328,5.8649,354,0
HQI.US,D,20180807,000000,5.7962,5.7963,5.7962,5.7962,5322,0
HQI.US,D,20180809,000000,5.7177,5.7452,5.6981,5.7177,10802,0
HQI.US,D,20180810,000000,5.6393,5.6858,5.5117,5.6794,13258,0
HQI.US,D,20180813,000000,5.6884,6.1297,5.6884,5.7865,11041,0
HQI.US,D,20180814,000000,5.7668,5.7668,5.4431,5.5902,10843,0
HQI.US,D,20180815,000000,5.5565,5.5705,5.5411,5.5705,7097,0
HQI.US,D,20180816,000000,5.5785,5.5902,5.473,5.4922,16000,0
HQI.US,D,20180817,000000,5.5197,5.5197,4.8851,5.4627,25211,0
HQI.US,D,20180820,000000,5.1794,5.3225,5.1489,5.198,16846,0
HQI.US,D,20180821,000000,5.1165,5.1599,5.1165,5.1563,9379,0
HQI.US,D,20180822,000000,5.1479,5.1479,5.0258,5.0998,41081,0
HQI.US,D,20180823,000000,5.0509,5.0509,4.9037,5.0449,16766,0
HQI.US,D,20180824,000000,5.0509,5.2469,5.0509,5.2469,10755,0
HQI.US,D,20180828,000000,5.2176,5.4039,5.1646,5.3843,24175,0
HQI.US,D,20180829,000000,5.4922,5.4922,5.2813,5.4649,11152,0
HQI.US,D,20180830,000000,5.4431,5.5412,5.2499,5.5118,34088,0
HQI.US,D,20180831,000000,5.5313,5.5313,5.2077,5.2077,405,0
HQI.US,D,20180904,000000,5.4922,5.4922,5.2195,5.3647,7285,0
HQI.US,D,20180905,000000,5.3647,5.4922,5.3647,5.4922,3959,0
HQI.US,D,20180906,000000,5.4922,5.5412,5.4645,5.5412,48041,0
HQI.US,D,20180907,000000,5.4922,5.5111,5.4922,5.5006,34066,0
HQI.US,D,20180910,000000,5.5313,5.7373,5.5118,5.5902,22241,0
HQI.US,D,20180911,000000,5.6197,6.1051,5.6197,5.8845,55677,0
HQI.US,D,20180912,000000,5.7962,6.1689,5.5021,5.6393,20491,0
HQI.US,D,20180913,000000,5.7373,6.1297,5.5412,6.1297,22722,0
HQI.US,D,20180914,000000,5.7373,5.9727,5.4922,5.7177,20263,0
HQI.US,D,20180917,000000,5.9826,6.1297,5.7864,5.8158,28905,0
HQI.US,D,20180918,000000,5.8845,5.9335,5.6197,5.8551,22686,0
HQI.US,D,20180919,000000,5.7177,5.8845,5.6393,5.8649,20504,0
HQI.US,D,20180920,000000,5.8845,6.1787,5.7079,5.757,16883,0
HQI.US,D,20180921,000000,5.7864,5.8158,5.0998,5.2077,48727,0
HQI.US,D,20180924,000000,5.2469,5.502,5.2469,5.3941,7186,0
HQI.US,D,20180925,000000,5.3843,5.4774,5.2763,5.4234,4663,0
HQI.US,D,20180926,000000,5.4529,5.6294,5.4529,5.6294,10109,0
HQI.US,D,20180927,000000,5.6393,5.6393,5.3718,5.4334,7568,0
HQI.US,D,20180928,000000,5.5216,5.757,5.4431,5.5608,29892,0
HQI.US,D,20181001,000000,5.5805,5.6773,5.5805,5.6393,2726,0
HQI.US,D,20181002,000000,5.5774,5.7962,5.5774,5.7962,567,0
HQI.US,D,20181003,000000,5.5087,5.7472,5.5087,5.5216,1112,0
HQI.US,D,20181004,000000,5.6098,5.7276,5.4823,5.7276,1282,0
HQI.US,D,20181005,000000,5.4005,5.6393,5.3255,5.3548,15294,0
HQI.US,D,20181008,000000,5.4137,5.6393,5.4137,5.6393,1461,0
HQI.US,D,20181009,000000,5.362,5.6197,5.362,5.4431,2799,0
HQI.US,D,20181010,000000,5.3858,5.4258,5.2568,5.2568,2064,0
HQI.US,D,20181011,000000,5.3156,5.4764,5.3156,5.4431,5338,0
HQI.US,D,20181012,000000,5.3941,5.4005,5.3303,5.3303,3690,0
HQI.US,D,20181015,000000,5.3745,5.4431,5.3744,5.4431,8790,0
HQI.US,D,20181016,000000,5.3941,5.4726,5.3941,5.4726,227,0
HQI.US,D,20181017,000000,5.4083,5.4083,5.3941,5.3941,983,0
HQI.US,D,20181018,000000,5.4431,5.4431,5.3941,5.4431,1061,0
HQI.US,D,20181019,000000,5.3265,5.4922,5.3255,5.4922,8592,0
HQI.US,D,20181022,000000,5.4823,5.4932,5.3255,5.3352,5617,0
HQI.US,D,20181023,000000,5.3255,5.3255,5.1195,5.2763,3142,0
HQI.US,D,20181024,000000,5.198,5.2707,5.198,5.2176,2771,0
HQI.US,D,20181025,000000,5.1097,5.1097,5.1097,5.1097,521,0
HQI.US,D,20181026,000000,5.2345,5.2459,5.1097,5.1097,7469,0
HQI.US,D,20181029,000000,5.0901,5.0901,4.8116,4.9037,10037,0
HQI.US,D,20181030,000000,4.9037,4.9331,4.8195,4.9331,4637,0
HQI.US,D,20181031,000000,4.943,5.0313,4.9037,5.0213,12558,0
HQI.US,D,20181101,000000,5.0213,5.0213,4.8057,4.9106,4980,0
HQI.US,D,20181102,000000,4.9724,5.0213,4.9724,5.0213,1327,0
HQI.US,D,20181105,000000,4.9478,4.9478,4.9234,4.9234,1071,0
HQI.US,D,20181106,000000,4.9902,4.9902,4.8056,4.8056,1004,0
HQI.US,D,20181107,000000,4.6585,4.6585,3.9348,4.0015,51063,0
HQI.US,D,20181108,000000,3.5798,4.2662,3.5503,4.07,31731,0
HQI.US,D,20181109,000000,4.1478,4.1976,4.0799,4.1191,18574,0
HQI.US,D,20181112,000000,4.1387,4.1397,3.364,3.8053,28355,0
HQI.US,D,20181113,000000,3.5514,4.1407,3.5514,4.1191,2890,0
HQI.US,D,20181114,000000,4.1192,4.1358,3.9229,4.1191,13968,0
HQI.US,D,20181115,000000,4.2171,4.2171,3.9572,4.0946,1231,0
HQI.US,D,20181116,000000,3.9572,4.2634,3.9229,4.2634,1769,0
HQI.US,D,20181119,000000,4.0604,4.143,3.6091,3.6876,18614,0
HQI.US,D,20181120,000000,3.5976,3.825,3.5976,3.6386,2046,0
HQI.US,D,20181121,000000,3.6287,4.0406,3.6287,3.6287,5641,0
HQI.US,D,20181123,000000,3.7758,3.9229,3.7758,3.9229,3918,0
HQI.US,D,20181126,000000,3.647,3.9133,3.647,3.7967,1411,0
HQI.US,D,20181127,000000,3.8199,3.8199,3.7662,3.7662,827,0
HQI.US,D,20181128,000000,3.9228,4.0133,3.918,4.0133,1902,0
HQI.US,D,20181130,000000,4.0015,4.1632,3.6876,3.8935,10560,0
HQI.US,D,20181203,000000,3.874,4.0211,3.874,4.0211,959,0
HQI.US,D,20181206,000000,3.9229,3.972,3.8544,3.8544,1500,0
HQI.US,D,20181207,000000,3.9966,4.0211,3.9966,4.0211,511,0
HQI.US,D,20181210,000000,3.9229,3.9229,3.7758,3.7758,4161,0
HQI.US,D,20181211,000000,4.0201,4.0201,3.7758,3.9155,8565,0
HQI.US,D,20181212,000000,3.7857,3.8239,3.6876,3.8239,13199,0
HQI.US,D,20181214,000000,3.7367,4.227,3.6287,4.227,5199,0
HQI.US,D,20181217,000000,4.227,4.227,3.8644,3.8644,1662,0
HQI.US,D,20181219,000000,3.9033,3.9033,3.9033,3.9033,189,0
HQI.US,D,20181224,000000,3.5798,3.7758,3.4816,3.4816,4699,0
HQI.US,D,20181226,000000,3.9133,3.9133,3.825,3.825,715,0
HQI.US,D,20181228,000000,3.6779,3.7808,3.4816,3.6996,13667,0
HQI.US,D,20181231,000000,3.7073,3.9819,3.7073,3.9229,12188,0
HQI.US,D,20190102,000000,3.9229,5.3843,3.5399,5.3843,40890,0
HQI.US,D,20190103,000000,4.8056,4.8056,4.3251,4.4937,811,0
HQI.US,D,20190104,000000,4.6383,4.6585,4.4918,4.6585,1338,0
HQI.US,D,20190107,000000,4.6488,4.7076,4.6488,4.6585,3382,0
HQI.US,D,20190108,000000,4.4428,4.5359,3.9235,4.1616,7983,0
HQI.US,D,20190109,000000,4.1682,4.1682,3.9254,4.1486,6157,0
HQI.US,D,20190110,000000,4.1192,4.1192,4.1192,4.1192,407,0
HQI.US,D,20190111,000000,4.2171,4.2171,4.1682,4.1731,2450,0
HQI.US,D,20190114,000000,4.1,4.1,4.1,4.1,1182,0
HQI.US,D,20190115,000000,3.6288,4.1191,3.6288,3.9229,16792,0
HQI.US,D,20190116,000000,3.825,4.3397,3.7269,4.3397,10780,0
HQI.US,D,20190128,000000,4.1486,4.2662,4.1191,4.1191,16857,0
HQI.US,D,20190129,000000,3.923,4.2069,3.825,3.825,26973,0
HQI.US,D,20190130,000000,3.825,4.2075,3.7758,4.2074,5208,0
HQI.US,D,20190131,000000,3.923,4.0211,3.9033,4.0211,3745,0
HQI.US,D,20190201,000000,4.0111,4.044,4.0111,4.0211,2255,0
HQI.US,D,20190205,000000,4.0591,4.1338,3.923,4.07,18786,0
HQI.US,D,20190207,000000,3.972,4.0651,3.7758,3.9229,8513,0
HQI.US,D,20190208,000000,3.904,3.9229,3.7857,3.8544,5809,0
HQI.US,D,20190211,000000,3.8445,3.8445,3.8445,3.8445,254,0
HQI.US,D,20190212,000000,3.825,3.874,3.7758,3.825,9450,0
HQI.US,D,20190213,000000,3.9133,3.9428,3.9033,3.9428,6731,0
HQI.US,D,20190214,000000,3.9427,4.1877,3.923,3.9524,1627,0
HQI.US,D,20190215,000000,4.0211,4.1682,4.0211,4.0406,4703,0
HQI.US,D,20190219,000000,3.9626,4.0505,3.9229,4.0211,11944,0
HQI.US,D,20190220,000000,3.9427,3.9427,3.8838,3.9328,7009,0
HQI.US,D,20190221,000000,4.0311,4.0311,4.0311,4.0311,624,0
HQI.US,D,20190222,000000,4.0478,4.0807,3.9229,3.923,16549,0
HQI.US,D,20190225,000000,3.8839,4.0799,3.8839,4.0799,584,0
HQI.US,D,20190226,000000,4.0194,4.0898,4.0194,4.0898,6237,0
HQI.US,D,20190227,000000,4.1191,4.1191,3.9229,3.9229,3998,0
HQI.US,D,20190301,000000,3.9427,3.9427,3.9427,3.9427,385,0
HQI.US,D,20190304,000000,3.9229,4.07,3.9229,4.0699,3035,0
HQI.US,D,20190305,000000,4.0249,4.1191,4.0211,4.0211,4474,0
HQI.US,D,20190306,000000,4.1486,4.1486,3.9427,4.07,39812,0
HQI.US,D,20190307,000000,3.9524,3.9524,3.9524,3.9524,389,0
HQI.US,D,20190308,000000,4.1289,4.1289,3.9229,4.0211,1098,0
HQI.US,D,20190311,000000,4.07,4.07,3.9524,4.0309,4744,0
HQI.US,D,20190312,000000,3.9911,4.07,3.8636,3.9033,4544,0
HQI.US,D,20190313,000000,3.9328,4.0505,3.8838,3.8838,13024,0
HQI.US,D,20190314,000000,3.8935,3.9328,3.8935,3.9328,1405,0
HQI.US,D,20190315,000000,4.0015,4.0015,3.9033,3.9472,43872,0
HQI.US,D,20190318,000000,3.972,3.972,3.9229,3.9229,6620,0
HQI.US,D,20190319,000000,3.972,4.0214,3.972,3.9818,16525,0
HQI.US,D,20190320,000000,3.9818,3.9818,3.9622,3.9622,2678,0
HQI.US,D,20190321,000000,3.9622,3.9622,3.8838,3.8838,7165,0
HQI.US,D,20190322,000000,3.9202,3.9434,3.9033,3.9033,6539,0
HQI.US,D,20190327,000000,3.8544,3.8544,3.854,3.854,666,0
HQI.US,D,20190329,000000,3.8879,3.8879,3.8544,3.8544,5411,0
HQI.US,D,20190401,000000,3.9033,3.9702,3.8915,3.8915,10463,0
HQI.US,D,20190402,000000,3.8838,3.8838,3.7956,3.825,5420,0
HQI.US,D,20190403,000000,3.7858,3.8838,3.7858,3.8053,10894,0
HQI.US,D,20190405,000000,3.8543,3.8543,3.8396,3.8396,613,0
HQI.US,D,20190408,000000,3.874,3.9132,3.8445,3.8445,12033,0
HQI.US,D,20190409,000000,5.3058,5.6884,4.8155,5.2176,2425931,0
HQI.US,D,20190410,000000,5.1784,5.7962,5.1784,5.4234,626238,0
HQI.US,D,20190411,000000,5.0901,5.4922,5.0268,5.4922,67244,0
HQI.US,D,20190412,000000,5.5313,5.5412,5.2028,5.4627,50836,0
HQI.US,D,20190415,000000,5.4431,5.5902,5.4234,5.4726,33727,0
HQI.US,D,20190416,000000,5.5696,5.5696,5.3941,5.4823,12764,0
HQI.US,D,20190417,000000,5.578,5.5805,5.4726,5.4922,22843,0
HQI.US,D,20190418,000000,5.5412,5.5805,5.5118,5.5805,26235,0
HQI.US,D,20190422,000000,5.5805,5.5902,5.5227,5.5902,11971,0
HQI.US,D,20190423,000000,5.5902,5.7177,5.5625,5.6393,89274,0
HQI.US,D,20190424,000000,5.5854,5.6589,5.5493,5.6393,17467,0
HQI.US,D,20190425,000000,5.5854,5.6687,5.5313,5.6049,30395,0
HQI.US,D,20190426,000000,5.3941,5.5902,5.3941,5.5705,11699,0
HQI.US,D,20190429,000000,5.5412,5.6491,5.5216,5.6491,40978,0
HQI.US,D,20190430,000000,5.4726,5.6884,5.4726,5.6884,14584,0
HQI.US,D,20190501,000000,5.4588,5.5902,5.4235,5.5805,22177,0
HQI.US,D,20190502,000000,5.6589,5.6687,5.4334,5.4921,20870,0
HQI.US,D,20190503,000000,5.4164,5.551,5.4137,5.4137,3574,0
HQI.US,D,20190506,000000,5.4937,5.6392,5.4937,5.502,4173,0
HQI.US,D,20190507,000000,5.6201,5.6884,5.5705,5.6491,31589,0
HQI.US,D,20190508,000000,5.6393,5.6393,5.551,5.551,14125,0
HQI.US,D,20190509,000000,5.4718,5.5705,5.3451,5.4922,40700,0
HQI.US,D,20190510,000000,5.4234,5.4922,5.3293,5.3745,24333,0
HQI.US,D,20190513,000000,5.2077,5.4823,5.198,5.3156,20215,0
HQI.US,D,20190514,000000,5.2851,5.296,4.9234,5.1881,56944,0
HQI.US,D,20190515,000000,5.2863,5.2863,5.1489,5.1489,521,0
HQI.US,D,20190516,000000,5.1097,5.1097,5.0939,5.0998,6860,0
HQI.US,D,20190517,000000,4.9919,5.1881,4.9919,5.1489,12445,0
HQI.US,D,20190520,000000,5.296,5.3941,5.296,5.3941,28293,0
HQI.US,D,20190521,000000,5.3843,5.3941,5.3156,5.3843,13185,0
HQI.US,D,20190522,000000,5.3451,5.3648,5.3058,5.3548,37462,0
HQI.US,D,20190524,000000,5.2965,5.3451,5.296,5.3451,6651,0
HQI.US,D,20190528,000000,5.1392,5.2825,5.1392,5.2469,10629,0
HQI.US,D,20190529,000000,5.2602,5.2666,5.1597,5.1881,13735,0
HQI.US,D,20190530,000000,5.1587,5.3941,5.0763,5.1283,41510,0
HQI.US,D,20190531,000000,5.1392,5.393,5.1392,5.3843,15500,0
HQI.US,D,20190603,000000,5.3451,5.4922,5.2529,5.3843,41341,0
HQI.US,D,20190604,000000,5.3941,5.3941,5.2469,5.2469,1547,0
HQI.US,D,20190605,000000,5.1845,5.3941,5.1845,5.3941,1982,0
HQI.US,D,20190606,000000,5.2176,5.3941,5.2176,5.3745,2049,0
HQI.US,D,20190610,000000,5.1685,5.3941,5.1685,5.296,7908,0
HQI.US,D,20190611,000000,5.3647,5.3904,5.3647,5.3647,415,0
HQI.US,D,20190612,000000,5.198,5.3451,5.198,5.2666,2418,0
HQI.US,D,20190613,000000,5.3843,5.3843,5.3548,5.3548,1563,0
HQI.US,D,20190614,000000,5.3548,5.3548,5.2077,5.2712,1132,0
HQI.US,D,20190617,000000,5.2186,5.3816,5.198,5.3316,3326,0
HQI.US,D,20190618,000000,5.2568,5.3379,5.2077,5.3352,7668,0
HQI.US,D,20190619,000000,5.3843,5.3843,5.198,5.3816,2481,0
HQI.US,D,20190620,000000,5.2176,5.3832,5.1881,5.3745,5760,0
HQI.US,D,20190621,000000,5.3647,5.3745,5.3647,5.3647,1939,0
HQI.US,D,20190624,000000,5.3745,5.3941,5.3745,5.3746,7440,0
HQI.US,D,20190625,000000,5.3647,5.3647,5.296,5.3647,5637,0
HQI.US,D,20190626,000000,5.296,5.3303,5.296,5.296,1447,0
HQI.US,D,20190627,000000,5.4431,5.5705,5.3941,5.4922,90862,0
HQI.US,D,20190628,000000,5.502,5.5794,5.502,5.5118,7911,0
HQI.US,D,20190701,000000,5.5412,5.6148,5.5412,5.6,19927,0
HQI.US,D,20190702,000000,5.5847,5.6,5.5847,5.6,2120,0
HQI.US,D,20190703,000000,5.5902,5.5902,5.5825,5.5825,1428,0
HQI.US,D,20190705,000000,5.6294,5.6637,5.5927,5.651,22792,0
HQI.US,D,20190708,000000,5.6393,5.6884,5.6197,5.6589,22201,0
HQI.US,D,20190709,000000,5.654,5.6783,5.6197,5.6531,27550,0
HQI.US,D,20190710,000000,5.6491,5.6687,5.6387,5.6491,16648,0
HQI.US,D,20190711,000000,5.6589,5.7168,5.6393,5.6784,50395,0
HQI.US,D,20190712,000000,5.6784,5.7276,5.6197,5.6197,33872,0
HQI.US,D,20190715,000000,5.6294,5.6518,5.6197,5.6518,11254,0
HQI.US,D,20190716,000000,5.6491,5.7373,5.5608,5.6393,86118,0
HQI.US,D,20190717,000000,5.5705,5.6393,5.5624,5.5902,26029,0
HQI.US,D,20190718,000000,5.6197,5.6344,5.5721,5.6,4214,0
HQI.US,D,20190719,000000,5.6108,5.619,5.6098,5.6109,7943,0
HQI.US,D,20190722,000000,5.5705,5.6197,5.5412,5.5705,47771,0
HQI.US,D,20190723,000000,5.6294,5.6393,5.4039,5.502,41564,0
HQI.US,D,20190724,000000,5.502,5.5216,5.3941,5.4627,9580,0
HQI.US,D,20190725,000000,5.4726,5.5412,5.296,5.296,7564,0
HQI.US,D,20190726,000000,5.7276,6.3749,5.6491,5.6491,71418,0
HQI.US,D,20190729,000000,5.8747,6.5513,5.8558,6.2768,15713,0
HQI.US,D,20190730,000000,6.1787,6.8554,6.1712,6.7182,39533,0
HQI.US,D,20190731,000000,6.8554,8.3854,6.8554,7.2574,69755,0
HQI.US,D,20190801,000000,7.3556,7.5909,7.0809,7.0809,5306,0
HQI.US,D,20190802,000000,7.3162,7.3162,7.13,7.2869,25386,0
HQI.US,D,20190805,000000,7.228,7.6008,7.0949,7.1458,37693,0
HQI.US,D,20190806,000000,7.1398,7.5909,6.9632,6.9632,3136,0
HQI.US,D,20190807,000000,7.4144,7.6008,7.0861,7.542,15011,0
HQI.US,D,20190808,000000,7.6008,7.6498,7.3361,7.6498,12707,0
HQI.US,D,20190809,000000,7.422,7.7871,7.422,7.7773,42441,0
HQI.US,D,20190812,000000,7.7773,7.8754,7.7479,7.8459,12953,0
HQI.US,D,20190813,000000,7.8288,7.8288,7.8288,7.8288,768,0
HQI.US,D,20190814,000000,7.7969,7.7969,7.4733,7.7479,6994,0
HQI.US,D,20190815,000000,7.6596,7.6596,7.3556,7.5909,8375,0
HQI.US,D,20190819,000000,7.4733,7.532,6.6984,6.6984,13162,0
HQI.US,D,20190820,000000,6.7083,7.3119,6.6984,6.8995,6143,0
HQI.US,D,20190821,000000,7.032,7.032,6.0806,6.6275,27178,0
HQI.US,D,20190822,000000,6.669,6.838,6.5644,6.7966,12813,0
HQI.US,D,20190823,000000,7.0025,7.0025,6.5612,6.826,3165,0
HQI.US,D,20190826,000000,6.8161,6.8161,6.571,6.571,899,0
HQI.US,D,20190827,000000,6.7671,6.7671,6.5612,6.5706,2122,0
HQI.US,D,20190828,000000,6.6593,6.7671,6.4729,6.4729,4657,0
HQI.US,D,20190830,000000,6.5024,6.5024,6.3749,6.3749,4692,0
HQI.US,D,20190903,000000,6.7083,6.9927,6.3749,6.8161,11563,0
HQI.US,D,20190904,000000,6.8456,6.9242,6.669,6.9242,4143,0
HQI.US,D,20190905,000000,6.4142,7.022,6.4142,6.7966,5062,0
HQI.US,D,20190906,000000,6.7671,6.7671,6.7671,6.7671,146,0
HQI.US,D,20190909,000000,6.8064,6.9632,6.4239,6.7476,8126,0
HQI.US,D,20190910,000000,6.4239,6.7671,6.4239,6.7671,241,0
HQI.US,D,20190912,000000,6.5906,6.9242,6.0611,6.8653,6385,0
HQI.US,D,20190913,000000,6.1394,6.6887,6.1394,6.6887,4085,0
HQI.US,D,20190916,000000,7.0613,7.0613,6.365,6.3749,5848,0
HQI.US,D,20190917,000000,6.3944,6.6789,6.11,6.2964,7255,0
HQI.US,D,20190918,000000,6.4729,6.8456,6.1885,6.7867,19783,0
HQI.US,D,20190919,000000,6.3356,6.8653,6.3356,6.8653,2035,0
HQI.US,D,20190920,000000,6.3944,6.9276,6.3724,6.9142,6020,0
HQI.US,D,20190923,000000,7.0124,7.0576,6.7573,7.0576,1061,0
HQI.US,D,20190926,000000,6.3716,6.9584,6.3716,6.8653,6652,0
HQI.US,D,20190927,000000,6.5807,6.9142,6.5807,6.8653,2053,0
HQI.US,D,20190930,000000,7.0515,7.0515,7.0515,7.0515,105,0
HQI.US,D,20191001,000000,6.6641,6.9829,6.6479,6.9829,2752,0
HQI.US,D,20191003,000000,6.62,6.9535,6.62,6.9535,641,0
HQI.US,D,20191007,000000,6.9535,6.9535,6.7069,6.8653,1709,0
HQI.US,D,20191008,000000,6.8653,6.8653,6.3944,6.6593,2864,0
HQI.US,D,20191009,000000,6.7771,6.8653,6.7771,6.8653,2425,0
HQI.US,D,20191014,000000,6.5024,6.7477,6.4141,6.6531,5286,0
HQI.US,D,20191015,000000,6.2768,6.6102,6.2768,6.6102,3305,0
HQI.US,D,20191016,000000,6.8554,6.8554,6.3434,6.669,1859,0
HQI.US,D,20191017,000000,6.571,6.571,6.3749,6.571,1483,0
HQI.US,D,20191018,000000,6.3749,6.669,6.3749,6.3749,4407,0
HQI.US,D,20191021,000000,6.2768,6.3749,6.2768,6.3749,707,0
HQI.US,D,20191022,000000,6.267,6.3454,6.2356,6.3454,2435,0
HQI.US,D,20191023,000000,6.1689,6.3258,6.1689,6.3258,1475,0
HQI.US,D,20191024,000000,6.3258,6.3553,6.2768,6.3553,812,0
HQI.US,D,20191025,000000,6.2768,6.3553,6.1298,6.3454,2636,0
HQI.US,D,20191029,000000,6.1493,6.365,5.4431,5.502,10561,0
HQI.US,D,20191030,000000,5.7864,6.1199,5.7864,6.1199,3686,0
HQI.US,D,20191031,000000,6.0218,6.1787,5.8452,5.8845,9324,0
HQI.US,D,20191101,000000,5.8666,6.1199,5.8452,6.0806,6179,0
HQI.US,D,20191104,000000,5.8845,5.8845,5.6687,5.7668,13800,0
HQI.US,D,20191105,000000,6.0414,6.0414,6.0414,6.0414,209,0
HQI.US,D,20191106,000000,5.8845,5.8845,5.8432,5.8845,2213,0
HQI.US,D,20191107,000000,5.8845,5.9727,5.7766,5.8649,3599,0
HQI.US,D,20191108,000000,5.9826,6.0022,5.7766,6.0022,1149,0
HQI.US,D,20191113,000000,5.6442,5.9826,5.6442,5.9826,5716,0
HQI.US,D,20191114,000000,5.6981,5.9335,5.6981,5.9335,6739,0
HQI.US,D,20191115,000000,5.8845,5.8845,5.8747,5.8747,509,0
HQI.US,D,20191118,000000,5.7864,5.9335,5.6393,5.8355,8380,0
HQI.US,D,20191119,000000,5.8943,6.3258,5.8256,6.1394,18496,0
HQI.US,D,20191120,000000,6.0022,6.3749,5.9923,5.9923,76320,0
HQI.US,D,20191121,000000,6.2865,6.3356,6.2865,6.3356,620,0
HQI.US,D,20191122,000000,6.2277,6.2277,6.1493,6.2277,14447,0
HQI.US,D,20191125,000000,6.2277,6.2277,6.2277,6.2277,476,0
HQI.US,D,20191126,000000,6.2277,6.2277,5.9727,6.2277,13565,0
HQI.US,D,20191127,000000,5.9727,6.2277,5.9727,6.2277,3316,0
HQI.US,D,20191202,000000,6.3356,6.62,6.3356,6.571,15684,0
HQI.US,D,20191203,000000,6.7378,6.8653,6.62,6.8653,7227,0
HQI.US,D,20191204,000000,6.8358,6.8653,6.6005,6.728,9315,0
HQI.US,D,20191205,000000,6.8487,6.8653,6.8487,6.8653,1191,0
HQI.US,D,20191206,000000,6.5318,6.8749,6.5318,6.8653,12130,0
HQI.US,D,20191209,000000,6.9436,6.9436,6.9436,6.9436,230,0
HQI.US,D,20191210,000000,6.8653,6.8653,6.8653,6.8653,3375,0
HQI.US,D,20191211,000000,6.8653,6.9142,6.2621,6.63,8555,0
HQI.US,D,20191212,000000,6.8554,6.8653,6.2865,6.8653,5104,0
HQI.US,D,20191213,000000,6.8653,6.8653,6.8653,6.8653,938,0
HQI.US,D,20191216,000000,6.5513,6.9632,6.4794,6.6789,4935,0
HQI.US,D,20191217,000000,6.8161,6.8653,6.3749,6.3749,24457,0
HQI.US,D,20191218,000000,6.5121,6.5121,6.3847,6.3847,17549,0
HQI.US,D,20191219,000000,6.5011,6.7671,6.3847,6.3847,43393,0
HQI.US,D,20191220,000000,6.6734,6.7671,6.4042,6.4828,33620,0
HQI.US,D,20191223,000000,6.7671,6.7671,6.4336,6.4828,20699,0
HQI.US,D,20191224,000000,6.6984,6.7145,6.5906,6.6593,1243,0
HQI.US,D,20191226,000000,6.7182,6.8653,6.6005,6.8653,6033,0
HQI.US,D,20191227,000000,6.8358,6.8653,6.8358,6.8554,2054,0
HQI.US,D,20191230,000000,6.7671,6.8653,6.5318,6.8554,27877,0
HQI.US,D,20191231,000000,6.7671,7.1103,6.7671,6.9535,16757,0
HQI.US,D,20200102,000000,6.8737,6.9338,6.8737,6.9338,308,0
HQI.US,D,20200103,000000,6.9338,6.9338,6.669,6.7182,52043,0
HQI.US,D,20200106,000000,6.7671,6.7749,6.7182,6.7749,719,0
HQI.US,D,20200107,000000,6.7721,6.7771,6.7721,6.7771,496,0
HQI.US,D,20200108,000000,6.7671,6.7671,6.4533,6.4533,7505,0
HQI.US,D,20200109,000000,6.8063,6.8063,6.62,6.62,3751,0
HQI.US,D,20200110,000000,6.5219,6.5219,6.5219,6.5219,231,0
HQI.US,D,20200113,000000,6.8161,7.1103,6.7182,6.7182,7869,0
HQI.US,D,20200114,000000,6.8653,6.8653,6.8653,6.8653,602,0
HQI.US,D,20200115,000000,6.8653,6.8653,6.8653,6.8653,1988,0
HQI.US,D,20200117,000000,6.7869,6.7869,6.7869,6.7869,1859,0
HQI.US,D,20200121,000000,6.63,6.8653,6.63,6.6894,2529,0
HQI.US,D,20200122,000000,6.7085,6.7085,6.669,6.669,2711,0
HQI.US,D,20200123,000000,6.6903,6.7676,6.669,6.7676,5673,0
HQI.US,D,20200124,000000,6.7671,6.7671,6.7119,6.7671,493,0
HQI.US,D,20200127,000000,6.7671,6.8653,6.7671,6.8653,3282,0
HQI.US,D,20200130,000000,6.7671,6.8217,6.7378,6.7672,7251,0
HQI.US,D,20200131,000000,6.7671,6.8456,6.7671,6.7671,2625,0
HQI.US,D,20200203,000000,6.571,6.7671,6.571,6.7378,3273,0
HQI.US,D,20200204,000000,6.7435,6.7435,6.7435,6.7435,209,0
HQI.US,D,20200205,000000,6.7561,6.7561,6.7182,6.7476,4872,0
HQI.US,D,20200206,000000,6.5597,6.8064,6.5597,6.8064,243,0
HQI.US,D,20200211,000000,6.8131,6.8132,6.8064,6.8064,2008,0
HQI.US,D,20200213,000000,6.7999,6.8266,6.7999,6.826,2247,0
HQI.US,D,20200214,000000,6.8161,6.826,6.7867,6.8161,4771,0
HQI.US,D,20200219,000000,6.7182,6.7182,6.5219,6.5219,16962,0
HQI.US,D,20200220,000000,6.6538,6.6538,6.63,6.63,1318,0
HQI.US,D,20200221,000000,6.6495,6.6495,6.6495,6.6495,2090,0
HQI.US,D,20200224,000000,6.8456,6.8456,6.7476,6.7476,2453,0
HQI.US,D,20200225,000000,6.8064,6.8064,6.4925,6.4925,6844,0
HQI.US,D,20200226,000000,6.6257,6.669,6.6151,6.6593,3957,0
HQI.US,D,20200227,000000,6.6368,6.6495,6.5612,6.62,9505,0
HQI.US,D,20200228,000000,6.5857,6.6299,6.0833,6.5581,39022,0
HQI.US,D,20200302,000000,6.63,6.63,6.4533,6.4631,11231,0
HQI.US,D,20200303,000000,6.5513,6.6658,6.5513,6.5955,6004,0
HQI.US,D,20200304,000000,6.6311,6.6708,6.571,6.62,7595,0
HQI.US,D,20200305,000000,6.5258,6.8455,6.4631,6.7681,15333,0
HQI.US,D,20200306,000000,6.6867,6.6867,6.4828,6.4828,2517,0
HQI.US,D,20200309,000000,6.3839,6.62,6.3695,6.3749,24943,0
HQI.US,D,20200310,000000,6.619,6.7573,6.3356,6.571,23609,0
HQI.US,D,20200313,000000,6.1199,6.3749,6.1199,6.3749,4749,0
HQI.US,D,20200316,000000,6.2778,6.2964,5.9318,6.0925,2285,0
HQI.US,D,20200317,000000,5.8747,6.424,5.8747,6.3258,7184,0
HQI.US,D,20200318,000000,6.3749,6.3749,5.7687,6.1297,9999,0
HQI.US,D,20200319,000000,5.8845,6.3062,5.6798,5.8551,13407,0
HQI.US,D,20200320,000000,5.6167,5.6167,5.6167,5.6167,956,0
HQI.US,D,20200323,000000,6.3258,6.365,6.2964,6.365,1172,0
HQI.US,D,20200324,000000,6.0022,6.267,5.8845,5.8845,3577,0
HQI.US,D,20200325,000000,5.8943,5.8943,5.8943,5.8943,122,0
HQI.US,D,20200326,000000,5.8943,5.8943,5.8355,5.8845,19806,0
HQI.US,D,20200327,000000,5.1392,5.8845,4.9037,5.8845,9580,0
HQI.US,D,20200330,000000,5.8845,6.1297,5.7079,5.7079,5760,0
HQI.US,D,20200331,000000,5.8845,6.1297,5.8476,5.8551,4949,0
HQI.US,D,20200401,000000,5.7447,5.7447,5.5705,5.5705,525,0
HQI.US,D,20200402,000000,5.551,5.551,5.551,5.551,314,0
HQI.US,D,20200403,000000,5.654,6.2964,5.654,6.0022,15329,0
HQI.US,D,20200406,000000,6.167,6.7671,6.0022,6.7182,3937,0
HQI.US,D,20200407,000000,6.7671,6.7671,6.2375,6.6102,4548,0
HQI.US,D,20200408,000000,6.62,6.62,6.3356,6.5024,12111,0
HQI.US,D,20200409,000000,6.1944,6.7671,5.9237,6.7671,4708,0
HQI.US,D,20200413,000000,6.3258,6.571,6.0806,6.571,7903,0
HQI.US,D,20200414,000000,6.3749,6.4729,6.1885,6.365,4634,0
HQI.US,D,20200415,000000,6.2768,6.571,5.9041,6.2768,4285,0
HQI.US,D,20200416,000000,6.4828,6.571,6.2179,6.2179,16776,0
HQI.US,D,20200417,000000,6.5612,6.669,5.9714,6.669,6485,0
HQI.US,D,20200420,000000,6.2179,6.3749,6.2179,6.2179,4522,0
HQI.US,D,20200421,000000,6.1002,6.5513,5.914,6.1787,12982,0
HQI.US,D,20200422,000000,6.3553,6.365,6.2277,6.2277,4173,0
HQI.US,D,20200423,000000,6.2768,6.2768,6.0695,6.2768,5669,0
HQI.US,D,20200424,000000,5.9491,6.3749,5.9491,6.3749,1599,0
HQI.US,D,20200427,000000,6.2766,6.2768,6.0935,6.2768,3731,0
HQI.US,D,20200428,000000,6.1788,6.2768,6.1788,6.2768,10938,0
HQI.US,D,20200429,000000,6.2277,6.2768,6.0653,6.1787,29708,0
HQI.US,D,20200430,000000,6.2376,6.3553,6.2376,6.3553,4387,0
HQI.US,D,20200501,000000,6.3553,6.4141,6.2008,6.3258,15757,0
HQI.US,D,20200504,000000,6.2277,6.3749,5.6098,6.2768,17419,0
HQI.US,D,20200505,000000,6.3749,6.3749,5.957,6.3553,26356,0
HQI.US,D,20200506,000000,6.3749,6.3749,6.3258,6.3749,3757,0
HQI.US,D,20200508,000000,6.0137,6.4828,6.0137,6.4828,8604,0
HQI.US,D,20200511,000000,6.3749,6.6005,6.3749,6.6005,1152,0
HQI.US,D,20200512,000000,6.3022,6.3749,6.284,6.3749,6209,0
HQI.US,D,20200513,000000,6.3749,6.4239,5.9335,5.9629,11133,0
HQI.US,D,20200515,000000,6.3749,6.3749,5.8061,5.8943,6490,0
HQI.US,D,20200518,000000,5.8893,6.2768,5.757,5.9047,4977,0
HQI.US,D,20200519,000000,5.8845,5.8845,5.8061,5.8061,1846,0
HQI.US,D,20200520,000000,5.7864,5.7864,5.6527,5.6884,2442,0
HQI.US,D,20200521,000000,5.5313,5.8845,5.4627,5.6589,11704,0
HQI.US,D,20200522,000000,5.6393,5.6884,5.6393,5.6589,1554,0
HQI.US,D,20200526,000000,5.8256,6.0984,5.8256,5.8845,1421,0
HQI.US,D,20200527,000000,5.8845,6.2277,5.8845,5.8845,3534,0
HQI.US,D,20200528,000000,5.8747,5.8943,5.8747,5.8943,1039,0
HQI.US,D,20200529,000000,5.7887,5.7984,5.7887,5.7984,1523,0
HQI.US,D,20200601,000000,5.8747,6.2376,5.8747,6.2376,6278,0
HQI.US,D,20200602,000000,6.2277,6.2277,6.1983,6.2277,439,0
HQI.US,D,20200603,000000,6.2179,6.316,6.0316,6.1787,41028,0
HQI.US,D,20200604,000000,5.9826,6.2964,5.9531,6.2964,1811,0
HQI.US,D,20200605,000000,6.2964,6.6005,6.2082,6.4729,18730,0
HQI.US,D,20200608,000000,6.1836,6.1836,6.11,6.11,685,0
HQI.US,D,20200609,000000,6.3749,6.4386,6.0218,6.4386,723,0
HQI.US,D,20200610,000000,6.3993,6.4042,6.2473,6.2473,1404,0
HQI.US,D,20200611,000000,5.9187,6.4239,5.914,6.4239,760,0
HQI.US,D,20200612,000000,6.3749,6.3749,5.6197,6.0512,14258,0
HQI.US,D,20200615,000000,5.6784,6.1297,5.6784,6.1297,11924,0
HQI.US,D,20200616,000000,6.0806,6.0806,6.0806,6.0806,177,0
HQI.US,D,20200617,000000,6.0806,6.1199,5.7373,5.7373,1770,0
HQI.US,D,20200618,000000,5.8061,6.1297,5.7373,6.0806,9361,0
HQI.US,D,20200619,000000,6.1296,6.1297,5.8845,6.1297,6841,0
HQI.US,D,20200622,000000,5.8943,5.8943,5.8943,5.8943,918,0
HQI.US,D,20200623,000000,5.8943,6.267,5.8943,6.0806,3566,0
HQI.US,D,20200624,000000,6.365,6.3749,6.2228,6.2228,4123,0
HQI.US,D,20200625,000000,6.3062,6.3749,6.2425,6.3749,5562,0
HQI.US,D,20200626,000000,6.3258,6.3356,6.2082,6.2082,7215,0
HQI.US,D,20200629,000000,6.3553,6.3553,6.0512,6.1787,25850,0
HQI.US,D,20200630,000000,6.0611,6.0706,6.0611,6.0706,922,0
HQI.US,D,20200701,000000,6.2571,6.2571,6.2571,6.2571,169,0
HQI.US,D,20200702,000000,6.1787,6.1787,6.1787,6.1787,369,0
HQI.US,D,20200706,000000,6.1394,6.2768,6.1394,6.1394,4380,0
HQI.US,D,20200709,000000,5.9434,5.9434,5.8943,5.8943,821,0
HQI.US,D,20200710,000000,6.1297,6.2032,6.1297,6.1298,6125,0
HQI.US,D,20200714,000000,6.1297,6.1297,6.0168,6.0316,14806,0
HQI.US,D,20200715,000000,6.0061,6.1297,5.9257,6.1296,2537,0
HQI.US,D,20200720,000000,6.1134,6.1297,5.9923,6.1297,3975,0
HQI.US,D,20200721,000000,6.1297,6.1297,5.9531,6.0779,5733,0
HQI.US,D,20200722,000000,6.1649,6.1649,6.1649,6.1649,916,0
HQI.US,D,20200723,000000,6.0414,6.0414,6.0414,6.0414,283,0
HQI.US,D,20200724,000000,6.11,6.11,5.9335,5.9679,1644,0
HQI.US,D,20200729,000000,6.1297,6.267,6.1002,6.267,9024,0
HQI.US,D,20200730,000000,6.11,6.11,5.8845,5.9826,8816,0
HQI.US,D,20200731,000000,5.8355,6.0218,5.8355,5.8452,1065,0
HQI.US,D,20200803,000000,6.0022,6.0316,5.9727,6.0316,3003,0
HQI.US,D,20200804,000000,6.1002,6.11,6.0619,6.11,12232,0
HQI.US,D,20200806,000000,6.1828,6.2131,5.8943,5.8943,11601,0
HQI.US,D,20200807,000000,5.9043,5.9825,5.9041,5.9825,2475,0
HQI.US,D,20200810,000000,5.8452,5.9237,5.7864,5.9237,2123,0
HQI.US,D,20200811,000000,5.6492,5.9041,5.6492,5.9041,6134,0
HQI.US,D,20200812,000000,6.0503,6.1274,6.012,6.0611,2495,0
HQI.US,D,20200813,000000,5.9826,6.1297,5.9826,6.1166,8565,0
HQI.US,D,20200814,000000,6.11,6.4729,6.11,6.2768,16085,0
HQI.US,D,20200817,000000,6.3749,6.3749,6.1809,6.2032,2227,0
HQI.US,D,20200818,000000,6.3749,6.3749,6.1639,6.3486,5246,0
HQI.US,D,20200819,000000,6.2131,6.365,6.2131,6.365,351,0
HQI.US,D,20200820,000000,6.3749,6.3749,6.3749,6.3749,1180,0
HQI.US,D,20200821,000000,6.4336,6.6005,6.3749,6.6005,53801,0
HQI.US,D,20200824,000000,6.5534,6.6495,6.4141,6.6356,9956,0
HQI.US,D,20200825,000000,6.62,7.0105,6.62,6.7671,31237,0
HQI.US,D,20200826,000000,6.8161,7.0124,6.7182,7.0123,3993,0
HQI.US,D,20200827,000000,6.9632,6.9632,6.669,6.7378,11311,0
HQI.US,D,20200828,000000,6.826,6.9289,6.7182,6.7182,7445,0
HQI.US,D,20200831,000000,6.97,6.97,6.9157,6.9157,1498,0
HQI.US,D,20200901,000000,7.0146,7.0146,6.7182,6.8961,371,0
HQI.US,D,20200902,000000,6.9157,7.0146,6.9157,7.0146,1237,0
HQI.US,D,20200903,000000,6.8348,6.8348,6.8348,6.8348,409,0
HQI.US,D,20200904,000000,6.9947,7.0046,6.896,6.896,557,0
HQI.US,D,20200908,000000,6.8861,7.0639,6.8861,7.0539,735,0
HQI.US,D,20200909,000000,7.0639,7.0639,7.0182,7.0539,2492,0
HQI.US,D,20200910,000000,7.0639,7.0639,6.9059,6.9059,223,0
HQI.US,D,20200911,000000,6.9122,7.0639,6.9122,7.0639,536,0
HQI.US,D,20200914,000000,7.0639,7.0639,7.0146,7.0146,434,0
HQI.US,D,20200915,000000,7.0146,7.0146,7.0131,7.0131,2531,0
HQI.US,D,20200916,000000,7.0146,7.0146,6.9157,6.9157,1855,0
HQI.US,D,20200917,000000,6.9058,6.9256,6.9058,6.9157,22688,0
HQI.US,D,20200918,000000,6.8664,6.8664,6.5501,6.5501,4481,0
HQI.US,D,20200921,000000,6.5749,6.7569,6.5659,6.7569,1812,0
HQI.US,D,20200922,000000,6.6637,6.7971,6.6637,6.7971,1535,0
HQI.US,D,20200923,000000,7.0539,8.4667,7.0243,7.6073,173758,0
HQI.US,D,20200924,000000,7.1232,7.8369,7.1232,7.706,9438,0
HQI.US,D,20200925,000000,7.4811,7.7642,7.4811,7.6073,10377,0
HQI.US,D,20200928,000000,7.4124,7.7433,7.4096,7.5437,4562,0
HQI.US,D,20200929,000000,7.5777,7.6715,7.5777,7.6073,8955,0
HQI.US,D,20200930,000000,7.7259,7.7259,7.4592,7.5184,7040,0
HQI.US,D,20201001,000000,7.5184,7.8938,7.5184,7.7949,12021,0
HQI.US,D,20201002,000000,7.5282,7.963,7.4392,7.4392,12163,0
HQI.US,D,20201005,000000,7.4392,7.963,7.4392,7.637,11453,0
HQI.US,D,20201006,000000,7.5677,7.8542,7.5184,7.5184,4199,0
HQI.US,D,20201007,000000,7.5381,7.8838,7.4492,7.4492,6156,0
HQI.US,D,20201008,000000,7.5184,7.5184,7.5085,7.5085,1195,0
HQI.US,D,20201009,000000,7.706,7.8838,7.4492,7.4591,7684,0
HQI.US,D,20201012,000000,7.706,7.706,7.5578,7.5578,6203,0
HQI.US,D,20201013,000000,7.5777,7.5777,7.5184,7.5184,1715,0
HQI.US,D,20201014,000000,7.5556,7.5694,7.5268,7.5381,2685,0
HQI.US,D,20201015,000000,7.5677,7.5874,7.5677,7.5874,391,0
HQI.US,D,20201016,000000,7.5085,7.6073,7.5085,7.6073,52140,0
HQI.US,D,20201019,000000,7.4689,7.5974,7.4689,7.5974,1916,0
HQI.US,D,20201020,000000,7.5677,7.5677,7.5282,7.5677,2398,0
HQI.US,D,20201021,000000,7.4591,7.4689,7.4096,7.4492,13174,0
HQI.US,D,20201023,000000,7.4196,7.4591,7.4096,7.4096,3181,0
HQI.US,D,20201026,000000,7.4096,7.4287,7.4096,7.4096,1039,0
HQI.US,D,20201027,000000,7.4188,7.4196,7.4096,7.4096,3115,0
HQI.US,D,20201028,000000,7.4096,7.4196,7.4096,7.4096,6957,0
HQI.US,D,20201029,000000,7.4196,7.6073,7.4196,7.6073,2276,0
HQI.US,D,20201030,000000,7.5874,7.6073,7.457,7.6073,3166,0
HQI.US,D,20201102,000000,7.7259,7.7555,7.6073,7.6073,2770,0
HQI.US,D,20201103,000000,7.6073,7.6073,7.6073,7.6073,222,0
HQI.US,D,20201105,000000,7.6073,7.6073,7.4295,7.5088,1638,0
HQI.US,D,20201109,000000,7.7356,8.0024,7.7009,7.9727,12925,0
HQI.US,D,20201110,000000,7.953,8.1605,7.7949,8.1112,11905,0
HQI.US,D,20201111,000000,8.1605,8.2593,8.1506,8.2445,12999,0
HQI.US,D,20201112,000000,8.2781,8.5162,8.2574,8.3383,22222,0
HQI.US,D,20201113,000000,8.4537,8.7335,8.4537,8.699,29779,0
HQI.US,D,20201116,000000,8.8224,9.0991,8.6347,8.694,41586,0
HQI.US,D,20201117,000000,8.9548,9.0793,8.9311,9.0793,3969,0
HQI.US,D,20201118,000000,9.0398,9.0398,8.6842,8.6842,4383,0
HQI.US,D,20201119,000000,8.3976,8.9261,8.3581,8.9261,3571,0
HQI.US,D,20201120,000000,9.0991,9.0991,8.7236,8.7236,2930,0
HQI.US,D,20201123,000000,8.6724,9.0793,8.6724,9.0151,7583,0
HQI.US,D,20201124,000000,9.0793,9.0892,9.0398,9.0497,19663,0
HQI.US,D,20201125,000000,8.7039,8.7928,8.3876,8.6446,13718,0
HQI.US,D,20201127,000000,8.6446,9.2177,8.6446,9.1726,23404,0
HQI.US,D,20201130,000000,9.2179,9.347,9.2179,9.3371,14499,0
HQI.US,D,20201201,000000,9.2377,9.3364,8.9989,9.1781,13082,0
HQI.US,D,20201202,000000,9.1781,9.1781,8.9199,9.1682,6312,0
HQI.US,D,20201203,000000,9.0291,9.1185,8.9397,9.0887,3783,0
HQI.US,D,20201204,000000,9.0887,9.1781,8.8206,9.0887,6739,0
HQI.US,D,20201207,000000,9.1235,9.3669,9.1191,9.3669,10256,0
HQI.US,D,20201208,000000,9.3669,9.3669,9.2079,9.3271,2800,0
HQI.US,D,20201209,000000,8.9795,9.1384,8.9795,9.1185,4564,0
HQI.US,D,20201210,000000,9.1285,9.1384,9.0441,9.0441,1035,0
HQI.US,D,20201211,000000,9.0887,9.1384,9.0192,9.1012,26090,0
HQI.US,D,20201214,000000,9.0408,9.2079,8.9498,9.1483,10463,0
HQI.US,D,20201215,000000,9.198,10.082,9.055,10.082,6670,0
HQI.US,D,20201216,000000,9.933,10.628,9.933,10.022,31251,0
HQI.US,D,20201217,000000,10.162,10.33,9.4364,9.675,4978,0
HQI.US,D,20201218,000000,9.4364,9.665,9.4364,9.4859,7448,0
HQI.US,D,20201221,000000,9.675,10.529,9.596,9.759,2138,0
HQI.US,D,20201222,000000,9.754,9.784,9.0788,9.576,3987,0
HQI.US,D,20201223,000000,9.645,9.645,9.347,9.347,1810,0
HQI.US,D,20201224,000000,9.3371,9.3371,8.6298,9.0391,15775,0
HQI.US,D,20201228,000000,9.2973,10.49,9.0291,10.38,17161,0
HQI.US,D,20201229,000000,10.142,10.36,9.4364,10.102,9573,0
HQI.US,D,20201230,000000,10.102,10.37,9.694,10.072,8134,0
HQI.US,D,20201231,000000,9.834,10.147,9.615,10.147,9610,0
HQI.US,D,20210104,000000,9.933,10.162,9.933,10.162,1126,0
HQI.US,D,20210105,000000,9.557,10.172,9.557,10.132,5814,0
HQI.US,D,20210106,000000,9.933,10.062,9.556,9.556,9189,0
HQI.US,D,20210107,000000,10.142,10.162,9.506,9.719,6752,0
HQI.US,D,20210108,000000,9.638,9.834,9.638,9.744,3191,0
HQI.US,D,20210111,000000,9.923,9.923,9.86,9.894,3121,0
HQI.US,D,20210112,000000,10.042,10.877,9.923,9.923,18550,0
HQI.US,D,20210113,000000,10.172,10.229,10.052,10.131,5947,0
HQI.US,D,20210114,000000,10.162,10.261,10.072,10.172,8473,0
HQI.US,D,20210115,000000,10.152,10.152,10.082,10.132,1768,0
HQI.US,D,20210119,000000,10.172,10.172,9.894,9.983,4356,0
HQI.US,D,20210120,000000,9.943,10.182,9.943,10.142,7555,0
HQI.US,D,20210121,000000,10.23,10.231,9.958,9.958,5520,0
HQI.US,D,20210122,000000,10.221,10.231,9.983,9.983,20290,0
HQI.US,D,20210125,000000,9.933,10.231,9.933,10.032,9712,0
HQI.US,D,20210126,000000,10.072,10.172,10.072,10.092,3775,0
HQI.US,D,20210127,000000,10.012,10.172,9.943,9.953,37545,0
HQI.US,D,20210128,000000,9.953,10.172,9.953,10.162,4689,0
HQI.US,D,20210129,000000,9.958,10.142,9.933,10.142,6124,0
HQI.US,D,20210201,000000,9.992,12.794,9.992,12.376,92793,0
HQI.US,D,20210202,000000,12.376,13.31,12.043,12.714,62317,0
HQI.US,D,20210203,000000,12.665,13.221,12.477,13.221,25343,0
HQI.US,D,20210204,000000,13.002,13.082,12.814,13.082,23553,0
HQI.US,D,20210205,000000,13.002,13.906,13.002,13.261,48003,0
HQI.US,D,20210208,000000,13.43,14.343,12.863,12.982,17888,0
HQI.US,D,20210209,000000,13.41,13.41,12.406,12.972,20131,0
HQI.US,D,20210210,000000,12.913,12.913,12.764,12.764,1299,0
HQI.US,D,20210211,000000,12.575,12.665,12.178,12.476,22052,0
HQI.US,D,20210212,000000,12.601,12.913,12.456,12.913,6172,0
HQI.US,D,20210216,000000,13.042,15.168,13.042,14.873,60263,0
HQI.US,D,20210217,000000,14.89,14.9,13.886,14.82,35912,0
HQI.US,D,20210218,000000,14.701,14.703,13.747,14.353,7939,0
HQI.US,D,20210219,000000,12.983,15.078,12.983,15.049,51852,0
HQI.US,D,20210222,000000,15.068,15.635,14.592,15.039,36125,0
HQI.US,D,20210223,000000,14.76,15.088,13.807,14.89,11862,0
HQI.US,D,20210224,000000,14.13,15.382,13.985,15.049,121498,0
HQI.US,D,20210225,000000,14.89,15.288,14.403,14.9,21374,0
HQI.US,D,20210226,000000,14.86,15.129,14.598,14.959,4215,0
HQI.US,D,20210301,000000,14.959,15.298,14.959,15.298,12744,0
HQI.US,D,20210302,000000,15.199,16.024,15.199,15.816,30525,0
HQI.US,D,20210303,000000,15.936,16.69,14.92,15.218,27179,0
HQI.US,D,20210304,000000,14.62,15.298,14.451,15.039,36151,0
HQI.US,D,20210305,000000,15.049,15.781,14.949,15.308,16120,0
HQI.US,D,20210308,000000,15.408,15.787,14.601,15.248,5433,0
HQI.US,D,20210309,000000,15.159,15.268,14.541,15.268,27494,0
HQI.US,D,20210310,000000,15.049,15.896,14.9,15.009,8764,0
HQI.US,D,20210311,000000,15.258,15.607,14.95,14.959,11644,0
HQI.US,D,20210312,000000,15.189,15.587,14.89,15.099,50608,0
HQI.US,D,20210315,000000,15.149,15.747,14.949,15.418,6493,0
HQI.US,D,20210316,000000,15.428,15.428,14.949,14.949,8543,0
HQI.US,D,20210317,000000,15.159,16.125,15.159,15.866,16444,0
HQI.US,D,20210318,000000,15.866,16.046,15.428,16.046,12485,0
HQI.US,D,20210319,000000,15.986,16.813,15.881,16.664,32395,0
HQI.US,D,20210322,000000,16.813,16.813,16.544,16.694,9745,0
HQI.US,D,20210323,000000,16.783,16.793,16.395,16.723,27681,0
HQI.US,D,20210324,000000,16.813,17.331,16.424,16.973,45352,0
HQI.US,D,20210325,000000,17.142,17.252,16.694,17.162,16099,0
HQI.US,D,20210326,000000,17.102,18.791,16.444,18.288,74834,0
HQI.US,D,20210329,000000,18.497,19.265,18.128,18.936,41458,0
HQI.US,D,20210330,000000,18.567,18.936,17.939,18.258,38580,0
HQI.US,D,20210331,000000,17.949,17.949,16.965,17.192,17985,0
HQI.US,D,20210401,000000,17.162,17.162,16.318,17.092,25694,0
HQI.US,D,20210405,000000,17.59,18.527,17.59,18.438,29624,0
HQI.US,D,20210406,000000,18.537,19.205,18.428,18.886,23853,0
HQI.US,D,20210407,000000,19.265,19.265,18.771,18.986,18878,0
HQI.US,D,20210408,000000,18.936,19.489,18.657,19.414,37992,0
HQI.US,D,20210409,000000,19.624,19.624,19.026,19.574,26948,0
HQI.US,D,20210412,000000,19.574,20.82,19.235,19.235,45467,0
HQI.US,D,20210413,000000,19.634,20.032,19.265,20.032,20688,0
HQI.US,D,20210414,000000,20.112,20.112,19.145,19.982,23269,0
HQI.US,D,20210415,000000,20.052,20.182,19.943,20.182,35116,0
HQI.US,D,20210416,000000,20.162,20.172,19.394,19.972,22938,0
HQI.US,D,20210419,000000,20.082,20.082,19.285,19.414,38165,0
HQI.US,D,20210420,000000,19.574,19.683,18.966,19.404,7959,0
HQI.US,D,20210421,000000,19.165,19.185,18.099,18.438,27545,0
HQI.US,D,20210422,000000,18.218,19.345,18.218,18.946,24613,0
HQI.US,D,20210423,000000,18.986,18.986,18.188,18.438,14558,0
HQI.US,D,20210426,000000,18.228,18.637,17.361,18.378,15046,0
HQI.US,D,20210427,000000,18.348,19.135,18.258,18.677,9412,0
HQI.US,D,20210428,000000,18.637,19.105,17.939,18.119,18930,0
HQI.US,D,20210429,000000,17.979,19.115,17.979,18.757,14586,0
HQI.US,D,20210430,000000,18.737,18.966,17.531,18.278,13576,0
HQI.US,D,20210503,000000,18.278,18.986,17.949,18.986,23408,0
HQI.US,D,20210504,000000,18.687,19.115,18.567,18.727,16271,0
HQI.US,D,20210505,000000,18.836,19.524,18.226,19.185,61182,0
HQI.US,D,20210506,000000,19.115,19.444,18.218,18.667,36662,0
HQI.US,D,20210507,000000,18.936,19.534,18.448,19.534,10483,0
HQI.US,D,20210510,000000,19.534,19.534,19.135,19.285,16574,0
HQI.US,D,20210511,000000,19.285,19.464,18.548,19.464,21478,0
HQI.US,D,20210512,000000,18.928,19.414,18.644,19.125,24694,0
HQI.US,D,20210513,000000,17.87,19.474,17.87,19.285,22027,0
HQI.US,D,20210514,000000,19.14,19.484,18.846,19.175,15627,0
HQI.US,D,20210517,000000,18.936,19.187,18.308,18.388,14159,0
HQI.US,D,20210518,000000,18.178,18.657,17.84,18.039,25435,0
HQI.US,D,20210519,000000,17.84,18.537,16.933,18.438,25776,0
HQI.US,D,20210520,000000,18.169,18.677,17.551,18.477,19544,0
HQI.US,D,20210521,000000,18.477,18.477,17.102,17.441,28045,0
HQI.US,D,20210524,000000,17.581,17.82,17.361,17.69,10077,0
HQI.US,D,20210525,000000,17.501,18.129,17.321,17.7,10703,0
HQI.US,D,20210526,000000,17.69,17.879,17.606,17.78,13192,0
HQI.US,D,20210527,000000,18.188,18.188,17.6,17.73,3724,0
HQI.US,D,20210528,000000,17.9,17.9,17.64,17.81,5769,0
HQI.US,D,20210601,000000,17.6557,18.17,17.61,18.15,13960,0
HQI.US,D,20210602,000000,18.04,18.04,17.59,17.7,7219,0
HQI.US,D,20210603,000000,17.7501,17.82,17.59,17.82,6606,0
HQI.US,D,20210604,000000,17.68,17.9,17.59,17.87,9582,0
HQI.US,D,20210607,000000,17.9,20.79,17.605,19.85,134722,0
HQI.US,D,20210608,000000,20.15,20.23,19.3,19.64,68760,0
HQI.US,D,20210609,000000,19.77,20.17,19.35,19.58,82339,0
HQI.US,D,20210610,000000,19.72,20.1,19.13,19.82,52155,0
HQI.US,D,20210611,000000,20.04,20.765,19.8201,20.46,55925,0
HQI.US,D,20210614,000000,20.67,21.18,20.11,20.38,61762,0
HQI.US,D,20210615,000000,20.43,21.2,20.38,21.2,53118,0
HQI.US,D,20210616,000000,21.16,21.28,20.4001,20.7,87139,0
HQI.US,D,20210617,000000,20.91,21.2389,20.4,20.68,43388,0
HQI.US,D,20210618,000000,20.78,21.28,20.33,21.08,63547,0
HQI.US,D,20210621,000000,21.13,22.03,21.03,21.7,91473,0
HQI.US,D,20210622,000000,22.14,22.39,21.0401,21.48,79265,0
HQI.US,D,20210623,000000,21.6,22.405,21.09,22.1,75405,0
HQI.US,D,20210624,000000,22.06,22.9,21.75,22.69,82474,0
HQI.US,D,20210625,000000,22.7,22.8,20.245,20.25,585873,0
HQI.US,D,20210628,000000,20.43,20.43,18.5,18.54,59421,0
HQI.US,D,20210629,000000,18.69,20.2,18.69,19.87,48390,0
HQI.US,D,20210630,000000,19.77,19.77,18.5,18.51,20454,0
HQI.US,D,20210701,000000,18.52,19,17.74,17.93,22438,0
HQI.US,D,20210702,000000,17.62,18.99,17.62,18.28,17991,0
HQI.US,D,20210706,000000,17.99,18.39,17.8988,18.16,19544,0
HQI.US,D,20210707,000000,17.92,18.45,17.6479,18.295,15999,0
HQI.US,D,20210708,000000,18.08,18.75,17.33,18.18,32338,0
HQI.US,D,20210709,000000,18.75,18.75,18.0827,18.1,4157,0
HQI.US,D,20210712,000000,18.2,18.97,18.2,18.75,16011,0
HQI.US,D,20210713,000000,18.58,18.58,17.94,18.5,18922,0
HQI.US,D,20210714,000000,18.75,18.75,18.1201,18.15,14017,0
HQI.US,D,20210715,000000,18.4159,18.825,18.075,18.24,14578,0
HQI.US,D,20210716,000000,18.09,18.86,17.13,17.9,28542,0
HQI.US,D,20210719,000000,18.18,18.9,17.06,18.35,25533,0
HQI.US,D,20210720,000000,18.29,19.49,17.915,19.22,26864,0
HQI.US,D,20210721,000000,19.23,19.7064,18.75,19.18,11357,0
HQI.US,D,20210722,000000,19.42,19.825,19.03,19.24,11821,0
HQI.US,D,20210723,000000,19.7234,19.7234,19.22,19.34,2112,0
HQI.US,D,20210726,000000,19.47,19.52,19.24,19.35,7316,0
HQI.US,D,20210727,000000,19.2501,19.2501,18.87,19.1,3451,0
HQI.US,D,20210728,000000,19.74,19.74,18.42,18.87,5728,0
HQI.US,D,20210729,000000,19.49,19.49,18.26,18.26,5447,0
HQI.US,D,20210730,000000,18.4936,18.75,18.3,18.3,3249,0
HQI.US,D,20210802,000000,18.66,19.84,18.395,19.84,34150,0
HQI.US,D,20210803,000000,19.9,20.24,18.98,19.8,14875,0
HQI.US,D,20210804,000000,19.437,19.98,19.21,19.21,2711,0
HQI.US,D,20210805,000000,20.25,20.496,19.3,20.41,13183,0
HQI.US,D,20210806,000000,20.69,22.445,20.1,21.24,24181,0
HQI.US,D,20210809,000000,21.12,22.68,20.4,20.95,17725,0
HQI.US,D,20210810,000000,21.89,22.4826,20.9628,21.2,9706,0
HQI.US,D,20210811,000000,21.19,21.25,20,20.6,15483,0
HQI.US,D,20210812,000000,20.73,22.1289,20.43,21.96,17702,0
HQI.US,D,20210813,000000,21.96,22.02,21.01,21.01,10464,0
HQI.US,D,20210816,000000,20.85,20.85,19.93,20.2,8228,0
HQI.US,D,20210817,000000,19.94,19.94,18.35,18.98,21355,0
HQI.US,D,20210818,000000,18.67,19.01,18.16,18.55,19826,0
HQI.US,D,20210819,000000,18.35,18.56,17.86,18.41,20134,0
HQI.US,D,20210820,000000,18.21,18.9999,17.3,18.79,11701,0
HQI.US,D,20210823,000000,18.66,18.6865,18,18.68,10775,0
HQI.US,D,20210824,000000,18.07,18.98,18.07,18.98,12937,0
HQI.US,D,20210825,000000,18.7,18.78,18.29,18.3,5785,0
