<TICKER>,<PER>,<DATE>,<TIME>,<OPEN>,<HIGH>,<LOW>,<CLOSE>,<VOL>,<OPENINT>
MBIN.US,D,20171027,000000,16.189,16.465,15.494,15.998,2858724,0
MBIN.US,D,20171030,000000,15.9,17.13,15.788,16.285,433319,0
MBIN.US,D,20171031,000000,16.358,16.737,16.191,16.339,168158,0
MBIN.US,D,20171101,000000,16.436,16.737,16.199,16.579,54331,0
MBIN.US,D,20171102,000000,16.805,17.616,16.601,17.13,145064,0
MBIN.US,D,20171103,000000,18.245,18.245,16.805,16.92,52649,0
MBIN.US,D,20171106,000000,17.731,17.856,16.805,17.237,67170,0
MBIN.US,D,20171107,000000,17.14,17.247,16.805,16.999,82481,0
MBIN.US,D,20171108,000000,16.903,17.13,16.854,17.085,36886,0
MBIN.US,D,20171109,000000,16.98,16.98,16.713,16.805,53367,0
MBIN.US,D,20171110,000000,16.76,16.854,16.666,16.675,81615,0
MBIN.US,D,20171113,000000,16.666,16.805,16.426,16.732,96757,0
MBIN.US,D,20171114,000000,16.485,16.893,16.485,16.844,55858,0
MBIN.US,D,20171115,000000,16.579,16.874,16.485,16.713,68029,0
MBIN.US,D,20171116,000000,16.713,16.893,16.531,16.694,33228,0
MBIN.US,D,20171117,000000,16.588,16.834,16.588,16.789,41895,0
MBIN.US,D,20171120,000000,16.805,16.834,16.608,16.834,37771,0
MBIN.US,D,20171121,000000,16.834,17.047,16.617,16.704,118985,0
MBIN.US,D,20171122,000000,16.617,16.995,16.617,16.805,52694,0
MBIN.US,D,20171124,000000,16.675,17.027,16.675,16.92,13134,0
MBIN.US,D,20171127,000000,16.999,16.999,16.815,16.96,51069,0
MBIN.US,D,20171128,000000,16.903,16.999,16.903,16.903,44345,0
MBIN.US,D,20171129,000000,16.805,17.12,16.805,16.95,192243,0
MBIN.US,D,20171130,000000,17.065,17.758,16.903,17.458,125071,0
MBIN.US,D,20171201,000000,17.616,18.005,17.247,17.856,99903,0
MBIN.US,D,20171204,000000,17.997,19.378,17.56,18.102,166900,0
MBIN.US,D,20171205,000000,18.161,18.682,18.161,18.388,196834,0
MBIN.US,D,20171206,000000,18.301,18.857,18.075,18.734,80353,0
MBIN.US,D,20171207,000000,18.798,19.235,18.147,19.047,259443,0
MBIN.US,D,20171208,000000,19.283,19.797,18.682,19.112,322549,0
MBIN.US,D,20171211,000000,19.102,20.923,17.626,19.951,162704,0
MBIN.US,D,20171212,000000,19.997,20.093,19.627,19.97,85676,0
MBIN.US,D,20171213,000000,19.97,19.97,19.198,19.663,96442,0
MBIN.US,D,20171214,000000,19.663,20.045,19.663,19.846,129955,0
MBIN.US,D,20171215,000000,19.57,19.71,19.177,19.235,968270,0
MBIN.US,D,20171218,000000,19.291,19.377,18.836,18.909,104404,0
MBIN.US,D,20171219,000000,18.89,19.14,18.89,19.055,73033,0
MBIN.US,D,20171220,000000,19.084,19.546,18.918,19.225,57585,0
MBIN.US,D,20171221,000000,19.187,19.473,19.149,19.349,93415,0
MBIN.US,D,20171222,000000,19.33,19.33,18.443,18.882,514275,0
MBIN.US,D,20171226,000000,18.846,19.093,18.846,18.957,45589,0
MBIN.US,D,20171227,000000,18.836,19.093,18.796,18.855,48995,0
MBIN.US,D,20171228,000000,18.806,19.093,18.499,18.855,66186,0
MBIN.US,D,20171229,000000,18.855,18.937,18.737,18.787,19343,0
MBIN.US,D,20180102,000000,18.872,19.158,18.708,19.055,88406,0
MBIN.US,D,20180103,000000,18.947,19.045,18.663,18.787,44137,0
MBIN.US,D,20180104,000000,18.737,18.958,18.708,18.747,28316,0
MBIN.US,D,20180105,000000,18.776,18.947,18.708,18.787,38738,0
MBIN.US,D,20180108,000000,18.806,19.492,18.787,19.396,53745,0
MBIN.US,D,20180109,000000,19.386,19.386,18.864,18.864,43123,0
MBIN.US,D,20180110,000000,18.816,19.249,18.816,19.101,60380,0
MBIN.US,D,20180111,000000,19.064,19.306,18.967,19.12,52015,0
MBIN.US,D,20180112,000000,19.111,20.237,19.015,20.18,241065,0
MBIN.US,D,20180116,000000,20.313,20.693,19.729,20.476,72221,0
MBIN.US,D,20180117,000000,20.534,20.801,20.055,20.284,37547,0
MBIN.US,D,20180118,000000,20.333,20.62,19.932,20.37,35381,0
MBIN.US,D,20180119,000000,20.34,20.878,19.459,20.693,103053,0
MBIN.US,D,20180122,000000,20.968,21.002,20.49,20.712,18832,0
MBIN.US,D,20180123,000000,20.761,21,20.494,20.848,22656,0
MBIN.US,D,20180124,000000,20.781,20.963,19.817,19.952,53185,0
MBIN.US,D,20180125,000000,20.399,20.811,19.522,19.691,33114,0
MBIN.US,D,20180126,000000,19.682,19.846,19.14,19.502,12455,0
MBIN.US,D,20180129,000000,19.522,20.284,19.522,20.112,16857,0
MBIN.US,D,20180130,000000,19.952,20.17,19.197,19.483,28116,0
MBIN.US,D,20180131,000000,19.57,19.673,19.358,19.377,12457,0
MBIN.US,D,20180201,000000,19.57,20.476,19.473,20.438,35657,0
MBIN.US,D,20180202,000000,20.293,20.647,19.416,19.663,43130,0
MBIN.US,D,20180205,000000,19.391,19.691,19.111,19.13,50960,0
MBIN.US,D,20180206,000000,19.005,19.561,19.005,19.473,24001,0
MBIN.US,D,20180207,000000,19.416,19.719,19.182,19.522,24226,0
MBIN.US,D,20180208,000000,19.435,19.682,19.084,19.084,79973,0
MBIN.US,D,20180209,000000,19.644,19.644,19.084,19.111,35554,0
MBIN.US,D,20180212,000000,19.406,19.608,19.084,19.187,22341,0
MBIN.US,D,20180213,000000,19.084,19.217,19.084,19.158,33237,0
MBIN.US,D,20180214,000000,19.084,19.57,19.084,19.57,28943,0
MBIN.US,D,20180215,000000,19.644,19.644,19.349,19.618,12939,0
MBIN.US,D,20180216,000000,19.435,19.962,19.435,19.903,15527,0
MBIN.US,D,20180220,000000,19.673,19.96,19.287,19.445,15680,0
MBIN.US,D,20180221,000000,19.729,19.99,19.618,19.846,10794,0
MBIN.US,D,20180222,000000,19.942,19.942,19.253,19.454,16838,0
MBIN.US,D,20180223,000000,19.561,19.749,19.358,19.71,10575,0
MBIN.US,D,20180226,000000,19.682,19.827,19.532,19.798,10619,0
MBIN.US,D,20180227,000000,19.701,19.719,19.502,19.579,10493,0
MBIN.US,D,20180228,000000,19.653,19.893,19.522,19.57,18892,0
MBIN.US,D,20180301,000000,19.682,20.524,19.464,20.303,24979,0
MBIN.US,D,20180302,000000,20.15,20.572,19.673,20.572,34599,0
MBIN.US,D,20180305,000000,20.409,21.908,20.334,21.632,117445,0
MBIN.US,D,20180306,000000,21.697,21.861,21.239,21.439,104226,0
MBIN.US,D,20180307,000000,21.429,21.715,21.048,21.269,83671,0
MBIN.US,D,20180308,000000,21.346,21.544,21.219,21.289,32188,0
MBIN.US,D,20180309,000000,21.448,21.573,21.105,21.467,181835,0
MBIN.US,D,20180312,000000,21.457,21.525,21.049,21.133,47970,0
MBIN.US,D,20180313,000000,21.143,21.46,20.906,21.219,78211,0
MBIN.US,D,20180314,000000,21.191,21.623,20.937,21.297,69619,0
MBIN.US,D,20180315,000000,21.346,21.726,21.03,21.603,64129,0
MBIN.US,D,20180316,000000,21.584,21.726,21.297,21.642,81536,0
MBIN.US,D,20180319,000000,21.584,21.726,21.219,21.584,75551,0
MBIN.US,D,20180320,000000,21.623,21.726,21.289,21.449,64973,0
MBIN.US,D,20180321,000000,21.458,21.765,21.449,21.662,48129,0
MBIN.US,D,20180322,000000,21.507,22.05,21.138,21.756,359408,0
MBIN.US,D,20180323,000000,21.844,22.747,21.41,21.44,74524,0
MBIN.US,D,20180326,000000,21.613,22.264,21.356,22.004,45397,0
MBIN.US,D,20180327,000000,21.987,22.159,21.394,21.706,28123,0
MBIN.US,D,20180328,000000,21.652,21.746,21.153,21.42,19543,0
MBIN.US,D,20180329,000000,21.128,21.633,20.579,20.579,41094,0
MBIN.US,D,20180402,000000,20.608,21.143,20.608,20.81,37938,0
MBIN.US,D,20180403,000000,20.915,20.962,20.407,20.561,68752,0
MBIN.US,D,20180404,000000,20.368,20.77,20.197,20.207,20575,0
MBIN.US,D,20180405,000000,20.272,20.338,19.785,19.909,18908,0
MBIN.US,D,20180406,000000,19.862,20.905,19.862,20.475,61703,0
MBIN.US,D,20180409,000000,20.655,20.655,19.325,19.411,90209,0
MBIN.US,D,20180410,000000,19.641,19.641,19.115,19.344,35335,0
MBIN.US,D,20180411,000000,19.623,19.745,19.623,19.623,17731,0
MBIN.US,D,20180412,000000,19.641,20.264,19.641,20.024,24072,0
MBIN.US,D,20180413,000000,20.082,20.082,19.362,19.623,22005,0
MBIN.US,D,20180416,000000,19.623,20.221,19.623,19.755,31919,0
MBIN.US,D,20180417,000000,19.871,20.147,19.614,19.948,23297,0
MBIN.US,D,20180418,000000,20.015,20.645,20.015,20.484,15832,0
MBIN.US,D,20180419,000000,20.378,20.484,20.042,20.177,18894,0
MBIN.US,D,20180420,000000,20.062,20.512,19.669,19.852,15555,0
MBIN.US,D,20180423,000000,19.977,20.275,19.678,19.995,11023,0
MBIN.US,D,20180424,000000,20.082,20.29,19.715,20.091,14746,0
MBIN.US,D,20180425,000000,20.1,20.635,19.862,20.512,42451,0
MBIN.US,D,20180426,000000,20.532,20.645,20.207,20.427,10583,0
MBIN.US,D,20180427,000000,20.465,20.556,19.669,19.982,43301,0
MBIN.US,D,20180430,000000,20.234,20.627,20.024,20.465,34524,0
MBIN.US,D,20180501,000000,20.618,21.545,20.254,21.297,173158,0
MBIN.US,D,20180502,000000,21.346,22.397,21.269,22.206,27008,0
MBIN.US,D,20180503,000000,22.274,22.274,21.001,21.114,166693,0
MBIN.US,D,20180504,000000,21.114,22.119,21.105,21.939,16109,0
MBIN.US,D,20180507,000000,22.119,22.159,21.939,22.041,29948,0
MBIN.US,D,20180508,000000,21.249,22.159,21.249,21.967,52131,0
MBIN.US,D,20180509,000000,22.09,22.109,21.459,21.957,53843,0
MBIN.US,D,20180510,000000,22.013,22.169,21.844,22.013,68648,0
MBIN.US,D,20180511,000000,22.071,22.071,21.834,21.987,46780,0
MBIN.US,D,20180514,000000,22.099,22.303,22.013,22.169,58533,0
MBIN.US,D,20180515,000000,22.187,22.658,22.139,22.628,42033,0
MBIN.US,D,20180516,000000,22.638,23.682,22.638,23.422,59184,0
MBIN.US,D,20180517,000000,23.394,24.238,23.211,24.102,84797,0
MBIN.US,D,20180518,000000,24.167,24.278,23.813,23.919,93894,0
MBIN.US,D,20180521,000000,24.065,24.184,23.615,23.919,78052,0
MBIN.US,D,20180522,000000,23.853,24.065,23.69,23.909,68996,0
MBIN.US,D,20180523,000000,23.929,24.618,23.813,24.112,64253,0
MBIN.US,D,20180524,000000,24.205,24.923,23.625,24.694,44211,0
MBIN.US,D,20180525,000000,24.761,25.334,24.738,25.27,51784,0
MBIN.US,D,20180529,000000,25.172,25.289,24.607,24.83,55795,0
MBIN.US,D,20180530,000000,25.078,25.212,24.704,24.866,89214,0
MBIN.US,D,20180531,000000,24.943,25.06,24.37,24.418,192169,0
MBIN.US,D,20180601,000000,24.531,25.172,24.436,25.133,112015,0
MBIN.US,D,20180604,000000,25.241,26.639,25.241,26.198,157998,0
MBIN.US,D,20180605,000000,26.227,26.714,26.006,26.492,93475,0
MBIN.US,D,20180606,000000,26.629,27.748,26.024,26.753,117729,0
MBIN.US,D,20180607,000000,26.695,27.092,26.419,26.61,94046,0
MBIN.US,D,20180608,000000,26.678,27.087,26.275,26.753,115663,0
MBIN.US,D,20180611,000000,26.869,27.087,26.583,26.849,220387,0
MBIN.US,D,20180612,000000,26.981,27.899,26.658,27.374,172811,0
MBIN.US,D,20180613,000000,27.288,27.512,26.658,26.678,138520,0
MBIN.US,D,20180614,000000,26.897,27.06,26.334,26.743,174583,0
MBIN.US,D,20180615,000000,26.724,27.051,26.649,26.686,222129,0
MBIN.US,D,20180618,000000,26.668,27.28,26.663,27.185,165285,0
MBIN.US,D,20180619,000000,27.051,27.578,27.051,27.289,143948,0
MBIN.US,D,20180620,000000,27.482,27.874,27.366,27.674,138594,0
MBIN.US,D,20180621,000000,27.627,27.664,27.051,27.088,192599,0
MBIN.US,D,20180622,000000,27.203,27.674,26.686,27.07,1341429,0
MBIN.US,D,20180625,000000,26.887,27.651,26.522,27.578,102471,0
MBIN.US,D,20180626,000000,27.607,27.627,27.001,27.166,93137,0
MBIN.US,D,20180627,000000,27.213,27.664,26.409,26.475,196330,0
MBIN.US,D,20180628,000000,26.62,27.156,26.072,27.128,90529,0
MBIN.US,D,20180629,000000,27.203,27.496,27.051,27.366,92999,0
MBIN.US,D,20180702,000000,27.252,27.337,26.629,27.108,99039,0
MBIN.US,D,20180703,000000,26.934,27.691,26.658,26.8,76516,0
MBIN.US,D,20180705,000000,27.021,27.328,26.897,27.299,71049,0
MBIN.US,D,20180706,000000,27.27,27.655,27.27,27.539,64117,0
MBIN.US,D,20180709,000000,27.597,27.75,27.357,27.655,90871,0
MBIN.US,D,20180710,000000,27.655,27.75,26.997,27.128,42594,0
MBIN.US,D,20180711,000000,26.62,27.088,26.502,26.54,103710,0
MBIN.US,D,20180712,000000,26.58,26.58,25.62,26.11,80659,0
MBIN.US,D,20180713,000000,26.062,26.177,25.775,25.946,42238,0
MBIN.US,D,20180716,000000,25.995,26.329,25.63,26.309,63763,0
MBIN.US,D,20180717,000000,26.329,26.58,26.158,26.274,55000,0
MBIN.US,D,20180718,000000,26.197,26.427,26.115,26.349,35617,0
MBIN.US,D,20180719,000000,26.3,26.437,26.148,26.379,26480,0
MBIN.US,D,20180720,000000,26.389,26.944,26.389,26.704,34523,0
MBIN.US,D,20180723,000000,26.714,27.147,26.485,27.011,23966,0
MBIN.US,D,20180724,000000,27.156,27.51,26.964,27.385,59342,0
MBIN.US,D,20180725,000000,27.166,27.539,27.001,27.395,47005,0
MBIN.US,D,20180726,000000,27.318,27.71,27.166,27.434,36749,0
MBIN.US,D,20180727,000000,27.482,27.674,25.66,25.707,82976,0
MBIN.US,D,20180730,000000,25.61,26.062,25.218,25.371,41041,0
MBIN.US,D,20180731,000000,24.48,25.228,21.392,23.509,328442,0
MBIN.US,D,20180801,000000,23.397,24.403,23.397,24.079,106973,0
MBIN.US,D,20180802,000000,23.877,24.575,23.877,24.441,41642,0
MBIN.US,D,20180803,000000,24.413,25.017,24.154,24.949,77899,0
MBIN.US,D,20180806,000000,24.949,25.13,24.507,24.747,53005,0
MBIN.US,D,20180807,000000,24.729,24.921,23.568,24.161,90484,0
MBIN.US,D,20180808,000000,24.161,24.238,23.989,24.126,36247,0
MBIN.US,D,20180809,000000,24.088,24.336,24.088,24.327,20975,0
MBIN.US,D,20180810,000000,24.18,24.739,24.112,24.555,69076,0
MBIN.US,D,20180813,000000,24.605,24.757,24.327,24.672,26139,0
MBIN.US,D,20180814,000000,24.806,25.439,24.652,25.102,89120,0
MBIN.US,D,20180815,000000,25.036,25.17,24.642,24.71,34756,0
MBIN.US,D,20180816,000000,24.901,25.322,24.901,25.267,27612,0
MBIN.US,D,20180817,000000,25.179,25.842,25.179,25.679,32708,0
MBIN.US,D,20180820,000000,25.784,25.899,25.13,25.449,20952,0
MBIN.US,D,20180821,000000,25.449,25.889,25.391,25.571,16019,0
MBIN.US,D,20180822,000000,25.525,25.698,25.351,25.553,25266,0
MBIN.US,D,20180823,000000,25.468,25.717,25.459,25.534,26996,0
MBIN.US,D,20180824,000000,25.563,25.842,24.854,25.487,54134,0
MBIN.US,D,20180827,000000,25.842,25.842,24.921,25.209,27494,0
MBIN.US,D,20180828,000000,25.287,25.341,24.845,24.998,20549,0
MBIN.US,D,20180829,000000,25.017,25.017,24.517,24.71,38988,0
MBIN.US,D,20180830,000000,24.747,25.093,24.517,24.826,37226,0
MBIN.US,D,20180831,000000,24.729,25.42,24.729,25.046,26343,0
MBIN.US,D,20180904,000000,24.949,25.16,24.725,25.102,57391,0
MBIN.US,D,20180905,000000,25.13,26.033,24.939,25.784,60643,0
MBIN.US,D,20180906,000000,25.803,25.803,25.507,25.63,17487,0
MBIN.US,D,20180907,000000,25.478,26.256,25.478,26.043,45152,0
MBIN.US,D,20180910,000000,26.14,27.404,25.181,26.58,78446,0
MBIN.US,D,20180911,000000,26.55,27.156,26.265,26.781,54739,0
MBIN.US,D,20180912,000000,26.62,26.639,26.3,26.531,59618,0
MBIN.US,D,20180913,000000,26.678,26.898,26.349,26.695,44236,0
MBIN.US,D,20180914,000000,26.743,27.329,26.48,26.649,51992,0
MBIN.US,D,20180917,000000,26.762,27.119,26.066,27.08,61674,0
MBIN.US,D,20180918,000000,27.138,27.138,26.57,26.879,81493,0
MBIN.US,D,20180919,000000,26.84,27.071,26.57,26.879,104351,0
MBIN.US,D,20180920,000000,26.916,27.119,26.811,26.916,98405,0
MBIN.US,D,20180921,000000,26.86,27.137,25.109,25.715,456013,0
MBIN.US,D,20180924,000000,25.735,25.965,25.142,25.588,66137,0
MBIN.US,D,20180925,000000,25.348,25.86,25.023,25.117,34884,0
MBIN.US,D,20180926,000000,25.09,25.593,24.512,24.551,36378,0
MBIN.US,D,20180927,000000,24.965,24.965,23.964,24.408,25915,0
MBIN.US,D,20180928,000000,24.283,24.793,23.964,24.436,40661,0
MBIN.US,D,20181001,000000,24.611,24.907,23.935,24.131,34918,0
MBIN.US,D,20181002,000000,24.149,24.771,23.187,23.542,48945,0
MBIN.US,D,20181003,000000,23.552,23.871,23.332,23.492,45301,0
MBIN.US,D,20181004,000000,23.492,23.762,23.41,23.464,20028,0
MBIN.US,D,20181005,000000,23.571,23.816,23.159,23.39,41722,0
MBIN.US,D,20181008,000000,23.39,23.964,23.342,23.792,34943,0
MBIN.US,D,20181009,000000,23.782,23.954,23.67,23.851,43909,0
MBIN.US,D,20181010,000000,23.752,24.131,23.561,23.67,35546,0
MBIN.US,D,20181011,000000,23.621,24.101,23.119,23.36,29675,0
MBIN.US,D,20181012,000000,23.63,23.688,22.149,22.244,78355,0
MBIN.US,D,20181015,000000,22.313,22.65,21.822,22.041,31103,0
MBIN.US,D,20181016,000000,22.061,23.023,21.989,22.947,23005,0
MBIN.US,D,20181017,000000,22.88,22.88,22.322,22.522,20451,0
MBIN.US,D,20181018,000000,22.371,23.028,21.87,21.986,20598,0
MBIN.US,D,20181019,000000,21.966,22.611,20.764,21.149,33551,0
MBIN.US,D,20181022,000000,20.724,22.428,20.724,22.081,22063,0
MBIN.US,D,20181023,000000,21.822,22.389,21.158,21.704,8151,0
MBIN.US,D,20181024,000000,21.773,22.061,21.416,21.426,45700,0
MBIN.US,D,20181025,000000,22.164,22.274,21.754,21.802,15028,0
MBIN.US,D,20181026,000000,21.542,22.187,21.15,21.909,26193,0
MBIN.US,D,20181029,000000,22.081,22.081,21.168,21.303,23802,0
MBIN.US,D,20181030,000000,21.371,21.87,20.841,21.323,49511,0
MBIN.US,D,20181031,000000,22.041,22.274,21.562,22.109,67706,0
MBIN.US,D,20181101,000000,22.051,22.149,21.168,21.255,35342,0
MBIN.US,D,20181102,000000,21.245,22.041,21.197,21.352,20970,0
MBIN.US,D,20181105,000000,21.255,22.046,21.255,21.87,15412,0
MBIN.US,D,20181106,000000,21.822,22.206,21.822,22.179,29408,0
MBIN.US,D,20181107,000000,22.149,22.938,21.899,22.503,11661,0
MBIN.US,D,20181108,000000,22.389,22.437,21.337,22.371,10494,0
MBIN.US,D,20181109,000000,22.493,22.493,21.542,22.071,26911,0
MBIN.US,D,20181112,000000,22.071,22.446,21.714,22.226,15533,0
MBIN.US,D,20181113,000000,22.244,22.461,21.861,21.966,12901,0
MBIN.US,D,20181114,000000,22.196,22.398,20.853,22.371,12454,0
MBIN.US,D,20181115,000000,22.013,24.446,22.013,23.67,22884,0
MBIN.US,D,20181116,000000,23.63,23.7,22.8,23.205,43980,0
MBIN.US,D,20181119,000000,23.071,23.215,22.446,23.081,20165,0
MBIN.US,D,20181120,000000,22.994,23.071,22.512,22.512,8704,0
MBIN.US,D,20181121,000000,22.899,23.071,22.343,22.899,19038,0
MBIN.US,D,20181123,000000,22.697,23.215,22.381,23.071,6301,0
MBIN.US,D,20181126,000000,23.071,23.071,21.044,21.899,47931,0
MBIN.US,D,20181127,000000,21.764,22.322,21.4,21.995,15690,0
MBIN.US,D,20181128,000000,22.341,22.82,21.754,22.542,27219,0
MBIN.US,D,20181129,000000,22.735,23.023,22.081,22.66,20799,0
MBIN.US,D,20181130,000000,22.85,22.974,22.512,22.965,26896,0
MBIN.US,D,20181203,000000,22.974,22.974,22.179,22.466,13638,0
MBIN.US,D,20181204,000000,22.398,22.398,20.409,21.005,47407,0
MBIN.US,D,20181206,000000,20.881,21.149,20.573,20.764,26008,0
MBIN.US,D,20181207,000000,20.851,20.909,19.977,20.168,47176,0
MBIN.US,D,20181210,000000,19.438,20.188,18.602,19.084,59607,0
MBIN.US,D,20181211,000000,19.225,20.476,19.225,19.852,47082,0
MBIN.US,D,20181212,000000,20.034,20.831,19.274,20.504,34682,0
MBIN.US,D,20181213,000000,20.697,20.697,19.714,20.226,28010,0
MBIN.US,D,20181214,000000,20.127,20.245,19.754,20.245,14356,0
MBIN.US,D,20181217,000000,20.245,20.245,19.663,20.1,41529,0
MBIN.US,D,20181218,000000,20.127,20.127,19.165,19.57,86526,0
MBIN.US,D,20181219,000000,19.704,19.762,18.917,19.031,18743,0
MBIN.US,D,20181220,000000,19.107,19.107,18.509,18.819,22957,0
MBIN.US,D,20181221,000000,18.682,18.7,18.268,18.548,116929,0
MBIN.US,D,20181224,000000,18.462,18.548,18.268,18.306,8365,0
MBIN.US,D,20181226,000000,18.442,18.932,18.173,18.903,59859,0
MBIN.US,D,20181227,000000,18.664,18.991,18.578,18.932,56573,0
MBIN.US,D,20181228,000000,19.132,19.732,18.548,19.609,28421,0
MBIN.US,D,20181231,000000,19.752,19.752,19.031,19.241,41737,0
MBIN.US,D,20190102,000000,19.09,19.595,19.041,19.358,19483,0
MBIN.US,D,20190103,000000,19.28,19.632,19.28,19.454,23427,0
MBIN.US,D,20190104,000000,19.772,20.37,19.645,20.226,22843,0
MBIN.US,D,20190107,000000,20.37,20.842,19.917,20.842,25971,0
MBIN.US,D,20190108,000000,20.862,20.92,20.621,20.745,33610,0
MBIN.US,D,20190109,000000,20.785,21.063,20.629,20.814,16865,0
MBIN.US,D,20190110,000000,20.524,20.524,19.722,20.004,31889,0
MBIN.US,D,20190111,000000,19.762,20.167,19.57,20.118,183645,0
MBIN.US,D,20190114,000000,20.137,20.972,20.137,20.591,20884,0
MBIN.US,D,20190115,000000,20.573,20.949,20.573,20.852,12575,0
MBIN.US,D,20190116,000000,20.862,21.257,20.544,20.832,28920,0
MBIN.US,D,20190117,000000,20.755,20.986,20.534,20.697,64747,0
MBIN.US,D,20190118,000000,20.688,20.805,20.621,20.688,38822,0
MBIN.US,D,20190122,000000,20.581,20.882,20.301,20.563,92657,0
MBIN.US,D,20190123,000000,20.611,20.735,20.38,20.476,21030,0
MBIN.US,D,20190124,000000,20.438,20.697,20.197,20.35,16192,0
MBIN.US,D,20190125,000000,20.409,20.524,20.147,20.458,17770,0
MBIN.US,D,20190128,000000,20.291,20.581,20.245,20.389,13255,0
MBIN.US,D,20190129,000000,20.476,20.504,20.34,20.428,12241,0
MBIN.US,D,20190130,000000,20.448,20.448,20.207,20.448,16570,0
MBIN.US,D,20190131,000000,20.137,20.245,18.394,18.866,72326,0
MBIN.US,D,20190201,000000,18.885,19.126,18.834,18.858,16736,0
MBIN.US,D,20190204,000000,18.858,19.241,18.678,19.146,19214,0
MBIN.US,D,20190205,000000,19.27,19.27,18.952,19.07,36388,0
MBIN.US,D,20190206,000000,19.06,19.098,19.041,19.09,25635,0
MBIN.US,D,20190207,000000,19.117,19.154,18.962,19.051,10562,0
MBIN.US,D,20190208,000000,18.799,19.09,18.769,18.952,10970,0
MBIN.US,D,20190211,000000,18.991,19.041,18.896,18.952,10432,0
MBIN.US,D,20190212,000000,19.041,19.221,18.922,19.221,37162,0
MBIN.US,D,20190213,000000,20.177,20.177,19.193,19.367,59284,0
MBIN.US,D,20190214,000000,19.251,19.416,19.163,19.289,23895,0
MBIN.US,D,20190215,000000,19.396,20.795,19.396,20.563,28512,0
MBIN.US,D,20190219,000000,20.86,21.18,20.805,20.967,36697,0
MBIN.US,D,20190220,000000,20.957,21.393,20.755,21.053,235642,0
MBIN.US,D,20190221,000000,21.16,21.287,20.957,20.967,18665,0
MBIN.US,D,20190222,000000,20.977,21.175,20.765,20.939,17569,0
MBIN.US,D,20190225,000000,21.16,21.247,20.725,20.725,13697,0
MBIN.US,D,20190226,000000,20.765,21.257,20.301,20.301,13112,0
MBIN.US,D,20190227,000000,20.187,20.443,19.445,20.014,17751,0
MBIN.US,D,20190228,000000,20.238,20.321,20.051,20.1,11219,0
MBIN.US,D,20190301,000000,20.226,20.226,19.641,19.802,6029,0
MBIN.US,D,20190304,000000,19.685,19.897,19.685,19.762,10950,0
MBIN.US,D,20190305,000000,19.831,19.869,19.517,19.792,36032,0
MBIN.US,D,20190306,000000,19.752,19.802,19.57,19.57,30958,0
MBIN.US,D,20190307,000000,19.183,19.562,19.183,19.221,28666,0
MBIN.US,D,20190308,000000,19.154,19.636,18.813,19.231,11797,0
MBIN.US,D,20190311,000000,19.231,19.762,19.231,19.742,10686,0
MBIN.US,D,20190312,000000,19.752,19.831,19.183,19.512,14126,0
MBIN.US,D,20190313,000000,19.522,19.965,19.522,19.57,9210,0
MBIN.US,D,20190314,000000,19.627,19.822,19.445,19.579,6721,0
MBIN.US,D,20190315,000000,19.492,19.822,19.445,19.636,111196,0
MBIN.US,D,20190318,000000,19.645,20.451,19.645,20.169,17578,0
MBIN.US,D,20190319,000000,20.237,20.314,20.179,20.199,18813,0
MBIN.US,D,20190320,000000,19.986,20.257,19.23,19.889,16634,0
MBIN.US,D,20190321,000000,19.483,19.966,19.24,19.415,10718,0
MBIN.US,D,20190322,000000,19.269,19.566,18.311,18.331,48678,0
MBIN.US,D,20190325,000000,18.468,20.314,18.39,19.395,18362,0
MBIN.US,D,20190326,000000,19.522,20.248,19.522,19.957,17050,0
MBIN.US,D,20190327,000000,20.035,20.45,20.006,20.314,44169,0
MBIN.US,D,20190328,000000,20.314,20.935,20.035,20.877,14966,0
MBIN.US,D,20190329,000000,20.925,21.068,20.652,20.799,36696,0
MBIN.US,D,20190401,000000,21.088,21.233,20.962,20.962,23161,0
MBIN.US,D,20190402,000000,21.141,21.218,20.672,21.185,17293,0
MBIN.US,D,20190403,000000,21.38,21.562,20.818,21.426,37516,0
MBIN.US,D,20190404,000000,21.426,21.524,21.233,21.426,41654,0
MBIN.US,D,20190405,000000,21.426,21.706,21.426,21.582,22438,0
MBIN.US,D,20190408,000000,21.475,21.94,21.475,21.775,15768,0
MBIN.US,D,20190409,000000,21.756,21.971,21.208,21.455,24013,0
MBIN.US,D,20190410,000000,21.213,22.036,21.213,21.901,13469,0
MBIN.US,D,20190411,000000,21.901,22.036,21.872,21.911,20733,0
MBIN.US,D,20190412,000000,21.901,22.065,21.775,21.901,41557,0
MBIN.US,D,20190415,000000,21.989,22.22,21.887,21.989,14529,0
MBIN.US,D,20190416,000000,22.123,23.11,21.795,22.356,35939,0
MBIN.US,D,20190417,000000,22.549,22.829,22.279,22.394,13695,0
MBIN.US,D,20190418,000000,22.259,23.012,22.259,23.003,18476,0
MBIN.US,D,20190422,000000,22.667,23.032,22.647,23.032,15615,0
MBIN.US,D,20190423,000000,23.052,23.604,23.052,23.584,17008,0
MBIN.US,D,20190424,000000,23.525,23.876,23.1,23.614,46993,0
MBIN.US,D,20190425,000000,23.594,23.811,23.362,23.634,10324,0
MBIN.US,D,20190426,000000,23.244,23.362,23.052,23.1,15217,0
MBIN.US,D,20190429,000000,23.179,23.979,23.179,23.979,16967,0
MBIN.US,D,20190430,000000,23.673,23.95,23.353,23.392,25355,0
MBIN.US,D,20190501,000000,22.964,22.964,20.981,21.65,23053,0
MBIN.US,D,20190502,000000,22.462,22.462,21.601,21.631,15287,0
MBIN.US,D,20190503,000000,21.746,22.733,21.746,22.163,37247,0
MBIN.US,D,20190506,000000,21.611,21.921,21.592,21.795,29904,0
MBIN.US,D,20190507,000000,21.552,21.731,21.03,21.426,26312,0
MBIN.US,D,20190508,000000,21.485,22.471,21.485,21.775,15267,0
MBIN.US,D,20190509,000000,21.532,21.945,21.283,21.291,12755,0
MBIN.US,D,20190510,000000,21.283,21.283,20.905,21.185,6783,0
MBIN.US,D,20190513,000000,20.701,21.669,20.701,20.944,43052,0
MBIN.US,D,20190514,000000,21.03,21.408,20.729,21.223,27445,0
MBIN.US,D,20190515,000000,21.001,21.882,21.001,21.301,22636,0
MBIN.US,D,20190516,000000,21.321,21.336,20.991,21.176,5020,0
MBIN.US,D,20190517,000000,21.03,21.078,20.701,20.72,10495,0
MBIN.US,D,20190520,000000,20.527,20.837,20.043,20.218,15755,0
MBIN.US,D,20190521,000000,20.266,21.532,20.266,21.088,25870,0
MBIN.US,D,20190522,000000,21.097,21.185,20.729,20.991,10627,0
MBIN.US,D,20190523,000000,20.809,20.944,20.314,20.46,12469,0
MBIN.US,D,20190524,000000,20.577,20.962,20.497,20.944,12215,0
MBIN.US,D,20190528,000000,20.867,20.867,19.57,19.618,23344,0
MBIN.US,D,20190529,000000,19.636,19.822,18.94,18.94,15912,0
MBIN.US,D,20190530,000000,19.068,19.212,16.987,17.383,57878,0
MBIN.US,D,20190531,000000,17.363,18.192,16.217,17.606,34732,0
MBIN.US,D,20190603,000000,17.626,18.493,17.508,17.686,30267,0
MBIN.US,D,20190604,000000,18.081,18.613,17.676,18.331,28669,0
MBIN.US,D,20190605,000000,18.613,18.746,17.304,17.49,18590,0
MBIN.US,D,20190606,000000,17.373,17.641,17.06,17.323,58467,0
MBIN.US,D,20190607,000000,17.373,17.789,17.007,17.393,50144,0
MBIN.US,D,20190610,000000,16.522,17.699,16.367,16.522,59693,0
MBIN.US,D,20190611,000000,16.493,17.064,16.116,16.367,65411,0
MBIN.US,D,20190612,000000,16.376,16.443,15.855,16.029,66029,0
MBIN.US,D,20190613,000000,16.135,16.292,15.845,16.067,46557,0
MBIN.US,D,20190614,000000,16.077,16.274,16.029,16.106,82492,0
MBIN.US,D,20190617,000000,16.106,16.106,15.729,15.767,60224,0
MBIN.US,D,20190618,000000,15.767,16.274,15.661,15.991,45067,0
MBIN.US,D,20190619,000000,15.931,16.165,15.786,15.892,50032,0
MBIN.US,D,20190620,000000,16.029,16.067,15.699,16.048,53637,0
MBIN.US,D,20190621,000000,15.892,16.397,15.714,16.397,158959,0
MBIN.US,D,20190624,000000,16.397,16.642,15.738,15.796,87816,0
MBIN.US,D,20190625,000000,15.931,15.931,15.027,15.194,69656,0
MBIN.US,D,20190626,000000,15.377,16.116,15.042,15.767,71419,0
MBIN.US,D,20190627,000000,15.845,16.388,15.845,16.378,87138,0
MBIN.US,D,20190628,000000,16.388,16.652,16.029,16.542,772696,0
MBIN.US,D,20190701,000000,16.711,17.389,16.552,16.74,42482,0
MBIN.US,D,20190702,000000,16.864,16.952,15.971,16.106,37404,0
MBIN.US,D,20190703,000000,16.225,16.505,16.225,16.264,16818,0
MBIN.US,D,20190705,000000,16.274,16.794,16.274,16.602,19972,0
MBIN.US,D,20190708,000000,16.652,16.701,16.244,16.632,32477,0
MBIN.US,D,20190709,000000,16.662,16.74,16.034,16.407,29831,0
MBIN.US,D,20190710,000000,16.467,16.794,16.185,16.388,39448,0
MBIN.US,D,20190711,000000,16.662,16.662,16.048,16.311,31441,0
MBIN.US,D,20190712,000000,16.321,16.672,16.185,16.321,41285,0
MBIN.US,D,20190715,000000,16.368,16.515,16.205,16.368,41945,0
MBIN.US,D,20190716,000000,16.388,16.622,16.228,16.368,50379,0
MBIN.US,D,20190717,000000,16.292,16.632,16.292,16.368,32594,0
MBIN.US,D,20190718,000000,16.338,16.622,16.292,16.397,14965,0
MBIN.US,D,20190719,000000,16.397,16.477,16.338,16.338,18702,0
MBIN.US,D,20190722,000000,16.348,16.74,16.321,16.672,22840,0
MBIN.US,D,20190723,000000,16.682,16.824,16.309,16.368,40720,0
MBIN.US,D,20190724,000000,16.515,16.597,16.397,16.467,49504,0
MBIN.US,D,20190725,000000,16.477,16.701,16.343,16.388,90430,0
MBIN.US,D,20190726,000000,16.602,16.772,16.358,16.542,73202,0
MBIN.US,D,20190729,000000,16.552,16.952,16.185,16.338,57536,0
MBIN.US,D,20190730,000000,16.321,16.982,16.321,16.922,108887,0
MBIN.US,D,20190731,000000,17.136,17.943,16.927,17.379,94725,0
MBIN.US,D,20190801,000000,17.439,18.36,17.419,17.458,84770,0
MBIN.US,D,20190802,000000,17.419,17.439,16.794,17.399,46284,0
MBIN.US,D,20190805,000000,17.106,17.504,16.572,16.942,44464,0
MBIN.US,D,20190806,000000,16.612,17.309,16.612,16.912,35985,0
MBIN.US,D,20190807,000000,16.711,17.196,16.602,16.874,37995,0
MBIN.US,D,20190808,000000,17.136,17.573,17.01,17.319,58415,0
MBIN.US,D,20190809,000000,17.319,17.478,16.884,16.942,49331,0
MBIN.US,D,20190812,000000,16.794,17.079,16.74,16.972,38098,0
MBIN.US,D,20190813,000000,18.233,18.233,16.296,16.749,61036,0
MBIN.US,D,20190814,000000,16.082,16.329,15.368,15.513,42731,0
MBIN.US,D,20190815,000000,15.835,16.321,15.387,15.456,23694,0
MBIN.US,D,20190816,000000,15.641,15.686,14.728,14.952,48112,0
MBIN.US,D,20190819,000000,15.292,15.486,14.815,15.047,50072,0
MBIN.US,D,20190820,000000,14.999,15.446,14.223,15.292,27254,0
MBIN.US,D,20190821,000000,15.244,15.892,15.244,15.767,23945,0
MBIN.US,D,20190822,000000,15.796,16.348,15.194,15.194,43508,0
MBIN.US,D,20190823,000000,15.115,15.738,14.661,14.756,22328,0
MBIN.US,D,20190826,000000,14.718,15.358,14.653,15.067,32567,0
MBIN.US,D,20190827,000000,15.091,15.091,14.512,14.785,48752,0
MBIN.US,D,20190828,000000,14.927,15.387,14.466,15.204,34708,0
MBIN.US,D,20190829,000000,15.194,16.358,14.552,15.533,36955,0
MBIN.US,D,20190830,000000,15.562,16.165,15.244,15.407,24652,0
MBIN.US,D,20190903,000000,15.523,15.601,14.912,15.047,48797,0
MBIN.US,D,20190904,000000,15.234,15.557,14.884,15.115,68984,0
MBIN.US,D,20190905,000000,15.387,15.902,15.34,15.709,56789,0
MBIN.US,D,20190906,000000,16.048,16.048,15.446,15.466,18862,0
MBIN.US,D,20190909,000000,15.883,16.274,15.504,16.096,29692,0
MBIN.US,D,20190910,000000,16.087,16.667,15.845,15.931,63064,0
MBIN.US,D,20190911,000000,15.971,16.73,15.951,16.652,87691,0
MBIN.US,D,20190912,000000,16.552,16.612,15.499,15.735,227408,0
MBIN.US,D,20190913,000000,15.919,16.672,15.851,16.426,49764,0
MBIN.US,D,20190916,000000,16.602,17.362,16.085,16.865,45911,0
MBIN.US,D,20190917,000000,17.071,17.071,16.652,16.662,26470,0
MBIN.US,D,20190918,000000,16.672,17.548,16.138,16.622,27668,0
MBIN.US,D,20190919,000000,16.672,16.795,16.055,16.183,56156,0
MBIN.US,D,20190920,000000,16.153,16.367,15.637,15.715,212327,0
MBIN.US,D,20190923,000000,15.772,16.347,15.772,16.262,46855,0
MBIN.US,D,20190924,000000,16.426,16.426,15.802,15.997,68608,0
MBIN.US,D,20190925,000000,15.997,16.466,15.735,16.203,64951,0
MBIN.US,D,20190926,000000,16.153,16.31,16.094,16.243,28272,0
MBIN.US,D,20190927,000000,16.252,16.426,16.094,16.193,21473,0
MBIN.US,D,20190930,000000,16.228,16.32,16.094,16.133,41656,0
MBIN.US,D,20191001,000000,16.055,16.589,15.705,15.735,51621,0
MBIN.US,D,20191002,000000,15.587,15.782,15.001,15.451,30557,0
MBIN.US,D,20191003,000000,15.382,15.997,14.925,15.451,19827,0
MBIN.US,D,20191004,000000,15.451,15.538,15.119,15.509,23264,0
MBIN.US,D,20191007,000000,15.441,15.687,15.325,15.431,16519,0
MBIN.US,D,20191008,000000,15.509,15.509,15.04,15.168,26284,0
MBIN.US,D,20191009,000000,15.266,15.528,14.958,15.04,39403,0
MBIN.US,D,20191010,000000,15.109,15.637,14.884,15.392,18994,0
MBIN.US,D,20191011,000000,15.744,15.861,15.412,15.528,37699,0
MBIN.US,D,20191014,000000,15.363,15.822,15.205,15.471,29307,0
MBIN.US,D,20191015,000000,15.509,15.991,15.461,15.587,40344,0
MBIN.US,D,20191016,000000,15.782,15.802,15.431,15.509,25078,0
MBIN.US,D,20191017,000000,15.597,15.667,15.363,15.528,26236,0
MBIN.US,D,20191018,000000,15.412,15.852,15.335,15.481,45661,0
MBIN.US,D,20191021,000000,15.617,15.909,15.266,15.832,46023,0
MBIN.US,D,20191022,000000,15.627,15.988,15.451,15.744,48114,0
MBIN.US,D,20191023,000000,15.687,16.193,15.687,15.938,39589,0
MBIN.US,D,20191024,000000,15.568,15.978,15.568,15.772,40479,0
MBIN.US,D,20191025,000000,15.695,16.228,15.637,16.094,12534,0
MBIN.US,D,20191028,000000,16.337,16.4,15.909,16.104,17709,0
MBIN.US,D,20191029,000000,16.114,16.523,15.997,16.055,21220,0
MBIN.US,D,20191030,000000,16.094,16.094,15.509,15.617,34132,0
MBIN.US,D,20191031,000000,15.88,16.228,15.509,15.929,136387,0
MBIN.US,D,20191101,000000,16.533,16.582,16.233,16.396,28347,0
MBIN.US,D,20191104,000000,16.426,17.695,16.426,17.362,62081,0
MBIN.US,D,20191105,000000,16.788,17.353,16.778,16.973,108793,0
MBIN.US,D,20191106,000000,16.913,16.913,16.476,16.582,27197,0
MBIN.US,D,20191107,000000,16.72,17.086,16.607,17.002,52076,0
MBIN.US,D,20191108,000000,17.247,17.695,16.894,17.002,197334,0
MBIN.US,D,20191111,000000,16.904,17.352,16.612,17.061,118622,0
MBIN.US,D,20191112,000000,17.061,17.498,16.875,17.042,80690,0
MBIN.US,D,20191113,000000,16.904,17.558,16.825,17.128,296454,0
MBIN.US,D,20191114,000000,17.138,17.382,17.009,17.148,80556,0
MBIN.US,D,20191115,000000,17.168,17.85,17.168,17.705,166563,0
MBIN.US,D,20191118,000000,17.525,17.632,17.071,17.471,44592,0
MBIN.US,D,20191119,000000,17.273,17.958,17.273,17.811,44220,0
MBIN.US,D,20191120,000000,17.792,17.987,17.256,17.452,96956,0
MBIN.US,D,20191121,000000,17.452,17.898,17.002,17.687,75825,0
MBIN.US,D,20191122,000000,17.687,17.705,17.312,17.49,73781,0
MBIN.US,D,20191125,000000,17.577,18.318,17.577,18.077,105591,0
MBIN.US,D,20191126,000000,18.067,18.24,17.607,17.733,32669,0
MBIN.US,D,20191127,000000,17.83,18.077,17.625,17.811,38726,0
MBIN.US,D,20191129,000000,17.657,17.802,17.138,17.538,59598,0
MBIN.US,D,20191202,000000,17.548,17.724,17.198,17.352,47280,0
MBIN.US,D,20191203,000000,16.973,17.382,16.875,17.352,68916,0
MBIN.US,D,20191204,000000,17.432,17.752,17.294,17.442,22165,0
MBIN.US,D,20191205,000000,17.471,17.607,17.382,17.518,49853,0
MBIN.US,D,20191206,000000,17.687,17.918,17.442,17.733,48210,0
MBIN.US,D,20191209,000000,17.687,18.134,17.567,17.83,49768,0
MBIN.US,D,20191210,000000,17.88,17.978,17.577,17.811,49327,0
MBIN.US,D,20191211,000000,17.82,17.997,17.558,17.948,60421,0
MBIN.US,D,20191212,000000,17.918,18.439,17.741,18.349,46266,0
MBIN.US,D,20191213,000000,18.384,18.525,18.027,18.339,64435,0
MBIN.US,D,20191216,000000,18.496,18.86,18.409,18.545,55808,0
MBIN.US,D,20191217,000000,18.595,18.701,18.329,18.683,48114,0
MBIN.US,D,20191218,000000,18.75,19.23,18.711,19.182,57884,0
MBIN.US,D,20191219,000000,19.075,19.418,19.075,19.143,37002,0
MBIN.US,D,20191220,000000,19.269,19.486,19.036,19.428,207337,0
MBIN.US,D,20191223,000000,19.457,19.486,19.094,19.24,29663,0
MBIN.US,D,20191224,000000,19.065,19.298,19.065,19.172,10548,0
MBIN.US,D,20191226,000000,19.192,19.348,18.77,19.094,24607,0
MBIN.US,D,20191227,000000,19.143,19.143,18.783,19.016,53401,0
MBIN.US,D,20191230,000000,18.967,19.318,18.84,19.24,21977,0
MBIN.US,D,20191231,000000,19.143,19.403,18.349,19.298,40189,0
MBIN.US,D,20200102,000000,19.408,19.428,18.79,18.957,58370,0
MBIN.US,D,20200103,000000,19.026,19.378,18.824,19.318,23352,0
MBIN.US,D,20200106,000000,19.133,19.467,19.021,19.202,41078,0
MBIN.US,D,20200107,000000,19.046,19.388,18.242,19.162,30406,0
MBIN.US,D,20200108,000000,19.133,19.318,18.868,19.23,23495,0
MBIN.US,D,20200109,000000,19.269,19.467,18.996,19.408,22320,0
MBIN.US,D,20200110,000000,19.378,19.564,19.006,19.143,29960,0
MBIN.US,D,20200113,000000,19.143,19.564,18.986,19.358,18323,0
MBIN.US,D,20200114,000000,19.308,19.719,19.192,19.505,63754,0
MBIN.US,D,20200115,000000,19.495,19.71,19.162,19.378,23521,0
MBIN.US,D,20200116,000000,19.525,19.661,17.978,18.711,63709,0
MBIN.US,D,20200117,000000,18.711,18.937,18.687,18.73,22548,0
MBIN.US,D,20200121,000000,18.74,18.957,18.419,18.711,24716,0
MBIN.US,D,20200122,000000,18.75,18.868,18.644,18.644,8909,0
MBIN.US,D,20200123,000000,18.625,18.654,18.125,18.487,15578,0
MBIN.US,D,20200124,000000,18.525,18.525,18.027,18.164,21027,0
MBIN.US,D,20200127,000000,17.87,18.271,17.769,18.164,19799,0
MBIN.US,D,20200128,000000,18.379,18.496,18.095,18.203,14358,0
MBIN.US,D,20200129,000000,18.208,18.208,17.32,17.556,20568,0
MBIN.US,D,20200130,000000,17.469,17.741,17.244,17.546,18298,0
MBIN.US,D,20200131,000000,18.469,19.408,18.193,19.269,56180,0
MBIN.US,D,20200203,000000,19.338,20.252,18.595,19.555,32019,0
MBIN.US,D,20200204,000000,19.749,19.897,18.952,19.583,60686,0
MBIN.US,D,20200205,000000,19.681,20.357,19.495,20.307,62931,0
MBIN.US,D,20200206,000000,20.327,20.327,19.965,20.063,22167,0
MBIN.US,D,20200207,000000,20.024,20.465,19.941,20.387,44434,0
MBIN.US,D,20200210,000000,20.407,20.916,20.357,20.896,41960,0
MBIN.US,D,20200211,000000,20.993,21.18,20.768,20.993,27550,0
MBIN.US,D,20200212,000000,21.061,21.18,20.877,21.15,16543,0
MBIN.US,D,20200213,000000,21.13,21.444,20.083,20.847,42184,0
MBIN.US,D,20200214,000000,21.042,21.307,20.136,20.68,24104,0
MBIN.US,D,20200218,000000,20.67,21.055,20.097,20.427,17192,0
MBIN.US,D,20200219,000000,20.201,20.708,20.201,20.523,13834,0
MBIN.US,D,20200220,000000,20.484,21.13,20.397,20.926,36212,0
MBIN.US,D,20200221,000000,20.926,20.926,20.397,20.553,33070,0
MBIN.US,D,20200224,000000,20.23,20.484,20.092,20.307,24394,0
MBIN.US,D,20200225,000000,20.377,20.377,19.23,19.388,50164,0
MBIN.US,D,20200226,000000,19.438,20.191,19.172,19.448,13829,0
MBIN.US,D,20200227,000000,19.289,19.703,17.706,18.691,20568,0
MBIN.US,D,20200228,000000,18.762,18.762,17.135,17.646,47056,0
MBIN.US,D,20200302,000000,17.801,18.477,17.225,18.477,37398,0
MBIN.US,D,20200303,000000,18.419,18.419,17.469,17.898,19810,0
MBIN.US,D,20200304,000000,17.978,18.203,17.596,18.095,20877,0
MBIN.US,D,20200305,000000,17.666,18.299,17.308,17.948,32959,0
MBIN.US,D,20200306,000000,17.644,17.908,16.952,17.626,24941,0
MBIN.US,D,20200309,000000,16.647,16.701,15.96,16.156,69987,0
MBIN.US,D,20200310,000000,16.657,16.744,15.735,16.577,57214,0
MBIN.US,D,20200311,000000,16.156,16.44,15.382,15.638,26854,0
MBIN.US,D,20200312,000000,14.987,15.44,13.777,14.013,39497,0
MBIN.US,D,20200313,000000,14.663,15.874,14.64,15.795,60101,0
MBIN.US,D,20200316,000000,14.388,15.785,14.388,14.761,63346,0
MBIN.US,D,20200317,000000,14.952,17.881,14.092,17.881,56950,0
MBIN.US,D,20200318,000000,16.582,17.616,12.803,13.434,44311,0
MBIN.US,D,20200319,000000,13.344,15.805,13.344,14.742,52062,0
MBIN.US,D,20200320,000000,14.643,14.841,13.314,14.013,95789,0
MBIN.US,D,20200323,000000,14.062,15.195,12.843,13.108,37958,0
MBIN.US,D,20200324,000000,13.935,14.219,13.079,13.493,48818,0
MBIN.US,D,20200325,000000,13.521,13.629,12.173,12.991,50687,0
MBIN.US,D,20200326,000000,13.187,14.831,13.137,14.781,39102,0
MBIN.US,D,20200327,000000,14.042,14.298,13.639,14.004,41072,0
MBIN.US,D,20200330,000000,14.534,15.014,13.877,14.604,40317,0
MBIN.US,D,20200331,000000,14.624,15.175,14.156,14.939,39849,0
MBIN.US,D,20200401,000000,14.891,14.891,13.294,13.521,74832,0
MBIN.US,D,20200402,000000,13.502,14.131,13.029,13.454,27901,0
MBIN.US,D,20200403,000000,13.389,13.887,12.45,13.364,31382,0
MBIN.US,D,20200406,000000,13.767,14.633,13.748,14.181,54100,0
MBIN.US,D,20200407,000000,14.861,15.352,13.589,13.994,34799,0
MBIN.US,D,20200408,000000,14.457,15.381,13.994,14.211,24689,0
MBIN.US,D,20200409,000000,14.752,15.401,14.564,15.205,25483,0
MBIN.US,D,20200413,000000,15.016,15.016,13.94,14.101,31252,0
MBIN.US,D,20200414,000000,14.457,14.614,13.424,13.483,34669,0
MBIN.US,D,20200415,000000,13.609,13.777,12.626,12.793,56588,0
MBIN.US,D,20200416,000000,12.803,13.541,12.499,13.521,54651,0
MBIN.US,D,20200417,000000,13.669,14.408,13.324,14.408,45179,0
MBIN.US,D,20200420,000000,14.428,14.428,13.649,13.926,13877,0
MBIN.US,D,20200421,000000,13.364,13.727,13.266,13.294,15274,0
MBIN.US,D,20200422,000000,13.531,13.629,13.108,13.304,25737,0
MBIN.US,D,20200423,000000,13.294,13.649,13.001,13.384,20244,0
MBIN.US,D,20200424,000000,13.777,14.437,13.619,14.111,33123,0
MBIN.US,D,20200427,000000,14.467,15.608,14.181,15.105,30051,0
MBIN.US,D,20200428,000000,15.678,15.696,14.871,15.293,32124,0
MBIN.US,D,20200429,000000,15.706,17.08,15.618,16.444,45653,0
MBIN.US,D,20200430,000000,15.825,16.307,14.987,15.155,27574,0
MBIN.US,D,20200501,000000,14.702,15.04,14.27,14.702,30183,0
MBIN.US,D,20200504,000000,14.418,15.066,14.241,15.036,23975,0
MBIN.US,D,20200505,000000,15.254,15.254,14.338,14.338,23477,0
MBIN.US,D,20200506,000000,14.487,14.702,14.023,14.082,22044,0
MBIN.US,D,20200507,000000,14.447,14.534,14.033,14.211,18496,0
MBIN.US,D,20200508,000000,14.624,15.046,14.495,14.683,31315,0
MBIN.US,D,20200511,000000,14.408,14.895,14.171,14.594,52926,0
MBIN.US,D,20200512,000000,14.614,15.115,14.467,14.544,45203,0
MBIN.US,D,20200513,000000,14.398,14.823,13.609,14.023,34652,0
MBIN.US,D,20200514,000000,13.649,14.505,13.167,14.408,42162,0
MBIN.US,D,20200515,000000,14.318,14.358,13.817,14.28,34012,0
MBIN.US,D,20200518,000000,14.761,15.44,14.398,15.264,41874,0
MBIN.US,D,20200519,000000,15.105,15.558,14.831,15.026,27307,0
MBIN.US,D,20200520,000000,15.401,16.065,15.274,15.736,25391,0
MBIN.US,D,20200521,000000,15.805,16.288,15.548,15.775,23695,0
MBIN.US,D,20200522,000000,15.922,16.759,15.785,16.759,30963,0
MBIN.US,D,20200526,000000,17.526,18.57,17.329,17.965,63868,0
MBIN.US,D,20200527,000000,18.482,18.697,17.821,18.254,55933,0
MBIN.US,D,20200528,000000,18.639,18.639,16.916,16.916,36665,0
MBIN.US,D,20200529,000000,16.847,17.374,16.592,16.807,38048,0
MBIN.US,D,20200601,000000,17.025,17.025,15.874,15.992,55516,0
MBIN.US,D,20200602,000000,16.001,16.612,15.741,16.522,45781,0
MBIN.US,D,20200603,000000,16.827,17.237,16.642,17.133,25664,0
MBIN.US,D,20200604,000000,16.877,17.95,16.877,17.89,32024,0
MBIN.US,D,20200605,000000,18.649,19.486,18.167,19.043,45202,0
MBIN.US,D,20200608,000000,19.82,19.933,18.059,18.54,53814,0
MBIN.US,D,20200609,000000,18.501,18.796,18.089,18.284,37704,0
MBIN.US,D,20200610,000000,18.293,18.293,17.085,17.389,43578,0
MBIN.US,D,20200611,000000,16.759,17.094,15.721,15.992,62604,0
MBIN.US,D,20200612,000000,16.744,17.524,15.586,16.337,39725,0
MBIN.US,D,20200615,000000,15.715,16.367,14.666,16.041,38223,0
MBIN.US,D,20200616,000000,16.763,16.801,15.784,16.367,53739,0
MBIN.US,D,20200617,000000,16.565,18.187,16.565,17.229,62620,0
MBIN.US,D,20200618,000000,17,17.564,16.861,17.416,53086,0
MBIN.US,D,20200619,000000,17.604,17.604,16.951,17.386,77297,0
MBIN.US,D,20200622,000000,17.109,17.544,17.035,17.475,31147,0
MBIN.US,D,20200623,000000,17.694,17.92,17.436,17.85,35818,0
MBIN.US,D,20200624,000000,17.614,18.034,16.921,17.09,30820,0
MBIN.US,D,20200625,000000,17.199,17.664,16.921,17.296,25872,0
MBIN.US,D,20200626,000000,17.286,17.286,16.299,16.525,77016,0
MBIN.US,D,20200629,000000,16.545,17.781,15.656,17.594,73511,0
MBIN.US,D,20200630,000000,17.704,18.425,17.465,18.285,61297,0
MBIN.US,D,20200701,000000,18.226,18.226,17.624,17.723,39782,0
MBIN.US,D,20200702,000000,18.177,19.028,17.475,17.534,17315,0
MBIN.US,D,20200706,000000,17.92,17.92,17.03,17.179,18184,0
MBIN.US,D,20200707,000000,16.921,16.921,16.12,16.19,23438,0
MBIN.US,D,20200708,000000,16.279,16.416,15.897,16.22,17035,0
MBIN.US,D,20200709,000000,16.377,16.585,15.556,15.735,27565,0
MBIN.US,D,20200710,000000,15.922,16.357,15.715,16.357,15495,0
MBIN.US,D,20200713,000000,16.575,16.6,15.972,16.18,22313,0
MBIN.US,D,20200714,000000,16.269,16.289,16.05,16.21,18961,0
MBIN.US,D,20200715,000000,16.665,17.07,16.406,16.744,42306,0
MBIN.US,D,20200716,000000,16.744,16.998,16.309,16.466,16325,0
MBIN.US,D,20200717,000000,16.367,16.735,16.07,16.535,15662,0
MBIN.US,D,20200720,000000,16.387,16.695,15.432,16.347,15188,0
MBIN.US,D,20200721,000000,16.476,17.04,16.476,16.981,28421,0
MBIN.US,D,20200722,000000,17.04,17.257,16.289,16.495,22476,0
MBIN.US,D,20200723,000000,16.426,16.971,16.426,16.871,11117,0
MBIN.US,D,20200724,000000,16.906,17.189,16.725,17.03,25149,0
MBIN.US,D,20200727,000000,16.921,17.159,16.436,17.05,25216,0
MBIN.US,D,20200728,000000,16.851,17.109,16.763,16.961,41144,0
MBIN.US,D,20200729,000000,17.751,19.068,17.451,18.75,64663,0
MBIN.US,D,20200730,000000,18.73,19.028,18.139,18.919,42442,0
MBIN.US,D,20200731,000000,19.018,19.018,17.94,18.226,28755,0
MBIN.US,D,20200803,000000,18.553,18.79,18.504,18.662,22041,0
MBIN.US,D,20200804,000000,18.465,18.77,18.216,18.652,27422,0
MBIN.US,D,20200805,000000,18.711,18.79,18.484,18.73,25152,0
MBIN.US,D,20200806,000000,18.613,18.77,18.543,18.77,20707,0
MBIN.US,D,20200807,000000,18.691,19.533,18.652,19.473,29314,0
MBIN.US,D,20200810,000000,19.533,19.553,19.338,19.513,62965,0
MBIN.US,D,20200811,000000,19.553,19.779,19.026,19.157,57567,0
MBIN.US,D,20200812,000000,19.454,19.739,19.117,19.67,32703,0
MBIN.US,D,20200813,000000,19.67,19.719,19.414,19.454,26790,0
MBIN.US,D,20200814,000000,19.454,19.997,19.304,19.997,48347,0
MBIN.US,D,20200817,000000,19.997,19.997,19.334,19.66,29230,0
MBIN.US,D,20200818,000000,19.414,19.414,19.043,19.196,22782,0
MBIN.US,D,20200819,000000,19.324,19.404,18.83,19.274,16472,0
MBIN.US,D,20200820,000000,18.988,19.254,18.79,19.196,22007,0
MBIN.US,D,20200821,000000,19.176,19.176,18.465,18.879,43292,0
MBIN.US,D,20200824,000000,18.879,19.879,18.879,19.879,27982,0
MBIN.US,D,20200825,000000,19.977,20.428,19.65,20.115,152590,0
MBIN.US,D,20200826,000000,20.264,20.323,19.749,19.987,67248,0
MBIN.US,D,20200827,000000,20.135,20.373,19.789,20.076,88132,0
MBIN.US,D,20200828,000000,20.274,20.274,19.938,20.234,46666,0
MBIN.US,D,20200831,000000,20.462,20.511,20.155,20.155,66796,0
MBIN.US,D,20200901,000000,20.145,20.531,19.928,20.333,65846,0
MBIN.US,D,20200902,000000,20.224,20.501,19.859,20.274,65298,0
MBIN.US,D,20200903,000000,20.323,20.491,20.145,20.303,18166,0
MBIN.US,D,20200904,000000,20.541,20.541,19.997,20.403,21572,0
MBIN.US,D,20200908,000000,20.145,20.145,19.294,19.571,58099,0
MBIN.US,D,20200909,000000,19.779,20.264,19.477,20.046,28638,0
MBIN.US,D,20200910,000000,20.195,20.195,19.488,19.69,24996,0
MBIN.US,D,20200911,000000,19.69,19.928,19.449,19.839,53713,0
MBIN.US,D,20200914,000000,20.017,20.603,19.919,20.385,41959,0
MBIN.US,D,20200915,000000,20.534,20.534,20.236,20.355,30045,0
MBIN.US,D,20200916,000000,20.425,21,20.425,20.862,33947,0
MBIN.US,D,20200917,000000,20.632,20.932,20.623,20.902,36164,0
MBIN.US,D,20200918,000000,21.03,21.338,20.613,21.319,130260,0
MBIN.US,D,20200921,000000,21.139,21.139,20.484,20.554,97083,0
MBIN.US,D,20200922,000000,20.583,20.583,19.362,19.532,41520,0
MBIN.US,D,20200923,000000,19.59,19.928,18.846,18.925,38135,0
MBIN.US,D,20200924,000000,18.905,19.859,18.686,19.492,39660,0
MBIN.US,D,20200925,000000,19.322,19.542,19.114,19.272,28451,0
MBIN.US,D,20200928,000000,19.462,20.032,19.462,19.849,16554,0
MBIN.US,D,20200929,000000,19.948,20.266,19.552,19.659,15544,0
MBIN.US,D,20200930,000000,19.6,20.216,19.442,19.57,24243,0
MBIN.US,D,20201001,000000,19.729,20.395,19.382,19.829,47246,0
MBIN.US,D,20201002,000000,19.57,20.125,19.472,19.928,48865,0
MBIN.US,D,20201005,000000,20.241,20.717,19.919,20.603,30099,0
MBIN.US,D,20201006,000000,20.603,21.299,20.295,20.762,36782,0
MBIN.US,D,20201007,000000,20.951,20.951,20.335,20.504,34953,0
MBIN.US,D,20201008,000000,20.564,20.632,20.008,20.455,44290,0
MBIN.US,D,20201009,000000,20.732,20.971,20.126,20.742,46516,0
MBIN.US,D,20201012,000000,20.802,21.319,20.802,21.099,82321,0
MBIN.US,D,20201013,000000,20.98,21.269,20.951,21.129,37154,0
MBIN.US,D,20201014,000000,21.249,21.338,20.951,21,36805,0
MBIN.US,D,20201015,000000,20.932,21.229,20.593,21.229,28404,0
MBIN.US,D,20201016,000000,21.129,21.497,20.762,21.378,25116,0
MBIN.US,D,20201019,000000,21.576,21.825,21.402,21.536,36546,0
MBIN.US,D,20201020,000000,21.745,21.949,21.676,21.715,57013,0
MBIN.US,D,20201021,000000,21.735,21.944,21.735,21.894,11943,0
MBIN.US,D,20201022,000000,22.198,23.086,21.994,22.559,63229,0
MBIN.US,D,20201023,000000,23.924,23.924,22.837,23.076,27708,0
MBIN.US,D,20201026,000000,22.519,22.559,21.732,22.292,49834,0
MBIN.US,D,20201027,000000,22.112,22.112,21.169,21.457,42918,0
MBIN.US,D,20201028,000000,20.762,21.179,20.702,21.01,25481,0
MBIN.US,D,20201029,000000,21.397,22.629,21.296,21.507,61787,0
MBIN.US,D,20201030,000000,21.546,22.262,20.852,21.427,51694,0
MBIN.US,D,20201102,000000,21.666,22.282,21.666,22.142,41537,0
MBIN.US,D,20201103,000000,22.47,23.414,22.292,22.589,62214,0
MBIN.US,D,20201104,000000,22.42,22.569,21.646,21.845,47924,0
MBIN.US,D,20201105,000000,22.042,22.302,21.686,21.845,69148,0
MBIN.US,D,20201106,000000,21.666,21.795,20.912,20.961,41131,0
MBIN.US,D,20201109,000000,23.304,23.791,22.42,22.887,118637,0
MBIN.US,D,20201110,000000,23.165,24.585,22.946,24.486,98720,0
MBIN.US,D,20201111,000000,24.867,24.867,22.877,24.406,66986,0
MBIN.US,D,20201112,000000,24.307,24.585,23.761,24.535,107516,0
MBIN.US,D,20201113,000000,24.525,25.389,23.849,25.151,176478,0
MBIN.US,D,20201116,000000,25.806,27.604,25.597,27.226,95057,0
MBIN.US,D,20201117,000000,27.067,28.477,26.71,27.951,123520,0
MBIN.US,D,20201118,000000,28.497,28.671,26.869,26.918,65869,0
MBIN.US,D,20201119,000000,26.859,27.182,26.134,26.938,86964,0
MBIN.US,D,20201120,000000,26.501,27.167,25.409,26.769,76663,0
MBIN.US,D,20201123,000000,26.899,27.191,26.144,26.531,66148,0
MBIN.US,D,20201124,000000,26.581,27.246,26.172,27.236,238839,0
MBIN.US,D,20201125,000000,27.236,28.07,26.571,27.127,114411,0
MBIN.US,D,20201127,000000,27.157,27.157,26.531,27.157,25512,0
MBIN.US,D,20201130,000000,27.434,27.648,26.272,26.452,54620,0
MBIN.US,D,20201201,000000,26.054,26.943,25.627,26.729,53164,0
MBIN.US,D,20201202,000000,26.977,27.007,26.254,26.442,33857,0
MBIN.US,D,20201203,000000,27.087,27.087,26.234,26.362,105319,0
MBIN.US,D,20201204,000000,26.69,27.007,26.531,26.64,62664,0
MBIN.US,D,20201207,000000,26.938,28.348,26.491,26.948,91203,0
MBIN.US,D,20201208,000000,26.809,27.137,26.551,27.137,41484,0
MBIN.US,D,20201209,000000,27.206,27.649,27.097,27.554,57462,0
MBIN.US,D,20201210,000000,27.782,28.229,27.167,28.149,40202,0
MBIN.US,D,20201211,000000,26.874,28.676,26.874,28.209,42356,0
MBIN.US,D,20201214,000000,28.348,28.473,27.682,27.731,49407,0
MBIN.US,D,20201215,000000,28.01,29.076,27.746,28.926,40903,0
MBIN.US,D,20201216,000000,29.115,29.324,28.204,28.816,37619,0
MBIN.US,D,20201217,000000,29.145,29.504,28.896,29.374,53379,0
MBIN.US,D,20201218,000000,29.324,30.713,27.89,28.518,116024,0
MBIN.US,D,20201221,000000,28.528,28.785,27.741,28.269,80600,0
MBIN.US,D,20201222,000000,27.756,28.229,27.442,27.85,54217,0
MBIN.US,D,20201223,000000,28.976,28.976,27.582,28,37274,0
MBIN.US,D,20201224,000000,29.568,29.842,27.662,27.701,24255,0
MBIN.US,D,20201228,000000,27.95,28.876,27.492,27.741,44354,0
MBIN.US,D,20201229,000000,28.259,28.259,26.934,27.353,58776,0
MBIN.US,D,20201230,000000,27.184,27.96,27.184,27.382,90346,0
MBIN.US,D,20201231,000000,26.636,27.87,26.636,27.512,48298,0
MBIN.US,D,20210104,000000,26.844,27.771,26.844,27.711,59979,0
MBIN.US,D,20210105,000000,27.622,28.816,27.622,28.338,68573,0
MBIN.US,D,20210106,000000,28.816,30.963,28.816,30.28,89531,0
MBIN.US,D,20210107,000000,31.599,31.599,30.36,31.027,51286,0
MBIN.US,D,20210108,000000,30.698,31.366,30.061,30.708,49049,0
MBIN.US,D,20210111,000000,30.598,31.076,30.081,30.958,28788,0
MBIN.US,D,20210112,000000,31.136,31.904,31.136,31.744,38407,0
MBIN.US,D,20210113,000000,31.664,31.754,30.519,30.888,30590,0
MBIN.US,D,20210114,000000,31.236,31.854,30.948,31.356,58714,0
MBIN.US,D,20210115,000000,30.908,31.022,29.653,30.42,67194,0
MBIN.US,D,20210119,000000,31.111,31.447,29.757,30.37,39171,0
MBIN.US,D,20210120,000000,30.27,31.086,30.032,30.539,26674,0
MBIN.US,D,20210121,000000,30.838,30.948,29.873,30.29,31450,0
MBIN.US,D,20210122,000000,29.942,30.823,29.613,30.26,43527,0
MBIN.US,D,20210125,000000,30.26,30.28,28.936,30.041,59810,0
MBIN.US,D,20210126,000000,30.081,30.34,29.682,30.21,28864,0
MBIN.US,D,20210127,000000,29.653,30.898,28.558,29.912,60627,0
MBIN.US,D,20210128,000000,30.121,31.027,29.544,30.678,57571,0
MBIN.US,D,20210129,000000,31.086,31.478,29.534,29.692,63202,0
MBIN.US,D,20210201,000000,30.36,31.864,30.27,31.784,70818,0
MBIN.US,D,20210202,000000,31.864,32.735,31.574,32.232,84073,0
MBIN.US,D,20210203,000000,32.421,32.64,31.116,32.072,49031,0
MBIN.US,D,20210204,000000,32.968,32.968,31.914,32.262,56523,0
MBIN.US,D,20210205,000000,32.558,32.558,31.48,32.162,86347,0
MBIN.US,D,20210208,000000,32.44,32.83,31.973,32.53,114177,0
MBIN.US,D,20210209,000000,32.54,32.73,32.082,32.362,46420,0
MBIN.US,D,20210210,000000,32.72,32.735,31.386,32.322,63540,0
MBIN.US,D,20210211,000000,32.69,32.78,31.654,31.943,40813,0
MBIN.US,D,20210212,000000,31.624,31.982,31.286,31.534,56824,0
MBIN.US,D,20210216,000000,31.446,32.81,31.386,32.6,88178,0
MBIN.US,D,20210217,000000,32.61,32.85,31.943,32.092,32142,0
MBIN.US,D,20210218,000000,32.012,32.212,31.276,31.644,56646,0
MBIN.US,D,20210219,000000,31.804,33.258,31.804,33.228,49885,0
MBIN.US,D,20210222,000000,33.741,34.194,32.87,33.904,61885,0
MBIN.US,D,20210223,000000,34.206,35.05,33.198,34.154,82592,0
MBIN.US,D,20210224,000000,34.482,34.93,34.184,34.682,62397,0
MBIN.US,D,20210225,000000,35.02,35.02,34.048,34.283,56997,0
MBIN.US,D,20210226,000000,33.874,34.532,33.616,33.884,56838,0
MBIN.US,D,20210301,000000,34.154,36.424,33.954,36.274,114578,0
MBIN.US,D,20210302,000000,36.653,37.658,35.608,36.454,78842,0
MBIN.US,D,20210303,000000,36.922,38.106,36.484,36.623,60836,0
MBIN.US,D,20210304,000000,37.032,37.708,36.524,36.722,62195,0
MBIN.US,D,20210305,000000,36.902,38.874,36.902,38.874,85325,0
MBIN.US,D,20210308,000000,39.64,42.528,39.502,41.89,147617,0
MBIN.US,D,20210309,000000,43.275,43.275,39.839,40.735,97766,0
MBIN.US,D,20210310,000000,40.223,42.667,40.223,42.657,63924,0
MBIN.US,D,20210311,000000,42.289,42.777,41.681,42.577,65674,0
MBIN.US,D,20210312,000000,42.957,43.885,42.707,43.485,55651,0
MBIN.US,D,20210315,000000,44.628,44.628,40.771,41.23,61507,0
MBIN.US,D,20210316,000000,40.881,41.34,39.185,39.474,75293,0
MBIN.US,D,20210317,000000,41.021,41.433,38.646,39.374,74903,0
MBIN.US,D,20210318,000000,39.664,40.821,39.045,39.354,70421,0
MBIN.US,D,20210319,000000,39.654,39.883,37.918,39.764,181438,0
MBIN.US,D,20210322,000000,39.823,40.911,38.187,38.935,50174,0
MBIN.US,D,20210323,000000,38.496,39.803,37.888,38.287,50244,0
MBIN.US,D,20210324,000000,38.666,40.312,38.446,39.275,101899,0
MBIN.US,D,20210325,000000,40.632,40.632,38.965,39.614,56808,0
MBIN.US,D,20210326,000000,40.053,40.672,39.923,40.662,34275,0
MBIN.US,D,20210329,000000,40.582,40.981,39.913,40.472,41435,0
MBIN.US,D,20210330,000000,40.791,42.604,40.472,42.138,51484,0
MBIN.US,D,20210331,000000,42.168,42.692,41.395,41.849,93103,0
MBIN.US,D,20210401,000000,41.869,42.208,41.24,41.24,53536,0
MBIN.US,D,20210405,000000,41.22,42.907,41.121,42.737,69103,0
MBIN.US,D,20210406,000000,42.468,42.872,41.275,41.54,32797,0
MBIN.US,D,20210407,000000,42.069,42.069,40.402,40.582,42944,0
MBIN.US,D,20210408,000000,40.332,40.647,39.694,40.622,37715,0
MBIN.US,D,20210409,000000,40.821,41.35,40.412,41.061,35889,0
MBIN.US,D,20210412,000000,40.781,41.35,40.499,40.961,33267,0
MBIN.US,D,20210413,000000,40.682,40.687,39.414,39.694,48274,0
MBIN.US,D,20210414,000000,39.574,40.442,39.574,39.943,46836,0
MBIN.US,D,20210415,000000,39.973,40.302,39.065,39.973,31925,0
MBIN.US,D,20210416,000000,40.073,40.582,39.215,40.402,48142,0
MBIN.US,D,20210419,000000,40.402,40.981,39.644,39.953,53427,0
MBIN.US,D,20210420,000000,39.744,40.078,38.117,38.117,70808,0
MBIN.US,D,20210421,000000,37.788,39.275,37.219,39.005,57361,0
MBIN.US,D,20210422,000000,39.045,39.779,38.866,39.484,36444,0
MBIN.US,D,20210423,000000,39.235,41.35,38.919,40.442,33890,0
MBIN.US,D,20210426,000000,40.442,41.41,40.253,40.542,48475,0
MBIN.US,D,20210427,000000,40.163,41.188,39.434,39.803,45953,0
MBIN.US,D,20210428,000000,40.163,41.36,39.325,39.903,46821,0
MBIN.US,D,20210429,000000,40.372,42.881,40.372,41.909,65907,0
MBIN.US,D,20210430,000000,41.859,42.368,40.357,40.702,72439,0
MBIN.US,D,20210503,000000,41.161,43.126,41.161,42.937,47048,0
MBIN.US,D,20210504,000000,42.787,43.875,42.413,43.715,33775,0
MBIN.US,D,20210505,000000,43.725,44.334,43.126,44.264,46051,0
MBIN.US,D,20210506,000000,44.384,44.912,43.705,44.683,219139,0
MBIN.US,D,20210507,000000,44.174,45.571,43.905,44.553,133049,0
MBIN.US,D,20210510,000000,44.503,44.902,41.939,42.049,66714,0
MBIN.US,D,20210511,000000,41.28,42.298,40.186,41.929,40290,0
MBIN.US,D,20210512,000000,41.969,42.178,40.562,40.841,34732,0
MBIN.US,D,20210513,000000,40.582,42.268,40.582,41.779,40404,0
MBIN.US,D,20210514,000000,41.779,42.448,40.652,42.138,30055,0
MBIN.US,D,20210517,000000,42.448,42.747,41.561,42.607,26707,0
MBIN.US,D,20210518,000000,42.388,43.845,42.388,42.887,62664,0
MBIN.US,D,20210519,000000,42.617,43.106,41.24,42.857,104745,0
MBIN.US,D,20210520,000000,42.997,43.691,42.099,43.645,35624,0
MBIN.US,D,20210521,000000,43.905,44.623,43.416,43.825,78695,0
MBIN.US,D,20210524,000000,44.134,44.134,42.089,42.278,73773,0
MBIN.US,D,20210525,000000,40.951,42.737,40.951,41.36,62182,0
MBIN.US,D,20210526,000000,41.41,42.173,41.3,41.919,235107,0
MBIN.US,D,20210527,000000,42.458,42.967,42.328,42.817,77784,0
MBIN.US,D,20210528,000000,42.249,42.95,41.839,42.857,54672,0
MBIN.US,D,20210601,000000,43.136,44.034,43.136,43.565,83507,0
MBIN.US,D,20210602,000000,43.745,43.745,41.879,42.238,49327,0
MBIN.US,D,20210603,000000,42.228,42.627,41.789,42.398,112046,0
MBIN.US,D,20210604,000000,42.398,42.867,42.368,42.697,47133,0
MBIN.US,D,20210607,000000,43.036,43.036,42.398,42.797,80847,0
MBIN.US,D,20210608,000000,42.677,42.677,41.669,41.839,56452,0
MBIN.US,D,20210609,000000,41.839,42.24,41.161,41.979,45951,0
MBIN.US,D,20210610,000000,42.128,42.128,41.161,41.19,44371,0
MBIN.US,D,20210611,000000,42.433,42.433,41.26,41.41,41367,0
MBIN.US,D,20210614,000000,41.3,41.91,40.48,40.99,72679,0
MBIN.US,D,20210615,000000,41.02,42.03,40.69,41.56,45690,0
MBIN.US,D,20210616,000000,40.65,42.82,40.65,42.4,35760,0
MBIN.US,D,20210617,000000,43.7,43.7,40.575,41.37,72091,0
MBIN.US,D,20210618,000000,40.52,41.44,39.14,40.29,183867,0
MBIN.US,D,20210621,000000,40.46,41.525,40.3,41.37,51371,0
MBIN.US,D,20210622,000000,41.35,42.5182,40.37,41.1,41200,0
MBIN.US,D,20210623,000000,41.25,41.505,40.81,41.01,81835,0
MBIN.US,D,20210624,000000,41.45,41.83,40.89,41.45,42424,0
MBIN.US,D,20210625,000000,41.68,41.97,40.11,40.56,205292,0
MBIN.US,D,20210628,000000,41.9,41.9,39.42,39.78,65066,0
MBIN.US,D,20210629,000000,40.89,40.89,39.45,39.47,38971,0
MBIN.US,D,20210630,000000,39.22,40.06,38.774,39.24,50033,0
MBIN.US,D,20210701,000000,39.56,40.4436,39.19,40.13,61892,0
MBIN.US,D,20210702,000000,40.14,40.4,39.59,39.66,32463,0
MBIN.US,D,20210706,000000,39.46,39.46,37.9678,38.56,43224,0
MBIN.US,D,20210707,000000,38.46,39.09,37.89,38.8,55788,0
MBIN.US,D,20210708,000000,37.97,38.74,37.34,38,36001,0
MBIN.US,D,20210709,000000,38.59,40.36,38.4875,40.07,62485,0
MBIN.US,D,20210712,000000,39.54,41.065,39.11,40.7,41487,0
MBIN.US,D,20210713,000000,40.7,41.1,39.31,39.65,45160,0
MBIN.US,D,20210714,000000,40.39,40.66,39.41,39.59,31382,0
MBIN.US,D,20210715,000000,39.855,40.19,38.45,39.75,48385,0
MBIN.US,D,20210716,000000,39.44,40.47,38.96,39.35,42232,0
MBIN.US,D,20210719,000000,38.5,39.21,37.46,37.74,53558,0
MBIN.US,D,20210720,000000,38.08,40.03,37.76,38.74,65444,0
MBIN.US,D,20210721,000000,39.33,40.13,39.03,39.83,39573,0
MBIN.US,D,20210722,000000,39.105,39.83,38.4,38.67,43362,0
MBIN.US,D,20210723,000000,39.16,39.3247,38.26,38.92,46569,0
MBIN.US,D,20210726,000000,38.96,40.03,38.8,39.2,41898,0
MBIN.US,D,20210727,000000,38.82,39.7,38.27,39.29,25560,0
MBIN.US,D,20210728,000000,39.48,40.57,39.11,40,27217,0
MBIN.US,D,20210729,000000,39.76,40.19,38.05,38.29,53551,0
MBIN.US,D,20210730,000000,38.28,39.98,36.23,36.64,111322,0
MBIN.US,D,20210802,000000,36.7,39.123,35.34,35.46,110780,0
MBIN.US,D,20210803,000000,35.46,35.64,33.77,34.97,104878,0
MBIN.US,D,20210804,000000,34.58,35.51,34.0404,35.01,48558,0
MBIN.US,D,20210805,000000,35.06,35.81,34.85,34.97,48496,0
MBIN.US,D,20210806,000000,36.035,36.73,35.47,36.3,41249,0
MBIN.US,D,20210809,000000,36.17,36.17,35,35.39,74811,0
MBIN.US,D,20210810,000000,35.39,36.73,34.81,36.5,43812,0
MBIN.US,D,20210811,000000,36.56,37.1,35.8,37,45911,0
MBIN.US,D,20210812,000000,35.53,36.7,35.38,35.95,94759,0
MBIN.US,D,20210813,000000,36.04,36.72,35.58,36.35,52907,0
MBIN.US,D,20210816,000000,36.23,36.83,35.2,36.23,74182,0
MBIN.US,D,20210817,000000,36.17,36.41,35.4,35.76,36213,0
MBIN.US,D,20210818,000000,35.76,36.27,35.01,35.27,39497,0
MBIN.US,D,20210819,000000,34.99,35.29,34.34,34.7,42052,0
MBIN.US,D,20210820,000000,34.41,35.69,34.41,35.32,42846,0
MBIN.US,D,20210823,000000,35.76,36.055,35.47,35.85,26183,0
MBIN.US,D,20210824,000000,35.79,35.81,35.1985,35.59,21395,0
MBIN.US,D,20210825,000000,35.955,36.16,35.37,35.45,37874,0
