<TICKER>,<PER>,<DATE>,<TIME>,<OPEN>,<HIGH>,<LOW>,<CLOSE>,<VOL>,<OPENINT>
RRBI.US,D,20190503,000000,54.56,57.539,48.173,49.85,151132,0
RRBI.US,D,20190506,000000,49.106,50.33,47.073,48.005,13435,0
RRBI.US,D,20190507,000000,47.867,49.325,47.827,47.867,10783,0
RRBI.US,D,20190508,000000,47.787,54.126,47.787,49.712,24368,0
RRBI.US,D,20190509,000000,50.247,50.347,49.155,49.155,7817,0
RRBI.US,D,20190510,000000,50.097,50.347,49.82,50.347,3306,0
RRBI.US,D,20190513,000000,50.337,50.337,49.503,50.287,4727,0
RRBI.US,D,20190514,000000,50.347,50.347,49.85,50.087,16018,0
RRBI.US,D,20190515,000000,50.187,50.197,49.602,50.127,8265,0
RRBI.US,D,20190516,000000,50.147,50.197,49.106,50.197,28129,0
RRBI.US,D,20190520,000000,49.652,49.652,49.106,49.543,2060,0
RRBI.US,D,20190521,000000,49.592,49.592,49.106,49.324,4833,0
RRBI.US,D,20190522,000000,49.553,49.553,49.363,49.363,1369,0
RRBI.US,D,20190523,000000,48.878,49.573,47.667,47.817,13890,0
RRBI.US,D,20190524,000000,47.99,48.601,47.132,48.054,13819,0
RRBI.US,D,20190528,000000,48.949,48.949,47.282,48.61,12509,0
RRBI.US,D,20190529,000000,47.797,49.538,46.948,48.61,4098,0
RRBI.US,D,20190530,000000,48.61,48.61,48.61,48.61,738,0
RRBI.US,D,20190531,000000,48.601,48.61,46.893,48.391,1542,0
RRBI.US,D,20190603,000000,48.114,48.601,48.114,48.581,10065,0
RRBI.US,D,20190604,000000,48.61,48.61,46.743,47.627,25629,0
RRBI.US,D,20190605,000000,47.677,48.581,47.677,47.677,5499,0
RRBI.US,D,20190606,000000,48.034,48.361,47.321,48.015,7256,0
RRBI.US,D,20190607,000000,47.847,48.114,47.639,47.877,6530,0
RRBI.US,D,20190610,000000,48.094,48.114,47.617,47.922,8070,0
RRBI.US,D,20190611,000000,48.104,48.104,47.667,47.667,3052,0
RRBI.US,D,20190612,000000,47.956,48.61,47.398,48.61,7734,0
RRBI.US,D,20190613,000000,48.61,48.61,47.617,47.867,4894,0
RRBI.US,D,20190614,000000,47.946,47.946,47.477,47.717,2074,0
RRBI.US,D,20190617,000000,47.717,48.114,47.297,47.437,7495,0
RRBI.US,D,20190618,000000,48.094,48.094,47.418,47.477,4679,0
RRBI.US,D,20190619,000000,47.627,47.867,47.447,47.667,1636,0
RRBI.US,D,20190620,000000,48.064,48.064,47.418,47.437,5124,0
RRBI.US,D,20190621,000000,47.418,47.467,47.418,47.418,967,0
RRBI.US,D,20190624,000000,47.517,47.517,47.517,47.517,991,0
RRBI.US,D,20190625,000000,47.867,47.867,47.867,47.867,454,0
RRBI.US,D,20190626,000000,47.717,47.717,47.302,47.717,887,0
RRBI.US,D,20190627,000000,47.682,47.867,47.282,47.617,9985,0
RRBI.US,D,20190628,000000,47.747,48.064,47.351,48.064,109923,0
RRBI.US,D,20190701,000000,48.094,48.361,47.562,47.767,3006,0
RRBI.US,D,20190702,000000,47.746,48.531,47.746,48.531,32811,0
RRBI.US,D,20190703,000000,48.591,48.591,47.437,47.467,2556,0
RRBI.US,D,20190705,000000,47.418,48.351,47.418,48.351,1328,0
RRBI.US,D,20190708,000000,47.927,48.481,47.727,47.837,6208,0
RRBI.US,D,20190709,000000,47.672,48.104,47.672,48.104,644,0
RRBI.US,D,20190710,000000,48.114,48.114,47.727,47.737,6691,0
RRBI.US,D,20190711,000000,47.727,48.114,47.442,48.104,8894,0
RRBI.US,D,20190712,000000,47.717,48.104,47.717,48.104,2551,0
RRBI.US,D,20190715,000000,47.797,47.797,47.577,47.577,2077,0
RRBI.US,D,20190716,000000,47.447,47.707,47.447,47.707,705,0
RRBI.US,D,20190717,000000,47.437,47.437,47.437,47.437,640,0
RRBI.US,D,20190718,000000,47.418,47.617,47.331,47.617,1388,0
RRBI.US,D,20190722,000000,47.351,47.617,47.351,47.617,1556,0
RRBI.US,D,20190723,000000,47.617,47.667,47.504,47.667,2033,0
RRBI.US,D,20190724,000000,47.617,47.617,47.617,47.617,853,0
RRBI.US,D,20190725,000000,47.388,47.388,47.222,47.331,2700,0
RRBI.US,D,20190726,000000,47.053,47.172,47.023,47.023,3602,0
RRBI.US,D,20190729,000000,47.024,47.617,47.024,47.617,486,0
RRBI.US,D,20190730,000000,46.923,47.361,46.923,47.361,4995,0
RRBI.US,D,20190731,000000,46.953,47.667,46.743,46.743,13475,0
RRBI.US,D,20190801,000000,46.823,47.026,46.646,46.676,9357,0
RRBI.US,D,20190802,000000,46.239,46.723,46.239,46.723,5066,0
RRBI.US,D,20190805,000000,46.249,46.249,46.129,46.129,950,0
RRBI.US,D,20190806,000000,46.129,46.129,45.902,45.981,2643,0
RRBI.US,D,20190807,000000,45.753,45.753,45.703,45.703,2427,0
RRBI.US,D,20190808,000000,46.597,46.597,45.675,45.892,2794,0
RRBI.US,D,20190809,000000,45.455,45.497,45.387,45.497,1956,0
RRBI.US,D,20190812,000000,45.389,45.389,44.789,44.799,4177,0
RRBI.US,D,20190813,000000,45.634,46.031,45.187,45.971,8209,0
RRBI.US,D,20190814,000000,44.914,45.797,44.643,45.524,5489,0
RRBI.US,D,20190815,000000,44.889,45.237,44.643,44.742,8414,0
RRBI.US,D,20190816,000000,45.435,45.832,44.493,44.742,9320,0
RRBI.US,D,20190819,000000,44.899,45.548,44.742,44.939,20212,0
RRBI.US,D,20190820,000000,44.899,44.975,44.623,44.829,14826,0
RRBI.US,D,20190821,000000,45.138,45.138,44.889,44.889,501,0
RRBI.US,D,20190822,000000,44.889,44.889,44.889,44.889,282,0
RRBI.US,D,20190823,000000,44.927,44.927,44.413,44.839,15970,0
RRBI.US,D,20190827,000000,44.503,44.503,44.503,44.503,454,0
RRBI.US,D,20190828,000000,44.463,44.643,44.204,44.643,4452,0
RRBI.US,D,20190829,000000,44.403,44.403,43.769,43.769,2948,0
RRBI.US,D,20190830,000000,43.699,43.917,42.17,42.409,3376,0
RRBI.US,D,20190903,000000,42.014,42.489,42.014,42.479,688,0
RRBI.US,D,20190904,000000,43.353,44.032,43.353,43.452,1075,0
RRBI.US,D,20190905,000000,43.153,43.153,42.658,42.658,1965,0
RRBI.US,D,20190906,000000,42.658,44.145,42.658,43.749,5317,0
RRBI.US,D,20190909,000000,43.452,43.502,43.083,43.278,3700,0
RRBI.US,D,20190910,000000,43.392,43.402,43.392,43.402,1372,0
RRBI.US,D,20190911,000000,43.402,43.402,42.728,42.758,5894,0
RRBI.US,D,20190912,000000,42.728,42.856,42.678,42.856,2210,0
RRBI.US,D,20190913,000000,42.856,42.856,42.678,42.678,1077,0
RRBI.US,D,20190916,000000,42.698,42.698,42.698,42.698,391,0
RRBI.US,D,20190917,000000,42.856,42.856,42.678,42.678,2270,0
RRBI.US,D,20190918,000000,42.678,42.856,42.544,42.758,9245,0
RRBI.US,D,20190919,000000,42.856,43.153,42.678,42.718,2459,0
RRBI.US,D,20190920,000000,43.053,43.078,43.029,43.078,2908,0
RRBI.US,D,20190923,000000,42.758,43.078,42.758,42.758,1671,0
RRBI.US,D,20190924,000000,42.718,43.043,42.688,42.688,644,0
RRBI.US,D,20190925,000000,43.005,43.005,42.758,42.758,682,0
RRBI.US,D,20190926,000000,43.078,43.078,42.788,42.788,717,0
RRBI.US,D,20190930,000000,43.153,43.402,43.024,43.024,1215,0
RRBI.US,D,20191001,000000,43.093,43.402,43.028,43.402,572,0
RRBI.US,D,20191002,000000,43.402,43.402,42.836,43.088,1008,0
RRBI.US,D,20191003,000000,43.392,43.392,42.915,42.915,4036,0
RRBI.US,D,20191004,000000,43.402,43.402,42.778,43.153,41174,0
RRBI.US,D,20191007,000000,43.153,43.163,42.955,43.163,5694,0
RRBI.US,D,20191008,000000,43.402,43.402,43.153,43.153,903,0
RRBI.US,D,20191009,000000,43.402,43.749,43.153,43.354,5797,0
RRBI.US,D,20191010,000000,43.402,43.402,43.402,43.402,339,0
RRBI.US,D,20191011,000000,43.402,43.402,43.015,43.015,467,0
RRBI.US,D,20191014,000000,43.402,43.402,43.383,43.383,589,0
RRBI.US,D,20191015,000000,43.402,43.402,42.925,42.925,1940,0
RRBI.US,D,20191016,000000,43.143,43.143,43.037,43.037,474,0
RRBI.US,D,20191017,000000,43.153,43.153,43.133,43.133,872,0
RRBI.US,D,20191018,000000,43.153,43.153,42.658,43.103,6157,0
RRBI.US,D,20191021,000000,43.093,43.093,42.718,42.905,2541,0
RRBI.US,D,20191022,000000,43.153,43.153,42.658,42.738,2375,0
RRBI.US,D,20191023,000000,43.103,43.153,43.103,43.153,598,0
RRBI.US,D,20191024,000000,43.153,43.153,43.153,43.153,558,0
RRBI.US,D,20191025,000000,43.153,43.153,42.905,43.133,870,0
RRBI.US,D,20191028,000000,42.955,42.955,42.678,42.678,1332,0
RRBI.US,D,20191029,000000,43.153,43.153,42.758,43.093,3295,0
RRBI.US,D,20191030,000000,43.005,43.153,43.005,43.015,7192,0
RRBI.US,D,20191031,000000,43.143,43.749,43.115,43.649,4442,0
RRBI.US,D,20191101,000000,43.153,43.303,43.148,43.303,1089,0
RRBI.US,D,20191104,000000,42.708,43.649,42.708,43.649,6730,0
RRBI.US,D,20191105,000000,43.649,46.129,43.499,46.129,5780,0
RRBI.US,D,20191106,000000,45.624,45.624,45.594,45.624,504,0
RRBI.US,D,20191107,000000,45.018,45.634,45.018,45.634,663,0
RRBI.US,D,20191108,000000,45.634,45.634,45.594,45.634,511,0
RRBI.US,D,20191111,000000,45.243,45.634,45.243,45.634,479,0
RRBI.US,D,20191112,000000,45.634,47.617,45.634,47.617,2748,0
RRBI.US,D,20191113,000000,45.634,47.366,44.548,47.361,4604,0
RRBI.US,D,20191114,000000,47.717,47.817,47.003,47.817,21330,0
RRBI.US,D,20191115,000000,46.011,47.817,46.011,47.182,5138,0
RRBI.US,D,20191118,000000,46.517,47.617,45.51,47.617,4782,0
RRBI.US,D,20191119,000000,46.512,47.965,46.512,47.965,15138,0
RRBI.US,D,20191120,000000,47.242,47.917,47.242,47.917,1250,0
RRBI.US,D,20191121,000000,47.667,47.917,47.418,47.497,7367,0
RRBI.US,D,20191122,000000,47.607,47.917,47.346,47.867,5286,0
RRBI.US,D,20191125,000000,47.747,48.261,47.552,48.261,22422,0
RRBI.US,D,20191126,000000,48.025,50.127,47.697,49.632,41042,0
RRBI.US,D,20191127,000000,49.205,50.147,47.341,49.155,12162,0
RRBI.US,D,20191129,000000,48.461,50.147,48.461,50.097,9115,0
RRBI.US,D,20191202,000000,49.652,51.436,48.928,51.041,25295,0
RRBI.US,D,20191203,000000,49.87,51.091,49.343,51.071,25333,0
RRBI.US,D,20191204,000000,48.501,51.091,47.627,50.057,15314,0
RRBI.US,D,20191205,000000,49.106,50.593,47.717,49.622,21745,0
RRBI.US,D,20191206,000000,48.976,50.593,45.951,50.593,33387,0
RRBI.US,D,20191209,000000,49.254,50.352,47.388,48.227,17270,0
RRBI.US,D,20191210,000000,48.561,50.097,47.023,50.047,12214,0
RRBI.US,D,20191211,000000,50.097,55.554,50.097,51.268,26846,0
RRBI.US,D,20191212,000000,51.238,51.686,50.097,51.091,9007,0
RRBI.US,D,20191213,000000,50.926,52.26,50.742,51.944,38594,0
RRBI.US,D,20191216,000000,51.825,52.076,51.456,51.456,16466,0
RRBI.US,D,20191217,000000,52.071,52.826,51.337,52.18,13301,0
RRBI.US,D,20191218,000000,52.32,53.57,52.32,52.44,24142,0
RRBI.US,D,20191219,000000,52.944,53.372,52.33,52.925,35160,0
RRBI.US,D,20191220,000000,52.747,53.203,51.676,53.074,524064,0
RRBI.US,D,20191223,000000,52.756,53.074,52.2,52.826,11961,0
RRBI.US,D,20191224,000000,53.481,53.481,52.141,52.865,7410,0
RRBI.US,D,20191226,000000,53.183,53.57,52.885,53.471,20181,0
RRBI.US,D,20191227,000000,54.136,55.058,53.714,54.256,24974,0
RRBI.US,D,20191230,000000,54.59,57.539,53.936,55.207,23467,0
RRBI.US,D,20191231,000000,54.96,58.53,53.87,55.614,25512,0
RRBI.US,D,20200102,000000,54.93,58.432,54.56,54.74,18596,0
RRBI.US,D,20200103,000000,54.384,55.654,53.243,55.554,18602,0
RRBI.US,D,20200106,000000,55.554,55.554,53.887,55.554,25265,0
RRBI.US,D,20200107,000000,55.078,56.051,54.7,55.951,16789,0
RRBI.US,D,20200108,000000,55.822,56.031,54.69,55.802,10398,0
RRBI.US,D,20200109,000000,55.891,56.051,55.148,55.911,10448,0
RRBI.US,D,20200110,000000,55.246,55.852,55.138,55.484,9187,0
RRBI.US,D,20200113,000000,55.544,55.554,54.94,55.544,18904,0
RRBI.US,D,20200114,000000,55.364,56.715,54.88,55.148,22472,0
RRBI.US,D,20200115,000000,55.198,56.178,54.745,55.315,11249,0
RRBI.US,D,20200116,000000,55.414,55.414,54.735,55.088,10100,0
RRBI.US,D,20200117,000000,55.296,55.524,53.986,54.85,12026,0
RRBI.US,D,20200121,000000,54.73,55.108,54.67,55.029,10108,0
RRBI.US,D,20200122,000000,55.158,55.158,54.155,54.82,4820,0
RRBI.US,D,20200123,000000,54.754,55.058,54.275,54.7,5094,0
RRBI.US,D,20200124,000000,54.378,54.827,52.091,54.136,8017,0
RRBI.US,D,20200127,000000,53.837,54.655,52.677,53.312,8945,0
RRBI.US,D,20200128,000000,53.867,55.029,53.346,53.689,6886,0
RRBI.US,D,20200129,000000,53.253,55.039,53.218,54.95,13974,0
RRBI.US,D,20200130,000000,54.522,54.56,53.62,54.006,4859,0
RRBI.US,D,20200131,000000,53.936,54.522,52.529,52.529,8583,0
RRBI.US,D,20200203,000000,53.64,54.483,52.43,52.816,9969,0
RRBI.US,D,20200204,000000,53.203,54.156,53.203,53.282,1671,0
RRBI.US,D,20200205,000000,53.63,54.536,53.63,54.443,1931,0
RRBI.US,D,20200206,000000,54.256,54.315,53.679,54.096,3741,0
RRBI.US,D,20200207,000000,53.709,54.531,53.382,54.423,4072,0
RRBI.US,D,20200210,000000,54.56,54.56,53.679,54.186,9720,0
RRBI.US,D,20200211,000000,54.315,54.56,53.788,54.433,7271,0
RRBI.US,D,20200212,000000,54.463,54.56,53.62,54.216,7509,0
RRBI.US,D,20200213,000000,54.086,54.56,54.086,54.512,4858,0
RRBI.US,D,20200214,000000,54.275,54.56,53.515,54.56,8379,0
RRBI.US,D,20200218,000000,53.946,54.522,53.243,53.243,3645,0
RRBI.US,D,20200219,000000,53.797,54.56,53.797,54.295,3879,0
RRBI.US,D,20200220,000000,54.166,54.453,54.166,54.453,1866,0
RRBI.US,D,20200221,000000,54.541,54.541,54.107,54.176,3324,0
RRBI.US,D,20200224,000000,53.362,54.541,53.059,54.216,10141,0
RRBI.US,D,20200225,000000,54.156,54.266,53.145,54.166,7414,0
RRBI.US,D,20200226,000000,53.538,54.364,53.187,53.867,12489,0
RRBI.US,D,20200227,000000,53.382,53.56,51.278,51.288,8627,0
RRBI.US,D,20200228,000000,50.047,51.566,48.938,51.566,8377,0
RRBI.US,D,20200302,000000,51.586,51.586,49.662,51.586,12888,0
RRBI.US,D,20200303,000000,51.576,51.586,49.096,51.516,8504,0
RRBI.US,D,20200304,000000,50.593,50.717,48.114,49.383,16808,0
RRBI.US,D,20200305,000000,48.084,49.483,44.662,45.614,6028,0
RRBI.US,D,20200306,000000,48.868,49.185,44.712,48.759,6431,0
RRBI.US,D,20200309,000000,47.567,47.567,42.915,43.659,10808,0
RRBI.US,D,20200310,000000,43.848,45.763,38.341,44.643,21328,0
RRBI.US,D,20200311,000000,44.638,44.643,43.063,43.649,8478,0
RRBI.US,D,20200312,000000,39.49,43.153,38.248,39.205,31183,0
RRBI.US,D,20200313,000000,41.38,41.51,38.252,39.692,20921,0
RRBI.US,D,20200316,000000,38.252,38.302,29.708,29.708,13076,0
RRBI.US,D,20200317,000000,29.718,41.789,29.718,41.789,20871,0
RRBI.US,D,20200318,000000,39.016,39.642,36.344,38.748,14818,0
RRBI.US,D,20200319,000000,38.748,39.742,37.088,38.758,16922,0
RRBI.US,D,20200320,000000,37.487,39.816,32.429,39.135,47413,0
RRBI.US,D,20200323,000000,39.742,39.742,37.457,38.053,11497,0
RRBI.US,D,20200324,000000,40.537,40.537,37.327,39.821,16176,0
RRBI.US,D,20200325,000000,39.742,39.742,37.168,38.013,9429,0
RRBI.US,D,20200326,000000,40.984,40.984,37.188,39.026,19693,0
RRBI.US,D,20200327,000000,37.258,37.755,34.863,35.599,23942,0
RRBI.US,D,20200330,000000,35.499,35.668,33.283,35.033,8726,0
RRBI.US,D,20200331,000000,33.482,37.823,33.482,36.98,23717,0
RRBI.US,D,20200401,000000,36.017,36.066,33.702,34.565,16055,0
RRBI.US,D,20200402,000000,34.649,37.755,34.649,36.364,20368,0
RRBI.US,D,20200403,000000,35.767,38.232,34.774,35.073,12488,0
RRBI.US,D,20200406,000000,37.323,39.37,35.907,38.6,27800,0
RRBI.US,D,20200407,000000,39.086,39.742,35.698,36.572,13786,0
RRBI.US,D,20200408,000000,36.562,38.649,35.777,38.073,11281,0
RRBI.US,D,20200409,000000,40.557,42.713,37.178,41.173,31030,0
RRBI.US,D,20200413,000000,40.805,41.148,38.505,39.544,18911,0
RRBI.US,D,20200414,000000,39.87,40.328,38.252,38.252,16258,0
RRBI.US,D,20200415,000000,36.772,38.619,34.466,34.466,17084,0
RRBI.US,D,20200416,000000,34.595,34.595,30.602,32.489,21214,0
RRBI.US,D,20200417,000000,32.837,35.083,30.998,32.787,28179,0
RRBI.US,D,20200420,000000,32.122,35.062,31.357,31.793,25239,0
RRBI.US,D,20200421,000000,31.407,33.682,30.293,33.682,24040,0
RRBI.US,D,20200422,000000,33.233,35.063,33.233,34.704,6657,0
RRBI.US,D,20200423,000000,34.278,34.278,33.502,34.228,9746,0
RRBI.US,D,20200424,000000,34.248,35.092,32.847,35.092,10774,0
RRBI.US,D,20200427,000000,34.833,39.235,33.767,37.903,10949,0
RRBI.US,D,20200428,000000,38.893,38.893,36.294,37.307,9356,0
RRBI.US,D,20200429,000000,39.036,42.324,38.932,41.629,7835,0
RRBI.US,D,20200430,000000,40.268,40.537,38.043,38.043,17789,0
RRBI.US,D,20200501,000000,37.853,38.848,35.683,37.557,21852,0
RRBI.US,D,20200504,000000,37.258,38.818,36.861,36.861,8791,0
RRBI.US,D,20200505,000000,39.946,39.946,37.457,37.755,8962,0
RRBI.US,D,20200506,000000,38.292,38.868,37.258,37.258,11369,0
RRBI.US,D,20200507,000000,38.282,38.282,35.767,36.831,8126,0
RRBI.US,D,20200508,000000,37.427,39.98,36.762,37.853,11346,0
RRBI.US,D,20200511,000000,38.202,39.722,36.861,36.861,7082,0
RRBI.US,D,20200512,000000,38.292,39.155,36.512,36.512,8571,0
RRBI.US,D,20200513,000000,36.821,37.487,34.068,37.487,13658,0
RRBI.US,D,20200514,000000,36.274,37.078,34.526,36.911,13440,0
RRBI.US,D,20200515,000000,36.891,37.933,35.977,37.735,9716,0
RRBI.US,D,20200518,000000,38.55,43.408,38.55,42.028,18220,0
RRBI.US,D,20200519,000000,41.599,41.803,39.841,41.43,12174,0
RRBI.US,D,20200520,000000,41.233,42.127,40.755,41.371,9560,0
RRBI.US,D,20200521,000000,41.729,41.729,39.816,40.507,17099,0
RRBI.US,D,20200522,000000,40.338,40.994,39.742,39.791,10403,0
RRBI.US,D,20200526,000000,41.233,41.629,40.576,41.003,7052,0
RRBI.US,D,20200527,000000,40.248,42.217,40.248,41.709,15693,0
RRBI.US,D,20200528,000000,42.424,42.593,40.248,40.248,12869,0
RRBI.US,D,20200529,000000,40.278,40.735,39.125,39.99,8239,0
RRBI.US,D,20200601,000000,39.91,40,38.996,38.996,12914,0
RRBI.US,D,20200602,000000,39.642,40.19,38.748,38.748,3794,0
RRBI.US,D,20200603,000000,39.006,40.735,39.006,39.175,9417,0
RRBI.US,D,20200604,000000,39.742,39.895,38.272,38.272,5927,0
RRBI.US,D,20200605,000000,38.986,40.507,38.986,40.238,13018,0
RRBI.US,D,20200608,000000,40.238,40.238,38.966,40.238,13130,0
RRBI.US,D,20200609,000000,39.742,40.238,39.305,39.88,8587,0
RRBI.US,D,20200610,000000,39.95,40.725,39.474,40.09,100326,0
RRBI.US,D,20200611,000000,38.708,40.229,38.321,38.629,14290,0
RRBI.US,D,20200612,000000,39.087,40.251,36.31,38.768,13468,0
RRBI.US,D,20200615,000000,37.325,41.843,37.325,40.55,75973,0
RRBI.US,D,20200616,000000,40.55,42.186,40.351,41.167,52682,0
RRBI.US,D,20200617,000000,40.908,42.29,40.301,41.843,40688,0
RRBI.US,D,20200618,000000,40.997,43.784,40.997,42.998,46173,0
RRBI.US,D,20200619,000000,43.734,48.987,42.744,44.291,261102,0
RRBI.US,D,20200622,000000,44.5,45.157,42.535,42.58,14382,0
RRBI.US,D,20200623,000000,43.086,43.834,42.31,42.898,10974,0
RRBI.US,D,20200624,000000,43.143,43.585,41.803,41.863,10697,0
RRBI.US,D,20200625,000000,41.774,44.291,41.774,43.952,11730,0
RRBI.US,D,20200626,000000,43.952,45.575,40.798,41.634,43656,0
RRBI.US,D,20200629,000000,41.404,43.106,41.147,43.046,21500,0
RRBI.US,D,20200630,000000,42.5,43.674,41.474,43.674,12051,0
RRBI.US,D,20200701,000000,43.086,43.485,41.993,42.142,12381,0
RRBI.US,D,20200702,000000,42.719,43.017,41.553,42.003,10758,0
RRBI.US,D,20200706,000000,42.589,42.679,41.494,42.093,17744,0
RRBI.US,D,20200707,000000,41.793,41.793,40.311,40.52,14630,0
RRBI.US,D,20200708,000000,39.902,41.784,39.579,39.803,9532,0
RRBI.US,D,20200709,000000,40.052,40.673,37.862,37.862,16460,0
RRBI.US,D,20200710,000000,38.124,40.281,38.062,39.952,21066,0
RRBI.US,D,20200713,000000,40.351,41.087,39.724,40.341,7127,0
RRBI.US,D,20200714,000000,40.341,40.718,39.786,40.52,5488,0
RRBI.US,D,20200715,000000,41.277,42.739,40.898,40.898,8224,0
RRBI.US,D,20200716,000000,41.237,41.664,40.366,40.848,8982,0
RRBI.US,D,20200717,000000,40.868,41.873,39.604,41.097,9945,0
RRBI.US,D,20200720,000000,41.017,41.147,40.5,40.688,6144,0
RRBI.US,D,20200721,000000,40.688,41.514,40.55,40.928,10908,0
RRBI.US,D,20200722,000000,40.928,41.296,40.928,40.968,7266,0
RRBI.US,D,20200723,000000,40.798,41.694,40.46,41.257,7894,0
RRBI.US,D,20200724,000000,41.097,41.684,40.688,41.306,5575,0
RRBI.US,D,20200727,000000,41.306,42.535,41.306,42.26,4267,0
RRBI.US,D,20200728,000000,41.793,41.793,41.177,41.177,3848,0
RRBI.US,D,20200729,000000,41.384,42.181,41.037,41.037,9398,0
RRBI.US,D,20200730,000000,40.928,41.097,40.51,41.097,5711,0
RRBI.US,D,20200731,000000,41.097,41.694,39.803,39.843,10715,0
RRBI.US,D,20200803,000000,41.793,41.793,40.569,41.097,4987,0
RRBI.US,D,20200804,000000,40.808,40.997,40.072,40.997,5314,0
RRBI.US,D,20200805,000000,40.938,41.694,40.743,41.694,5767,0
RRBI.US,D,20200806,000000,41.356,41.534,41.267,41.534,1795,0
RRBI.US,D,20200807,000000,41.296,41.544,40.726,41.346,10380,0
RRBI.US,D,20200810,000000,41.494,41.654,40.948,41.007,21344,0
RRBI.US,D,20200811,000000,41.594,44.977,41.594,44.082,12178,0
RRBI.US,D,20200812,000000,44.331,44.331,43.286,43.286,4767,0
RRBI.US,D,20200813,000000,42.649,43.694,42.649,43.694,3059,0
RRBI.US,D,20200814,000000,43.156,44.032,42.888,44.032,5518,0
RRBI.US,D,20200817,000000,43.455,44.48,43.191,44.281,11058,0
RRBI.US,D,20200818,000000,44.062,44.381,42.769,43.475,12298,0
RRBI.US,D,20200819,000000,43.316,43.754,42.58,43.186,5001,0
RRBI.US,D,20200820,000000,42.669,43.764,42.001,43.764,9549,0
RRBI.US,D,20200821,000000,43.306,44.58,42.913,44.56,18170,0
RRBI.US,D,20200824,000000,44.391,46.619,43.296,45.674,8873,0
RRBI.US,D,20200825,000000,45.783,46.569,44.191,45.286,12163,0
RRBI.US,D,20200826,000000,45.783,46.768,44.495,44.729,9228,0
RRBI.US,D,20200827,000000,44.669,45.654,44.42,44.48,9515,0
RRBI.US,D,20200828,000000,44.48,45.246,42.809,43.932,10810,0
RRBI.US,D,20200831,000000,43.714,44.271,43.296,43.306,12626,0
RRBI.US,D,20200901,000000,42.888,42.888,42.29,42.639,6578,0
RRBI.US,D,20200902,000000,42.36,44.5,41.793,43.704,18905,0
RRBI.US,D,20200903,000000,43.266,43.784,43.018,43.684,5287,0
RRBI.US,D,20200904,000000,43.435,44.251,43.296,43.982,4784,0
RRBI.US,D,20200908,000000,43.485,48.997,43.276,48.919,31907,0
RRBI.US,D,20200909,000000,48.74,50.52,47.574,47.574,23368,0
RRBI.US,D,20200910,000000,49.047,49.047,47.207,47.764,14753,0
RRBI.US,D,20200911,000000,48.043,48.306,45.851,45.851,12752,0
RRBI.US,D,20200914,000000,46.28,48.531,45.438,46.957,20080,0
RRBI.US,D,20200915,000000,47.824,48.681,46.15,46.638,18133,0
RRBI.US,D,20200916,000000,46.837,48.696,46.638,46.777,39056,0
RRBI.US,D,20200917,000000,46.927,47.326,45.044,45.233,36282,0
RRBI.US,D,20200918,000000,45.93,46.787,44.675,45.433,62659,0
RRBI.US,D,20200921,000000,44.834,45.92,42.863,42.962,36375,0
RRBI.US,D,20200922,000000,43.4,43.57,42.628,42.982,38974,0
RRBI.US,D,20200923,000000,43.1,43.61,41.348,41.606,15147,0
RRBI.US,D,20200924,000000,41.348,41.746,40.829,40.829,7456,0
RRBI.US,D,20200925,000000,41.099,42.868,41.099,41.249,9304,0
RRBI.US,D,20200928,000000,42.106,43.27,42.106,42.892,4886,0
RRBI.US,D,20200929,000000,42.962,43.08,41.606,42.803,3394,0
RRBI.US,D,20200930,000000,43.36,43.62,42.573,42.843,4360,0
RRBI.US,D,20201001,000000,43.615,43.769,42.773,42.773,5536,0
RRBI.US,D,20201002,000000,42.423,44.067,42.423,43.35,5281,0
RRBI.US,D,20201005,000000,44.406,44.834,43.47,43.689,7500,0
RRBI.US,D,20201006,000000,43.689,45.651,43.689,44.755,10799,0
RRBI.US,D,20201007,000000,44.964,46.18,44.774,46.08,9255,0
RRBI.US,D,20201008,000000,45.681,46.977,45.651,46.1,7898,0
RRBI.US,D,20201009,000000,45.876,46.14,45.433,45.831,2742,0
RRBI.US,D,20201012,000000,46.518,46.827,45.542,46.528,7239,0
RRBI.US,D,20201013,000000,46.528,46.628,45.851,45.98,4979,0
RRBI.US,D,20201014,000000,46.3,46.508,44.546,44.546,6377,0
RRBI.US,D,20201015,000000,44.127,45.283,43.48,45.283,4046,0
RRBI.US,D,20201016,000000,44.874,45.283,44.636,44.636,5015,0
RRBI.US,D,20201019,000000,45.243,45.323,44.514,44.884,3582,0
RRBI.US,D,20201020,000000,45.134,45.711,45.134,45.711,1179,0
RRBI.US,D,20201021,000000,45.632,46.329,45.612,46.329,3110,0
RRBI.US,D,20201022,000000,46.129,46.578,45.831,46.349,7805,0
RRBI.US,D,20201023,000000,46.717,47.824,46.638,47.336,10744,0
RRBI.US,D,20201026,000000,47.256,47.256,45.886,46.23,3298,0
RRBI.US,D,20201027,000000,46.01,46.329,45.731,46.04,6231,0
RRBI.US,D,20201028,000000,45.532,45.831,44.959,45.612,7092,0
RRBI.US,D,20201029,000000,45.084,46.03,44.984,45.831,8815,0
RRBI.US,D,20201030,000000,45.283,45.831,43.739,45.243,10498,0
RRBI.US,D,20201102,000000,46.02,46.309,44.476,45.433,11042,0
RRBI.US,D,20201103,000000,46.329,47.824,46.329,47.724,11912,0
RRBI.US,D,20201104,000000,47.136,47.604,46.578,46.857,4576,0
RRBI.US,D,20201105,000000,47.256,47.814,46.28,47.564,3956,0
RRBI.US,D,20201106,000000,46.967,47.176,46.449,46.449,3215,0
RRBI.US,D,20201109,000000,47.824,49.816,47.206,47.834,55365,0
RRBI.US,D,20201110,000000,48.321,50.045,48.321,49.796,19950,0
RRBI.US,D,20201111,000000,49.328,49.806,48.89,49.746,8296,0
RRBI.US,D,20201112,000000,49.418,49.498,48.251,49.468,4299,0
RRBI.US,D,20201113,000000,49.099,49.816,49.049,49.568,6730,0
RRBI.US,D,20201116,000000,49.816,51.022,49.756,50.563,13125,0
RRBI.US,D,20201117,000000,50.025,50.813,49.816,50.365,8695,0
RRBI.US,D,20201118,000000,49.826,51.002,49.826,51.002,5705,0
RRBI.US,D,20201119,000000,50.315,50.315,47.564,49.538,6137,0
RRBI.US,D,20201120,000000,48.701,50.155,48.701,49.138,7755,0
RRBI.US,D,20201123,000000,49.158,50.773,48.81,48.91,10381,0
RRBI.US,D,20201124,000000,49.323,50.703,49.268,50.663,16907,0
RRBI.US,D,20201125,000000,50.315,52.077,50.035,52.077,6012,0
RRBI.US,D,20201127,000000,51.72,51.72,50.215,50.513,5374,0
RRBI.US,D,20201130,000000,49.278,50.215,48.431,49.558,4848,0
RRBI.US,D,20201201,000000,50.005,50.005,49.378,49.716,5466,0
RRBI.US,D,20201202,000000,50.105,50.105,48.83,49.029,5830,0
RRBI.US,D,20201203,000000,49.587,49.816,48.81,49.168,4017,0
RRBI.US,D,20201204,000000,49.378,51.064,49.378,51.064,5377,0
RRBI.US,D,20201207,000000,50.436,50.775,49.288,50.376,6298,0
RRBI.US,D,20201208,000000,50.086,51.308,50.086,51.144,16530,0
RRBI.US,D,20201209,000000,51.373,51.523,50.735,50.735,9042,0
RRBI.US,D,20201210,000000,50.376,51.074,50.376,51.074,3759,0
RRBI.US,D,20201211,000000,51.074,51.074,50.495,50.575,4391,0
RRBI.US,D,20201214,000000,50.725,50.725,49.411,49.757,6682,0
RRBI.US,D,20201215,000000,49.757,51.373,49.757,50.535,10571,0
RRBI.US,D,20201216,000000,50.775,51.373,50.056,50.056,12531,0
RRBI.US,D,20201217,000000,50.825,51.623,50.815,51.263,8386,0
RRBI.US,D,20201218,000000,51.313,51.313,49.757,49.877,37954,0
RRBI.US,D,20201221,000000,49.538,49.787,48.38,49.118,8957,0
RRBI.US,D,20201222,000000,48.724,49.827,48.724,49.458,1942,0
RRBI.US,D,20201223,000000,49.158,49.703,48.88,49.368,7380,0
RRBI.US,D,20201224,000000,48.86,48.86,48.72,48.72,865,0
RRBI.US,D,20201228,000000,48.72,49.463,48.56,48.88,8490,0
RRBI.US,D,20201229,000000,48.88,49.278,48.61,49.079,5732,0
RRBI.US,D,20201230,000000,48.979,49.857,48.91,49.857,5971,0
RRBI.US,D,20201231,000000,49.588,49.837,48.88,49.428,8638,0
RRBI.US,D,20210104,000000,49.827,50.026,48.979,48.979,5551,0
RRBI.US,D,20210105,000000,48.5,49.827,48.5,49.428,5577,0
RRBI.US,D,20210106,000000,49.867,52.74,49.717,52.141,10935,0
RRBI.US,D,20210107,000000,52.461,52.735,51.553,51.553,4624,0
RRBI.US,D,20210108,000000,52.141,52.141,49.949,51.802,7180,0
RRBI.US,D,20210111,000000,50.934,51.673,50.376,51.673,3712,0
RRBI.US,D,20210112,000000,51.333,52.271,50.406,52.271,12991,0
RRBI.US,D,20210113,000000,51.892,52.361,51.822,52.021,5220,0
RRBI.US,D,20210114,000000,52.061,52.351,52.031,52.031,5494,0
RRBI.US,D,20210115,000000,51.872,52.371,51.673,52.081,7420,0
RRBI.US,D,20210119,000000,52.371,52.561,51.872,51.872,9328,0
RRBI.US,D,20210120,000000,51.872,52.026,51.872,51.872,7253,0
RRBI.US,D,20210121,000000,51.872,52.121,51.872,51.872,7600,0
RRBI.US,D,20210122,000000,51.912,52.859,51.573,52.839,8010,0
RRBI.US,D,20210125,000000,52.211,52.251,51.343,51.822,10821,0
RRBI.US,D,20210126,000000,51.673,52.021,51.104,51.373,10160,0
RRBI.US,D,20210127,000000,50.655,51.124,49.598,50.585,9829,0
RRBI.US,D,20210128,000000,51.034,51.034,49.598,49.727,4275,0
RRBI.US,D,20210129,000000,49.588,49.588,45.986,46.466,9199,0
RRBI.US,D,20210201,000000,47.104,47.842,46.744,47.782,10454,0
RRBI.US,D,20210202,000000,47.462,48.717,46.854,47.782,10211,0
RRBI.US,D,20210203,000000,47.682,48.4,46.635,47.184,9213,0
RRBI.US,D,20210204,000000,47.882,48.58,47.572,48.58,3016,0
RRBI.US,D,20210205,000000,49.193,49.877,48.93,49.428,7008,0
RRBI.US,D,20210208,000000,49.757,50.795,48.999,50.775,17322,0
RRBI.US,D,20210209,000000,49.877,50.665,49.268,50.396,47075,0
RRBI.US,D,20210210,000000,50.096,51.303,49.688,49.688,5925,0
RRBI.US,D,20210211,000000,50.515,50.515,49.977,50.406,5173,0
RRBI.US,D,20210212,000000,50.191,50.191,49.752,49.877,4277,0
RRBI.US,D,20210216,000000,50.396,50.396,49.298,49.298,1937,0
RRBI.US,D,20210217,000000,49.109,49.827,49.029,49.029,2630,0
RRBI.US,D,20210218,000000,49.378,49.378,48.4,48.41,6174,0
RRBI.US,D,20210219,000000,48.43,51.263,48.43,50.874,18867,0
RRBI.US,D,20210222,000000,50.625,51.353,50.575,50.884,2697,0
RRBI.US,D,20210223,000000,50.775,51.872,50.416,50.924,15312,0
RRBI.US,D,20210224,000000,51.313,52.73,50.276,52.001,14065,0
RRBI.US,D,20210225,000000,52.046,52.899,51.363,51.812,14663,0
RRBI.US,D,20210226,000000,52.351,53.129,51.428,51.772,8075,0
RRBI.US,D,20210301,000000,52.769,54.057,52.72,53.517,6178,0
RRBI.US,D,20210302,000000,52.939,53.517,51.313,52.571,16441,0
RRBI.US,D,20210303,000000,53.269,55.363,53.269,55.134,15746,0
RRBI.US,D,20210304,000000,54.935,57.358,54.935,56.361,16739,0
RRBI.US,D,20210305,000000,55.862,59.514,54.865,59.054,22618,0
RRBI.US,D,20210308,000000,59.354,60.85,58.755,60.52,18251,0
RRBI.US,D,20210309,000000,59.96,59.972,58.864,59.154,21643,0
RRBI.US,D,20210310,000000,59.354,60.8,59.344,60.8,11215,0
RRBI.US,D,20210311,000000,59.334,60.85,59.334,60.85,8420,0
RRBI.US,D,20210312,000000,60.67,64.984,60.37,62.637,26576,0
RRBI.US,D,20210315,000000,62.148,62.258,60.96,62.188,8743,0
RRBI.US,D,20210316,000000,59.901,60.685,57.494,58.433,9132,0
RRBI.US,D,20210317,000000,57.025,58.842,56.895,57.275,8735,0
RRBI.US,D,20210318,000000,57.714,58.872,56.975,58.123,4938,0
RRBI.US,D,20210319,000000,58.673,60.95,56.855,60.81,55380,0
RRBI.US,D,20210322,000000,60.53,60.53,57.594,57.594,6647,0
RRBI.US,D,20210323,000000,55.926,55.926,49.605,54.089,35078,0
RRBI.US,D,20210324,000000,55.117,58.922,54.638,56.426,19121,0
RRBI.US,D,20210325,000000,56.795,58.892,56.131,57.944,12968,0
RRBI.US,D,20210326,000000,58.233,59.821,58.054,59.122,11210,0
RRBI.US,D,20210329,000000,58.233,59.821,57.924,57.924,9052,0
RRBI.US,D,20210330,000000,57.914,57.914,55.707,56.126,14779,0
RRBI.US,D,20210331,000000,56.437,56.675,55.427,55.936,8409,0
RRBI.US,D,20210401,000000,54.928,56.256,54.928,55.427,5513,0
RRBI.US,D,20210405,000000,55.627,56.765,55.627,56.436,7455,0
RRBI.US,D,20210406,000000,56.126,56.825,55.717,56.426,11158,0
RRBI.US,D,20210407,000000,56.276,56.724,55.407,55.517,14503,0
RRBI.US,D,20210408,000000,55.517,55.767,55.227,55.627,6665,0
RRBI.US,D,20210409,000000,56.036,56.036,55.497,55.497,2906,0
RRBI.US,D,20210412,000000,55.717,56.216,55.627,55.876,3860,0
RRBI.US,D,20210413,000000,55.976,55.976,55.976,55.976,1138,0
RRBI.US,D,20210414,000000,56.196,57.225,55.477,56.246,7457,0
RRBI.US,D,20210415,000000,56.446,56.675,55.876,56.486,6990,0
RRBI.US,D,20210416,000000,56.875,57.424,56.106,56.226,10321,0
RRBI.US,D,20210419,000000,55.008,55.437,55.008,55.157,2926,0
RRBI.US,D,20210420,000000,55.527,55.527,54.169,54.169,2813,0
RRBI.US,D,20210421,000000,54.608,55.697,54.588,54.588,5463,0
RRBI.US,D,20210422,000000,53.959,55.588,53.929,54.418,4716,0
RRBI.US,D,20210423,000000,54.558,55.986,54.558,55.627,5317,0
RRBI.US,D,20210426,000000,56.216,56.226,53.689,54.638,16032,0
RRBI.US,D,20210427,000000,54.998,55.072,54.029,54.199,5253,0
RRBI.US,D,20210428,000000,54.628,55.727,53.929,54.378,10182,0
RRBI.US,D,20210429,000000,55.227,55.816,54.428,55.597,4479,0
RRBI.US,D,20210430,000000,54.808,55.926,54.808,55.567,8139,0
RRBI.US,D,20210503,000000,55.507,57.334,55.207,56.765,13685,0
RRBI.US,D,20210504,000000,56.325,56.426,54.928,55.237,8836,0
RRBI.US,D,20210505,000000,54.928,56.068,54.328,54.918,8021,0
RRBI.US,D,20210506,000000,54.428,55.277,54.328,55.277,6575,0
RRBI.US,D,20210507,000000,54.528,54.528,54.428,54.528,1856,0
RRBI.US,D,20210510,000000,53.989,55.127,53.929,53.929,6773,0
RRBI.US,D,20210511,000000,53.929,54.278,53.929,54.059,4913,0
RRBI.US,D,20210512,000000,54.348,54.348,53.929,54.039,9583,0
RRBI.US,D,20210513,000000,53.929,54.748,53.929,54.398,4890,0
RRBI.US,D,20210514,000000,54.948,55.287,54.908,55.277,6047,0
RRBI.US,D,20210517,000000,55.277,55.427,54.888,55.397,5149,0
RRBI.US,D,20210518,000000,53.964,55.427,53.964,54.328,5088,0
RRBI.US,D,20210519,000000,54.298,54.478,53.859,53.939,6598,0
RRBI.US,D,20210520,000000,53.959,55.677,53.929,55.627,10098,0
RRBI.US,D,20210521,000000,55.916,56.026,54.518,56.026,6649,0
RRBI.US,D,20210524,000000,56.426,56.426,54.468,55.027,6656,0
RRBI.US,D,20210525,000000,55.447,55.447,53.939,53.939,7003,0
RRBI.US,D,20210526,000000,53.953,53.979,53.779,53.929,9356,0
RRBI.US,D,20210527,000000,54.633,55.527,54.431,55.527,6748,0
RRBI.US,D,20210528,000000,55.127,55.677,54.388,54.538,3526,0
RRBI.US,D,20210601,000000,55.137,56.126,54.273,55.727,11973,0
RRBI.US,D,20210602,000000,55.477,56.426,54.858,55.177,7465,0
RRBI.US,D,20210603,000000,55.217,55.387,54.209,54.828,15459,0
RRBI.US,D,20210604,000000,54.808,55.013,53.519,53.519,17218,0
RRBI.US,D,20210607,000000,54.019,54.191,52.876,52.95,16299,0
RRBI.US,D,20210608,000000,53.05,53.619,52.511,53.43,19415,0
RRBI.US,D,20210609,000000,53.46,53.579,51.932,52.301,18889,0
RRBI.US,D,20210610,000000,52.721,53.579,51.972,53.13,16816,0
RRBI.US,D,20210611,000000,52.95,53.2,52.685,53.2,6811,0
RRBI.US,D,20210614,000000,52.35,52.41,52.01,52.01,3340,0
RRBI.US,D,20210615,000000,52.12,54,52.12,53.94,63775,0
RRBI.US,D,20210616,000000,53.455,53.6,52.18,52.95,9249,0
RRBI.US,D,20210617,000000,53.36,54.5,52.11,52.11,8549,0
RRBI.US,D,20210618,000000,51.71,51.98,50.7,51.17,15621,0
RRBI.US,D,20210621,000000,51.07,51.91,51.07,51.63,6179,0
RRBI.US,D,20210622,000000,51.7019,52.72,51.51,52.05,10611,0
RRBI.US,D,20210623,000000,51.28,52.29,51.12,52.13,13646,0
RRBI.US,D,20210624,000000,52.09,53.25,51.65,52.85,9563,0
RRBI.US,D,20210625,000000,52.15,52.28,50.45,50.45,115024,0
RRBI.US,D,20210628,000000,50.88,51.39,49.68,50.54,8459,0
RRBI.US,D,20210629,000000,50.955,51.5824,50.09,50.55,6217,0
RRBI.US,D,20210630,000000,51,52.03,50.51,50.51,8827,0
RRBI.US,D,20210701,000000,51.08,51.33,50,50.57,4367,0
RRBI.US,D,20210702,000000,50.6,50.6,50.03,50.03,3107,0
RRBI.US,D,20210706,000000,51.1777,51.1777,49.11,49.11,6840,0
RRBI.US,D,20210707,000000,49.48,50.97,49.19,49.19,8129,0
RRBI.US,D,20210708,000000,48.88,49.23,48.88,49.08,4820,0
RRBI.US,D,20210709,000000,48.85,48.85,48.56,48.8,4821,0
RRBI.US,D,20210712,000000,48.56,49.78,48.07,49.37,7106,0
RRBI.US,D,20210713,000000,49.2,50.07,49.2,50,9970,0
RRBI.US,D,20210714,000000,49.8,50.89,49.8,50.01,8642,0
RRBI.US,D,20210715,000000,50.27,50.94,49.76,50.89,7605,0
RRBI.US,D,20210716,000000,51.22,51.88,50.89,51.39,9820,0
RRBI.US,D,20210719,000000,51.16,51.475,50.75,50.75,11217,0
RRBI.US,D,20210720,000000,51.4,52.99,51.4,52.12,18787,0
RRBI.US,D,20210721,000000,52.62,52.62,51.93,52.15,6912,0
RRBI.US,D,20210722,000000,52.08,52.49,51.7,52.49,6389,0
RRBI.US,D,20210723,000000,52.28,52.375,50.22,50.22,7082,0
RRBI.US,D,20210726,000000,51.48,51.48,51.39,51.39,1236,0
RRBI.US,D,20210727,000000,49.907,51.66,49.907,50.99,2084,0
RRBI.US,D,20210728,000000,50.74,50.95,50.49,50.95,3490,0
RRBI.US,D,20210729,000000,51.05,51.5,51,51.45,3898,0
RRBI.US,D,20210730,000000,51.3,51.43,50.31,50.95,4827,0
RRBI.US,D,20210802,000000,49.75,51.49,49.75,51.38,5021,0
RRBI.US,D,20210803,000000,51.275,52.27,51.275,51.4,3412,0
RRBI.US,D,20210804,000000,52.065,52.5092,51.67,51.9,5951,0
RRBI.US,D,20210805,000000,51.88,52.73,51.88,52.73,2294,0
RRBI.US,D,20210806,000000,52.9,53,52.42,52.85,2746,0
RRBI.US,D,20210809,000000,51.42,51.42,51.42,51.42,989,0
RRBI.US,D,20210810,000000,51.88,53.22,51.5,52.15,5433,0
RRBI.US,D,20210811,000000,52.21,52.97,51.8,52.23,9713,0
RRBI.US,D,20210812,000000,52.72,52.72,52.02,52.55,6192,0
RRBI.US,D,20210813,000000,52.5,52.5,51.77,51.77,2775,0
RRBI.US,D,20210816,000000,52,52,51.31,51.8,2737,0
RRBI.US,D,20210817,000000,51.31,51.55,51.31,51.31,3480,0
RRBI.US,D,20210818,000000,51.31,52,49.8309,51.6,11444,0
RRBI.US,D,20210819,000000,51.63,51.65,51.31,51.31,2488,0
RRBI.US,D,20210820,000000,51.11,51.769,50.34,50.55,32001,0
RRBI.US,D,20210823,000000,50,51.76,50,50.74,9000,0
RRBI.US,D,20210824,000000,50.8,52,50.45,50.55,9095,0
RRBI.US,D,20210825,000000,51.05,51.54,51.03,51.03,3215,0
